L 1240.616, 329.5111, 1217.957, 1262.2431, 365.7097, 1217.1418, 64, 64, 64
L 1262.2431, 365.7097, 1217.1418, 1272.635, 402.6927, 1217.2451, 64, 64, 64
L 1272.635, 402.6927, 1217.2451, 1298.4962, 435.2049, 1217.2132, 64, 64, 64
L 1298.4962, 435.2049, 1217.2132, 1321.9964, 469.4707, 1217.2783, 64, 64, 64
L 1321.9964, 469.4707, 1217.2783, 1351.5677, 501.3458, 1217.2733, 64, 64, 64
L 1351.5677, 501.3458, 1217.2733, 1393.8761, 495.9182, 1217.7019, 64, 64, 64
L 1393.8761, 495.9182, 1217.7019, 1436.5355, 483.6985, 1217.6333, 64, 64, 64
L 1436.5355, 483.6985, 1217.6333, 1478.9155, 476.6161, 1217.2695, 64, 64, 64
L 1478.9155, 476.6161, 1217.2695, 1523.3367, 474.2422, 1218.735, 64, 64, 64
L 1523.3367, 474.2422, 1218.735, 1564.828, 462.2106, 1219.6555, 64, 64, 64
L 1564.828, 462.2106, 1219.6555, 1603.2626, 440.2418, 1219.5908, 64, 64, 64
L 1603.2626, 440.2418, 1219.5908, 1647.679, 434.3673, 1219.2221, 64, 64, 64
L 1647.679, 434.3673, 1219.2221, 1685.679, 409.7037, 1217.3054, 64, 64, 64
L 1685.679, 409.7037, 1217.3054, 1729.2886, 405.874, 1217.1117, 64, 64, 64
L 1729.2886, 405.874, 1217.1117, 1765.5236, 378.105, 1217.957, 64, 64, 64
L 1765.5236, 378.105, 1217.957, 1773.848, 336.452, 1217.1128, 64, 64, 64
L 1773.848, 336.452, 1217.1128, 1751.2672, 302.1515, 1217.1267, 64, 64, 64
L 1751.2672, 302.1515, 1217.1267, 1745.8233, 263.153, 1217.1539, 64, 64, 64
L 1745.8233, 263.153, 1217.1539, 1734.8109, 226.6413, 1219.5239, 64, 64, 64
L 1734.8109, 226.6413, 1219.5239, 1733.6844, 185.5, 1219.4952, 64, 64, 64
L 1733.6844, 185.5, 1219.4952, 1711.551, 112.391, 1217.2122, 64, 64, 64
L 1711.551, 112.391, 1217.2122, 1690.9701, 76.8723, 1217.1229, 64, 64, 64
L 1690.9701, 76.8723, 1217.1229, 1673.9414, 41.4262, 1217.957, 64, 64, 64
L 1673.9414, 41.4262, 1217.957, 1654.7454, 7.4842, 1217.957, 64, 64, 64
L 1654.7454, 7.4842, 1217.957, 1611.2962, 8.7734, 1217.957, 64, 64, 64
L 1611.2962, 8.7734, 1217.957, 1569.8198, 20.877, 1217.957, 64, 64, 64
L 1569.8198, 20.877, 1217.957, 1524.8912, 20.4821, 1217.1249, 64, 64, 64
L 1524.8912, 20.4821, 1217.1249, 1481.759, 32.609, 1217.1189, 64, 64, 64
L 1481.759, 32.609, 1217.1189, 1438.7619, 35.4343, 1217.1183, 64, 64, 64
L 1438.7619, 35.4343, 1217.1183, 1356.3415, 60.178, 1217.2371, 64, 64, 64
L 1356.3415, 60.178, 1217.2371, 1317.2552, 81.6326, 1217.1248, 64, 64, 64
L 1317.2552, 81.6326, 1217.1248, 1278.1839, 97.1214, 1217.957, 64, 64, 64
L 1278.1839, 97.1214, 1217.957, 1241.834, 131.475, 1217.957, 64, 64, 64
L 1241.834, 131.475, 1217.957, 1218.2306, 177.5968, 1217.957, 64, 64, 64
L 1218.2306, 177.5968, 1217.957, 1232.6956, 213.8601, 1217.1259, 64, 64, 64
L 1232.6956, 213.8601, 1217.1259, 1228.1161, 255.206, 1217.957, 64, 64, 64
L 1228.1161, 255.206, 1217.957, 1240.616, 329.5111, 1217.957, 64, 64, 64
L 1424.1811, 277.7737, 1241.6939, 1414.5188, 277.5495, 1241.1442, 0, 0, 0
L 1424.2552, 277.8007, 1241.7052, 1424.2512, 305.226, 1239.8869, 0, 0, 0
L 1424.2512, 305.226, 1239.3459, 1486.6663, 341.588, 1238.341, 0, 0, 0
L 1486.6663, 341.588, 1237.433, 1549.724, 305.233, 1237.7369, 0, 0, 0
L 1549.724, 305.233, 1236.4722, 1549.734, 232.9594, 1236.4013, 0, 0, 0
L 1549.734, 232.9594, 1235.479, 1486.664, 196.942, 1238.1963, 0, 0, 0
L 1486.664, 196.942, 1238.6205, 1424.252, 232.9583, 1238.9392, 0, 0, 0
L 1424.2547, 258.8498, 1240.8132, 1414.6899, 258.9105, 1241.22, 0, 0, 0
L 1424.2554, 258.8496, 1240.8134, 1424.252, 232.9583, 1239.5233, 0, 0, 0
L 1433.425, 262.9008, 1244.4069, 1433.552, 238.3994, 1244.407, 0, 0, 0
L 1433.552, 238.3994, 1244.407, 1486.8975, 207.3091, 1244.4069, 0, 0, 0
L 1486.8975, 207.3091, 1244.407, 1540.7385, 238.4004, 1244.407, 0, 0, 0
L 1540.7385, 238.4004, 1244.4072, 1540.7397, 300.5661, 1244.407, 0, 0, 0
L 1540.7397, 300.5661, 1244.4072, 1486.8968, 331.6575, 1244.407, 0, 0, 0
L 1486.8968, 331.6575, 1244.407, 1433.585, 300.5724, 1244.4072, 0, 0, 0
L 1433.585, 300.5724, 1244.407, 1433.48, 275.1166, 1244.4068, 0, 0, 0
L 1433.425, 262.9008, 1248.422, 1436.5923, 262.8983, 1248.4221, 0, 0, 0
L 1433.48, 275.1166, 1248.422, 1436.5859, 275.1125, 1248.422, 0, 0, 0
L 1436.5859, 275.1125, 1247.7659, 1436.5853, 298.7121, 1247.766, 0, 0, 0
L 1436.5853, 298.7121, 1247.766, 1486.5954, 327.6125, 1247.766, 0, 0, 0
L 1486.5954, 327.6125, 1247.766, 1536.6772, 298.7305, 1247.7661, 0, 0, 0
L 1536.6772, 298.7305, 1247.7661, 1536.6771, 240.9576, 1247.766, 0, 0, 0
L 1536.6771, 240.9576, 1247.766, 1486.5657, 212.908, 1247.766, 0, 0, 0
L 1486.5657, 212.908, 1247.766, 1436.6044, 240.9326, 1247.766, 0, 0, 0
L 1436.6044, 240.9326, 1247.766, 1436.5923, 262.8983, 1247.7659, 0, 0, 0
L 1472.8594, 268.9714, 1247.7663, 1481.262, 282.7357, 1247.7663, 0, 0, 0
L 1481.262, 282.7357, 1247.7663, 1497.3821, 282.3403, 1247.7663, 0, 0, 0
L 1497.3821, 282.3403, 1247.7663, 1505.98, 268.1834, 1247.7663, 0, 0, 0
L 1505.98, 268.1834, 1247.7663, 1496.6929, 254.4177, 1247.7663, 0, 0, 0
L 1496.6929, 254.4177, 1247.7663, 1480.5778, 254.817, 1247.7663, 0, 0, 0
L 1480.5778, 254.817, 1247.7663, 1472.8594, 268.9714, 1247.7663, 0, 0, 0
L 1317.1995, 738.5058, 1007.248, 1346.5123, 747.267, 1006.8478, 0, 0, 0
L 1346.5123, 747.267, 1006.8478, 1371.1682, 726.2857, 1006.2623, 0, 0, 0
L 1371.1682, 726.2857, 1006.2623, 1364.1337, 694.7599, 1006.748, 0, 0, 0
L 1364.1337, 694.7599, 1006.748, 1333.5796, 685.26, 1006.2282, 0, 0, 0
L 1333.5796, 685.26, 1006.2282, 1310.874, 706.4606, 1006.5703, 0, 0, 0
L 1310.874, 706.4606, 1006.5703, 1317.8114, 737.1141, 1007.5984, 0, 0, 0
L 1327.1395, 728.2788, 1007.2078, 1344.3422, 734.1812, 1007.2078, 0, 0, 0
L 1344.3422, 734.1812, 1007.2078, 1357.7388, 721.8773, 1007.2078, 0, 0, 0
L 1357.7388, 721.8773, 1007.2078, 1353.5651, 704.5821, 1007.2078, 0, 0, 0
L 1353.5651, 704.5821, 1007.2078, 1336.6373, 698.8926, 1007.2078, 0, 0, 0
L 1336.6373, 698.8926, 1007.2078, 1323.5019, 710.793, 1007.2078, 0, 0, 0
L 1323.5019, 710.793, 1007.2078, 1327.1395, 728.2788, 1007.2078, 0, 0, 0
L -312.9479, -1337.3073, -686.9351, -316.371, -1379.4005, -686.9303, 64, 64, 64
L -465.4748, -1614.8774, -686.9283, -432.3625, -1581.7103, -686.9202, 0, 0, 0
L -465.4748, -1614.8774, -686.9076, -485.8396, -1639.193, -686.9157, 0, 0, 0
L -485.8396, -1639.193, -686.9157, -513.1414, -1668.7599, -686.9353, 0, 0, 0
L -557.7535, -1655.7838, -686.9353, -593.3536, -1634.533, -686.9161, 0, 0, 0
L -557.7535, -1655.7838, -686.9353, -513.1414, -1668.7599, -686.9353, 0, 0, 0
L -1086.3801, -379.3922, 6.6933, -1094.2873, -365.2853, 6.6933, 64, 64, 64
L -1094.2873, -365.2853, 6.6933, -1110.5181, -365.339, 6.6933, 64, 64, 64
L -1110.5181, -365.339, 6.6933, -1118.6237, -378.9898, 6.6933, 64, 64, 64
L -1118.6237, -378.9898, 6.6933, -1110.7193, -393.774, 6.6933, 64, 64, 64
L -1110.7193, -393.774, 6.6933, -1094.5204, -393.985, 6.6933, 64, 64, 64
L -1094.5204, -393.985, 6.6933, -1086.3801, -379.3922, 6.6933, 64, 64, 64
L -1104.7936, -372.1247, 9.9614, -1096.2799, -372.1222, 9.9614, 0, 0, 0
L -1096.2799, -372.1222, 9.9614, -1092.253, -379.4931, 9.9614, 0, 0, 0
L -1092.253, -379.4931, 9.9614, -1096.2786, -386.8657, 9.9614, 0, 0, 0
L -1096.2786, -386.8657, 9.9614, -1104.7936, -386.8663, 9.9614, 0, 0, 0
L -1104.7936, -386.8663, 9.9614, -1109.485, -379.4927, 9.9614, 0, 0, 0
L -1109.485, -379.4927, 9.9614, -1104.7936, -372.1247, 9.9614, 0, 0, 0
L -1014.4701, -387.7067, -5.1153, -1037.5269, -387.7062, -1.997, 64, 64, 64
L -1014.4759, -367.1267, -6.538, -1037.546, -367.1252, -4.4065, 64, 64, 64
L -1197.6052, -434.1788, -6.9907, -1203.5452, -465.6071, -12.8499, 64, 64, 64
L -1203.5452, -465.6071, -12.8499, -1179.8693, -487.2035, -12.1443, 64, 64, 64
L -1179.8693, -487.2035, -12.1443, -1148.6219, -478.2232, -7.6345, 64, 64, 64
L -1148.6219, -478.2232, -7.6345, -1142.554, -446.2128, -1.351, 64, 64, 64
L -1142.554, -446.2128, -1.351, -1166.6485, -423.5294, 0.3958, 64, 64, 64
L -1197.6052, -434.1788, -7.2552, -1166.6485, -423.5294, 0.586, 64, 64, 64
L -1169.6781, -438.2253, -2.4594, -1187.3188, -444.912, -5.9146, 64, 64, 64
L -1187.3188, -444.912, -5.9146, -1190.5088, -461.5314, -9.3229, 64, 64, 64
L -1190.5088, -461.5314, -9.3229, -1177.6093, -473.218, -9.3696, 64, 64, 64
L -1177.6093, -473.218, -9.3696, -1161.864, -468.14, -6.364, 64, 64, 64
L -1161.864, -468.14, -6.364, -1156.8275, -450.8638, -2.2915, 64, 64, 64
L -1156.8275, -450.8638, -2.2915, -1169.6781, -438.2253, -0.4388, 64, 64, 64
L 410.2341, 37.9399, -363.6229, 487.6435, 23.8325, -363.6019, 64, 64, 64
L 487.6435, 23.8325, -363.6019, 525.888, 13.8958, -363.6086, 64, 64, 64
L 525.888, 13.8958, -363.6086, 603.4062, 14.2779, -361.1922, 64, 64, 64
L 603.4062, 14.2779, -361.1922, 642.4346, 24.1071, -361.1505, 64, 64, 64
L 642.4346, 24.1071, -361.1505, 681.235, 23.5445, -363.5955, 64, 64, 64
L 681.235, 23.5445, -363.5955, 720.787, 30.59, -363.612, 64, 64, 64
L 720.787, 30.59, -363.612, 759.2544, 18.8827, -363.6078, 64, 64, 64
L 759.2544, 18.8827, -363.6078, 797.7483, 38.1064, -363.6229, 64, 64, 64
L 797.7483, 38.1064, -363.6229, 813.8573, 81.2231, -363.6129, 64, 64, 64
L 813.8573, 81.2231, -363.6129, 804.6464, 124.3486, -363.4787, 64, 64, 64
L 804.6464, 124.3486, -363.4787, 817.2148, 167.5806, -361.4839, 64, 64, 64
L 817.2148, 167.5806, -361.4839, 810.346, 210.6882, -361.1435, 64, 64, 64
L 810.346, 210.6882, -361.1435, 820.8088, 254.8363, -361.1261, 64, 64, 64
L 820.8088, 254.8363, -361.1261, 820.4403, 297.3016, -362.6082, 64, 64, 64
L 820.4403, 297.3016, -362.6082, 809.7622, 341.92, -363.4252, 64, 64, 64
L 809.7622, 341.92, -363.4252, 804.6221, 383.9907, -363.491, 64, 64, 64
L 804.6221, 383.9907, -363.491, 804.6719, 427.3693, -363.547, 64, 64, 64
L 804.6719, 427.3693, -363.547, 797.8694, 469.9791, -363.5074, 64, 64, 64
L 797.8694, 469.9791, -363.5074, 759.6914, 489.5258, -363.48, 64, 64, 64
L 759.6914, 489.5258, -363.48, 720.1024, 502.4852, -363.5565, 64, 64, 64
L 720.1024, 502.4852, -363.5565, 681.6014, 518.5773, -363.5701, 64, 64, 64
L 681.6014, 518.5773, -363.5701, 642.566, 518.616, -363.6057, 64, 64, 64
L 642.566, 518.616, -363.6057, 604.531, 527.549, -363.6091, 64, 64, 64
L 604.531, 527.549, -363.6091, 565.843, 527.3333, -363.6229, 64, 64, 64
L 565.843, 527.3333, -363.6229, 527.988, 518.788, -363.6229, 64, 64, 64
L 527.988, 518.788, -363.6229, 487.2599, 502.6154, -363.6066, 64, 64, 64
L 487.2599, 502.6154, -363.6066, 448.4562, 506.817, -363.6229, 64, 64, 64
L 448.4562, 506.817, -363.6229, 410.1725, 470.7029, -363.6229, 64, 64, 64
L 410.1725, 470.7029, -363.6229, 388.4218, 426.278, -363.6229, 64, 64, 64
L 388.4218, 426.278, -363.6229, 385.3688, 383.9168, -363.5912, 64, 64, 64
L 385.3688, 383.9168, -363.5912, 375.2617, 341.3659, -363.6062, 64, 64, 64
L 375.2617, 341.3659, -363.6062, 375.5036, 255.115, -363.5407, 64, 64, 64
L 375.5036, 255.115, -363.5407, 385.27, 212.1766, -363.6001, 64, 64, 64
L 385.27, 212.1766, -363.6001, 385.391, 167.8968, -363.6086, 64, 64, 64
L 385.391, 167.8968, -363.6086, 398.3815, 124.6786, -363.6116, 64, 64, 64
L 398.3815, 124.6786, -363.6116, 397.9404, 81.2261, -363.6229, 64, 64, 64
L 397.9404, 81.2261, -363.6229, 410.2341, 37.9399, -363.6229, 64, 64, 64
L 555.3396, 439.7728, -363.6227, 546.7217, 472.4, -363.6229, 64, 64, 64
L 546.7217, 472.4, -363.6229, 569.6199, 495.1245, -363.6229, 64, 64, 64
L 569.6199, 495.1245, -363.6229, 601.7143, 486.9472, -362.8799, 64, 64, 64
L 601.7143, 486.9472, -362.8799, 609.5833, 455.38, -362.962, 64, 64, 64
L 609.5833, 455.38, -362.962, 587.3529, 431.1619, -362.6107, 64, 64, 64
L 587.3529, 431.1619, -362.6107, 555.3396, 439.7728, -363.6229, 64, 64, 64
L 565.6889, 450.8403, -362.3184, 561.2014, 468.781, -362.3184, 64, 64, 64
L 561.2014, 468.781, -362.3184, 573.7948, 480.9902, -362.3184, 64, 64, 64
L 573.7948, 480.9902, -362.3184, 591.2464, 475.8414, -362.3184, 64, 64, 64
L 591.2464, 475.8414, -362.3184, 596.1411, 458.74, -362.2454, 64, 64, 64
L 596.1411, 458.74, -362.2454, 583.1679, 446.3118, -362.3184, 64, 64, 64
L 583.1679, 446.3118, -362.3184, 565.6889, 450.8403, -362.3184, 64, 64, 64
L -314.5162, -591.5719, -58.8417, -272.326, -591.7011, -58.8417, 0, 0, 0
L -272.326, -591.7011, -58.8417, -272.3204, -681.9959, -58.8417, 0, 0, 0
L -272.3204, -681.9959, -58.8417, -372.6472, -681.9723, -58.8417, 0, 0, 0
L -372.6472, -681.9723, -58.8417, -372.6471, -591.7028, -58.8417, 0, 0, 0
L -372.6471, -591.7028, -58.8417, -332.9218, -591.5679, -58.8417, 0, 0, 0
L -332.9218, -591.5679, -58.8417, -332.9177, -599.6674, -58.8417, 0, 0, 0
L -365.6707, -599.6891, -58.8417, -365.6711, -673.7551, -58.8417, 0, 0, 0
L -365.6711, -673.7551, -58.8417, -279.2662, -673.7557, -58.8417, 0, 0, 0
L -279.2662, -673.7557, -58.8417, -279.276, -599.6645, -58.8417, 0, 0, 0
L -314.5162, -591.5719, -58.8417, -314.5181, -599.6685, -58.8417, 0, 0, 0
L -332.9177, -599.6674, -58.8417, -365.6707, -599.6676, -58.8417, 0, 0, 0
L -314.5181, -599.6685, -58.8417, -279.2658, -599.6711, -58.8417, 0, 0, 0
L -299.9836, -551.1079, -79.9526, -162.6672, -551.1077, -75.3661, 64, 64, 64
L -162.6672, -551.1077, -74.3118, -237.742, -713.5205, -79.9266, 64, 64, 64
L -237.742, -713.5205, -80.253, -407.49, -713.5199, -72.3079, 64, 64, 64
L -407.49, -713.5199, -72.6499, -482.1182, -551.105, -77.645, 64, 64, 64
L -482.1182, -551.105, -76.765, -342.2355, -551.1085, -79.6968, 64, 64, 64
L -342.2355, -551.1085, -79.6968, -342.2398, -490.8944, -78.615, 64, 64, 64
L -300.495, -491.1222, -76.8194, -299.9341, -551.1086, -79.9528, 64, 64, 64
L -449.1197, -578.3895, -58.8417, -441.6528, -582.6698, -58.8367, 0, 0, 0
L -441.646, -591.2834, -58.8417, -441.6528, -582.6698, -58.8417, 0, 0, 0
L -441.646, -591.2834, -58.8417, -449.1222, -595.6032, -58.8417, 0, 0, 0
L -449.1222, -595.6032, -58.8415, -456.5654, -591.2875, -58.8417, 0, 0, 0
L -456.5654, -591.2875, -58.8417, -456.5679, -582.6785, -58.8417, 0, 0, 0
L -456.5679, -582.6785, -58.8417, -449.1197, -578.3895, -58.8417, 0, 0, 0
L -401.5106, -626.7758, -58.8417, -394.573, -631.57, -58.8417, 0, 0, 0
L -394.573, -631.57, -58.8417, -394.568, -639.657, -58.8417, 0, 0, 0
L -394.568, -639.657, -58.8417, -401.4988, -643.9768, -58.8417, 0, 0, 0
L -401.4988, -643.9768, -58.8417, -409.962, -639.5923, -58.8417, 0, 0, 0
L -409.962, -639.5923, -58.8417, -408.9553, -631.398, -58.8417, 0, 0, 0
L -408.9553, -631.398, -58.8417, -401.5106, -626.7758, -58.8417, 0, 0, 0
L -243.6243, -643.9774, -58.8417, -251.653, -639.6624, -58.8417, 0, 0, 0
L -251.653, -639.6624, -58.8406, -251.677, -631.537, -58.8417, 0, 0, 0
L -251.677, -631.537, -58.8417, -243.6323, -626.7729, -58.8417, 0, 0, 0
L -243.6323, -626.7729, -58.8417, -236.1786, -631.569, -58.8417, 0, 0, 0
L -236.1786, -631.569, -58.8417, -236.1781, -639.6589, -58.8417, 0, 0, 0
L -236.1781, -639.6589, -58.8417, -243.6243, -643.9774, -58.8417, 0, 0, 0
L -192.8426, -596.849, -58.8417, -200.2899, -592.565, -58.8417, 0, 0, 0
L -200.2899, -592.565, -58.8417, -200.2932, -583.9679, -58.8417, 0, 0, 0
L -200.2932, -583.9679, -58.8417, -192.8406, -579.6453, -58.8417, 0, 0, 0
L -192.8406, -579.6453, -58.8417, -185.3969, -583.9595, -58.8417, 0, 0, 0
L -185.3969, -583.9595, -58.8417, -185.3973, -592.5639, -58.8417, 0, 0, 0
L -185.3973, -592.5639, -58.8417, -192.8426, -596.849, -58.8417, 0, 0, 0
L -49.4487, -188.9266, -119.5966, -115.3602, -149.355, -119.623, 64, 64, 64
L -189.2786, -123.7317, -119.623, -270.4834, -109.5878, -119.6063, 64, 64, 64
L -270.4834, -109.5878, -119.6063, -332.8718, -65.144, -119.623, 64, 64, 64
L -332.8718, -65.144, -119.623, -432.497, -81.914, -119.623, 64, 64, 64
L -432.497, -81.914, -119.623, -510.5998, -130.4645, -119.623, 64, 64, 64
L -510.5998, -130.4645, -119.623, -556.2018, -192.6613, -119.623, 64, 64, 64
L -556.2018, -192.6613, -119.623, -614.2636, -251.4642, -119.5704, 64, 64, 64
L -614.2636, -251.4642, -119.5704, -696.5461, -388.3625, -119.5498, 64, 64, 64
L -696.5461, -388.3625, -119.5498, -721.2355, -466.9458, -119.6028, 64, 64, 64
L -721.2355, -466.9458, -119.6028, -762.1856, -535.1033, -119.6046, 64, 64, 64
L -762.1856, -535.1033, -119.6046, -781.2445, -617.5887, -119.623, 64, 64, 64
L -781.2445, -617.5887, -119.623, -822.499, -685.8691, -119.623, 64, 64, 64
L -822.499, -685.8691, -119.623, -843.6516, -765.4358, -119.623, 64, 64, 64
L -843.6516, -765.4358, -119.623, -785.5194, -818.2028, -119.6013, 64, 64, 64
L -785.5194, -818.2028, -119.6013, -726.7811, -867.114, -119.6068, 64, 64, 64
L -726.7811, -867.114, -119.6068, -669.4855, -922.1001, -119.5615, 64, 64, 64
L -669.4855, -922.1001, -119.5615, -538.5744, -1001.313, -114.4125, 64, 64, 64
L -538.5744, -1001.313, -114.4125, -463.3795, -1024.825, -114.3499, 64, 64, 64
L -463.3795, -1024.825, -114.3499, -397.7502, -1063.9085, -119.5426, 64, 64, 64
L -397.7502, -1063.9085, -119.5426, -324.9886, -1094.1384, -119.609, 64, 64, 64
L -324.9886, -1094.1384, -119.609, -270.5511, -1151.6361, -119.6075, 64, 64, 64
L -270.5511, -1151.6361, -119.6075, -186.3187, -1159.8561, -119.623, 64, 64, 64
L -186.3187, -1159.8561, -119.623, -118.4093, -1108.3033, -119.6132, 64, 64, 64
L -118.4093, -1108.3033, -119.6132, -92.5695, -1031.4993, -119.6089, 64, 64, 64
L -92.5695, -1031.4993, -119.6089, -30.553, -975.2341, -115.1928, 64, 64, 64
L -30.553, -975.2341, -115.1928, -0.7371, -899.3617, -114.2913, 64, 64, 64
L -0.7371, -899.3617, -114.2913, 58.4543, -841.682, -114.2823, 64, 64, 64
L 58.4543, -841.682, -114.2823, 99.636, -773.3401, -117.593, 64, 64, 64
L 99.636, -773.3401, -117.593, 122.5481, -694.6132, -119.4788, 64, 64, 64
L 122.5481, -694.6132, -119.4788, 154.1587, -620.7913, -118.5858, 64, 64, 64
L 154.1587, -620.7913, -118.5858, 195.9814, -551.5365, -118.6191, 64, 64, 64
L 195.9814, -551.5365, -118.6191, 224.7374, -475.9449, -119.4634, 64, 64, 64
L 224.7374, -475.9449, -119.4634, 178.2144, -406.3775, -119.4562, 64, 64, 64
L 178.2144, -406.3775, -119.4562, 123.9993, -346.2671, -119.5574, 64, 64, 64
L 123.9993, -346.2671, -119.5574, 74.2554, -281.8879, -119.588, 64, 64, 64
L 7.746, -241.8826, -119.5457, -49.439, -188.6357, -119.6093, 64, 64, 64
L -115.3602, -149.355, -119.623, -189.2605, -123.9389, -119.623, 64, 64, 64
L 7.746, -241.8826, -119.5567, 74.2554, -281.8879, -119.5717, 64, 64, 64
L -237.752, -219.1922, -119.6229, -206.2887, -205.234, -119.6229, 64, 64, 64
L -206.2887, -205.234, -119.6229, -202.7729, -171.5558, -119.6229, 64, 64, 64
L -202.7729, -171.5558, -119.6229, -229.2717, -151.4422, -118.4424, 64, 64, 64
L -229.2717, -151.4422, -118.4424, -260.584, -166.14, -117.7721, 64, 64, 64
L -260.584, -166.14, -117.7721, -264.3188, -199.2153, -117.486, 64, 64, 64
L -264.3188, -199.2153, -117.486, -237.752, -219.1922, -119.6229, 64, 64, 64
L -235.9033, -203.4219, -117.5832, -218.8675, -195.7958, -117.5832, 64, 64, 64
L -218.8675, -195.7958, -117.5832, -217.4497, -178.487, -117.5832, 64, 64, 64
L -217.4497, -178.487, -117.5832, -232.1325, -167.3788, -117.5832, 64, 64, 64
L -232.1325, -167.3788, -117.5832, -248.3487, -174.7886, -117.5832, 64, 64, 64
L -248.3487, -174.7886, -117.5832, -249.9988, -193.2142, -117.5536, 64, 64, 64
L -249.9988, -193.2142, -117.5536, -235.9033, -203.4219, -117.4007, 64, 64, 64
L 805.3563, -1311.4203, 123.5962, 882.421, -1377.695, 123.5956, 64, 64, 64
L 882.421, -1377.695, 123.5956, 978.9124, -1421.3831, 123.5956, 64, 64, 64
L 978.9124, -1421.3831, 123.5956, 1057.757, -1359.3503, 123.5956, 64, 64, 64
L 1057.757, -1359.3503, 123.5956, 1133.2335, -1293.6151, 123.6238, 64, 64, 64
L 1133.2335, -1293.6151, 123.6238, 1215.1764, -1233.8976, 123.6174, 64, 64, 64
L 1215.1764, -1233.8976, 123.6174, 1343.911, -1082.9765, 128.6042, 64, 64, 64
L 1343.911, -1082.9765, 128.6042, 1390.918, -993.2842, 128.591, 64, 64, 64
L 1390.918, -993.2842, 128.591, 1453.8774, -918.46, 123.6683, 64, 64, 64
L 1453.8774, -918.46, 123.6683, 1507.9612, -832.13, 123.6059, 64, 64, 64
L 1507.9612, -832.13, 123.6059, 1592.9628, -774.7943, 123.6025, 64, 64, 64
L 1592.9628, -774.7943, 123.6025, 1621.1513, -669.3479, 123.5956, 64, 64, 64
L 1621.1513, -669.3479, 123.5956, 1570.2403, -571.7114, 123.5986, 64, 64, 64
L 1570.2403, -571.7114, 123.5986, 1476.7237, -521.8631, 123.7052, 64, 64, 64
L 1476.7237, -521.8631, 123.7052, 1419.5369, -430.6191, 127.7681, 64, 64, 64
L 1419.5369, -430.6191, 127.7681, 1329.1729, -377.5095, 128.6418, 64, 64, 64
L 1329.1729, -377.5095, 128.6418, 1268.1564, -289.7305, 128.6658, 64, 64, 64
L 1268.1564, -289.7305, 128.6658, 1190.9324, -223.6418, 125.4321, 64, 64, 64
L 1190.9324, -223.6418, 125.4321, 1093.9459, -176.3928, 123.7154, 64, 64, 64
L 1093.9459, -176.3928, 123.7154, 1007.1218, -120.3717, 124.5574, 64, 64, 64
L 1007.1218, -120.3717, 124.5574, 928.606, -53.2319, 124.5756, 64, 64, 64
L 928.606, -53.2319, 124.5756, 838.3685, 0.62, 123.6713, 64, 64, 64
L 838.3685, 0.62, 123.6713, 739.447, -44.7715, 123.7043, 64, 64, 64
L 739.447, -44.7715, 123.7043, 652.1367, -100.7395, 123.6461, 64, 64, 64
L 652.1367, -100.7395, 123.6461, 559.2984, -150.7784, 123.6403, 64, 64, 64
L 559.2984, -150.7784, 123.6403, 495.242, -225.9391, 123.6543, 64, 64, 64
L 495.242, -225.9391, 123.6543, 414.5754, -287.4997, 123.6098, 64, 64, 64
L 414.5754, -287.4997, 123.6098, 350.2182, -362.9759, 123.5956, 64, 64, 64
L 350.2182, -362.9759, 123.5956, 302.7875, -451.5319, 123.5956, 64, 64, 64
L 302.7875, -451.5319, 123.5956, 266.6252, -552.2768, 123.5957, 64, 64, 64
L 266.6252, -552.2768, 123.5957, 196.6217, -621.8246, 123.5956, 64, 64, 64
L 196.6217, -621.8246, 123.5956, 196.4235, -752.1349, 123.5956, 64, 64, 64
L 196.4235, -752.1349, 123.5956, 242.1348, -862.2555, 123.5956, 64, 64, 64
L 242.1348, -862.2555, 123.5956, 311.6956, -933.6575, 123.5964, 64, 64, 64
L 311.6956, -933.6575, 123.5964, 374.787, -1019.8572, 123.6873, 64, 64, 64
L 374.787, -1019.8572, 123.6873, 530.9103, -1154.619, 123.6157, 64, 64, 64
L 530.9103, -1154.619, 123.6157, 625.5143, -1202.5153, 123.609, 64, 64, 64
L 625.5143, -1202.5153, 123.609, 703.11, -1269.75, 123.6071, 64, 64, 64
L 703.5475, -1269.4123, 123.6077, 805.3563, -1311.4203, 123.5956, 64, 64, 64
L 665.625, -804.502, 161.956, 601.1367, -840.9718, 157.574, 64, 64, 64
L 601.1367, -840.9718, 156.6719, 537.1951, -804.801, 156.6023, 64, 64, 64
L 537.1951, -804.801, 157.1707, 537.1923, -777.2068, 159.4269, 64, 64, 64
L 537.1923, -777.2068, 159.4269, 513.498, -777.1879, 157.6067, 64, 64, 64
L 513.445, -756.6593, 160.861, 537.1879, -756.6013, 161.317, 64, 64, 64
L 537.1879, -756.6013, 161.317, 537.1774, -730.2527, 160.7025, 64, 64, 64
L 537.1774, -730.2527, 160.6365, 601.851, -693.3297, 160.2408, 64, 64, 64
L 601.851, -693.3297, 160.2502, 665.334, -730.2204, 166.842, 64, 64, 64
L 665.334, -730.2204, 165.669, 665.625, -804.502, 161.956, 64, 64, 64
L 551.33, -773.2508, 172.4889, 547.5099, -773.2504, 172.4889, 0, 0, 0
L 547.5099, -773.2504, 169.5514, 547.5149, -797.7468, 169.5515, 0, 0, 0
L 547.5149, -797.7468, 169.5517, 601.3574, -828.8396, 169.5515, 0, 0, 0
L 601.3574, -828.8396, 169.5517, 655.1947, -797.7471, 169.5515, 0, 0, 0
L 655.1947, -797.7471, 169.5514, 655.1964, -735.5711, 169.5515, 0, 0, 0
L 655.1964, -735.5711, 169.5517, 601.3555, -704.4941, 169.5514, 0, 0, 0
L 601.3555, -704.4941, 169.5514, 547.5167, -735.5678, 169.5515, 0, 0, 0
L 547.5167, -735.5678, 169.5514, 547.5072, -761.333, 169.5514, 0, 0, 0
L 547.5072, -761.333, 172.4889, 551.443, -761.38, 172.4889, 0, 0, 0
L 551.443, -761.38, 171.8482, 551.443, -737.4552, 171.8482, 0, 0, 0
L 551.443, -737.4552, 171.8482, 601.325, -708.5488, 171.8483, 0, 0, 0
L 601.325, -708.5488, 171.8483, 651.1354, -737.4583, 171.8483, 0, 0, 0
L 651.1354, -737.4583, 171.8483, 651.1355, -795.1621, 171.8483, 0, 0, 0
L 651.1355, -795.1621, 171.8483, 601.98, -824.526, 171.8483, 0, 0, 0
L 601.98, -824.526, 171.8483, 551.988, -795.238, 171.8483, 0, 0, 0
L 551.988, -795.238, 171.8483, 551.33, -773.2508, 171.8483, 0, 0, 0
L 588.9679, -767.8881, 171.8483, 596.6992, -782.818, 171.8483, 64, 64, 64
L 613.229, -782.905, 171.8483, 621.2042, -768.6802, 171.8483, 64, 64, 64
L 621.2042, -768.6802, 171.8483, 613.5656, -754.6671, 171.8483, 64, 64, 64
L 588.9679, -767.8881, 171.8483, 597.439, -754.6606, 171.8483, 64, 64, 64
L 613.5656, -754.6671, 171.8482, 597.439, -754.6606, 171.8483, 64, 64, 64
L 596.6992, -782.818, 171.8483, 613.229, -782.905, 171.8483, 64, 64, 64
L 611.3654, -765.8979, 175.1163, 605.4995, -759.7318, 175.1163, 0, 0, 0
L 605.4995, -759.7318, 175.1163, 597.224, -761.7285, 175.1165, 0, 0, 0
L 597.224, -761.7285, 175.1163, 594.818, -769.8931, 175.1165, 0, 0, 0
L 594.818, -769.8931, 175.1163, 600.6833, -776.589, 175.1165, 0, 0, 0
L 600.6833, -776.589, 175.1165, 608.9568, -774.62, 175.1165, 0, 0, 0
L 608.9568, -774.62, 175.1163, 611.3654, -765.8979, 175.1163, 0, 0, 0
L 367.4112, -516.125, 124.1431, 375.9925, -484.5582, 123.5956, 64, 64, 64
L 375.9925, -484.5582, 123.5956, 352.3168, -461.4497, 123.5956, 64, 64, 64
L 352.3168, -461.4497, 123.5956, 320.4408, -469.3813, 123.7246, 64, 64, 64
L 320.4408, -469.3813, 123.7246, 312.387, -500.6822, 124.2653, 64, 64, 64
L 312.387, -500.6822, 124.2653, 335.3161, -523.3282, 124.9967, 64, 64, 64
L 335.3161, -523.3282, 124.9967, 367.4112, -516.125, 124.1231, 64, 64, 64
L 356.3926, -505.6895, 125.194, 361.3553, -488.3122, 125.13, 64, 64, 64
L 361.3553, -488.3122, 125.13, 348.7742, -475.7438, 125.13, 64, 64, 64
L 348.7742, -475.7438, 125.13, 331.3584, -480.742, 125.13, 64, 64, 64
L 331.3584, -480.742, 125.13, 326.4445, -497.483, 125.13, 64, 64, 64
L 326.4445, -497.483, 125.13, 339.4116, -510.3555, 125.13, 64, 64, 64
L 339.4116, -510.3555, 125.13, 356.3926, -505.6895, 125.13, 64, 64, 64
L -554.4719, -1409.3073, -769.9974, -554.4541, -1292.2039, -769.9972, 0, 0, 0
L -554.4541, -1292.2039, -769.9972, -671.4833, -1292.2047, -769.9974, 0, 0, 0
L -671.4833, -1292.2047, -769.9974, -671.4832, -1410.1785, -769.9976, 0, 0, 0
L -671.4832, -1410.1785, -769.9976, -583.788, -1410.2037, -769.9976, 0, 0, 0
L -583.788, -1410.2037, -769.9976, -583.709, -1452.4866, -769.9976, 0, 0, 0
L -583.709, -1452.4866, -769.9977, -661.3378, -1452.4846, -769.9965, 0, 0, 0
L -660.4772, -1490.3263, -769.9976, -620.8262, -1490.3261, -769.9976, 0, 0, 0
L -660.4773, -1490.3209, -769.9976, -660.7485, -1452.4852, -769.9976, 0, 0, 0
L -620.8262, -1490.3261, -769.9977, -620.8256, -1591.5036, -770.14, 0, 0, 0
L -620.8256, -1591.5036, -770.14, -602.457, -1582.7389, -769.9978, 64, 64, 64
L -602.457, -1582.7389, -769.9978, -602.3961, -1488.5329, -769.9976, 0, 0, 0
L -565.375, -1488.5048, -769.9976, -602.3961, -1488.5329, -769.9976, 0, 0, 0
L -554.4704, -1409.3068, -769.9976, -565.5135, -1409.3037, -769.9978, 0, 0, 0
L -565.5135, -1409.3037, -769.9978, -565.375, -1488.5048, -769.9978, 0, 0, 0
L -1095.1575, 1017.6639, 405.1383, -1164.6652, 1034.7889, 405.127, 64, 64, 64
L -1164.6652, 1034.7889, 405.127, -1243.2826, 986.1875, 405.127, 64, 64, 64
L -1243.2826, 986.1875, 405.127, -1293.4146, 917.4871, 405.127, 64, 64, 64
L -1293.4146, 917.4871, 405.127, -1310.5657, 849.2699, 405.127, 64, 64, 64
L -1310.5657, 849.2699, 405.127, -1339.2688, 779.897, 405.1469, 64, 64, 64
L -1339.2688, 779.897, 405.1469, -1362.3495, 635.351, 405.1931, 64, 64, 64
L -1362.3495, 635.351, 405.1931, -1356.4728, 560.6504, 405.1476, 64, 64, 64
L -1356.4728, 560.6504, 405.1476, -1367.6232, 488.1336, 405.1487, 64, 64, 64
L -1367.6232, 488.1336, 405.1487, -1355.3334, 412.584, 405.1365, 64, 64, 64
L -1355.3334, 412.584, 405.1365, -1366.8607, 340.1374, 405.127, 64, 64, 64
L -1366.8607, 340.1374, 405.127, -1357.4284, 264.7597, 405.127, 64, 64, 64
L -1357.4284, 264.7597, 405.127, -1291.2692, 240.5153, 405.127, 64, 64, 64
L -1291.2692, 240.5153, 405.127, -1225.51, 218.8756, 405.1327, 64, 64, 64
L -1225.51, 218.8756, 405.1327, -1157.3977, 191.747, 405.1492, 64, 64, 64
L -1157.3977, 191.747, 405.1492, -1018.5669, 169.9929, 410.1283, 64, 64, 64
L -1018.5669, 169.9929, 410.1283, -946.5107, 175.1497, 410.1492, 64, 64, 64
L -946.5107, 175.1497, 410.1492, -877.4126, 164.5324, 405.2069, 64, 64, 64
L -877.4126, 164.5324, 405.2069, -805.8215, 163.6988, 405.1483, 64, 64, 64
L -805.8215, 163.6988, 405.1483, -739.644, 133.4915, 405.1333, 64, 64, 64
L -739.644, 133.4915, 405.1333, -665.418, 155.6966, 405.127, 64, 64, 64
L -665.418, 155.6966, 405.127, -625.3568, 222.4767, 405.1378, 64, 64, 64
L -625.3568, 222.4767, 405.1378, -629.4402, 296.2792, 405.1367, 64, 64, 64
L -629.4402, 296.2792, 405.1367, -596.484, 365.4857, 409.3528, 64, 64, 64
L -596.484, 365.4857, 409.3528, -597.1894, 438.8102, 410.2423, 64, 64, 64
L -597.1894, 438.8102, 410.2423, -566.845, 509.2336, 410.1035, 64, 64, 64
L -566.845, 509.2336, 410.1035, -555.4248, 580.4614, 407.423, 64, 64, 64
L -555.4248, 580.4614, 407.423, -562.9261, 655.29, 405.3779, 64, 64, 64
L -562.9261, 655.29, 405.3779, -560.5789, 730.4723, 406.35, 64, 64, 64
L -560.5789, 730.4723, 406.35, -549.3826, 802.2531, 406.849, 64, 64, 64
L -549.3826, 802.2531, 406.849, -550.6602, 875.9316, 405.2803, 64, 64, 64
L -550.6602, 875.9316, 405.2803, -614.6512, 919.9923, 405.2653, 64, 64, 64
L -614.6512, 919.9923, 405.2653, -680.6113, 951.8986, 405.2115, 64, 64, 64
L -680.6113, 951.8986, 405.2115, -745.3618, 989.4036, 405.1979, 64, 64, 64
L -745.3618, 989.4036, 405.1979, -814.4293, 1000.363, 405.2235, 64, 64, 64
L -814.4293, 1000.363, 405.2235, -881.398, 1026.3833, 405.1404, 64, 64, 64
L -881.398, 1026.3833, 405.1404, -950.1154, 1037.999, 405.127, 64, 64, 64
L -950.1154, 1037.999, 405.127, -1022.4474, 1033.365, 405.127, 64, 64, 64
L -1022.4474, 1033.365, 405.127, -1095.1575, 1017.6639, 405.1512, 64, 64, 64
L -1098.6449, 780.544, 442.729, -1103.579, 770.2507, 442.1263, 0, 0, 0
L -1103.579, 770.2507, 442.1263, -1092.9123, 765.5155, 441.8623, 0, 0, 0
L -1092.9123, 765.5155, 441.8623, -1088.397, 775.2617, 441.7912, 0, 0, 0
L -1088.397, 775.2617, 441.7912, -1098.6449, 780.544, 442.525, 0, 0, 0
L -1069.5476, 497.6721, 459.509, -1059.414, 495.1539, 452.3527, 0, 0, 0
L -1059.414, 495.1539, 452.3527, -1061.4806, 485.287, 453.4139, 0, 0, 0
L -1061.4806, 485.287, 453.4139, -1071.9967, 487.2105, 456.7817, 0, 0, 0
L -1071.9967, 487.2105, 456.7817, -1069.5476, 497.6721, 459.1635, 0, 0, 0
L -707.9837, 527.841, 443.4193, -699.2789, 520.5783, 443.5432, 0, 0, 0
L -699.2789, 520.5783, 443.5432, -692.1169, 529.5284, 442.5169, 64, 64, 64
L -692.1169, 529.5284, 442.5169, -700.8252, 536.3758, 441.6198, 64, 64, 64
L -700.8252, 536.3758, 441.6198, -707.9837, 527.841, 443.1834, 0, 0, 0
L -743.9488, 214.4915, 406.6607, -755.8622, 184.6896, 406.1456, 0, 0, 0
L -755.8622, 184.6896, 406.1456, -736.5395, 159.36, 405.6299, 0, 0, 0
L -736.5395, 159.36, 405.6299, -704.8436, 163.404, 405.1997, 0, 0, 0
L -704.8436, 163.404, 405.1997, -692.9963, 194.2196, 405.6392, 0, 0, 0
L -692.9963, 194.2196, 405.6392, -712.4305, 217.6657, 406.413, 0, 0, 0
L -712.4305, 217.6657, 406.413, -743.9488, 214.4915, 406.6913, 0, 0, 0
L -736.5191, 203.7665, 407.432, -742.5416, 186.8577, 406.7672, 0, 0, 0
L -742.5416, 186.8577, 406.7672, -731.8274, 172.2869, 407.163, 0, 0, 0
L -731.8274, 172.2869, 407.163, -713.214, 175.475, 407.2669, 0, 0, 0
L -713.214, 175.475, 407.2669, -706.9538, 191.9622, 406.7671, 0, 0, 0
L -706.9538, 191.9622, 406.7671, -718.946, 206.1809, 406.7672, 0, 0, 0
L -718.946, 206.1809, 406.7672, -735.5859, 203.6982, 406.7672, 0, 0, 0
L 1244, 1693, -10936, 1302, 1492, -1093, 64, 64, 64
L 1302, 1492, -1093, 1387, 1299, -1093, 64, 64, 64
L 1387, 1299, -1093, 1402, 1194, -1093, 64, 64, 64
L 1402, 1194, -1093, 1403, 1082, -1093, 64, 64, 64
L 1403, 1082, -1093, 1438, 995, -1093, 64, 64, 64
L 1438, 995, -1093, 1432, 888, -1093, 64, 64, 64
L 1432, 888, -1093, 1476, 790, -1093, 64, 64, 64
L 1476, 790, -1093, 1480, 680, -1093, 64, 64, 64
L 1480, 680, -1093, 1371, 616, -1093, 64, 64, 64
L 1371, 616, -1093, 1267, 622, -1093, 64, 64, 64
L 1267, 622, -1093, 1173, 543, -1093, 64, 64, 64
L 1173, 543, -1093, 1083, 480, -1093, 64, 64, 64
L 1083, 480, -1093, 981, 521, -1093, 64, 64, 64
L 981, 521, -1093, 664, 480, -1093, 64, 64, 64
L 664, 480, -1093, 490, 476, -1093, 64, 64, 64
L 490, 476, -1093, 440, 570, -1093, 64, 64, 64
L 440, 570, -1093, 417, 672, -1093, 64, 64, 64
L 417, 672, -1093, 359, 778, -1093, 64, 64, 64
L 359, 778, -1093, 337, 875, -1093, 64, 64, 64
L 337, 875, -1093, 264, 1080, -1093, 64, 64, 64
L 264, 1080, -1093, 248, 1372, -1093, 64, 64, 64
L 248, 1372, -1093, 283, 1490, -1093, 64, 64, 64
L 283, 1490, -1093, 354, 1587, -1093, 64, 64, 64
L 354, 1587, -1093, 450, 1601, -1093, 64, 64, 64
L 450, 1601, -1093, 642, 1713, -1093, 64, 64, 64
L 642, 1713, -1093, 845, 1730, -1093, 64, 64, 64
L 845, 1730, -1093, 942, 1737, -1093, 64, 64, 64
L 942, 1737, -1093, 1143, 1713, -1093, 64, 64, 64
L 1143, 1713, -1093, 1244, 1690, -1093, 64, 64, 64
L 650, 1046, -10541, 725, 1046, -1054, 0, 0, 0
L 725, 1046, -1054, 726, 1136, -1059, 0, 0, 0
L 726, 1136, -1059, 1028, 1132, -1048, 0, 0, 0
L 1028, 1132, -1048, 1028, 934, -1057, 0, 0, 0
L 1028, 934, -1057, 725, 933, -1066, 0, 0, 0
L 725, 933, -1066, 725, 1023, -1058, 0, 0, 0
L 725, 1023, -1058, 646, 1023, -1053, 0, 0, 0
L 766.5384, 1034.8076, -10873, 784, 1061, -1088, 0, 0, 0
L 784, 1061, -1088, 815, 1063, -1087, 0, 0, 0
L 815, 1063, -1087, 830, 1033, -1087, 0, 0, 0
L 830, 1033, -1087, 816, 1008, -1087, 0, 0, 0
L 816, 1008, -1087, 783, 1006, -1087, 0, 0, 0
L 783, 1006, -1087, 766.5384, 1034.8076, -1087, 0, 0, 0
L 781, 1034, -10876, 790, 1019, -1087, 0, 0, 0
L 790, 1019, -1087, 806, 1020, -1087, 0, 0, 0
L 806, 1020, -1087, 815, 1034, -1087, 0, 0, 0
L 815, 1034, -1087, 808, 1049, -1087, 0, 0, 0
L 808, 1049, -1087, 791, 1049, -1087, 0, 0, 0
L 791, 1049, -1087, 782, 1035, -1087, 0, 0, 0
L 884, 990, -10919, 972, 990, -1091, 0, 0, 0
L 972, 990, -1091, 972, 1078, -1091, 0, 0, 0
L 972, 1078, -1091, 884, 1078, -1091, 0, 0, 0
L 884, 1078, -1091, 884, 1047, -1091, 0, 0, 0
L 884, 1047, -1091, 877, 1047, -1087, 0, 0, 0
L 877, 1047, -1087, 877, 1086, -1087, 0, 0, 0
L 877, 1086, -1087, 979, 1083, -1087, 0, 0, 0
L 979, 1083, -1087, 979, 983, -1087, 0, 0, 0
L 979, 983, -1087, 878, 983, -1087, 0, 0, 0
L 878, 983, -1087, 877, 1021, -1087, 0, 0, 0
L 877, 1021, -1087, 883, 1022, -1091, 0, 0, 0
L 883, 1022, -1091, 884, 990, -1091, 0, 0, 0
L 803, 965, -10873, 794, 959, -1087, 0, 0, 0
L 794, 959, -1087, 785, 964, -1087, 0, 0, 0
L 785, 964, -1087, 785, 975, -1087, 0, 0, 0
L 785, 975, -1087, 794, 981, -1087, 0, 0, 0
L 794, 981, -1087, 803, 976, -1087, 0, 0, 0
L 803, 976, -1087, 804, 965, -1087, 0, 0, 0
L 989, 960, -10873, 998, 965, -1087, 0, 0, 0
L 998, 965, -1087, 1007, 960, -1087, 0, 0, 0
L 1007, 960, -1087, 1008, 950, -1087, 0, 0, 0
L 1008, 950, -1087, 999, 944, -1087, 0, 0, 0
L 999, 944, -1087, 989, 948, -1087, 0, 0, 0
L 989, 948, -1087, 989, 960, -1087, 0, 0, 0
L 998, 1103, -10873, 989, 1109, -1087, 0, 0, 0
L 989, 1109, -1087, 989, 1119, -1087, 0, 0, 0
L 989, 1119, -1087, 998, 1125, -1087, 0, 0, 0
L 998, 1125, -1087, 1007, 1119, -1087, 0, 0, 0
L 1007, 1119, -1087, 1008, 1109, -1087, 0, 0, 0
L 1008, 1109, -1087, 998, 1103, -1087, 0, 0, 0
L 804, 1092, -10873, 794, 1087, -1087, 0, 0, 0
L 794, 1087, -1087, 785, 1092, -1087, 0, 0, 0
L 785, 1092, -1087, 785, 1103, -1087, 0, 0, 0
L 785, 1103, -1087, 794, 1108, -1087, 0, 0, 0
L 794, 1108, -1087, 803, 1103, -1087, 0, 0, 0
L 803, 1103, -1087, 804, 1092, -1087, 0, 0, 0
L -216.3035, 1093.3812, 799.2285, -159.3531, 1125.3124, 789.8626, 0, 0, 0
L -159.3531, 1125.3124, 789.8626, -161.103, 1130.2012, 788.4955, 0, 0, 0
L -161.103, 1130.2012, 788.4955, -124.5665, 1155.3515, 783.214, 0, 0, 0
L -124.5665, 1155.3515, 783.214, -130.8266, 1161.6398, 778.8938, 0, 0, 0
L -130.8266, 1161.6398, 778.8938, -152.2036, 1172.6878, 778.539, 0, 0, 0
L -152.2036, 1172.6878, 778.539, -176.2954, 1160.8469, 780.5448, 0, 0, 0
L -176.2954, 1160.8469, 780.5448, -178.9448, 1163.3378, 779.8, 0, 0, 0
L -178.9448, 1163.3378, 779.8, -235.7067, 1127.8839, 782.3875, 0, 0, 0
L -235.7067, 1127.8839, 782.3875, -223.6564, 1109.7434, 794.3979, 0, 0, 0
L -223.6564, 1109.7434, 794.3979, -216.3035, 1093.3812, 799.2563, 0, 0, 0
L -255.9874, 1072.1359, 806.1358, -259.6204, 1078.7943, 803.8048, 0, 0, 0
L -259.6204, 1078.7943, 803.8048, -274.8158, 1099.5543, 784.7821, 0, 0, 0
L -274.8158, 1099.5543, 784.7821, -332.6238, 1059.1443, 787.283, 0, 0, 0
L -432.3625, -1581.7103, -686.8868, -392.8541, -1515.509, -684.4868, 64, 64, 64
L -392.8541, -1515.509, -684.4868, -380.9137, -1476.6923, -684.5081, 64, 64, 64
L -380.9137, -1476.6923, -684.5081, -361.2441, -1443.9009, -686.8807, 64, 64, 64
L -361.2441, -1443.9009, -686.8807, -346.509, -1406.7888, -686.9049, 64, 64, 64
L -346.509, -1406.7888, -686.9049, -316.371, -1379.4005, -686.9265, 64, 64, 64
L -312.9479, -1337.3073, -686.9353, -341.8319, -1300.5482, -686.9243, 64, 64, 64
L -341.8319, -1300.5482, -686.9243, -383.1938, -1286.2704, -686.9063, 64, 64, 64
L -383.1938, -1286.2704, -686.9063, -413.4852, -1253.1223, -684.9246, 64, 64, 64
L -413.4852, -1253.1223, -684.9246, -454.5715, -1236.8918, -684.4207, 64, 64, 64
L -454.5715, -1236.8918, -684.4207, -485.9461, -1205.7941, -684.4161, 64, 64, 64
L -485.9461, -1205.7941, -684.4161, -523.783, -1183.1367, -685.9859, 64, 64, 64
L -523.783, -1183.1367, -685.9859, -566.5869, -1169.7877, -686.7771, 64, 64, 64
L -566.5869, -1169.7877, -686.7771, -606.2835, -1152.1321, -686.3649, 64, 64, 64
L -606.2835, -1152.1321, -686.3649, -642.7394, -1129.8939, -686.4171, 64, 64, 64
L -642.7394, -1129.8939, -686.4171, -683.6979, -1113.5686, -686.8233, 64, 64, 64
L -683.6979, -1113.5686, -686.8233, -720.621, -1136.4355, -686.822, 64, 64, 64
L -720.621, -1136.4355, -686.822, -751.8423, -1163.4075, -686.9176, 64, 64, 64
L -751.8423, -1163.4075, -686.9176, -784.5077, -1188.422, -686.8632, 64, 64, 64
L -784.5077, -1188.422, -686.8632, -804.7005, -1221.4899, -686.8558, 64, 64, 64
L -804.7005, -1221.4899, -686.8558, -832.1884, -1250.436, -686.9189, 64, 64, 64
L -832.1884, -1250.436, -686.9189, -852.4276, -1283.5271, -686.9353, 64, 64, 64
L -852.4276, -1283.5271, -686.9353, -864.6674, -1320.4465, -686.9353, 64, 64, 64
L -864.6674, -1320.4465, -686.9353, -871.4385, -1362.8549, -686.9238, 64, 64, 64
L -871.4385, -1362.8549, -686.9238, -893.9647, -1394.7545, -686.9353, 64, 64, 64
L -893.9647, -1394.7545, -686.9353, -883.7241, -1446.239, -686.9353, 64, 64, 64
L -883.7241, -1446.239, -686.9353, -856.5271, -1486.715, -686.9353, 64, 64, 64
L -856.5271, -1486.715, -686.9353, -822.614, -1511.2472, -686.9208, 64, 64, 64
L -822.614, -1511.2472, -686.9208, -790.6323, -1542.3018, -686.8763, 64, 64, 64
L -790.6323, -1542.3018, -686.8763, -716.8138, -1586.4628, -686.854, 64, 64, 64
L -716.8138, -1586.4628, -686.854, -674.4551, -1600.6221, -686.9111, 64, 64, 64
L -674.4551, -1600.6221, -686.9111, -637.4973, -1622.7608, -686.918, 64, 64, 64
L -637.4973, -1622.7608, -686.918, -593.3536, -1634.533, -686.9189, 64, 64, 64
L -553.3002, -1638.1344, -686.8042, -522.2961, -1644.1323, -686.9353, 64, 64, 64
L -522.2961, -1644.1323, -686.9353, -501.7216, -1619.3468, -686.525, 64, 64, 64
L -501.7216, -1619.3468, -686.525, -512.7347, -1590.5939, -685.5362, 64, 64, 64
L -512.7347, -1590.5939, -685.5362, -543.6159, -1584.4495, -683.9199, 64, 64, 64
L -543.6159, -1584.4495, -683.9199, -564.3137, -1608.2805, -686.9353, 64, 64, 64
L -564.3137, -1608.2805, -686.9353, -553.3002, -1638.1344, -686.8927, 64, 64, 64
L -544.4669, -1627.8236, -686.1299, -527.172, -1631.4794, -685.9083, 64, 64, 64
L -527.172, -1631.4794, -685.9083, -514.9791, -1617.6727, -686.811, 64, 64, 64
L -514.9791, -1617.6727, -686.811, -521.3627, -1600.2605, -686.1299, 64, 64, 64
L -521.3627, -1600.2605, -686.1299, -538.8569, -1597.1193, -686.1299, 64, 64, 64
L -538.8569, -1597.1193, -686.1299, -550.6268, -1610.9639, -686.1299, 64, 64, 64
L -550.6268, -1610.9639, -686.1299, -544.4669, -1627.8236, -686.1299, 64, 64, 64
L -354.6954, -1330.5263, -686.4301, -386.9714, -1330.5509, -685.958, 64, 64, 64
L -386.9714, -1330.5509, -684.852, -403.1379, -1360.5778, -682.676, 64, 64, 64
L -386.9062, -1387.8805, -685.2753, -354.62, -1387.8638, -686.5859, 64, 64, 64
L -354.62, -1387.8638, -686.5859, -338.9612, -1360.5679, -686.5919, 64, 64, 64
L -403.1379, -1360.5778, -682.969, -386.9062, -1387.8805, -685.2653, 64, 64, 64
L -338.9723, -1360.5244, -686.5824, -354.6954, -1330.5263, -686.4479, 64, 64, 64
L -380.1179, -1344.4746, -685.149, -361.5389, -1344.4936, -685.1616, 64, 64, 64
L -354.932, -1360.6305, -685.1616, -361.5126, -1375.943, -685.1616, 64, 64, 64
L -361.5126, -1375.943, -685.1616, -379.1576, -1375.677, -685.1616, 64, 64, 64
L -379.1576, -1375.677, -685.1616, -387.4825, -1360.4264, -685.1616, 64, 64, 64
L -387.4825, -1360.4264, -685.1616, -380.1179, -1344.4746, -685.1616, 64, 64, 64
L -354.932, -1360.6305, -685.1616, -361.5389, -1344.4936, -684.682, 64, 64, 64
L -809.2396, -1421.3463, -686.1876, -823.38, -1392.7336, -685.6735, 64, 64, 64
L -823.38, -1392.7336, -685.6735, -854.6951, -1389.3463, -686.9353, 64, 64, 64
L -854.6951, -1389.3463, -686.9353, -873.6195, -1416.124, -686.9353, 64, 64, 64
L -873.6195, -1416.124, -686.9353, -859.4442, -1445.4141, -686.9353, 64, 64, 64
L -859.4442, -1445.4141, -686.9353, -826.9633, -1448.2591, -686.9353, 64, 64, 64
L -826.9633, -1448.2591, -686.9353, -809.2483, -1421.2289, -686.1833, 64, 64, 64
L -822.5315, -1419.9142, -686.288, -830.7631, -1403.5318, -686.3799, 64, 64, 64
L -830.7631, -1403.5318, -686.3799, -849.1911, -1401.9445, -685.7451, 64, 64, 64
L -849.1911, -1401.9445, -685.7451, -858.9319, -1417.1583, -686.3799, 64, 64, 64
L -858.9319, -1417.1583, -686.3799, -850.9615, -1433.5038, -686.3799, 64, 64, 64
L -850.9615, -1433.5038, -686.3799, -833.73, -1434.9091, -686.3799, 64, 64, 64
L -833.73, -1434.9091, -686.3799, -822.5315, -1419.9142, -686.3799, 64, 64, 64
L -1112.9319, -542.62, -15.8561, -1127.77, -526.8769, -15.8246, 64, 64, 64
L -1127.77, -526.8769, -15.8246, -1146.3774, -518.8288, -15.7912, 64, 64, 64
L -1146.3774, -518.8288, -15.7912, -1163.8296, -508.6259, -14.1296, 64, 64, 64
L -1163.8296, -508.6259, -14.1296, -1183.1995, -502.1363, -14.1133, 64, 64, 64
L -1183.1995, -502.1363, -14.1133, -1217.2915, -480.7368, -15.8244, 64, 64, 64
L -1217.2915, -480.7368, -15.8244, -1232.5995, -465.4635, -15.8384, 64, 64, 64
L -1232.5995, -465.4635, -15.8384, -1261.432, -438.9837, -15.8729, 64, 64, 64
L -1261.432, -438.9837, -15.8729, -1254.6896, -418.158, -15.8729, 64, 64, 64
L -1254.6896, -418.158, -15.8729, -1241.6107, -399.6129, -15.8369, 64, 64, 64
L -1241.6107, -399.6129, -15.8369, -1235.8206, -378.2377, -15.8549, 64, 64, 64
L -1235.8206, -378.2377, -15.8549, -1222.8302, -358.8793, -15.8483, 64, 64, 64
L -1222.8302, -358.8793, -15.8483, -1214.4109, -338.8396, -15.7376, 64, 64, 64
L -1214.4109, -338.8396, -15.7376, -1190.3435, -302.7823, -15.7271, 64, 64, 64
L -1190.3435, -302.7823, -15.7271, -1173.7325, -287.3142, -15.8392, 64, 64, 64
L -1173.7325, -287.3142, -15.8392, -1159.9537, -270.2305, -15.8729, 64, 64, 64
L -1159.9537, -270.2305, -15.8729, -1137.9151, -257.7561, -15.8729, 64, 64, 64
L -1137.9151, -257.7561, -15.8729, -1110.6377, -253.3272, -15.8729, 64, 64, 64
L -1110.6377, -253.3272, -15.8729, -1094.7391, -265.3183, -15.8422, 64, 64, 64
L -1094.7391, -265.3183, -15.8422, -1069.7933, -269.7801, -15.8729, 64, 64, 64
L -1113.661, -542.5162, -15.8538, -1090.6712, -545.108, -15.8729, 64, 64, 64
L -1090.6712, -545.108, -15.8729, -1071.2699, -531.8491, -15.8721, 64, 64, 64
L -1071.2699, -531.8491, -15.8721, -1063.2719, -511.2685, -15.8549, 64, 64, 64
L -1063.2719, -511.2685, -15.8549, -1045.2272, -496.661, -14.2998, 64, 64, 64
L -1045.2272, -496.661, -14.2998, -1035.8499, -475.425, -13.8795, 64, 64, 64
L -1035.8499, -475.425, -13.8795, -1018.4935, -460.2361, -14.174, 64, 64, 64
L -1018.4935, -460.2361, -14.174, -1005.9919, -442.19, -15.1917, 64, 64, 64
L -1005.9919, -442.19, -15.1917, -998.4258, -421.1899, -15.7361, 64, 64, 64
L -998.4258, -421.1899, -15.7361, -988.54, -401.941, -15.4705, 64, 64, 64
L -988.54, -401.941, -15.4705, -976.2985, -383.377, -15.3923, 64, 64, 64
L -976.2985, -383.377, -15.3923, -967.1785, -363.2024, -15.6728, 64, 64, 64
L -967.1785, -363.2024, -15.6728, -978.5493, -344.4572, -15.7311, 64, 64, 64
L -978.5493, -344.4572, -15.7311, -992.1236, -328.8962, -15.7401, 64, 64, 64
L -992.1236, -328.8962, -15.7401, -1004.3275, -311.1376, -15.8138, 64, 64, 64
L -1004.3275, -311.1376, -15.8138, -1021.669, -300.2289, -15.8632, 64, 64, 64
L -1021.669, -300.2289, -15.8632, -1036.2002, -286.2076, -15.8729, 64, 64, 64
L -1036.2002, -286.2076, -15.8729, -1054.48, -275.7266, -15.8729, 64, 64, 64
L -1054.48, -275.7266, -15.8729, -1069.7933, -269.7801, -15.8729, 64, 64, 64
L -1037.5492, -340.2538, -10.32, -1101.4882, -303.357, -15.5738, 64, 64, 64
L -1101.4882, -303.357, -15.2102, -1165.4192, -340.2853, -9.1928, 64, 64, 64
L -1165.3843, -414.1087, 0.9355, -1165.4192, -340.2853, -9.315, 64, 64, 64
L -1165.3843, -414.1087, 0.5261, -1101.4463, -451.49, -0.9294, 64, 64, 64
L -1101.4463, -451.49, -0.7431, -1037.5338, -414.88, -5.5968, 64, 64, 64
L -1037.5338, -414.88, -5.7561, -1037.5416, -387.7078, -1.9965, 64, 64, 64
L -1037.5464, -367.1118, -4.4112, -1037.5492, -340.2538, -10.3064, 64, 64, 64
L -1047.8635, -371.817, 4.3964, -1047.8653, -346.5851, 4.3964, 0, 0, 0
L -1047.8653, -346.5851, 4.397, -1101.7025, -315.4916, 4.3964, 0, 0, 0
L -1101.7025, -315.4916, 4.3964, -1155.5501, -346.5781, 4.3964, 0, 0, 0
L -1155.5501, -346.5781, 4.3964, -1155.5543, -408.7642, 4.3964, 0, 0, 0
L -1155.5543, -408.7642, 4.3968, -1101.7093, -439.8408, 4.3964, 0, 0, 0
L -1101.7093, -439.8408, 4.3964, -1047.865, -408.7658, 4.3964, 0, 0, 0
L -1047.865, -408.7658, 4.3968, -1047.8633, -383.2988, 4.3964, 0, 0, 0
L -1047.8633, -383.2988, 7.3339, -1051.4011, -383.2962, 7.2435, 0, 0, 0
L -1047.8635, -371.817, 7.3339, -1051.3889, -371.831, 7.3339, 0, 0, 0
L -1051.3889, -371.831, 6.6932, -1051.445, -349.98, 6.6932, 0, 0, 0
L -1051.445, -349.98, 6.6932, -1101.5096, -320.273, 6.6932, 0, 0, 0
L -1101.5096, -320.273, 6.6932, -1151.4884, -349.2069, 6.6932, 0, 0, 0
L -1151.4884, -349.2069, 6.6932, -1151.4439, -406.9506, 6.6932, 0, 0, 0
L -1151.4439, -406.9506, 6.6932, -1101.49, -435.7891, 6.6932, 0, 0, 0
L -1101.49, -435.7891, 6.6932, -1051.3978, -406.851, 6.6932, 0, 0, 0
L -1051.3978, -406.851, 6.6932, -1051.4011, -383.2962, 6.6932, 0, 0, 0
L -332.6238, 1059.1443, 787.283, -330.6317, 1056.2444, 787.2842, 0, 0, 0
L -330.6317, 1056.2444, 787.2842, -339.374, 1045.6577, 786.3135, 0, 0, 0
L -339.374, 1045.6577, 786.3135, -335.5747, 1009.5537, 787.283, 0, 0, 0
L -335.5747, 1009.5537, 787.283, -301.2669, 1029.8233, 787.284, 0, 0, 0
L -301.2669, 1029.8233, 787.284, -295.9592, 1027.3861, 787.2831, 0, 0, 0
L -255.9874, 1072.1359, 806.2811, -293.369, 1029.5462, 787.2948, 0, 0, 0
L -293.369, 1029.5462, 787.2948, -295.9592, 1027.3861, 787.2831, 0, 0, 0
L -379.488, 1184.2158, 766.955, -395.2486, 1156.981, 766.6429, 0, 0, 0
L -395.2486, 1156.981, 766.6429, -426.348, 1156.6839, 766.956, 0, 0, 0
L -426.348, 1156.6839, 766.956, -441.9837, 1184.5233, 766.1629, 0, 0, 0
L -441.9837, 1184.5233, 766.1629, -427.1358, 1211.1057, 766.956, 0, 0, 0
L -427.1358, 1211.1057, 766.956, -394.7715, 1211.6672, 766.956, 0, 0, 0
L -394.7715, 1211.6672, 766.956, -378.8016, 1183.653, 766.956, 0, 0, 0
L -392.5919, 1184.7521, 766.65, -401.3399, 1169.2029, 766.65, 0, 0, 0
L -401.3399, 1169.2029, 766.65, -419.7028, 1168.749, 766.65, 0, 0, 0
L -419.7028, 1168.749, 766.65, -428.6653, 1184.3296, 766.65, 0, 0, 0
L -428.6653, 1184.3296, 766.65, -419.7407, 1200.191, 766.65, 0, 0, 0
L -419.7407, 1200.191, 766.65, -401.9753, 1200.5181, 767.29, 0, 0, 0
L -401.9753, 1200.5181, 767.29, -392.5919, 1184.7521, 766.6717, 0, 0, 0
L -487.1995, 1033.773, 766.2006, -493.2026, 982.1598, 766.887, 64, 64, 64
L -493.2026, 982.1598, 766.887, -464.3505, 929.7739, 766.1055, 64, 64, 64
L -464.3505, 929.7739, 766.1055, -464.8355, 878.6577, 766.874, 64, 64, 64
L -464.8355, 878.6577, 766.874, -448.4691, 828.5398, 766.1168, 64, 64, 64
L -448.4691, 828.5398, 766.1168, -448.1988, 776.9548, 766.956, 64, 64, 64
L -448.1988, 776.9548, 766.956, -435.885, 725.7142, 766.956, 64, 64, 64
L -435.885, 725.7142, 766.956, -390.1788, 716.4424, 766.956, 64, 64, 64
L -390.1788, 716.4424, 766.956, -343.6815, 709.28, 766.1165, 64, 64, 64
L -343.6815, 709.28, 766.1165, -296.8261, 683.2313, 766.14, 64, 64, 64
L -296.8261, 683.2313, 766.14, -248.9304, 685.7884, 766.1716, 64, 64, 64
L -248.9304, 685.7884, 766.1716, -160.2589, 709.95, 768.9362, 64, 64, 64
L -160.2589, 709.95, 768.9362, -113.7733, 709.3318, 766.1276, 64, 64, 64
L -113.7733, 709.3318, 766.1276, -68.757, 716.5626, 766.1228, 64, 64, 64
L -68.757, 716.5626, 766.1228, -22.4445, 702.6341, 766.102, 64, 64, 64
L -22.4445, 702.6341, 766.102, 22.4401, 726.94, 766.956, 64, 64, 64
L 22.4401, 726.94, 766.956, 41.9093, 776.3265, 766.1009, 64, 64, 64
L 41.9093, 776.3265, 766.1009, 31.595, 826.9008, 766.1049, 64, 64, 64
L 31.595, 826.9008, 766.1049, 46.7702, 879.2432, 768.4299, 64, 64, 64
L 46.7702, 879.2432, 768.4299, 68.3811, 925.3861, 768.9722, 64, 64, 64
L 68.3811, 925.3861, 768.9722, 71.49, 969.623, 768.9355, 64, 64, 64
L 71.49, 969.623, 768.9355, 50.6747, 1031.8494, 767.973, 64, 64, 64
L 50.6747, 1031.8494, 767.973, 63.4313, 1091.8107, 766.1408, 64, 64, 64
L 63.4313, 1091.8107, 766.1408, 31.7359, 1134.4885, 766.572, 64, 64, 64
L 31.7359, 1134.4885, 766.572, 31.188, 1185.6498, 766.6779, 64, 64, 64
L 31.188, 1185.6498, 766.6779, 22.5574, 1236.2977, 766.2274, 64, 64, 64
L 22.5574, 1236.2977, 766.2274, -22.6518, 1259.2501, 766.2078, 64, 64, 64
L -22.6518, 1259.2501, 766.2078, -67.6658, 1273.7327, 766.2006, 64, 64, 64
L -67.6658, 1273.7327, 766.2006, -113.2716, 1292.5471, 766.1553, 64, 64, 64
L -113.2716, 1292.5471, 766.1553, -158.8951, 1292.8838, 766.1834, 64, 64, 64
L -158.8951, 1292.8838, 766.1834, -205.4005, 1286.1102, 766.1114, 64, 64, 64
L -205.4005, 1286.1102, 766.1114, -252.316, 1303.8026, 766.956, 64, 64, 64
L -252.316, 1303.8026, 766.956, -296.5892, 1280.7751, 766.956, 64, 64, 64
L -296.5892, 1280.7751, 766.956, -343.521, 1274.2025, 766.1109, 64, 64, 64
L -343.521, 1274.2025, 766.1109, -389.7183, 1278.1875, 766.956, 64, 64, 64
L -389.7183, 1278.1875, 766.956, -434.1626, 1236.8052, 766.956, 64, 64, 64
L -434.1626, 1236.8052, 766.956, -459.9268, 1183.7643, 766.956, 64, 64, 64
L -459.9268, 1183.7643, 766.956, -464.4581, 1133.7801, 766.1124, 64, 64, 64
L -464.4581, 1133.7801, 766.1124, -487.3611, 1033.5077, 766.1774, 64, 64, 64
P 0, -2000, 0, 0, 0, 0, 2, Map_by_Goodurden<RoI>
