P 431, -848, -31.9989, 0, 127, 127, 2, Baxok_(GM_Wa)
P 1026, -1108, 28.1, 0, 127, 127, 2, Wuggan_(GM_Mag)
P 469, -836, -31.9989, 0, 127, 127, 2, Jarah_(GM_War)
P 979, -1096, 28.1, 0, 127, 127, 2, Juline_(GM_Ench)
P 1010, -1076, 28.1, 0, 127, 127, 2, Nonnie_(GM_Ench)
P 990, -1049, 28.1, 0, 127, 127, 2, Tobon_(GM_Wiz)
P 1008, -1046, 28.1, 0, 127, 127, 2, Useah_(GM_Wiz)
P 598, -1240, -55.9677, 0, 127, 127, 2, Welno_(GM_Rog)
P 615, -1168, -55.9677, 0, 127, 127, 2, Lobal_(GM_Rog)
P 407, -2101, -183.9364, 0, 127, 127, 2, Eonis_(GM_Nec)
P 388, -2082, -183.9364, 0, 127, 127, 2, Dewis_(GM_Nec)
P 388, -2100, -183.9364, 0, 127, 127, 2, Evah_(GM_Cle)
P 590, -2022, -183.9364, 0, 127, 127, 2, Vaenor_(GM_Mag)
P 509, -2069, -183.9364, 0, 127, 127, 2, Kaxon_(GM_Rog)
P 503, -2108, -183.9364, 0, 127, 127, 2, Naygog_(GM_War)
P 595, -2031, -183.9364, 0, 127, 127, 2, Velena_(GM_Wiz)
P 470, -902, -31.9989, 0, 127, 127, 2, Manik_(GM_War)
P 441, -847, -31.9989, 0, 127, 127, 2, Narron_(GM_War)
P 978, -1029, 29.1, 0, 127, 127, 2, Larkon_(GM_Mag)
P 454, -2061, -183.9364, 0, 127, 127, 2, Derthix_(GM_Cle)
P 1039, -1081, 28.1, 0, 127, 127, 2, Xalirilan_(GM_Wiz)
P 538, -1183, -41.9677, 0, 127, 127, 2, Digetha_(GM_Cle)
P 577, -1191, -34.999, 0, 127, 127, 2, Iony_(GM_Cle)
P 428, -2147, -183.9364, 0, 127, 127, 2, Garret_(GM_SK)
