P 142, -711, -55.9677, 0, 0, 0, 1, Pottery_Wheel
P 148, -713, -55.9677, 0, 0, 0, 1, Kiln
P -156.501, -773.5013, -27.9989, 0, 0, 0, 1, Loom
P 913.3502, -1250.543, -31.7981, 0, 0, 0, 1, Brew_Barrel
P 829, -1279, -39.1216, 162, 64, 0, 3, Ak`Anon_Zoo
P 607.113, -1207.8921, -41.6542, 127, 64, 0, 3, Asset_of_Deep_Musing
P 526.1331, -1231.1261, -37.6854, 0, 0, 127, 2, Lewis_Reldnok(Pal2.0)
P 516.6236, -2027.181, -183.729, 0, 0, 127, 2, Clockwork_VIIX(Ench1.0)
P 579, -2024, -183.9364, 0, 0, 127, 2, Rilgor_(GM)(Ench1.0)
P 261.4257, -2012.223, -194.3497, 0, 0, 127, 2, Silox_Azrix(Drd1.0)
