L 97, 97, 31,  97, -98, 31,  153, 153, 153
L 97, -98, 31,  -98, -98, 31,  153, 153, 153
L -98, -98, 31,  -98, -98, 31,  153, 153, 153
L 414, 2120, 19498,  414, 2278, 19498,  153, 153, 153
L 414, 2278, 19498,  374, 2279, 19498,  153, 153, 153
L 374, 2279, 19498,  374, 2300, 19498,  153, 153, 153
L 374, 2300, 19498,  494, 2300, 19498,  153, 153, 153
L 494, 2300, 19498,  494, 2378, 19498,  153, 153, 153
L 494, 2378, 19498,  416, 2378, 19498,  153, 153, 153
L 416, 2378, 19498,  416, 2338, 19498,  153, 153, 153
L 416, 2338, 19498,  374, 2338, 19498,  153, 153, 153
L 374, 2338, 19498,  374, 2357, 19498,  153, 153, 153
L 374, 2357, 19498,  374, 2385, 19618,  153, 153, 153
L 374, 2385, 19618,  374, 2500, 19638,  153, 153, 153
L 374, 2500, 19638,  374, 2513, 19698,  153, 153, 153
L 374, 2513, 19698,  372, 2526, 19738,  153, 153, 153
L 372, 2526, 19738,  368, 2539, 19778,  153, 153, 153
L 368, 2539, 19778,  358, 2550, 19818,  153, 153, 153
L 358, 2550, 19818,  344, 2556, 19838,  153, 153, 153
L 344, 2556, 19838,  339, 2557, 19858,  153, 153, 153
L 339, 2557, 19858,  316, 2558, 19958,  153, 153, 153
L 316, 2558, 19958,  306, 2558, 19978,  153, 153, 153
L 306, 2558, 19978,  234, 2558, 19978,  153, 153, 153
L 234, 2558, 19978,  234, 2598, 19978,  153, 153, 153
L 234, 2598, 19978,  76, 2598, 19978,  153, 153, 153
L 76, 2598, 19978,  76, 2557, 19978,  153, 153, 153
L 76, 2557, 19978,  54, 2557, 19978,  153, 153, 153
L 54, 2557, 19978,  54, 2618, 19978,  153, 153, 153
L 54, 2618, 19978,  -63, 2618, 19978,  153, 153, 153
L -63, 2618, 19978,  -63, 2460, 19978,  153, 153, 153
L -63, 2460, 19978,  -44, 2460, 19978,  153, 153, 153
L -44, 2460, 19978,  -43, 2420, 20178,  153, 153, 153
L -43, 2420, 20178,  -43, 2418, 20198,  153, 153, 153
L -43, 2418, 20198,  -63, 2418, 20198,  153, 153, 153
L -63, 2418, 20198,  -63, 2260, 20198,  153, 153, 153
L -63, 2260, 20198,  116, 2260, 20198,  153, 153, 153
L 116, 2260, 20198,  116, 2224, 20198,  153, 153, 153
L 116, 2224, 20198,  116, 2218, 20218,  153, 153, 153
L 116, 2218, 20218,  116, 2215, 20238,  153, 153, 153
L 116, 2215, 20238,  116, 2203, 20298,  153, 153, 153
L 116, 2203, 20298,  115, 2198, 20458,  153, 153, 153
L 115, 2198, 20458,  15, 2198, 20575,  153, 153, 153
L 15, 2198, 20575,  15, 2198, 20578,  153, 153, 153
L 15, 2198, 20578,  -9, 2197, 20678,  153, 153, 153
L -9, 2197, 20678,  -14, 2195, 20698,  153, 153, 153
L -14, 2195, 20698,  -29, 2188, 20738,  153, 153, 153
L -29, 2188, 20738,  -32, 2185, 20738,  153, 153, 153
L -32, 2185, 20738,  -40, 2172, 20778,  153, 153, 153
L -40, 2172, 20778,  -42, 2161, 20798,  153, 153, 153
L -42, 2161, 20798,  -43, 2152, 20838,  153, 153, 153
L -43, 2152, 20838,  -43, 2138, 20918,  153, 153, 153
L -43, 2138, 20918,  -44, 2138, 20918,  153, 153, 153
L -44, 2138, 20918,  -83, 2138, 20918,  153, 153, 153
L -83, 2138, 20918,  -83, 2060, 20918,  153, 153, 153
L -83, 2060, 20918,  -43, 2060, 20918,  153, 153, 153
L -43, 2060, 20918,  -43, 2038, 20918,  153, 153, 153
L -43, 2038, 20918,  -123, 2038, 20918,  153, 153, 153
L -123, 2038, 20918,  -123, 1840, 20918,  153, 153, 153
L -123, 1840, 20918,  74, 1840, 20918,  153, 153, 153
L 74, 1840, 20918,  74, 2038, 20918,  153, 153, 153
L 74, 2038, 20918,  -5, 2038, 20918,  153, 153, 153
L -5, 2038, 20918,  -5, 2060, 20918,  153, 153, 153
L -5, 2060, 20918,  34, 2060, 20918,  153, 153, 153
L 34, 2060, 20918,  34, 2138, 20918,  153, 153, 153
L 34, 2138, 20918,  -5, 2138, 20918,  153, 153, 153
L -5, 2138, 20918,  -5, 2159, 20818,  153, 153, 153
L -5, 2159, 20818,  -3, 2160, 20658,  153, 153, 153
L -3, 2160, 20658,  21, 2160, 20558,  153, 153, 153
L 21, 2160, 20558,  96, 2160, 20558,  153, 153, 153
L 96, 2160, 20558,  96, 2160, 20538,  153, 153, 153
L 96, 2160, 20538,  120, 2162, 20438,  153, 153, 153
L 120, 2162, 20438,  125, 2163, 20434,  153, 153, 153
L 125, 2163, 20434,  125, 2163, 20434,  153, 153, 153
L 125, 2163, 20434,  143, 2172, 20378,  153, 153, 153
L 143, 2172, 20378,  146, 2176, 20378,  153, 153, 153
L 146, 2176, 20378,  152, 2190, 20338,  153, 153, 153
L 152, 2190, 20338,  153, 2196, 20319,  153, 153, 153
L 153, 2196, 20319,  153, 2196, 20319,  153, 153, 153
L 153, 2196, 20319,  154, 2224, 20198,  153, 153, 153
L 154, 2224, 20198,  154, 2260, 20198,  153, 153, 153
L 154, 2260, 20198,  174, 2260, 20198,  153, 153, 153
L 174, 2260, 20198,  174, 2418, 20198,  153, 153, 153
L 174, 2418, 20198,  34, 2418, 20198,  153, 153, 153
L 34, 2418, 20198,  34, 2459, 19993,  153, 153, 153
L 34, 2459, 19993,  54, 2460, 19978,  153, 153, 153
L 54, 2460, 19978,  54, 2521, 19978,  153, 153, 153
L 54, 2521, 19978,  76, 2521, 19978,  153, 153, 153
L 76, 2521, 19978,  76, 2480, 19978,  153, 153, 153
L 76, 2480, 19978,  234, 2480, 19978,  153, 153, 153
L 234, 2480, 19978,  234, 2520, 19978,  153, 153, 153
L 234, 2520, 19978,  310, 2520, 19978,  153, 153, 153
L 310, 2520, 19978,  335, 2520, 19876,  153, 153, 153
L 335, 2520, 19876,  336, 2518, 19718,  153, 153, 153
L 336, 2518, 19718,  336, 2500, 19638,  153, 153, 153
L 336, 2500, 19638,  336, 2494, 19628,  153, 153, 153
L 336, 2494, 19628,  336, 2494, 19628,  153, 153, 153
L 336, 2494, 19628,  336, 2457, 19618,  153, 153, 153
L 336, 2457, 19618,  216, 2458, 19618,  153, 153, 153
L 216, 2458, 19618,  216, 2343, 19618,  153, 153, 153
L 216, 2343, 19618,  236, 2343, 19618,  153, 153, 153
L 236, 2343, 19618,  238, 2340, 19618,  153, 153, 153
L 238, 2340, 19618,  294, 2340, 19618,  153, 153, 153
L 294, 2340, 19618,  294, 2340, 19618,  153, 153, 153
L 294, 2340, 19618,  294, 2420, 19618,  153, 153, 153
L 294, 2420, 19618,  314, 2420, 19618,  153, 153, 153
L 314, 2420, 19618,  314, 2420, 19618,  153, 153, 153
L 314, 2420, 19618,  314, 2421, 19618,  153, 153, 153
L 314, 2421, 19618,  336, 2421, 19618,  153, 153, 153
L 336, 2421, 19618,  338, 2387, 19618,  153, 153, 153
L 338, 2387, 19618,  336, 2300, 19498,  153, 153, 153
L 336, 2300, 19498,  335, 2278, 19498,  153, 153, 153
L 335, 2278, 19498,  335, 2278, 19498,  153, 153, 153
L 335, 2278, 19498,  318, 2278, 19518,  153, 153, 153
L 318, 2278, 19518,  318, 2278, 19518,  153, 153, 153
L 318, 2278, 19518,  296, 2278, 19498,  153, 153, 153
L 296, 2278, 19498,  296, 2120, 19498,  153, 153, 153
L 296, 2120, 19498,  336, 2120, 19498,  153, 153, 153
L 336, 2120, 19498,  336, 2100, 19508,  153, 153, 153
L 336, 2100, 19508,  374, 2100, 19508,  153, 153, 153
L 374, 2100, 19508,  374, 2120, 19499,  153, 153, 153
L 374, 2120, 19499,  414, 2120, 19498,  153, 153, 153
L 658, 1716, 22498,  701, 1716, 22498,  153, 153, 153
L 701, 1716, 22498,  702, 1704, 22498,  153, 153, 153
L 702, 1704, 22498,  706, 1683, 22498,  153, 153, 153
L 706, 1683, 22498,  724, 1630, 22498,  153, 153, 153
L 724, 1630, 22498,  737, 1605, 22498,  153, 153, 153
L 737, 1605, 22498,  773, 1561, 22498,  153, 153, 153
L 773, 1561, 22498,  804, 1539, 22498,  153, 153, 153
L 804, 1539, 22498,  847, 1519, 22498,  153, 153, 153
L 847, 1519, 22498,  876, 1511, 22498,  153, 153, 153
L 876, 1511, 22498,  931, 1506, 22498,  153, 153, 153
L 931, 1506, 22498,  973, 1513, 22498,  153, 153, 153
L 973, 1513, 22498,  1013, 1528, 22498,  153, 153, 153
L 1013, 1528, 22498,  1038, 1542, 22498,  153, 153, 153
L 1038, 1542, 22498,  1081, 1577, 22498,  153, 153, 153
L 1081, 1577, 22498,  1098, 1599, 22498,  153, 153, 153
L 1098, 1599, 22498,  1123, 1651, 22498,  153, 153, 153
L 1123, 1651, 22498,  1131, 1680, 22498,  153, 153, 153
L 1131, 1680, 22498,  1136, 1750, 22498,  153, 153, 153
L 1136, 1750, 22498,  1130, 1792, 22498,  153, 153, 153
L 1130, 1792, 22498,  1121, 1819, 22498,  153, 153, 153
L 1121, 1819, 22498,  1095, 1870, 22498,  153, 153, 153
L 1095, 1870, 22498,  1078, 1893, 22498,  153, 153, 153
L 1078, 1893, 22498,  1032, 1928, 22498,  153, 153, 153
L 1032, 1928, 22498,  1002, 1943, 22498,  153, 153, 153
L 1002, 1943, 22498,  950, 1958, 22498,  153, 153, 153
L 950, 1958, 22498,  903, 1960, 22498,  153, 153, 153
L 903, 1960, 22498,  864, 1953, 22498,  153, 153, 153
L 864, 1953, 22498,  824, 1938, 22498,  153, 153, 153
L 824, 1938, 22498,  787, 1916, 22498,  153, 153, 153
L 787, 1916, 22498,  766, 1898, 22498,  153, 153, 153
L 766, 1898, 22498,  731, 1850, 22498,  153, 153, 153
L 731, 1850, 22498,  710, 1803, 22498,  153, 153, 153
L 710, 1803, 22498,  704, 1770, 22498,  153, 153, 153
L 704, 1770, 22498,  702, 1754, 22498,  153, 153, 153
L 702, 1754, 22498,  658, 1754, 22498,  153, 153, 153
L 658, 1754, 22498,  638, 1754, 22598,  153, 153, 153
L 638, 1754, 22598,  636, 1756, 22758,  153, 153, 153
L 636, 1756, 22758,  636, 1774, 22838,  153, 153, 153
L 636, 1774, 22838,  637, 1776, 22998,  153, 153, 153
L 637, 1776, 22998,  656, 1776, 23078,  153, 153, 153
L 656, 1776, 23078,  658, 1775, 23238,  153, 153, 153
L 658, 1716, 22498,  643, 1716, 22578,  0, 255, 0
L 643, 1716, 22578,  643, 1716, 22578,  0, 255, 0
L 643, 1716, 22578,  622, 1720, 22657,  0, 255, 0
L 622, 1720, 22657,  613, 1725, 22678,  0, 255, 0
L 613, 1725, 22678,  605, 1734, 22698,  0, 255, 0
L 605, 1734, 22698,  603, 1737, 22698,  0, 255, 0
L 603, 1737, 22698,  600, 1750, 22738,  0, 255, 0
L 600, 1750, 22738,  598, 1755, 22758,  0, 255, 0
L 598, 1755, 22758,  598, 1763, 22798,  0, 255, 0
L 598, 1763, 22798,  598, 1763, 22798,  0, 255, 0
L 598, 1763, 22798,  600, 1783, 22878,  0, 255, 0
L 600, 1783, 22878,  600, 1783, 22878,  0, 255, 0
L 600, 1783, 22878,  606, 1798, 22898,  0, 255, 0
L 606, 1798, 22898,  608, 1800, 22918,  0, 255, 0
L 608, 1800, 22918,  608, 1800, 22918,  0, 255, 0
L 608, 1800, 22918,  619, 1809, 22938,  0, 255, 0
L 619, 1809, 22938,  621, 1810, 22958,  0, 255, 0
L 621, 1810, 22958,  629, 1812, 22978,  0, 255, 0
L 629, 1812, 22978,  635, 1813, 22978,  0, 255, 0
L 635, 1813, 22978,  638, 1814, 22998,  0, 255, 0
L 638, 1814, 22998,  650, 1814, 23058,  0, 255, 0
L 650, 1814, 23058,  663, 1812, 23098,  0, 255, 0
L 663, 1812, 23098,  664, 1812, 23098,  0, 255, 0
L 664, 1812, 23098,  677, 1808, 23138,  0, 255, 0
L 677, 1808, 23138,  682, 1804, 23158,  0, 255, 0
L 682, 1804, 23158,  689, 1796, 23178,  0, 255, 0
L 689, 1796, 23178,  689, 1796, 23178,  0, 255, 0
L 689, 1796, 23178,  694, 1784, 23198,  0, 255, 0
L 694, 1784, 23198,  695, 1777, 23218,  0, 255, 0
L 696, 1774, 23238,  696, 1769, 23258,  0, 255, 0
L 696, 1769, 23258,  696, 1769, 23258,  0, 255, 0
L 696, 1769, 23258,  694, 1746, 23358,  0, 255, 0
L 694, 1746, 23358,  693, 1742, 23358,  0, 255, 0
L 693, 1742, 23358,  688, 1732, 23398,  0, 255, 0
L 688, 1732, 23398,  677, 1723, 23418,  0, 255, 0
L 677, 1723, 23418,  673, 1720, 23418,  0, 255, 0
L 673, 1720, 23418,  660, 1717, 23458,  0, 255, 0
L 660, 1717, 23458,  653, 1716, 23498,  0, 255, 0
L 653, 1716, 23498,  643, 1716, 23538,  0, 255, 0
L 643, 1716, 23538,  643, 1716, 23538,  0, 255, 0
L 643, 1716, 23538,  594, 1716, 23538,  0, 255, 0
L 594, 1716, 23538,  594, 1656, 23538,  0, 255, 0
L 594, 1656, 23538,  356, 1656, 23538,  0, 255, 0
L 356, 1656, 23538,  356, 1854, 23538,  0, 255, 0
L 356, 1854, 23538,  594, 1854, 23538,  0, 255, 0
L 594, 1854, 23538,  594, 1754, 23538,  0, 255, 0
L 594, 1754, 23538,  657, 1754, 23478,  0, 255, 0
L 657, 1754, 23478,  658, 1756, 23318,  0, 255, 0
L 658, 1756, 23318,  658, 1775, 23238,  0, 255, 0
L 658, 1775, 23238,  658, 1775, 23238,  0, 255, 0
L -192, 952, 22798,  -153, 984, 22798,  0, 255, 255
L -153, 984, 22798,  -120, 1016, 22798,  0, 255, 255
L -120, 1016, 22798,  -84, 1060, 22798,  0, 255, 255
L -84, 1060, 22798,  -66, 1088, 22798,  0, 255, 255
L -66, 1088, 22798,  -44, 1136, 22798,  0, 255, 255
L -44, 1136, 22798,  -32, 1184, 22798,  0, 255, 255
L -32, 1184, 22798,  0, 1183, 22618,  0, 255, 255
L 0, 1183, 22618,  0, 1164, 22618,  0, 255, 255
L 0, 1164, 22618,  78, 1164, 22618,  0, 255, 255
L 78, 1164, 22618,  78, 1286, 22628,  0, 255, 255
L 78, 1286, 22628,  40, 1286, 22628,  0, 255, 255
L 40, 1286, 22628,  40, 1242, 22618,  0, 255, 255
L 40, 1242, 22618,  0, 1242, 22618,  0, 255, 255
L 0, 1242, 22618,  0, 1223, 22618,  0, 255, 255
L 0, 1223, 22618,  -33, 1222, 22798,  0, 255, 255
L -33, 1222, 22798,  -38, 1249, 22798,  0, 255, 255
L -38, 1249, 22798,  -47, 1278, 22798,  0, 255, 255
L -47, 1278, 22798,  -72, 1327, 22798,  0, 255, 255
L -72, 1327, 22798,  -106, 1373, 22798,  0, 255, 255
L -106, 1373, 22798,  -145, 1415, 22798,  0, 255, 255
L -145, 1415, 22798,  -190, 1452, 22798,  0, 255, 255
L -190, 1452, 22798,  -213, 1467, 22798,  0, 255, 255
L -213, 1467, 22798,  -268, 1492, 22798,  0, 255, 255
L -268, 1492, 22798,  -291, 1498, 22798,  0, 255, 255
L -291, 1498, 22798,  -349, 1502, 22798,  0, 255, 255
L -349, 1502, 22798,  -372, 1498, 22798,  0, 255, 255
L -372, 1498, 22798,  -424, 1481, 22798,  0, 255, 255
L -424, 1481, 22798,  -458, 1462, 22798,  0, 255, 255
L -458, 1462, 22798,  -495, 1435, 22798,  0, 255, 255
L -495, 1435, 22798,  -536, 1398, 22798,  0, 255, 255
L -536, 1398, 22798,  -572, 1356, 22798,  0, 255, 255
L -572, 1356, 22798,  -604, 1308, 22798,  0, 255, 255
L -604, 1308, 22798,  -619, 1273, 22798,  0, 255, 255
L -619, 1273, 22798,  -629, 1234, 22798,  0, 255, 255
L -629, 1234, 22798,  -631, 1220, 22798,  0, 255, 255
L -631, 1220, 22798,  -631, 1198, 22798,  0, 255, 255
L -631, 1198, 22798,  -625, 1155, 22798,  0, 255, 255
L -625, 1155, 22798,  -608, 1105, 22798,  0, 255, 255
L -608, 1105, 22798,  -594, 1081, 22798,  0, 255, 255
L -594, 1081, 22798,  -560, 1034, 22798,  0, 255, 255
L -560, 1034, 22798,  -526, 999, 22798,  0, 255, 255
L -526, 999, 22798,  -486, 963, 22798,  0, 255, 255
L -486, 963, 22798,  -441, 934, 22798,  0, 255, 255
L -441, 934, 22798,  -393, 913, 22798,  0, 255, 255
L -393, 913, 22798,  -359, 906, 22798,  0, 255, 255
L -359, 906, 22798,  -313, 904, 22798,  0, 255, 255
L -313, 904, 22798,  -313, 940, 22798,  0, 255, 255
L -313, 940, 22798,  -313, 980, 22978,  0, 255, 255
L -313, 980, 22978,  -313, 1003, 22978,  0, 255, 255
L -313, 1003, 22978,  -291, 1008, 22978,  0, 255, 255
L -291, 1008, 22978,  -238, 1026, 22978,  0, 255, 255
L -238, 1026, 22978,  -214, 1039, 22978,  0, 255, 255
L -214, 1039, 22978,  -171, 1087, 22978,  0, 255, 255
L -171, 1087, 22978,  -155, 1122, 22978,  0, 255, 255
L -155, 1122, 22978,  -143, 1174, 22978,  0, 255, 255
L -143, 1174, 22978,  -105, 1174, 22978,  0, 255, 255
L -105, 1174, 22978,  -105, 1232, 22978,  0, 255, 255
L -105, 1232, 22978,  -114, 1232, 22978,  0, 255, 255
L -114, 1232, 22978,  -123, 1272, 22978,  0, 255, 255
L -123, 1272, 22978,  -133, 1297, 22978,  0, 255, 255
L -133, 1297, 22978,  -159, 1346, 22978,  0, 255, 255
L -159, 1346, 22978,  -177, 1366, 22978,  0, 255, 255
L -177, 1366, 22978,  -223, 1400, 22978,  0, 255, 255
L -223, 1400, 22978,  -271, 1421, 22978,  0, 255, 255
L -271, 1421, 22978,  -296, 1427, 22978,  0, 255, 255
L -296, 1427, 22978,  -351, 1430, 22978,  0, 255, 255
L -351, 1430, 22978,  -374, 1425, 22978,  0, 255, 255
L -374, 1425, 22978,  -425, 1408, 22978,  0, 255, 255
L -425, 1408, 22978,  -471, 1382, 22978,  0, 255, 255
L -471, 1382, 22978,  -491, 1362, 22978,  0, 255, 255
L -491, 1362, 22978,  -519, 1322, 22978,  0, 255, 255
L -519, 1322, 22978,  -540, 1274, 22978,  0, 255, 255
L -540, 1274, 22978,  -549, 1232, 22978,  0, 255, 255
L -549, 1232, 22978,  -559, 1232, 22978,  0, 255, 255
L -559, 1232, 22978,  -559, 1174, 22978,  0, 255, 255
L -559, 1174, 22978,  -550, 1174, 22978,  0, 255, 255
L -550, 1174, 22978,  -541, 1133, 22978,  0, 255, 255
L -541, 1133, 22978,  -526, 1095, 22978,  0, 255, 255
L -526, 1095, 22978,  -513, 1073, 22978,  0, 255, 255
L -513, 1073, 22978,  -479, 1031, 22978,  0, 255, 255
L -479, 1031, 22978,  -434, 1001, 22978,  0, 255, 255
L -434, 1001, 22978,  -400, 987, 22978,  0, 255, 255
L -400, 987, 22978,  -351, 975, 22978,  0, 255, 255
L -351, 975, 22978,  -351, 942, 22798,  0, 255, 255
L -351, 942, 22798,  -392, 950, 22798,  0, 255, 255
L -392, 950, 22798,  -430, 965, 22798,  0, 255, 255
L -430, 965, 22798,  -473, 990, 22798,  0, 255, 255
L -473, 990, 22798,  -512, 1022, 22798,  0, 255, 255
L -512, 1022, 22798,  -543, 1060, 22798,  0, 255, 255
L -543, 1060, 22798,  -568, 1101, 22798,  0, 255, 255
L -568, 1101, 22798,  -584, 1141, 22798,  0, 255, 255
L -584, 1141, 22798,  -592, 1176, 22798,  0, 255, 255
L -592, 1176, 22798,  -593, 1220, 22798,  0, 255, 255
L -593, 1220, 22798,  -585, 1262, 22798,  0, 255, 255
L -585, 1262, 22798,  -569, 1303, 22798,  0, 255, 255
L -569, 1303, 22798,  -547, 1340, 22798,  0, 255, 255
L -547, 1340, 22798,  -514, 1382, 22798,  0, 255, 255
L -514, 1382, 22798,  -477, 1412, 22798,  0, 255, 255
L -477, 1412, 22798,  -437, 1438, 22798,  0, 255, 255
L -437, 1438, 22798,  -396, 1455, 22798,  0, 255, 255
L -396, 1455, 22798,  -354, 1464, 22798,  0, 255, 255
L -354, 1464, 22798,  -332, 1464, 22798,  0, 255, 255
L -332, 1464, 22798,  -269, 1455, 22798,  0, 255, 255
L -269, 1455, 22798,  -253, 1449, 22798,  0, 255, 255
L -253, 1449, 22798,  -198, 1420, 22798,  0, 255, 255
L -198, 1420, 22798,  -154, 1386, 22798,  0, 255, 255
L -154, 1386, 22798,  -128, 1355, 22798,  0, 255, 255
L -128, 1355, 22798,  -99, 1310, 22798,  0, 255, 255
L -99, 1310, 22798,  -80, 1266, 22798,  0, 255, 255
L -80, 1266, 22798,  -71, 1225, 22798,  0, 255, 255
L -71, 1225, 22798,  -71, 1183, 22798,  0, 255, 255
L -71, 1183, 22798,  -78, 1147, 22798,  0, 255, 255
L -78, 1147, 22798,  -94, 1106, 22798,  0, 255, 255
L -94, 1106, 22798,  -119, 1062, 22798,  0, 255, 255
L -119, 1062, 22798,  -150, 1024, 22798,  0, 255, 255
L -150, 1024, 22798,  -191, 990, 22798,  0, 255, 255
L -312, 1005, 22978,  -272, 1013, 22978,  0, 255, 255
L -272, 1013, 22978,  -232, 1029, 22978,  0, 255, 255
L -232, 1029, 22978,  -192, 1053, 22978,  0, 255, 255
L -192, 1053, 22978,  -168, 1093, 22978,  0, 255, 255
L -168, 1093, 22978,  -152, 1133, 22978,  0, 255, 255
L -152, 1133, 22978,  -144, 1171, 22978,  0, 255, 255
L -144, 1171, 22978,  -171, 1171, 22978,  0, 255, 255
L -171, 1171, 22978,  -171, 1182, 22978,  0, 255, 255
L -171, 1182, 22978,  -204, 1183, 23158,  0, 255, 255
L -204, 1183, 23158,  -204, 1144, 23158,  0, 255, 255
L -204, 1144, 23158,  -244, 1143, 23158,  0, 255, 255
L -244, 1143, 23158,  -244, 1263, 23158,  0, 255, 255
L -244, 1263, 23158,  -204, 1263, 23158,  0, 255, 255
L -204, 1263, 23158,  -205, 1223, 23158,  0, 255, 255
L -205, 1223, 23158,  -172, 1223, 22998,  0, 255, 255
L -172, 1223, 22998,  -172, 1234, 22978,  0, 255, 255
L -172, 1234, 22978,  -145, 1234, 22978,  0, 255, 255
L -145, 1234, 22978,  -151, 1271, 22978,  0, 255, 255
L -151, 1271, 22978,  -167, 1312, 22978,  0, 255, 255
L -167, 1312, 22978,  -191, 1353, 22978,  0, 255, 255
L -191, 1353, 22978,  -226, 1374, 22978,  0, 255, 255
L -226, 1374, 22978,  -272, 1393, 22978,  0, 255, 255
L -272, 1393, 22978,  -311, 1401, 22978,  0, 255, 255
L -311, 1401, 22978,  -350, 1401, 22978,  0, 255, 255
L -350, 1401, 22978,  -391, 1394, 22978,  0, 255, 255
L -391, 1394, 22978,  -430, 1379, 22978,  0, 255, 255
L -430, 1379, 22978,  -471, 1354, 22978,  0, 255, 255
L -471, 1354, 22978,  -496, 1314, 22978,  0, 255, 255
L -496, 1314, 22978,  -511, 1277, 22978,  0, 255, 255
L -511, 1277, 22978,  -520, 1232, 22978,  0, 255, 255
L -520, 1232, 22978,  -520, 1174, 22978,  0, 255, 255
L -520, 1174, 22978,  -513, 1134, 22978,  0, 255, 255
L -513, 1134, 22978,  -497, 1094, 22978,  0, 255, 255
L -497, 1094, 22978,  -473, 1053, 22978,  0, 255, 255
L -473, 1053, 22978,  -432, 1028, 22978,  0, 255, 255
L -432, 1028, 22978,  -391, 1013, 22978,  0, 255, 255
L -391, 1013, 22978,  -352, 1005, 22978,  0, 255, 255
L -352, 1005, 22978,  -312, 1005, 22978,  0, 255, 255
L -192, 952, 22796,  -271, 952, 22598,  0, 255, 0
L -271, 952, 22598,  -271, 1012, 22598,  0, 255, 0
L -271, 1012, 22598,  -311, 1004, 22598,  0, 255, 0
L -311, 1004, 22598,  -336, 1004, 22598,  0, 255, 0
L -336, 1004, 22598,  -390, 1012, 22598,  0, 255, 0
L -390, 1012, 22598,  -417, 1022, 22598,  0, 255, 0
L -417, 1022, 22598,  -471, 1051, 22598,  0, 255, 0
L -471, 1051, 22598,  -473, 1052, 22598,  0, 255, 0
L -473, 1052, 22598,  -492, 1084, 22598,  0, 255, 0
L -492, 1084, 22598,  -503, 1110, 22598,  0, 255, 0
L -503, 1110, 22598,  -519, 1163, 22598,  0, 255, 0
L -519, 1163, 22598,  -521, 1218, 22598,  0, 255, 0
L -521, 1218, 22598,  -513, 1271, 22598,  0, 255, 0
L -513, 1271, 22598,  -503, 1297, 22598,  0, 255, 0
L -503, 1297, 22598,  -477, 1348, 22598,  0, 255, 0
L -477, 1348, 22598,  -435, 1376, 22598,  0, 255, 0
L -435, 1376, 22598,  -412, 1386, 22598,  0, 255, 0
L -412, 1386, 22598,  -357, 1401, 22598,  0, 255, 0
L -357, 1401, 22598,  -315, 1402, 22598,  0, 255, 0
L -315, 1402, 22598,  -288, 1397, 22598,  0, 255, 0
L -288, 1397, 22598,  -240, 1381, 22598,  0, 255, 0
L -240, 1381, 22598,  -193, 1355, 22598,  0, 255, 0
L -193, 1355, 22598,  -168, 1314, 22598,  0, 255, 0
L -168, 1314, 22598,  -158, 1289, 22598,  0, 255, 0
L -158, 1289, 22598,  -143, 1234, 22598,  0, 255, 0
L -143, 1234, 22598,  -170, 1234, 22598,  0, 255, 0
L -170, 1234, 22598,  -171, 1224, 22598,  0, 255, 0
L -171, 1224, 22598,  -204, 1224, 22598,  0, 255, 0
L -204, 1224, 22598,  -205, 1182, 22598,  0, 255, 0
L -205, 1182, 22598,  -171, 1182, 22598,  0, 255, 0
L -171, 1182, 22598,  -171, 1172, 22598,  0, 255, 0
L -171, 1172, 22598,  -143, 1172, 22598,  0, 255, 0
L -143, 1172, 22598,  -151, 1133, 22598,  0, 255, 0
L -151, 1133, 22598,  -164, 1100, 22598,  0, 255, 0
L -164, 1100, 22598,  -186, 1061, 22598,  0, 255, 0
L -186, 1061, 22598,  -233, 1028, 22598,  0, 255, 0
L -233, 1028, 22598,  -233, 999, 22598,  0, 255, 0
L -233, 999, 22598,  -229, 990, 22598,  0, 255, 0
L -229, 990, 22598,  -192, 990, 22798,  0, 255, 0
L 882, 844, 13758,  882, 882, 13758,  153, 153, 153
L 882, 882, 13758,  862, 882, 13758,  153, 153, 153
L 862, 882, 13758,  861, 886, 13758,  153, 153, 153
L 861, 886, 13758,  860, 890, 13758,  153, 153, 153
L 860, 890, 13758,  855, 897, 13758,  153, 153, 153
L 855, 897, 13758,  850, 900, 13758,  153, 153, 153
L 850, 900, 13758,  842, 902, 13758,  153, 153, 153
L 842, 902, 13758,  842, 922, 13758,  153, 153, 153
L 842, 922, 13758,  804, 922, 13758,  153, 153, 153
L 804, 922, 13758,  804, 903, 13758,  153, 153, 153
L 804, 903, 13758,  795, 900, 13758,  153, 153, 153
L 795, 900, 13758,  790, 896, 13758,  153, 153, 153
L 790, 896, 13758,  786, 890, 13758,  153, 153, 153
L 786, 890, 13758,  783, 881, 13757,  153, 153, 153
L 783, 881, 13757,  773, 882, 13758,  153, 153, 153
L 773, 882, 13758,  774, 962, 13758,  153, 153, 153
L 774, 962, 13758,  754, 963, 13758,  153, 153, 153
L 754, 963, 13758,  754, 1004, 13758,  153, 153, 153
L 754, 1004, 13758,  774, 1004, 13758,  153, 153, 153
L 774, 1004, 13758,  774, 1082, 13758,  153, 153, 153
L 774, 1082, 13758,  656, 1082, 13758,  153, 153, 153
L 656, 1082, 13758,  656, 1004, 13758,  153, 153, 153
L 656, 1004, 13758,  716, 1003, 13758,  153, 153, 153
L 716, 1003, 13758,  716, 962, 13758,  153, 153, 153
L 716, 962, 13758,  634, 962, 13758,  153, 153, 153
L 634, 962, 13758,  624, 1003, 13758,  153, 153, 153
L 624, 1003, 13758,  593, 1043, 13758,  153, 153, 153
L 593, 1043, 13758,  554, 1082, 13758,  153, 153, 153
L 554, 1082, 13758,  554, 1112, 13758,  153, 153, 153
L 554, 1112, 13758,  544, 1112, 13758,  153, 153, 153
L 544, 1112, 13758,  542, 1120, 13758,  153, 153, 153
L 542, 1120, 13758,  538, 1126, 13758,  153, 153, 153
L 538, 1126, 13758,  533, 1130, 13758,  153, 153, 153
L 533, 1130, 13758,  525, 1132, 13758,  153, 153, 153
L 525, 1132, 13758,  504, 1132, 13758,  153, 153, 153
L 504, 1132, 13758,  496, 1129, 13758,  153, 153, 153
L 496, 1129, 13758,  492, 1126, 13758,  153, 153, 153
L 492, 1126, 13758,  488, 1120, 13758,  153, 153, 153
L 488, 1120, 13758,  486, 1112, 13758,  153, 153, 153
L 486, 1112, 13758,  476, 1112, 13758,  153, 153, 153
L 476, 1112, 13758,  476, 1083, 13758,  153, 153, 153
L 476, 1083, 13758,  436, 1042, 13758,  153, 153, 153
L 436, 1042, 13758,  406, 1003, 13758,  153, 153, 153
L 406, 1003, 13758,  396, 961, 13758,  153, 153, 153
L 396, 961, 13758,  396, 902, 13758,  153, 153, 153
L 396, 902, 13758,  384, 902, 13758,  153, 153, 153
L 384, 902, 13758,  384, 893, 13758,  153, 153, 153
L 384, 893, 13758,  375, 890, 13758,  153, 153, 153
L 375, 890, 13758,  369, 886, 13758,  153, 153, 153
L 369, 886, 13758,  366, 880, 13758,  153, 153, 153
L 366, 880, 13758,  364, 872, 13758,  153, 153, 153
L 364, 872, 13758,  364, 853, 13758,  153, 153, 153
L 364, 853, 13758,  367, 845, 13758,  153, 153, 153
L 367, 845, 13758,  370, 840, 13758,  153, 153, 153
L 370, 840, 13758,  376, 836, 13758,  153, 153, 153
L 376, 836, 13758,  383, 834, 13758,  153, 153, 153
L 383, 834, 13758,  384, 824, 13758,  153, 153, 153
L 384, 824, 13758,  396, 824, 13758,  153, 153, 153
L 396, 824, 13758,  396, 762, 13758,  153, 153, 153
L 396, 762, 13758,  407, 723, 13758,  153, 153, 153
L 407, 723, 13758,  437, 682, 13758,  153, 153, 153
L 437, 682, 13758,  476, 643, 13758,  153, 153, 153
L 476, 643, 13758,  476, 614, 13758,  153, 153, 153
L 476, 614, 13758,  486, 614, 13758,  153, 153, 153
L 486, 614, 13758,  489, 604, 13758,  153, 153, 153
L 489, 604, 13758,  492, 600, 13758,  153, 153, 153
L 492, 600, 13758,  498, 596, 13758,  153, 153, 153
L 498, 596, 13758,  505, 594, 13758,  153, 153, 153
L 505, 594, 13758,  525, 594, 13758,  153, 153, 153
L 525, 594, 13758,  532, 596, 13758,  153, 153, 153
L 532, 596, 13758,  538, 600, 13758,  153, 153, 153
L 538, 600, 13758,  542, 606, 13758,  153, 153, 153
L 542, 606, 13758,  544, 614, 13758,  153, 153, 153
L 544, 614, 13758,  554, 614, 13758,  153, 153, 153
L 554, 614, 13758,  554, 644, 13758,  153, 153, 153
L 554, 644, 13758,  594, 684, 13758,  153, 153, 153
L 594, 684, 13758,  624, 723, 13758,  153, 153, 153
L 624, 723, 13758,  635, 764, 13758,  153, 153, 153
L 635, 764, 13758,  706, 764, 13758,  153, 153, 153
L 706, 764, 13758,  716, 764, 13758,  153, 153, 153
L 716, 764, 13758,  716, 722, 13758,  153, 153, 153
L 716, 722, 13758,  656, 722, 13758,  153, 153, 153
L 656, 722, 13758,  656, 644, 13758,  153, 153, 153
L 656, 644, 13758,  774, 644, 13758,  153, 153, 153
L 774, 644, 13758,  774, 722, 13758,  153, 153, 153
L 774, 722, 13758,  754, 722, 13758,  153, 153, 153
L 754, 722, 13758,  754, 764, 13758,  153, 153, 153
L 754, 764, 13758,  774, 764, 13758,  153, 153, 153
L 774, 764, 13758,  774, 845, 13758,  153, 153, 153
L 774, 845, 13758,  783, 845, 13758,  153, 153, 153
L 783, 845, 13758,  787, 834, 13758,  153, 153, 153
L 787, 834, 13758,  790, 829, 13758,  153, 153, 153
L 790, 829, 13758,  796, 826, 13758,  153, 153, 153
L 796, 826, 13758,  803, 824, 13758,  153, 153, 153
L 803, 824, 13758,  804, 804, 13758,  153, 153, 153
L 804, 804, 13758,  842, 804, 13758,  153, 153, 153
L 842, 804, 13758,  842, 823, 13758,  153, 153, 153
L 842, 823, 13758,  851, 826, 13758,  153, 153, 153
L 851, 826, 13758,  856, 830, 13758,  153, 153, 153
L 856, 830, 13758,  860, 836, 13758,  153, 153, 153
L 860, 836, 13758,  863, 844, 13758,  153, 153, 153
L 863, 844, 13758,  882, 844, 13758,  153, 153, 153
L 576, 962, 13758,  596, 963, 13758,  153, 153, 153
L 596, 963, 13758,  586, 1003, 13758,  153, 153, 153
L 586, 1003, 13758,  555, 1044, 13758,  153, 153, 153
L 555, 1044, 13758,  554, 1034, 13758,  153, 153, 153
L 554, 1034, 13758,  476, 1034, 13758,  153, 153, 153
L 476, 1034, 13758,  476, 1044, 13758,  153, 153, 153
L 476, 1044, 13758,  444, 1003, 13758,  153, 153, 153
L 444, 1003, 13758,  434, 962, 13758,  153, 153, 153
L 434, 962, 13758,  434, 902, 13758,  153, 153, 153
L 434, 902, 13758,  463, 902, 13758,  153, 153, 153
L 463, 902, 13758,  470, 900, 13758,  153, 153, 153
L 470, 900, 13758,  470, 900, 13758,  153, 153, 153
L 470, 900, 13758,  477, 895, 13758,  153, 153, 153
L 477, 895, 13758,  480, 891, 13758,  153, 153, 153
L 480, 891, 13758,  482, 882, 13758,  153, 153, 153
L 482, 882, 13758,  491, 880, 13758,  153, 153, 153
L 491, 880, 13758,  497, 875, 13758,  153, 153, 153
L 497, 875, 13758,  501, 868, 13758,  153, 153, 153
L 501, 868, 13758,  502, 863, 13758,  153, 153, 153
L 502, 863, 13758,  500, 856, 13758,  153, 153, 153
L 500, 856, 13758,  500, 856, 13758,  153, 153, 153
L 500, 856, 13758,  497, 851, 13758,  153, 153, 153
L 497, 851, 13758,  491, 846, 13758,  153, 153, 153
L 491, 846, 13758,  482, 844, 13758,  153, 153, 153
L 482, 844, 13758,  480, 836, 13758,  153, 153, 153
L 480, 836, 13758,  476, 830, 13758,  153, 153, 153
L 476, 830, 13758,  470, 826, 13758,  153, 153, 153
L 470, 826, 13758,  470, 826, 13758,  153, 153, 153
L 470, 826, 13758,  463, 824, 13758,  153, 153, 153
L 463, 824, 13758,  434, 824, 13758,  153, 153, 153
L 434, 824, 13758,  434, 764, 13758,  153, 153, 153
L 434, 764, 13758,  444, 723, 13758,  153, 153, 153
L 444, 723, 13758,  475, 682, 13758,  153, 153, 153
L 475, 682, 13758,  476, 692, 13758,  153, 153, 153
L 476, 692, 13758,  554, 692, 13758,  153, 153, 153
L 554, 692, 13758,  556, 682, 13758,  153, 153, 153
L 556, 682, 13758,  586, 722, 13758,  153, 153, 153
L 586, 722, 13758,  596, 763, 13758,  153, 153, 153
L 596, 763, 13758,  576, 764, 13758,  153, 153, 153
L 576, 764, 13758,  576, 962, 13758,  153, 153, 153
L 540, 710, 21198,  578, 710, 21198,  0, 255, 255
L 578, 710, 21198,  578, 790, 21198,  0, 255, 255
L 578, 790, 21198,  598, 790, 21198,  0, 255, 255
L 598, 790, 21198,  598, 810, 21198,  0, 255, 255
L 598, 810, 21198,  651, 810, 21198,  0, 255, 255
L 651, 810, 21198,  652, 798, 21198,  0, 255, 255
L 652, 798, 21198,  652, 718, 21198,  0, 255, 255
L 652, 718, 21198,  652, 688, 21198,  0, 255, 255
L 652, 688, 21198,  638, 688, 21198,  0, 255, 255
L 638, 688, 21198,  638, 634, 21198,  0, 255, 255
L 638, 634, 21198,  748, 634, 21198,  0, 255, 255
L 748, 634, 21198,  748, 622, 21198,  0, 255, 255
L 748, 622, 21198,  826, 622, 21198,  0, 255, 255
L 826, 622, 21198,  826, 700, 21198,  0, 255, 255
L 826, 700, 21198,  748, 700, 21198,  0, 255, 255
L 748, 700, 21198,  748, 688, 21198,  0, 255, 255
L 748, 688, 21198,  730, 688, 21198,  0, 255, 255
L 730, 688, 21198,  706, 688, 21198,  0, 255, 255
L 706, 688, 21198,  706, 712, 21198,  0, 255, 255
L 706, 712, 21198,  706, 810, 21198,  0, 255, 255
L 706, 810, 21198,  718, 810, 21198,  0, 255, 255
L 718, 810, 21198,  718, 928, 21198,  0, 255, 255
L 718, 928, 21198,  706, 929, 21198,  0, 255, 255
L 706, 929, 21198,  706, 1050, 21198,  0, 255, 255
L 706, 1050, 21198,  748, 1050, 21198,  0, 255, 255
L 748, 1050, 21198,  748, 1038, 21198,  0, 255, 255
L 748, 1038, 21198,  826, 1038, 21198,  0, 255, 255
L 826, 1038, 21198,  826, 1116, 21198,  0, 255, 255
L 826, 1116, 21198,  748, 1116, 21198,  0, 255, 255
L 748, 1116, 21198,  748, 1104, 21198,  0, 255, 255
L 748, 1104, 21198,  638, 1104, 21198,  0, 255, 255
L 638, 1104, 21198,  638, 1050, 21198,  0, 255, 255
L 638, 1050, 21198,  652, 1050, 21198,  0, 255, 255
L 652, 1050, 21198,  652, 928, 21198,  0, 255, 255
L 652, 928, 21198,  599, 928, 21198,  0, 255, 255
L 599, 928, 21198,  598, 948, 21198,  0, 255, 255
L 598, 948, 21198,  579, 948, 21198,  0, 255, 255
L 579, 948, 21198,  578, 1028, 21198,  0, 255, 255
L 578, 1028, 21198,  578, 1028, 21198,  0, 255, 255
L 578, 1028, 21198,  540, 1028, 21198,  0, 255, 255
L 540, 1028, 21198,  540, 948, 21198,  0, 255, 255
L 540, 948, 21198,  498, 948, 21198,  0, 255, 255
L 498, 948, 21198,  498, 1028, 21198,  0, 255, 255
L 498, 1028, 21198,  460, 1028, 21198,  0, 255, 255
L 460, 1028, 21198,  460, 949, 21198,  0, 255, 255
L 460, 949, 21198,  440, 948, 21198,  0, 255, 255
L 440, 948, 21198,  440, 920, 21198,  0, 255, 255
L 440, 920, 21198,  439, 908, 21198,  0, 255, 255
L 439, 908, 21198,  431, 906, 21198,  0, 255, 255
L 431, 906, 21198,  425, 902, 21198,  0, 255, 255
L 425, 902, 21198,  422, 897, 21198,  0, 255, 255
L 422, 897, 21198,  420, 889, 21198,  0, 255, 255
L 420, 889, 21198,  420, 849, 21198,  0, 255, 255
L 420, 849, 21198,  422, 842, 21198,  0, 255, 255
L 422, 842, 21198,  426, 836, 21198,  0, 255, 255
L 426, 836, 21198,  432, 832, 21198,  0, 255, 255
L 432, 832, 21198,  440, 829, 21198,  0, 255, 255
L 440, 829, 21198,  440, 790, 21198,  0, 255, 255
L 440, 790, 21198,  460, 790, 21198,  0, 255, 255
L 460, 790, 21198,  460, 710, 21198,  0, 255, 255
L 460, 710, 21198,  498, 710, 21198,  0, 255, 255
L 498, 710, 21198,  498, 789, 21198,  0, 255, 255
L 498, 789, 21198,  540, 790, 21198,  0, 255, 255
L 540, 790, 21198,  540, 710, 21198,  0, 255, 255
L 406, 682, 17758,  406, 802, 17758,  0, 255, 0
L 406, 802, 17758,  366, 802, 17758,  0, 255, 0
L 366, 802, 17758,  366, 821, 17758,  0, 255, 0
L 366, 821, 17758,  357, 824, 17758,  0, 255, 0
L 357, 824, 17758,  352, 828, 17758,  0, 255, 0
L 352, 828, 17758,  348, 835, 17758,  0, 255, 0
L 348, 835, 17758,  347, 836, 17758,  0, 255, 0
L 347, 836, 17758,  346, 881, 17758,  0, 255, 0
L 346, 881, 17758,  348, 887, 17758,  0, 255, 0
L 348, 887, 17758,  352, 894, 17758,  0, 255, 0
L 352, 894, 17758,  359, 898, 17758,  0, 255, 0
L 359, 898, 17758,  366, 900, 17758,  0, 255, 0
L 366, 900, 17758,  366, 920, 17758,  0, 255, 0
L 366, 920, 17758,  406, 920, 17758,  0, 255, 0
L 406, 920, 17758,  406, 1040, 17758,  0, 255, 0
L 406, 1040, 17758,  526, 1040, 17758,  0, 255, 0
L 526, 1040, 17758,  526, 1080, 17758,  0, 255, 0
L 526, 1080, 17758,  545, 1080, 17758,  0, 255, 0
L 545, 1080, 17758,  548, 1089, 17758,  0, 255, 0
L 548, 1089, 17758,  554, 1095, 17758,  0, 255, 0
L 554, 1095, 17758,  558, 1098, 17758,  0, 255, 0
L 558, 1098, 17758,  566, 1100, 17758,  0, 255, 0
L 566, 1100, 17758,  605, 1100, 17758,  0, 255, 0
L 605, 1100, 17758,  613, 1098, 17758,  0, 255, 0
L 613, 1098, 17758,  618, 1094, 17758,  0, 255, 0
L 618, 1094, 17758,  622, 1088, 17758,  0, 255, 0
L 622, 1088, 17758,  624, 1080, 17758,  0, 255, 0
L 624, 1080, 17758,  644, 1080, 17758,  0, 255, 0
L 644, 1080, 17758,  644, 1040, 17758,  0, 255, 0
L 644, 1040, 17758,  764, 1040, 17758,  0, 255, 0
L 764, 1040, 17758,  764, 961, 17758,  0, 255, 0
L 764, 961, 17758,  806, 961, 17758,  0, 255, 0
L 806, 961, 17758,  806, 1000, 17758,  0, 255, 0
L 806, 1000, 17758,  924, 1000, 17758,  0, 255, 0
L 924, 1000, 17758,  924, 962, 17758,  0, 255, 0
L 924, 962, 17758,  844, 962, 17758,  0, 255, 0
L 844, 962, 17758,  844, 922, 17758,  0, 255, 0
L 844, 922, 17758,  804, 922, 17758,  0, 255, 0
L 804, 922, 17758,  804, 882, 17758,  0, 255, 0
L 804, 882, 17758,  766, 882, 17758,  0, 255, 0
L 766, 882, 17758,  766, 922, 17758,  0, 255, 0
L 766, 922, 17758,  726, 922, 17758,  0, 255, 0
L 726, 922, 17758,  725, 1002, 17758,  0, 255, 0
L 725, 1002, 17758,  645, 1002, 17758,  0, 255, 0
L 645, 1002, 17758,  644, 982, 17758,  0, 255, 0
L 644, 982, 17758,  526, 982, 17758,  0, 255, 0
L 526, 982, 17758,  526, 1002, 17758,  0, 255, 0
L 526, 1002, 17758,  444, 1001, 17758,  0, 255, 0
L 444, 1001, 17758,  445, 919, 17758,  0, 255, 0
L 445, 919, 17758,  464, 920, 17758,  0, 255, 0
L 464, 920, 17758,  464, 802, 17758,  0, 255, 0
L 464, 802, 17758,  444, 802, 17758,  0, 255, 0
L 444, 802, 17758,  444, 721, 17758,  0, 255, 0
L 444, 721, 17758,  526, 720, 17758,  0, 255, 0
L 526, 720, 17758,  526, 740, 17758,  0, 255, 0
L 526, 740, 17758,  644, 740, 17758,  0, 255, 0
L 644, 740, 17758,  644, 720, 17758,  0, 255, 0
L 644, 720, 17758,  726, 720, 17758,  0, 255, 0
L 726, 720, 17758,  726, 800, 17758,  0, 255, 0
L 726, 800, 17758,  844, 800, 17758,  0, 255, 0
L 844, 800, 17758,  844, 760, 17758,  0, 255, 0
L 844, 760, 17758,  925, 760, 17758,  0, 255, 0
L 925, 760, 17758,  933, 758, 17758,  0, 255, 0
L 933, 758, 17758,  938, 754, 17758,  0, 255, 0
L 938, 754, 17758,  943, 746, 17758,  0, 255, 0
L 943, 746, 17758,  944, 741, 17758,  0, 255, 0
L 944, 741, 17758,  941, 732, 17758,  0, 255, 0
L 941, 732, 17758,  939, 728, 17758,  0, 255, 0
L 939, 728, 17758,  931, 724, 17758,  0, 255, 0
L 931, 724, 17758,  924, 722, 17758,  0, 255, 0
L 924, 722, 17758,  806, 722, 17758,  0, 255, 0
L 806, 722, 17758,  806, 761, 17758,  0, 255, 0
L 806, 761, 17758,  764, 762, 17758,  0, 255, 0
L 764, 762, 17758,  764, 682, 17758,  0, 255, 0
L 764, 682, 17758,  644, 682, 17758,  0, 255, 0
L 644, 682, 17758,  644, 642, 17758,  0, 255, 0
L 644, 642, 17758,  625, 642, 17758,  0, 255, 0
L 625, 642, 17758,  622, 633, 17758,  0, 255, 0
L 622, 633, 17758,  617, 627, 17758,  0, 255, 0
L 617, 627, 17758,  611, 624, 17758,  0, 255, 0
L 611, 624, 17758,  606, 622, 17758,  0, 255, 0
L 606, 622, 17758,  565, 622, 17758,  0, 255, 0
L 565, 622, 17758,  556, 625, 17758,  0, 255, 0
L 556, 625, 17758,  554, 626, 17758,  0, 255, 0
L 554, 626, 17758,  548, 634, 17758,  0, 255, 0
L 548, 634, 17758,  546, 641, 17758,  0, 255, 0
L 546, 641, 17758,  526, 642, 17758,  0, 255, 0
L 526, 642, 17758,  526, 682, 17758,  0, 255, 0
L 526, 682, 17758,  406, 682, 17758,  0, 255, 0
L -412, 1166, 11858,  -365, 1166, 11858,  255, 255, 0
L -365, 1166, 11858,  -365, 1126, 11858,  255, 255, 0
L -365, 1126, 11858,  -333, 1126, 11858,  255, 255, 0
L -333, 1126, 11858,  -291, 1128, 11678,  255, 255, 0
L -291, 1128, 11678,  -331, 1128, 11678,  255, 255, 0
L -331, 1128, 11678,  -331, 1166, 11678,  255, 255, 0
L -331, 1166, 11678,  -291, 1166, 11678,  255, 255, 0
L -291, 1166, 11678,  -291, 1199, 11516,  255, 255, 0
L -291, 1199, 11516,  -315, 1200, 11478,  255, 255, 0
L -315, 1200, 11478,  -315, 1238, 11478,  255, 255, 0
L -315, 1238, 11478,  -291, 1238, 11498,  255, 255, 0
L -291, 1238, 11498,  -291, 1272, 11678,  255, 255, 0
L -291, 1272, 11678,  -327, 1272, 11858,  255, 255, 0
L -327, 1272, 11858,  -455, 1272, 11858,  255, 255, 0
L -455, 1272, 11858,  -455, 1166, 11858,  255, 255, 0
L -291, 1086, 11678,  -331, 1088, 11858,  255, 255, 0
L -331, 1088, 11858,  -365, 1088, 11858,  255, 255, 0
L -365, 1088, 11858,  -365, 1048, 11858,  255, 255, 0
L -365, 1048, 11858,  -483, 1048, 11858,  255, 255, 0
L -483, 1048, 11858,  -483, 1350, 11858,  255, 255, 0
L -483, 1350, 11858,  -444, 1350, 11858,  255, 255, 0
L -444, 1350, 11858,  -443, 1390, 11868,  255, 255, 0
L -443, 1390, 11868,  -405, 1390, 11868,  255, 255, 0
L -405, 1390, 11868,  -405, 1351, 11866,  255, 255, 0
L -405, 1351, 11866,  -365, 1350, 11858,  255, 255, 0
L -365, 1350, 11858,  -365, 1310, 11858,  255, 255, 0
L -365, 1310, 11858,  -335, 1310, 11858,  255, 255, 0
L -335, 1310, 11858,  -253, 1310, 11678,  255, 255, 0
L -253, 1310, 11678,  -253, 1238, 11498,  255, 255, 0
L -253, 1238, 11498,  -192, 1238, 11196,  255, 255, 0
L -192, 1238, 11196,  -191, 1258, 11178,  255, 255, 0
L -191, 1258, 11178,  -113, 1258, 11178,  255, 255, 0
L -113, 1258, 11178,  -113, 1180, 11178,  255, 255, 0
L -113, 1180, 11178,  -191, 1180, 11178,  255, 255, 0
L -191, 1180, 11178,  -191, 1199, 11178,  255, 255, 0
L -191, 1199, 11178,  -253, 1200, 11498,  255, 255, 0
L -253, 1200, 11498,  -253, 1048, 11678,  255, 255, 0
L -253, 1048, 11678,  -331, 1048, 11678,  255, 255, 0
L -331, 1048, 11678,  -331, 1086, 11678,  255, 255, 0
L -253, 1152, 16308,  -271, 1152, 16308,  153, 153, 153
L -271, 1152, 16308,  -271, 1131, 16307,  153, 153, 153
L -271, 1131, 16307,  -431, 1130, 16298,  153, 153, 153
L -431, 1130, 16298,  -431, 1121, 16298,  153, 153, 153
L -431, 1121, 16298,  -437, 1121, 16298,  153, 153, 153
L -437, 1121, 16298,  -437, 1137, 16298,  153, 153, 153
L -437, 1137, 16298,  -437, 1205, 16298,  153, 153, 153
L -437, 1205, 16298,  -442, 1206, 16298,  153, 153, 153
L -442, 1206, 16298,  -442, 1276, 15958,  153, 153, 153
L -442, 1276, 15958,  -265, 1276, 15958,  153, 153, 153
L -265, 1276, 15958,  -265, 1271, 15958,  153, 153, 153
L -265, 1271, 15958,  -295, 1270, 15958,  153, 153, 153
L -295, 1270, 15958,  -295, 1220, 15958,  153, 153, 153
L -295, 1220, 15958,  -301, 1220, 15958,  153, 153, 153
L -301, 1220, 15958,  -301, 1230, 15958,  153, 153, 153
L -301, 1230, 15958,  -379, 1230, 15958,  153, 153, 153
L -379, 1230, 15958,  -379, 1152, 15958,  153, 153, 153
L -379, 1152, 15958,  -301, 1152, 15958,  153, 153, 153
L -301, 1152, 15958,  -301, 1202, 15958,  153, 153, 153
L -301, 1202, 15958,  -295, 1202, 15958,  153, 153, 153
L -295, 1202, 15958,  -295, 1192, 15958,  153, 153, 153
L -295, 1192, 15958,  -220, 1192, 15958,  153, 153, 153
L -220, 1192, 15958,  -219, 1209, 15958,  153, 153, 153
L -219, 1209, 15958,  -217, 1210, 15958,  153, 153, 153
L -217, 1210, 15958,  -217, 1270, 15958,  153, 153, 153
L -217, 1270, 15958,  -247, 1270, 15958,  153, 153, 153
L -247, 1270, 15958,  -247, 1276, 15958,  153, 153, 153
L -247, 1276, 15958,  -195, 1276, 15958,  153, 153, 153
L -195, 1276, 15958,  -195, 1265, 15958,  153, 153, 153
L -195, 1265, 15958,  -190, 1265, 15958,  153, 153, 153
L -190, 1265, 15958,  -191, 1194, 15618,  153, 153, 153
L -191, 1194, 15618,  -195, 1194, 15618,  153, 153, 153
L -195, 1194, 15618,  -195, 1076, 15618,  153, 153, 153
L -195, 1076, 15618,  -117, 1076, 15618,  153, 153, 153
L -117, 1076, 15618,  -117, 1194, 15618,  153, 153, 153
L -117, 1194, 15618,  -162, 1194, 15618,  153, 153, 153
L -162, 1194, 15618,  -162, 1265, 15958,  153, 153, 153
L -162, 1265, 15958,  -157, 1265, 15958,  153, 153, 153
L -157, 1265, 15958,  -157, 1276, 15958,  153, 153, 153
L -157, 1276, 15958,  -117, 1276, 15968,  153, 153, 153
L -117, 1276, 15968,  -117, 1314, 15968,  153, 153, 153
L -117, 1314, 15968,  -357, 1315, 15958,  153, 153, 153
L -357, 1315, 15958,  -357, 1338, 15938,  153, 153, 153
L -357, 1338, 15938,  -395, 1338, 15938,  153, 153, 153
L -395, 1338, 15938,  -395, 1314, 15958,  153, 153, 153
L -395, 1314, 15958,  -475, 1314, 15958,  153, 153, 153
L -475, 1314, 15958,  -475, 1276, 15958,  153, 153, 153
L -475, 1276, 15958,  -470, 1276, 15958,  153, 153, 153
L -470, 1276, 15958,  -470, 1205, 16298,  153, 153, 153
L -470, 1205, 16298,  -475, 1205, 16298,  153, 153, 153
L -475, 1205, 16298,  -475, 1092, 16298,  153, 153, 153
L -475, 1092, 16298,  -437, 1092, 16298,  153, 153, 153
L -437, 1092, 16298,  -437, 1102, 16298,  153, 153, 153
L -437, 1102, 16298,  -431, 1102, 16298,  153, 153, 153
L -431, 1102, 16298,  -431, 1092, 16298,  153, 153, 153
L -431, 1092, 16298,  -312, 1092, 16298,  153, 153, 153
L -312, 1092, 16298,  -311, 1052, 16298,  153, 153, 153
L -311, 1052, 16298,  -293, 1052, 16298,  153, 153, 153
L -293, 1052, 16298,  -293, 1028, 16278,  153, 153, 153
L -293, 1028, 16278,  -255, 1028, 16278,  153, 153, 153
L -255, 1028, 16278,  -255, 1052, 16298,  153, 153, 153
L -255, 1052, 16298,  -233, 1052, 16298,  153, 153, 153
L -233, 1052, 16298,  -233, 1130, 16298,  153, 153, 153
L -233, 1130, 16298,  -253, 1130, 16298,  153, 153, 153
L -253, 1130, 16298,  -253, 1152, 16308,  153, 153, 153
L -319, 1212, 15958,  -319, 1170, 15958,  153, 153, 153
L -319, 1170, 15958,  -361, 1170, 15958,  153, 153, 153
L -361, 1170, 15958,  -360, 1212, 15958,  153, 153, 153
L -360, 1212, 15958,  -319, 1212, 15958,  153, 153, 153
L -334, 1208, 15918,  -346, 1208, 15918,  153, 153, 153
L -346, 1208, 15918,  -349, 1206, 15918,  153, 153, 153
L -349, 1206, 15918,  -353, 1202, 15918,  153, 153, 153
L -353, 1202, 15918,  -357, 1196, 15918,  153, 153, 153
L -357, 1196, 15918,  -357, 1185, 15918,  153, 153, 153
L -357, 1185, 15918,  -353, 1180, 15918,  153, 153, 153
L -353, 1180, 15918,  -349, 1176, 15918,  153, 153, 153
L -349, 1176, 15918,  -345, 1174, 15918,  153, 153, 153
L -345, 1174, 15918,  -334, 1174, 15918,  153, 153, 153
L -334, 1174, 15918,  -331, 1176, 15918,  153, 153, 153
L -331, 1176, 15918,  -327, 1180, 15918,  153, 153, 153
L -327, 1180, 15918,  -323, 1185, 15918,  153, 153, 153
L -323, 1185, 15918,  -323, 1197, 15918,  153, 153, 153
L -323, 1197, 15918,  -327, 1203, 15918,  153, 153, 153
L -327, 1203, 15918,  -331, 1206, 15918,  153, 153, 153
L -331, 1206, 15918,  -334, 1208, 15918,  153, 153, 153
L 1136, 1714, 12678,  1108, 1717, 12658,  255, 255, 0
L 1108, 1717, 12658,  1108, 1704, 12658,  255, 255, 0
L 1108, 1704, 12658,  1100, 1663, 12658,  255, 255, 0
L 1100, 1663, 12658,  1084, 1623, 12659,  255, 255, 0
L 1084, 1623, 12659,  1059, 1580, 12658,  255, 255, 0
L 1059, 1580, 12658,  1017, 1557, 12660,  255, 255, 0
L 1017, 1557, 12660,  978, 1542, 12658,  255, 255, 0
L 978, 1542, 12658,  937, 1533, 12659,  255, 255, 0
L 937, 1533, 12659,  897, 1534, 12659,  255, 255, 0
L 897, 1534, 12659,  857, 1542, 12658,  255, 255, 0
L 857, 1542, 12658,  820, 1558, 12658,  255, 255, 0
L 820, 1558, 12658,  778, 1581, 12659,  255, 255, 0
L 778, 1581, 12659,  754, 1623, 12662,  255, 255, 0
L 754, 1623, 12662,  738, 1663, 12658,  255, 255, 0
L 738, 1663, 12658,  730, 1703, 12659,  255, 255, 0
L 730, 1703, 12659,  730, 1763, 12659,  255, 255, 0
L 730, 1763, 12659,  738, 1804, 12658,  255, 255, 0
L 738, 1804, 12658,  755, 1844, 12660,  255, 255, 0
L 755, 1844, 12660,  778, 1885, 12658,  255, 255, 0
L 778, 1885, 12658,  821, 1909, 12661,  255, 255, 0
L 821, 1909, 12661,  860, 1924, 12659,  255, 255, 0
L 860, 1924, 12659,  900, 1932, 12660,  255, 255, 0
L 900, 1932, 12660,  941, 1932, 12658,  255, 255, 0
L 941, 1932, 12658,  979, 1924, 12659,  255, 255, 0
L 979, 1924, 12659,  1020, 1908, 12659,  255, 255, 0
L 1020, 1908, 12659,  1061, 1884, 12658,  255, 255, 0
L 1061, 1884, 12658,  1084, 1842, 12659,  255, 255, 0
L 1084, 1842, 12659,  1100, 1803, 12658,  255, 255, 0
L 1100, 1803, 12658,  1108, 1763, 12661,  255, 255, 0
L 1108, 1763, 12661,  1108, 1749, 12658,  255, 255, 0
L 1108, 1749, 12658,  1136, 1748, 12681,  255, 255, 0
L 1136, 1748, 12681,  1136, 1717, 12678,  255, 255, 0
L 1136, 1750, 12603,  1136, 1761, 12615,  255, 0, 0
L 1136, 1761, 12615,  1128, 1800, 12618,  255, 0, 0
L 1128, 1800, 12618,  1113, 1840, 12616,  255, 0, 0
L 1113, 1840, 12616,  1089, 1881, 12617,  255, 0, 0
L 1089, 1881, 12617,  1059, 1912, 12617,  255, 0, 0
L 1059, 1912, 12617,  1018, 1936, 12616,  255, 0, 0
L 1018, 1936, 12616,  976, 1952, 12615,  255, 0, 0
L 976, 1952, 12615,  946, 1958, 12617,  255, 0, 0
L 946, 1958, 12617,  898, 1960, 12625,  255, 0, 0
L 898, 1960, 12625,  858, 1951, 12617,  255, 0, 0
L 858, 1951, 12617,  822, 1937, 12620,  255, 0, 0
L 822, 1937, 12620,  780, 1912, 12616,  255, 0, 0
L 780, 1912, 12616,  750, 1883, 12617,  255, 0, 0
L 750, 1883, 12617,  727, 1844, 12618,  255, 0, 0
L 727, 1844, 12618,  710, 1801, 12617,  255, 0, 0
L 710, 1801, 12617,  702, 1763, 12618,  255, 0, 0
L 702, 1763, 12618,  702, 1705, 12622,  255, 0, 0
L 702, 1705, 12622,  711, 1662, 12616,  255, 0, 0
L 711, 1662, 12616,  711, 1662, 12616,  255, 0, 0
L 711, 1662, 12616,  726, 1624, 12624,  255, 0, 0
L 726, 1624, 12624,  750, 1584, 12616,  255, 0, 0
L 750, 1584, 12616,  781, 1553, 12616,  255, 0, 0
L 781, 1553, 12616,  820, 1530, 12618,  255, 0, 0
L 820, 1530, 12618,  854, 1516, 12618,  255, 0, 0
L 854, 1516, 12618,  899, 1506, 12617,  255, 0, 0
L 899, 1506, 12617,  940, 1506, 12616,  255, 0, 0
L 940, 1506, 12616,  974, 1513, 12619,  255, 0, 0
L 974, 1513, 12619,  1015, 1529, 12624,  255, 0, 0
L 1015, 1529, 12624,  1015, 1529, 12624,  255, 0, 0
L 1015, 1529, 12624,  1055, 1552, 12617,  255, 0, 0
L 1055, 1552, 12617,  1089, 1586, 12618,  255, 0, 0
L 1089, 1586, 12618,  1111, 1623, 12624,  255, 0, 0
L 1111, 1623, 12624,  1129, 1669, 12618,  255, 0, 0
L 1129, 1669, 12618,  1135, 1701, 12618,  255, 0, 0
L 1135, 1701, 12618,  1136, 1716, 12621,  255, 0, 0
L 1136, 1716, 12621,  1110, 1716, 12617,  255, 0, 0
L 1110, 1716, 12617,  1110, 1706, 12594,  255, 0, 0
L 1110, 1706, 12594,  1102, 1665, 12579,  255, 0, 0
L 1102, 1665, 12579,  1087, 1625, 12568,  255, 0, 0
L 1087, 1625, 12568,  1063, 1582, 12555,  255, 0, 0
L 1063, 1582, 12555,  1021, 1557, 12543,  255, 0, 0
L 1021, 1557, 12543,  985, 1542, 12533,  255, 0, 0
L 985, 1542, 12533,  940, 1532, 12522,  255, 0, 0
L 940, 1532, 12522,  907, 1532, 12515,  255, 0, 0
L 907, 1532, 12515,  859, 1540, 12504,  255, 0, 0
L 859, 1540, 12504,  819, 1556, 12495,  255, 0, 0
L 819, 1556, 12495,  787, 1574, 12486,  255, 0, 0
L 787, 1574, 12486,  758, 1613, 12476,  255, 0, 0
L 758, 1613, 12476,  741, 1651, 12467,  255, 0, 0
L 741, 1651, 12467,  729, 1699, 12456,  255, 0, 0
L 729, 1699, 12456,  728, 1762, 12442,  255, 0, 0
L 728, 1762, 12442,  735, 1798, 12434,  255, 0, 0
L 735, 1798, 12434,  751, 1841, 12424,  255, 0, 0
L 751, 1841, 12424,  775, 1884, 12413,  255, 0, 0
L 775, 1884, 12413,  821, 1911, 12402,  255, 0, 0
L 821, 1911, 12402,  839, 1918, 12398,  255, 0, 0
L 839, 1918, 12398,  883, 1931, 12388,  255, 0, 0
L 883, 1931, 12388,  929, 1934, 12461,  255, 0, 0
L 929, 1934, 12461,  975, 1927, 12535,  255, 0, 0
L 975, 1927, 12535,  1021, 1909, 12582,  255, 0, 0
L 1021, 1909, 12582,  1059, 1887, 12573,  255, 0, 0
L 1059, 1887, 12573,  1083, 1849, 12563,  255, 0, 0
L 1083, 1849, 12563,  1102, 1802, 12549,  255, 0, 0
L 1102, 1802, 12549,  1107, 1777, 12543,  255, 0, 0
L 1107, 1777, 12543,  1110, 1756, 12538,  255, 0, 0
L 1110, 1756, 12538,  1136, 1750, 12529,  255, 0, 0
L 1136, 1703, 17261,  1136, 1762, 17261,  0, 255, 255
L 1136, 1762, 17261,  1128, 1803, 17258,  0, 255, 255
L 1128, 1803, 17258,  1112, 1843, 17261,  0, 255, 255
L 1112, 1843, 17261,  1088, 1882, 17258,  0, 255, 255
L 1088, 1882, 17258,  1058, 1912, 17258,  0, 255, 255
L 1058, 1912, 17258,  1019, 1936, 17259,  0, 255, 255
L 1019, 1936, 17259,  979, 1952, 17258,  0, 255, 255
L 979, 1952, 17258,  938, 1960, 17260,  0, 255, 255
L 938, 1960, 17260,  899, 1960, 17259,  0, 255, 255
L 899, 1960, 17259,  859, 1952, 17258,  0, 255, 255
L 859, 1952, 17258,  819, 1936, 17258,  0, 255, 255
L 819, 1936, 17258,  779, 1912, 17258,  0, 255, 255
L 779, 1912, 17258,  750, 1883, 17258,  0, 255, 255
L 750, 1883, 17258,  726, 1842, 17258,  0, 255, 255
L 726, 1842, 17258,  711, 1804, 17258,  0, 255, 255
L 711, 1804, 17258,  702, 1763, 17258,  0, 255, 255
L 702, 1763, 17258,  702, 1705, 17258,  0, 255, 255
L 702, 1705, 17258,  702, 1705, 17258,  0, 255, 255
L 702, 1705, 17258,  709, 1669, 17258,  0, 255, 255
L 709, 1669, 17258,  726, 1624, 17263,  0, 255, 255
L 726, 1624, 17263,  751, 1583, 17260,  0, 255, 255
L 751, 1583, 17260,  767, 1566, 17258,  0, 255, 255
L 767, 1566, 17258,  820, 1530, 17259,  0, 255, 255
L 820, 1530, 17259,  860, 1514, 17258,  0, 255, 255
L 860, 1514, 17258,  900, 1506, 17258,  0, 255, 255
L 900, 1506, 17258,  939, 1506, 17259,  0, 255, 255
L 939, 1506, 17259,  979, 1514, 17258,  0, 255, 255
L 979, 1514, 17258,  1020, 1531, 17259,  0, 255, 255
L 1020, 1531, 17259,  1058, 1554, 17259,  0, 255, 255
L 1058, 1554, 17259,  1087, 1583, 17259,  0, 255, 255
L 1087, 1583, 17259,  1112, 1624, 17258,  0, 255, 255
L 1112, 1624, 17258,  1128, 1664, 17258,  0, 255, 255
L 1128, 1664, 17258,  1136, 1703, 17261,  0, 255, 255
L 1136, 1703, 17261,  1136, 1762, 17262,  0, 255, 255
L 1122, 1750, 17258,  1122, 1761, 17258,  0, 0, 0
L 1122, 1761, 17258,  1092, 1762, 17258,  0, 0, 0
L 1092, 1762, 17258,  1092, 1750, 17258,  0, 0, 0
L 1092, 1750, 17258,  1080, 1750, 17258,  0, 0, 0
L 1080, 1750, 17258,  1080, 1716, 17258,  0, 0, 0
L 1080, 1716, 17258,  1092, 1716, 17258,  0, 0, 0
L 1092, 1716, 17258,  1092, 1704, 17258,  0, 0, 0
L 1092, 1704, 17258,  1122, 1704, 17258,  0, 0, 0
L 1122, 1704, 17258,  1122, 1716, 17258,  0, 0, 0
L 1122, 1716, 17258,  1134, 1716, 17258,  0, 0, 0
L 1134, 1716, 17258,  1134, 1750, 17258,  0, 0, 0
L 1134, 1750, 17258,  1122, 1750, 17258,  0, 0, 0
L 172, -480, -6362,  -159, -480, -6418,  0, 0, 0
L -159, -480, -6418,  -159, -341, -6421,  0, 0, 0
L -159, -341, -6421,  -181, -340, -6421,  0, 0, 0
L -181, -340, -6421,  -181, -480, -6421,  0, 0, 0
L -181, -480, -6421,  -504, -480, -6368,  0, 0, 0
L -639, -359, -6368,  -639, -22, -6419,  0, 0, 0
L -639, -22, -6419,  -499, -22, -6420,  0, 0, 0
L -499, -22, -6420,  -499, -1, -6404,  0, 0, 0
L -499, -1, -6404,  -639, 0, -6421,  0, 0, 0
L -639, 0, -6421,  -639, 332, -6374,  0, 0, 0
L -506, 457, -6374,  -181, 457, -6419,  0, 0, 0
L -181, 457, -6419,  -181, 317, -6419,  0, 0, 0
L -181, 317, -6419,  -160, 317, -6402,  0, 0, 0
L -160, 317, -6402,  -159, 457, -6419,  0, 0, 0
L -159, 457, -6419,  171, 457, -6378,  0, 0, 0
L 298, 326, -6378,  298, 0, -6421,  0, 0, 0
L 298, 0, -6421,  158, -1, -6421,  0, 0, 0
L 158, -1, -6421,  158, -22, -6420,  0, 0, 0
L 158, -22, -6420,  298, -22, -6418,  0, 0, 0
L 298, -22, -6418,  298, -358, -6362,  0, 0, 0
L -3, -22, -6419,  120, -22, -6421,  0, 0, 0
L 120, -22, -6421,  120, 0, -6407,  0, 0, 0
L 120, 0, -6407,  2, 0, -6419,  0, 0, 0
L 2, 0, -6419,  4, 8, -6414,  0, 0, 0
L 4, 8, -6414,  -32, 12, -6421,  0, 0, 0
L -32, 12, -6421,  -59, 38, -6403,  0, 0, 0
L -59, 38, -6403,  -80, 39, -6421,  0, 0, 0
L -80, 39, -6421,  -81, 17, -6401,  0, 0, 0
L -81, 17, -6401,  -62, 0, -6401,  0, 0, 0
L -62, 0, -6401,  -62, -20, -6401,  0, 0, 0
L -62, -20, -6401,  -81, -41, -6401,  0, 0, 0
L -81, -41, -6401,  -81, -62, -6421,  0, 0, 0
L -81, -62, -6421,  -60, -62, -6399,  0, 0, 0
L -60, -62, -6399,  -56, -58, -6411,  0, 0, 0
L -56, -58, -6411,  -38, -61, -6412,  0, 0, 0
L -38, -61, -6412,  -17, -63, -6421,  0, 0, 0
L -17, -63, -6421,  -15, -62, -6421,  0, 0, 0
L -15, -62, -6421,  -3, -22, -6418,  0, 0, 0
L -159, -119, -6401,  -140, -100, -6401,  0, 0, 0
L -140, -100, -6401,  -119, -121, -6399,  0, 0, 0
L -119, -121, -6399,  -138, -141, -6412,  0, 0, 0
L -138, -141, -6412,  -150, -188, -6412,  0, 0, 0
L -150, -188, -6412,  -159, -186, -6417,  0, 0, 0
L -159, -186, -6417,  -159, -302, -6421,  0, 0, 0
L -159, -302, -6421,  -181, -301, -6421,  0, 0, 0
L -181, -301, -6421,  -181, -180, -6420,  0, 0, 0
L -181, -180, -6420,  -222, -167, -6418,  0, 0, 0
L -222, -167, -6418,  -220, -142, -6412,  0, 0, 0
L -220, -142, -6412,  -218, -125, -6401,  0, 0, 0
L -218, -125, -6401,  -221, -121, -6403,  0, 0, 0
L -221, -121, -6403,  -221, -101, -6421,  0, 0, 0
L -221, -101, -6421,  -199, -100, -6401,  0, 0, 0
L -199, -100, -6401,  -181, -119, -6401,  0, 0, 0
L -181, -119, -6401,  -162, -119, -6401,  0, 0, 0
L -162, -119, -6401,  -161, -119, -6401,  0, 0, 0
L -180, 97, -6401,  -199, 78, -6401,  0, 0, 0
L -199, 78, -6401,  -220, 77, -6401,  0, 0, 0
L -220, 77, -6401,  -221, 98, -6412,  0, 0, 0
L -221, 98, -6412,  -204, 115, -6418,  0, 0, 0
L -204, 115, -6418,  -199, 128, -6408,  0, 0, 0
L -199, 128, -6408,  -192, 165, -6421,  0, 0, 0
L -192, 165, -6421,  -181, 164, -6421,  0, 0, 0
L -181, 164, -6421,  -181, 279, -6421,  0, 0, 0
L -181, 279, -6421,  -159, 279, -6420,  0, 0, 0
L -159, 279, -6420,  -159, 158, -6420,  0, 0, 0
L -159, 158, -6420,  -119, 144, -6405,  0, 0, 0
L -119, 144, -6405,  -119, 144, -6405,  0, 0, 0
L -119, 144, -6405,  -122, 116, -6416,  0, 0, 0
L -122, 116, -6416,  -124, 103, -6419,  0, 0, 0
L -124, 103, -6419,  -119, 99, -6419,  0, 0, 0
L -119, 99, -6419,  -119, 77, -6421,  0, 0, 0
L -119, 77, -6421,  -142, 78, -6401,  0, 0, 0
L -142, 78, -6401,  -160, 97, -6401,  0, 0, 0
L -160, 97, -6401,  -180, 97, -6401,  0, 0, 0
L -279, -1, -6401,  -279, -21, -6401,  0, 0, 0
L -279, -21, -6401,  -259, -40, -6401,  0, 0, 0
L -259, -40, -6401,  -259, -61, -6402,  0, 0, 0
L -259, -61, -6402,  -281, -62, -6400,  0, 0, 0
L -281, -62, -6400,  -295, -48, -6393,  0, 0, 0
L -295, -48, -6393,  -297, -46, -6394,  0, 0, 0
L -297, -46, -6394,  -297, -46, -6394,  0, 0, 0
L -297, -46, -6394,  -310, -40, -6395,  0, 0, 0
L -310, -40, -6395,  -342, -35, -6419,  0, 0, 0
L -342, -35, -6419,  -342, -34, -6417,  0, 0, 0
L -342, -34, -6417,  -341, -22, -6419,  0, 0, 0
L -341, -22, -6419,  -460, -22, -6420,  0, 0, 0
L -460, -22, -6420,  -461, 0, -6421,  0, 0, 0
L -461, 0, -6421,  -335, 0, -6419,  0, 0, 0
L -335, 0, -6419,  -323, 38, -6401,  0, 0, 0
L -323, 38, -6401,  -298, 36, -6415,  0, 0, 0
L -298, 36, -6415,  -286, 34, -6419,  0, 0, 0
L -286, 34, -6419,  -280, 39, -6419,  0, 0, 0
L -280, 39, -6419,  -260, 39, -6421,  0, 0, 0
L -260, 39, -6421,  -259, 18, -6401,  0, 0, 0
L -259, 18, -6401,  -279, -1, -6401,  0, 0, 0
L -221, 78, -6421,  -221, 39, -6421,  0, 0, 0
L -221, 39, -6421,  -260, 39, -6421,  0, 0, 0
L -119, 78, -6421,  -119, 39, -6421,  0, 0, 0
L -119, 39, -6421,  -80, 39, -6421,  0, 0, 0
L -80, -62, -6421,  -119, -62, -6421,  0, 0, 0
L -119, -62, -6421,  -119, -101, -6421,  0, 0, 0
L -221, -101, -6421,  -221, -62, -6421,  0, 0, 0
L -221, -62, -6421,  -260, -62, -6421,  0, 0, 0
L -219, -20, -6402,  -179, -20, -6461,  0, 0, 0
L -179, -20, -6461,  -179, -61, -6401,  0, 0, 0
L -162, -59, -6404,  -161, -20, -6461,  0, 0, 0
L -161, -20, -6461,  -121, -20, -6402,  0, 0, 0
L -121, -2, -6402,  -161, -2, -6461,  0, 0, 0
L -161, -2, -6461,  -161, 38, -6401,  0, 0, 0
L -180, 37, -6402,  -179, -2, -6461,  0, 0, 0
L -179, -2, -6461,  -219, -2, -6402,  0, 0, 0
L -119, -62, -6421,  -119, -121, -6398,  0, 0, 0
L 298, -300, -6418,  242, -309, -6416,  0, 0, 0
L 242, -309, -6416,  125, -426, -6419,  0, 0, 0
L 125, -426, -6419,  116, -480, -6405,  0, 0, 0
L 172, -480, -6362,  176, -454, -6362,  0, 0, 0
L 176, -454, -6362,  202, -428, -6362,  0, 0, 0
L 202, -428, -6362,  167, -393, -6362,  0, 0, 0
L 167, -393, -6362,  171, -389, -6362,  0, 0, 0
L 171, -389, -6362,  207, -424, -5907,  0, 0, 0
L 207, -424, -5907,  233, -397, -5907,  0, 0, 0
L 233, -397, -5907,  198, -362, -6362,  0, 0, 0
L 198, -362, -6362,  203, -358, -6362,  0, 0, 0
L 203, -358, -6362,  238, -393, -6362,  0, 0, 0
L 238, -393, -6362,  269, -362, -6362,  0, 0, 0
L 269, -362, -6362,  298, -358, -6362,  0, 0, 0
L 298, -358, -6362,  298, -358, -6362,  0, 0, 0
L 298, -358, -6362,  298, -358, -6362,  0, 0, 0
L 298, 269, -6421,  240, 279, -6419,  0, 0, 0
L 240, 279, -6419,  124, 396, -6421,  0, 0, 0
L 124, 396, -6421,  114, 457, -6412,  0, 0, 0
L 171, 457, -6378,  176, 424, -6378,  0, 0, 0
L 176, 424, -6378,  207, 392, -6378,  0, 0, 0
L 207, 392, -6378,  172, 357, -6378,  0, 0, 0
L 172, 357, -6378,  176, 352, -6378,  0, 0, 0
L 176, 352, -6378,  212, 387, -5923,  0, 0, 0
L 212, 387, -5923,  238, 361, -5923,  0, 0, 0
L 238, 361, -5923,  203, 326, -6378,  0, 0, 0
L 203, 326, -6378,  207, 321, -6378,  0, 0, 0
L 207, 321, -6378,  243, 356, -6378,  0, 0, 0
L 243, 356, -6378,  270, 330, -6378,  0, 0, 0
L 270, 330, -6378,  298, 326, -6378,  0, 0, 0
L 298, 326, -6378,  298, 326, -6378,  0, 0, 0
L -450, 457, -6402,  -458, 402, -6421,  0, 0, 0
L -458, 402, -6421,  -575, 285, -6421,  0, 0, 0
L -575, 285, -6421,  -639, 275, -6398,  0, 0, 0
L -639, 332, -6374,  -603, 337, -6374,  0, 0, 0
L -603, 337, -6374,  -572, 368, -6374,  0, 0, 0
L -572, 368, -6374,  -537, 333, -6374,  0, 0, 0
L -537, 333, -6374,  -533, 336, -6374,  0, 0, 0
L -533, 336, -6374,  -567, 372, -5919,  0, 0, 0
L -567, 372, -5919,  -541, 399, -5919,  0, 0, 0
L -541, 399, -5919,  -505, 364, -6374,  0, 0, 0
L -505, 364, -6374,  -501, 368, -6374,  0, 0, 0
L -501, 368, -6374,  -536, 403, -6374,  0, 0, 0
L -536, 403, -6374,  -536, 403, -6374,  0, 0, 0
L -536, 403, -6374,  -511, 430, -6374,  0, 0, 0
L -511, 430, -6374,  -506, 457, -6374,  0, 0, 0
L -639, -359, -6368,  -600, -365, -6368,  0, 0, 0
L -600, -365, -6368,  -574, -391, -6368,  0, 0, 0
L -574, -391, -6368,  -538, -356, -6368,  0, 0, 0
L -538, -356, -6368,  -534, -360, -6368,  0, 0, 0
L -534, -360, -6368,  -569, -396, -5913,  0, 0, 0
L -569, -396, -5913,  -543, -422, -5913,  0, 0, 0
L -543, -422, -5913,  -507, -387, -6368,  0, 0, 0
L -507, -387, -6368,  -507, -387, -6368,  0, 0, 0
L -507, -387, -6368,  -503, -392, -6368,  0, 0, 0
L -503, -392, -6368,  -538, -427, -6368,  0, 0, 0
L -538, -427, -6368,  -507, -457, -6368,  0, 0, 0
L -507, -457, -6368,  -504, -480, -6368,  0, 0, 0
L -504, -480, -6368,  -504, -480, -6368,  0, 0, 0
L -447, -480, -6421,  -455, -430, -6413,  0, 0, 0
L -455, -430, -6413,  -572, -313, -6421,  0, 0, 0
L -572, -313, -6421,  -639, -302, -6415,  0, 0, 0
L -8, -323, 14578,  -8, -245, 14578,  0, 0, 255
L -8, -245, 14578,  -86, -245, 14578,  0, 0, 255
L -86, -245, 14578,  -106, -164, 14578,  0, 0, 255
L -106, -164, 14578,  -120, -140, 14578,  0, 0, 255
L -120, -140, 14578,  -145, -125, 14578,  0, 0, 255
L -145, -125, 14578,  -226, -105, 14578,  0, 0, 255
L -226, -105, 14578,  -305, -105, 14578,  0, 0, 255
L -305, -105, 14578,  -385, -125, 14578,  0, 0, 255
L -385, -125, 14578,  -409, -139, 14579,  0, 0, 255
L -409, -139, 14579,  -424, -165, 14578,  0, 0, 255
L -424, -165, 14578,  -446, -246, 14578,  0, 0, 255
L -446, -246, 14578,  -521, -245, 14578,  0, 0, 255
L -521, -245, 14578,  -521, -323, 14578,  0, 0, 255
L -521, -323, 14578,  -444, -324, 14578,  0, 0, 255
L -444, -324, 14578,  -424, -403, 14578,  0, 0, 255
L -424, -403, 14578,  -409, -430, 14578,  0, 0, 255
L -409, -430, 14578,  -385, -443, 14578,  0, 0, 255
L -385, -443, 14578,  -304, -463, 14578,  0, 0, 255
L -304, -463, 14578,  -223, -463, 14578,  0, 0, 255
L -223, -463, 14578,  -145, -443, 14578,  0, 0, 255
L -145, -443, 14578,  -121, -428, 14587,  0, 0, 255
L -121, -428, 14587,  -106, -404, 14578,  0, 0, 255
L -106, -404, 14578,  -85, -323, 14578,  0, 0, 255
L -85, -323, 14578,  -9, -323, 14578,  0, 0, 255
L -87, -31, 10878,  -79, -14, 10878,  0, 255, 255
L -79, -14, 10878,  -53, -10, 10878,  0, 255, 255
L -53, -10, 10878,  -39, -12, 10878,  0, 255, 255
L -39, -12, 10878,  -21, -10, 10878,  0, 255, 255
L -21, -10, 10878,  0, -15, 10878,  0, 255, 255
L 0, -15, 10878,  5, -29, 10878,  0, 255, 255
L 5, -29, 10878,  15, -61, 10878,  0, 255, 255
L 15, -61, 10878,  5, -90, 10878,  0, 255, 255
L 5, -90, 10878,  -1, -94, 10878,  0, 255, 255
L -1, -94, 10878,  6, -99, 10878,  0, 255, 255
L 6, -99, 10878,  8, -124, 10878,  0, 255, 255
L 8, -124, 10878,  -4, -134, 10878,  0, 255, 255
L -4, -134, 10878,  1, -150, 10878,  0, 255, 255
L 1, -150, 10878,  -4, -174, 10878,  0, 255, 255
L -4, -174, 10878,  -17, -209, 10878,  0, 255, 255
L -17, -209, 10878,  -43, -213, 10878,  0, 255, 255
L -43, -213, 10878,  -66, -214, 10878,  0, 255, 255
L -66, -214, 10878,  -82, -194, 10878,  0, 255, 255
L -82, -194, 10878,  -83, -134, 10878,  0, 255, 255
L -83, -134, 10878,  -89, -105, 10878,  0, 255, 255
L -89, -105, 10878,  -79, -93, 10878,  0, 255, 255
L -79, -93, 10878,  -89, -83, 10878,  0, 255, 255
L -89, -83, 10878,  -82, -54, 10878,  0, 255, 255
L -82, -54, 10878,  -87, -30, 10878,  0, 255, 255
L -40, -10, 10868,  -25, 5, 10868,  0, 255, 255
L -25, 5, 10868,  -21, 30, 10868,  0, 255, 255
L -21, 30, 10868,  -60, 30, 10868,  0, 255, 255
L -60, 30, 10868,  -66, 14, 10868,  0, 255, 255
L -66, 14, 10868,  -55, -4, 10868,  0, 255, 255
L -55, -4, 10868,  -40, -10, 10868,  0, 255, 255
L 15, -286, 11118,  7, -280, 11098,  0, 255, 255
L 7, -280, 11098,  3, -277, 11088,  0, 255, 255
L 3, -277, 11088,  -8, -268, 11058,  0, 255, 255
L -8, -268, 11058,  -17, -258, 11028,  0, 255, 255
L -17, -258, 11028,  -29, -245, 10988,  0, 255, 255
L -29, -245, 10988,  -35, -236, 10958,  0, 255, 255
L -35, -236, 10958,  -43, -216, 10888,  0, 255, 255
L -43, -216, 10888,  -43, -215, 10888,  0, 255, 255
L -2, -286, 11118,  -11, -279, 11098,  0, 255, 255
L -11, -279, 11098,  -27, -267, 11058,  0, 255, 255
L -27, -267, 11058,  -34, -261, 11038,  0, 255, 255
L -34, -261, 11038,  -50, -242, 10978,  0, 255, 255
L -50, -242, 10978,  -57, -229, 10934,  0, 255, 255
L -57, -229, 10934,  -62, -215, 10888,  0, 255, 255
L 27, -287, 11128,  -51, -288, 11128,  0, 255, 255
L -51, -288, 11128,  -51, -366, 11128,  0, 255, 255
L -51, -366, 11128,  28, -367, 11128,  0, 255, 255
L 28, -367, 11128,  28, -287, 11128,  0, 255, 255
L -123, -412, 11368,  -118, -405, 11358,  0, 255, 255
L -118, -405, 11358,  -109, -394, 11328,  0, 255, 255
L -109, -394, 11328,  -98, -382, 11288,  0, 255, 255
L -98, -382, 11288,  -87, -371, 11248,  0, 255, 255
L -87, -371, 11248,  -82, -368, 11238,  0, 255, 255
L -82, -368, 11238,  -65, -358, 11178,  0, 255, 255
L -65, -358, 11178,  -53, -354, 11138,  0, 255, 255
L -53, -354, 11138,  -52, -354, 11138,  0, 255, 255
L -123, -395, 11368,  -110, -378, 11328,  0, 255, 255
L -110, -378, 11328,  -95, -361, 11278,  0, 255, 255
L -95, -361, 11278,  -88, -354, 11258,  0, 255, 255
L -88, -354, 11258,  -67, -340, 11188,  0, 255, 255
L -67, -340, 11188,  -54, -335, 11138,  0, 255, 255
L -124, -511, 11378,  -283, -512, 11378,  0, 255, 255
L -283, -512, 11378,  -283, -353, 11378,  0, 255, 255
L -283, -353, 11378,  -124, -352, 11378,  0, 255, 255
L -124, -352, 11378,  -124, -511, 11378,  0, 255, 255
L -357, -376, 11608,  -347, -388, 11596,  0, 255, 255
L -347, -388, 11596,  -337, -401, 11558,  0, 255, 255
L -337, -401, 11558,  -334, -404, 11551,  0, 255, 255
L -334, -404, 11551,  -323, -417, 11508,  0, 255, 255
L -323, -417, 11508,  -312, -423, 11478,  0, 255, 255
L -312, -423, 11478,  -301, -429, 11445,  0, 255, 255
L -301, -429, 11445,  -286, -436, 11388,  0, 255, 255
L -356, -433, 11608,  -349, -442, 11600,  0, 255, 255
L -349, -442, 11600,  -342, -453, 11578,  0, 255, 255
L -342, -453, 11578,  -323, -471, 11507,  0, 255, 255
L -323, -471, 11507,  -305, -485, 11448,  0, 255, 255
L -305, -485, 11448,  -286, -493, 11388,  0, 255, 255
L -286, -493, 11388,  -286, -493, 11388,  0, 255, 255
L -360, -368, 11618,  -375, -360, 11618,  0, 255, 255
L -375, -360, 11618,  -398, -365, 11618,  0, 255, 255
L -398, -365, 11618,  -429, -375, 11618,  0, 255, 255
L -429, -375, 11618,  -442, -384, 11618,  0, 255, 255
L -442, -384, 11618,  -444, -407, 11618,  0, 255, 255
L -444, -407, 11618,  -439, -446, 11618,  0, 255, 255
L -439, -446, 11618,  -435, -453, 11618,  0, 255, 255
L -435, -453, 11618,  -405, -463, 11618,  0, 255, 255
L -405, -463, 11618,  -375, -453, 11618,  0, 255, 255
L -375, -453, 11618,  -360, -447, 11618,  0, 255, 255
L -360, -447, 11618,  -357, -407, 11618,  0, 255, 255
L -357, -407, 11618,  -360, -367, 11618,  0, 255, 255
L -403, -392, 11618,  -439, -391, 11619,  0, 255, 255
L -439, -391, 11619,  -439, -433, 11619,  0, 255, 255
L -439, -433, 11619,  -403, -433, 11618,  0, 255, 255
L -403, -433, 11618,  -404, -392, 11619,  0, 255, 255
L -119, -104, 6311,  -119, -183, 6308,  0, 255, 0
L -119, -183, 6308,  -40, -183, 6312,  0, 255, 0
L -40, -183, 6312,  -40, -105, 6310,  0, 255, 0
L -40, -105, 6310,  -119, -104, 6309,  0, 255, 0
L -96, -105, 6311,  -101, -87, 6319,  0, 255, 0
L -101, -87, 6319,  -91, -68, 6318,  0, 255, 0
L -91, -68, 6318,  -76, -63, 6318,  0, 255, 0
L -76, -63, 6318,  -61, -77, 6320,  0, 255, 0
L -61, -77, 6320,  -56, -104, 6313,  0, 255, 0
L -173, -167, 6493,  -163, -156, 6457,  0, 255, 0
L -163, -156, 6457,  -151, -148, 6422,  0, 255, 0
L -151, -148, 6422,  -140, -141, 6384,  0, 255, 0
L -140, -141, 6384,  -131, -137, 6357,  0, 255, 0
L -131, -137, 6357,  -120, -133, 6315,  0, 255, 0
L -173, -149, 6489,  -166, -142, 6468,  0, 255, 0
L -166, -142, 6468,  -156, -133, 6442,  0, 255, 0
L -156, -133, 6442,  -146, -125, 6400,  0, 255, 0
L -146, -125, 6400,  -138, -121, 6381,  0, 255, 0
L -138, -121, 6381,  -121, -115, 6321,  0, 255, 0
L -175, -179, 6510,  -184, -182, 6521,  0, 255, 0
L -184, -182, 6521,  -195, -183, 6518,  0, 255, 0
L -195, -183, 6518,  -211, -175, 6509,  0, 255, 0
L -211, -175, 6509,  -215, -161, 6508,  0, 255, 0
L -215, -161, 6508,  -201, -144, 6509,  0, 255, 0
L -201, -144, 6509,  -175, -141, 6513,  0, 255, 0
L -175, -141, 6513,  -175, -179, 6509,  0, 255, 0
L -255, -252, 6753,  -242, -241, 6708,  0, 255, 0
L -242, -241, 6708,  -225, -226, 6662,  0, 255, 0
L -225, -226, 6662,  -213, -212, 6613,  0, 255, 0
L -213, -212, 6613,  -202, -191, 6548,  0, 255, 0
L -202, -191, 6548,  -201, -184, 6528,  0, 255, 0
L -241, -255, 6761,  -222, -240, 6707,  0, 255, 0
L -222, -240, 6707,  -211, -232, 6678,  0, 255, 0
L -211, -232, 6678,  -193, -212, 6575,  0, 255, 0
L -193, -212, 6575,  -187, -199, 6572,  0, 255, 0
L -187, -199, 6572,  -183, -187, 6537,  0, 255, 0
L -183, -187, 6537,  -181, -183, 6521,  0, 255, 0
L -241, -256, 6758,  -267, -251, 6758,  0, 255, 0
L -267, -251, 6758,  -272, -272, 6760,  0, 255, 0
L -272, -272, 6760,  -290, -267, 6758,  0, 255, 0
L -290, -267, 6758,  -310, -277, 6758,  0, 255, 0
L -310, -277, 6758,  -314, -292, 6761,  0, 255, 0
L -314, -292, 6761,  -300, -304, 6759,  0, 255, 0
L -300, -304, 6759,  -282, -304, 6758,  0, 255, 0
L -282, -304, 6758,  -268, -290, 6759,  0, 255, 0
L -268, -290, 6759,  -251, -296, 6758,  0, 255, 0
L -251, -296, 6758,  -227, -271, 6760,  0, 255, 0
L -227, -271, 6760,  -242, -255, 6758,  0, 255, 0
L -222, -376, 6998,  -224, -375, 6998,  0, 255, 0
L -224, -375, 6998,  -238, -364, 6965,  0, 255, 0
L -238, -364, 6965,  -255, -349, 6917,  0, 255, 0
L -255, -349, 6917,  -267, -335, 6868,  0, 255, 0
L -267, -335, 6868,  -276, -321, 6825,  0, 255, 0
L -276, -321, 6825,  -281, -303, 6765,  0, 255, 0
L -241, -376, 6998,  -241, -376, 6998,  0, 255, 0
L -241, -376, 6998,  -256, -364, 6968,  0, 255, 0
L -256, -364, 6968,  -270, -352, 6925,  0, 255, 0
L -270, -352, 6925,  -276, -346, 6907,  0, 255, 0
L -276, -346, 6907,  -290, -329, 6848,  0, 255, 0
L -290, -329, 6848,  -292, -325, 6837,  0, 255, 0
L -292, -325, 6837,  -301, -304, 6765,  0, 255, 0
L -261, -377, 7010,  -260, -457, 7009,  0, 255, 0
L -260, -457, 7009,  -182, -457, 7012,  0, 255, 0
L -182, -457, 7012,  -181, -378, 7010,  0, 255, 0
L -181, -378, 7010,  -260, -378, 7010,  0, 255, 0
L -109, -369, 7250,  -125, -391, 7200,  0, 255, 0
L -125, -391, 7200,  -125, -391, 7200,  0, 255, 0
L -125, -391, 7200,  -134, -401, 7174,  0, 255, 0
L -134, -401, 7174,  -134, -401, 7174,  0, 255, 0
L -134, -401, 7174,  -160, -420, 7088,  0, 255, 0
L -160, -420, 7088,  -160, -420, 7088,  0, 255, 0
L -160, -420, 7088,  -180, -429, 7021,  0, 255, 0
L -180, -429, 7021,  -180, -429, 7021,  0, 255, 0
L -180, -429, 7021,  -180, -429, 7018,  0, 255, 0
L -109, -388, 7252,  -116, -401, 7209,  0, 255, 0
L -116, -401, 7209,  -127, -411, 7196,  0, 255, 0
L -127, -411, 7196,  -127, -411, 7196,  0, 255, 0
L -127, -411, 7196,  -128, -412, 7189,  0, 255, 0
L -128, -412, 7189,  -146, -429, 7129,  0, 255, 0
L -146, -429, 7129,  -171, -444, 7050,  0, 255, 0
L -171, -444, 7050,  -180, -447, 7019,  0, 255, 0
L -107, -387, 7259,  -91, -407, 7262,  0, 255, 0
L -91, -407, 7262,  -67, -407, 7261,  0, 255, 0
L -67, -407, 7261,  -42, -404, 7260,  0, 255, 0
L -42, -404, 7260,  -29, -367, 7258,  0, 255, 0
L -29, -367, 7258,  -23, -345, 7261,  0, 255, 0
L -23, -345, 7261,  -30, -327, 7261,  0, 255, 0
L -30, -327, 7261,  -24, -323, 7259,  0, 255, 0
L -24, -323, 7259,  -13, -293, 7259,  0, 255, 0
L -13, -293, 7259,  -21, -271, 7258,  0, 255, 0
L -21, -271, 7258,  -35, -243, 7258,  0, 255, 0
L -35, -243, 7258,  -50, -225, 7258,  0, 255, 0
L -50, -225, 7258,  -72, -246, 7258,  0, 255, 0
L -72, -246, 7258,  -82, -244, 7259,  0, 255, 0
L -82, -244, 7259,  -109, -249, 7261,  0, 255, 0
L -109, -249, 7261,  -114, -264, 7258,  0, 255, 0
L -114, -264, 7258,  -111, -289, 7262,  0, 255, 0
L -111, -289, 7262,  -118, -319, 7241,  0, 255, 0
L -118, -319, 7241,  -107, -387, 7261,  0, 255, 0
L -89, -289, 7260,  -89, -247, 7258,  0, 255, 0
L -89, -247, 7258,  -47, -247, 7260,  0, 255, 0
L -47, -247, 7260,  -47, -289, 7258,  0, 255, 0
L -47, -289, 7258,  -89, -289, 7259,  0, 255, 0
L -159, -128, -15601,  -159, -24, -15601,  255, 0, 255
L -159, -24, -15601,  -225, -25, -15222,  255, 0, 255
L -225, -25, -15222,  -225, -90, -14901,  255, 0, 255
L -225, -90, -14901,  -225, -128, -14881,  255, 0, 255
L -225, -128, -14881,  -305, -129, -14881,  255, 0, 255
L -305, -129, -14881,  -305, -208, -14881,  255, 0, 255
L -305, -208, -14881,  -325, -208, -14881,  255, 0, 255
L -325, -208, -14881,  -325, -250, -14881,  255, 0, 255
L -325, -250, -14881,  -305, -250, -14881,  255, 0, 255
L -305, -250, -14881,  -305, -328, -14881,  255, 0, 255
L -305, -328, -14881,  -583, -328, -14881,  255, 0, 255
L -583, -328, -14881,  -583, -248, -14881,  255, 0, 255
L -583, -248, -14881,  -624, -248, -14881,  255, 0, 255
L -624, -248, -14881,  -625, -288, -14881,  255, 0, 255
L -625, -288, -14881,  -721, -288, -14881,  255, 0, 255
L -721, -288, -14881,  -721, -285, -14881,  255, 0, 255
L -721, -285, -14881,  -743, -285, -14881,  255, 0, 255
L -743, -285, -14881,  -743, -170, -14881,  255, 0, 255
L -743, -170, -14881,  -625, -170, -14881,  255, 0, 255
L -625, -170, -14881,  -625, -210, -14881,  255, 0, 255
L -625, -210, -14881,  -543, -210, -14881,  255, 0, 255
L -543, -210, -14881,  -543, -90, -14881,  255, 0, 255
L -543, -90, -14881,  -463, -90, -14881,  255, 0, 255
L -423, -50, -14881,  -305, -50, -14881,  255, 0, 255
L -305, -50, -14881,  -305, -89, -14881,  255, 0, 255
L -305, -89, -14881,  -263, -89, -14901,  255, 0, 255
L -263, -89, -14901,  -263, 13, -15241,  255, 0, 255
L -263, 13, -15241,  -159, 13, -15601,  255, 0, 255
L -159, 13, -15601,  -159, 149, -15601,  255, 0, 255
L -159, 149, -15601,  -40, 149, -15601,  255, 0, 255
L -40, 149, -15601,  -39, 171, -15481,  255, 0, 255
L -39, 171, -15481,  -199, 171, -15481,  255, 0, 255
L -199, 171, -15481,  -199, 315, -15481,  255, 0, 255
L -199, 315, -15481,  -189, 329, -15481,  255, 0, 255
L -189, 329, -15481,  -159, 329, -15481,  255, 0, 255
L -159, 329, -15481,  -159, 350, -15361,  255, 0, 255
L -159, 350, -15361,  -199, 351, -15361,  255, 0, 255
L -199, 351, -15361,  -199, 391, -15361,  255, 0, 255
L -199, 391, -15361,  -220, 391, -15241,  255, 0, 255
L -220, 391, -15241,  -221, 351, -15241,  255, 0, 255
L -221, 351, -15241,  -361, 351, -15241,  255, 0, 255
L -361, 351, -15241,  -375, 369, -15241,  255, 0, 255
L -375, 369, -15241,  -379, 375, -15214,  255, 0, 255
L -379, 375, -15214,  -379, 509, -15241,  255, 0, 255
L -379, 509, -15241,  -339, 509, -15241,  255, 0, 255
L -339, 509, -15241,  -339, 551, -15021,  255, 0, 255
L -339, 551, -15021,  -379, 551, -15021,  255, 0, 255
L -379, 551, -15021,  -379, 709, -15021,  255, 0, 255
L -379, 709, -15021,  -221, 709, -15021,  255, 0, 255
L -221, 709, -15021,  -221, 670, -15021,  255, 0, 255
L -221, 670, -15021,  -199, 669, -14901,  255, 0, 255
L -199, 669, -14901,  -199, 709, -14901,  255, 0, 255
L -199, 709, -14901,  -119, 709, -14901,  255, 0, 255
L -81, 710, -14883,  39, 709, -14901,  255, 0, 255
L 78, 709, -14901,  158, 709, -14901,  255, 0, 255
L 158, 709, -14901,  158, 669, -14901,  255, 0, 255
L 158, 669, -14901,  179, 669, -15003,  255, 0, 255
L 179, 669, -15003,  180, 709, -15021,  255, 0, 255
L 180, 709, -15021,  338, 709, -15021,  255, 0, 255
L 338, 709, -15021,  338, 573, -15021,  255, 0, 255
L 338, 573, -15021,  336, 573, -15021,  255, 0, 255
L 336, 573, -15021,  334, 551, -15021,  255, 0, 255
L 334, 551, -15021,  298, 550, -15025,  255, 0, 255
L 298, 550, -15025,  298, 509, -15241,  255, 0, 255
L 298, 509, -15241,  338, 509, -15241,  255, 0, 255
L 338, 509, -15241,  338, 353, -15241,  255, 0, 255
L 338, 353, -15241,  335, 351, -15241,  255, 0, 255
L 335, 351, -15241,  180, 351, -15241,  255, 0, 255
L 180, 351, -15241,  180, 351, -15241,  255, 0, 255
L 180, 351, -15241,  180, 391, -15241,  255, 0, 255
L 180, 391, -15241,  159, 391, -15342,  255, 0, 255
L 159, 391, -15342,  158, 351, -15361,  255, 0, 255
L 158, 351, -15361,  118, 351, -15361,  255, 0, 255
L 118, 351, -15361,  118, 329, -15481,  255, 0, 255
L 118, 329, -15481,  158, 329, -15481,  255, 0, 255
L 158, 329, -15481,  158, 171, -15481,  255, 0, 255
L 158, 171, -15481,  -1, 171, -15481,  255, 0, 255
L -1, 171, -15481,  -1, 149, -15601,  255, 0, 255
L -1, 149, -15601,  118, 149, -15601,  255, 0, 255
L 118, 149, -15601,  118, 29, -15601,  255, 0, 255
L 118, 29, -15601,  159, 29, -15499,  255, 0, 255
L 159, 29, -15499,  201, 51, -15395,  255, 0, 255
L 201, 51, -15395,  238, 88, -15302,  255, 0, 255
L 238, 88, -15302,  278, 108, -15203,  255, 0, 255
L 279, 71, -15201,  239, 51, -15302,  255, 0, 255
L 239, 51, -15302,  192, 8, -15417,  255, 0, 255
L 192, 8, -15417,  159, -8, -15502,  255, 0, 255
L 159, -8, -15502,  118, -8, -15601,  255, 0, 255
L 118, -8, -15601,  118, -128, -15601,  255, 0, 255
L 118, -128, -15601,  -1, -129, -15601,  255, 0, 255
L -1, -129, -15601,  -1, -160, -15570,  255, 0, 255
L -1, -160, -15570,  7, -170, -15564,  255, 0, 255
L 7, -170, -15564,  73, -170, -15601,  255, 0, 255
L 73, -170, -15601,  78, -171, -15601,  255, 0, 255
L 78, -171, -15601,  77, -241, -15561,  255, 0, 255
L 77, -241, -15561,  88, -250, -15566,  255, 0, 255
L 88, -250, -15566,  118, -250, -15601,  255, 0, 255
L 118, -250, -15601,  118, -288, -15601,  255, 0, 255
L 118, -288, -15601,  87, -288, -15564,  255, 0, 255
L 87, -288, -15564,  78, -297, -15564,  255, 0, 255
L 78, -297, -15564,  78, -328, -15601,  255, 0, 255
L 78, -328, -15601,  40, -328, -15601,  255, 0, 255
L 40, -328, -15601,  41, -297, -15561,  255, 0, 255
L 41, -297, -15561,  31, -288, -15564,  255, 0, 255
L 31, -288, -15564,  -32, -288, -15561,  255, 0, 255
L -32, -288, -15561,  -41, -297, -15564,  255, 0, 255
L -41, -297, -15564,  -41, -368, -15601,  255, 0, 255
L -41, -368, -15601,  -72, -368, -15561,  255, 0, 255
L -72, -368, -15561,  -81, -377, -15564,  255, 0, 255
L -81, -377, -15564,  -81, -448, -15601,  255, 0, 255
L -81, -448, -15601,  -159, -448, -15601,  255, 0, 255
L -159, -448, -15601,  -159, -437, -15562,  255, 0, 255
L -159, -437, -15562,  -168, -428, -15564,  255, 0, 255
L -168, -428, -15564,  -199, -428, -15601,  255, 0, 255
L -199, -428, -15601,  -199, -390, -15601,  255, 0, 255
L -199, -390, -15601,  -169, -390, -15573,  255, 0, 255
L -169, -390, -15573,  -159, -381, -15564,  255, 0, 255
L -159, -381, -15564,  -159, -330, -15601,  255, 0, 255
L -159, -330, -15601,  -88, -330, -15564,  255, 0, 255
L -88, -330, -15564,  -79, -321, -15564,  255, 0, 255
L -79, -321, -15564,  -79, -170, -15601,  255, 0, 255
L -79, -170, -15601,  -48, -170, -15564,  255, 0, 255
L -48, -170, -15564,  -39, -160, -15572,  255, 0, 255
L -39, -160, -15572,  -39, -128, -15601,  255, 0, 255
L -39, -128, -15601,  -159, -128, -15601,  255, 0, 255
L -159, -128, -15601,  -159, -128, -15601,  255, 0, 255
L -41, 329, -15481,  -40, 351, -15361,  255, 0, 255
L -40, 351, -15361,  0, 350, -15361,  255, 0, 255
L 0, 350, -15361,  0, 329, -15481,  255, 0, 255
L 0, 329, -15481,  -41, 329, -15481,  255, 0, 255
L -199, 509, -15361,  158, 509, -15361,  255, 0, 255
L 158, 509, -15361,  158, 469, -15361,  255, 0, 255
L 158, 469, -15361,  180, 470, -15241,  255, 0, 255
L 180, 470, -15241,  180, 509, -15241,  255, 0, 255
L 180, 509, -15241,  220, 509, -15241,  255, 0, 255
L 220, 509, -15241,  220, 551, -15021,  255, 0, 255
L 220, 551, -15021,  180, 551, -15021,  255, 0, 255
L 180, 551, -15021,  180, 591, -15021,  255, 0, 255
L 180, 591, -15021,  158, 591, -14901,  255, 0, 255
L 158, 591, -14901,  158, 551, -14901,  255, 0, 255
L 158, 551, -14901,  -199, 551, -14901,  255, 0, 255
L -199, 551, -14901,  -199, 591, -14901,  255, 0, 255
L -199, 591, -14901,  -221, 591, -15021,  255, 0, 255
L -221, 591, -15021,  -221, 551, -15021,  255, 0, 255
L -221, 551, -15021,  -261, 551, -15021,  255, 0, 255
L -261, 551, -15021,  -261, 510, -15223,  255, 0, 255
L -261, 510, -15223,  -221, 509, -15241,  255, 0, 255
L -221, 509, -15241,  -221, 469, -15241,  255, 0, 255
L -221, 469, -15241,  -199, 469, -15361,  255, 0, 255
L -199, 469, -15361,  -199, 509, -15361,  255, 0, 255
L -119, 709, -14901,  -119, 731, -14781,  255, 0, 255
L -119, 731, -14781,  -199, 731, -14781,  255, 0, 255
L -199, 731, -14781,  -199, 770, -14781,  255, 0, 255
L -199, 770, -14781,  -221, 771, -14661,  255, 0, 255
L -221, 771, -14661,  -221, 731, -14661,  255, 0, 255
L -221, 731, -14661,  -337, 731, -14661,  255, 0, 255
L -337, 731, -14661,  -376, 731, -14661,  255, 0, 255
L -376, 731, -14661,  -376, 752, -14661,  255, 0, 255
L -376, 752, -14661,  -379, 753, -14661,  255, 0, 255
L -379, 753, -14661,  -379, 889, -14661,  255, 0, 255
L -379, 889, -14661,  -339, 889, -14661,  255, 0, 255
L -339, 889, -14661,  -339, 911, -14541,  255, 0, 255
L -339, 911, -14541,  -379, 911, -14541,  255, 0, 255
L -379, 911, -14541,  -379, 1056, -14541,  255, 0, 255
L -379, 1056, -14541,  -369, 1069, -14541,  255, 0, 255
L -369, 1069, -14541,  -221, 1069, -14541,  255, 0, 255
L -221, 1069, -14541,  -221, 1029, -14541,  255, 0, 255
L -221, 1029, -14541,  -199, 1029, -14421,  255, 0, 255
L -199, 1029, -14421,  -199, 1064, -14421,  255, 0, 255
L -199, 1064, -14421,  -199, 1148, -13997,  255, 0, 255
L -199, 1148, -13997,  -199, 1349, -14021,  255, 0, 255
L -199, 1349, -14021,  -160, 1349, -14021,  255, 0, 255
L -160, 1349, -14021,  -159, 1431, -14021,  255, 0, 255
L -159, 1431, -14021,  -199, 1431, -14021,  255, 0, 255
L -199, 1431, -14021,  -199, 1431, -14021,  255, 0, 255
L -199, 1431, -14021,  -199, 1629, -14021,  255, 0, 255
L -199, 1629, -14021,  158, 1629, -14021,  255, 0, 255
L 40, 1629, -14021,  40, 1589, -14021,  255, 0, 255
L 40, 1589, -14021,  -80, 1589, -14021,  255, 0, 255
L -80, 1589, -14021,  -81, 1629, -14021,  255, 0, 255
L -81, 1629, -14021,  -81, 1629, -14021,  255, 0, 255
L 158, 1629, -14021,  158, 1431, -14021,  255, 0, 255
L 158, 1431, -14021,  118, 1431, -14021,  255, 0, 255
L 118, 1431, -14021,  118, 1349, -14021,  255, 0, 255
L 118, 1349, -14021,  158, 1349, -14021,  255, 0, 255
L 158, 1349, -14021,  158, 1156, -13997,  255, 0, 255
L 158, 1156, -13997,  158, 1120, -14144,  255, 0, 255
L 158, 1120, -14144,  158, 1067, -14417,  255, 0, 255
L 158, 1067, -14417,  158, 1029, -14421,  255, 0, 255
L 158, 1029, -14421,  180, 1029, -14541,  255, 0, 255
L 180, 1029, -14541,  180, 1069, -14541,  255, 0, 255
L 180, 1069, -14541,  338, 1069, -14541,  255, 0, 255
L 338, 1069, -14541,  338, 911, -14541,  255, 0, 255
L 338, 911, -14541,  298, 911, -14541,  255, 0, 255
L 298, 911, -14541,  298, 889, -14661,  255, 0, 255
L 298, 889, -14661,  338, 889, -14661,  255, 0, 255
L 338, 889, -14661,  338, 731, -14661,  255, 0, 255
L 338, 731, -14661,  338, 731, -14661,  255, 0, 255
L 338, 731, -14661,  180, 731, -14661,  255, 0, 255
L 180, 731, -14661,  180, 770, -14661,  255, 0, 255
L 180, 770, -14661,  158, 771, -14781,  255, 0, 255
L 158, 771, -14781,  158, 731, -14781,  255, 0, 255
L 158, 731, -14781,  78, 731, -14781,  255, 0, 255
L 78, 731, -14781,  78, 709, -14901,  255, 0, 255
L 40, 709, -14901,  40, 731, -14781,  255, 0, 255
L 40, 731, -14781,  0, 731, -14781,  255, 0, 255
L 0, 731, -14781,  0, 889, -14781,  255, 0, 255
L 0, 889, -14781,  158, 889, -14781,  255, 0, 255
L 158, 889, -14781,  158, 849, -14781,  255, 0, 255
L 158, 849, -14781,  180, 849, -14661,  255, 0, 255
L 180, 849, -14661,  180, 889, -14661,  255, 0, 255
L 180, 889, -14661,  219, 889, -14661,  255, 0, 255
L 219, 889, -14661,  220, 911, -14541,  255, 0, 255
L 220, 911, -14541,  180, 911, -14541,  255, 0, 255
L 180, 911, -14541,  180, 911, -14541,  255, 0, 255
L 180, 911, -14541,  180, 950, -14541,  255, 0, 255
L 180, 950, -14541,  158, 950, -14421,  255, 0, 255
L 158, 950, -14421,  158, 911, -14421,  255, 0, 255
L 158, 911, -14421,  158, 911, -14421,  255, 0, 255
L 158, 911, -14421,  -199, 911, -14421,  255, 0, 255
L -199, 911, -14421,  -199, 951, -14421,  255, 0, 255
L -199, 951, -14421,  -221, 951, -14541,  255, 0, 255
L -221, 951, -14541,  -221, 911, -14541,  255, 0, 255
L -221, 911, -14541,  -261, 911, -14541,  255, 0, 255
L -261, 911, -14541,  -261, 889, -14661,  255, 0, 255
L -261, 889, -14661,  -221, 889, -14661,  255, 0, 255
L -221, 889, -14661,  -221, 849, -14661,  255, 0, 255
L -221, 849, -14661,  -199, 849, -14781,  255, 0, 255
L -199, 849, -14781,  -199, 889, -14781,  255, 0, 255
L -199, 889, -14781,  -41, 889, -14781,  255, 0, 255
L -41, 889, -14781,  -41, 731, -14781,  255, 0, 255
L -41, 731, -14781,  -81, 731, -14781,  255, 0, 255
L -81, 731, -14781,  -81, 710, -14901,  255, 0, 255
L -463, -90, -14881,  -463, -61, -14761,  255, 0, 255
L -463, -61, -14761,  -463, 11, -14761,  255, 0, 255
L -463, 11, -14761,  -505, 10, -14761,  255, 0, 255
L -505, 10, -14761,  -505, -28, -14761,  255, 0, 255
L -505, -28, -14761,  -603, -28, -14761,  255, 0, 255
L -603, -28, -14761,  -603, 9, -14761,  255, 0, 255
L -583, 9, -14761,  -604, 10, -14641,  255, 0, 255
L -604, 10, -14641,  -605, -48, -14641,  255, 0, 255
L -605, -48, -14641,  -723, -48, -14631,  255, 0, 255
L -723, -48, -14631,  -723, 69, -14641,  255, 0, 255
L -723, 69, -14641,  -663, 69, -14641,  255, 0, 255
L -663, 69, -14641,  -663, 129, -14761,  255, 0, 255
L -663, 129, -14761,  -624, 129, -14761,  255, 0, 255
L -624, 129, -14761,  -623, 169, -14761,  255, 0, 255
L -623, 169, -14761,  -583, 169, -14761,  255, 0, 255
L -583, 169, -14761,  -583, 209, -14761,  255, 0, 255
L -583, 209, -14761,  -543, 209, -14761,  255, 0, 255
L -543, 209, -14761,  -543, 289, -14761,  255, 0, 255
L -543, 289, -14761,  -465, 289, -14761,  255, 0, 255
L -465, 289, -14761,  -465, 171, -14761,  255, 0, 255
L -465, 171, -14761,  -545, 171, -14761,  255, 0, 255
L -545, 171, -14761,  -545, 89, -14761,  255, 0, 255
L -545, 89, -14761,  -505, 89, -14761,  255, 0, 255
L -505, 89, -14761,  -505, 50, -14761,  255, 0, 255
L -505, 50, -14761,  -425, 49, -14761,  255, 0, 255
L -425, 49, -14761,  -425, -47, -14761,  255, 0, 255
L -425, -47, -14761,  -424, -90, -14881,  255, 0, 255
L -584, 51, -14761,  -603, 51, -14761,  255, 0, 255
L -603, 51, -14761,  -603, 71, -14761,  255, 0, 255
L -603, 71, -14761,  -611, 71, -14761,  255, 0, 255
L -611, 71, -14761,  -611, 90, -14761,  255, 0, 255
L -653, 90, -14761,  -653, 71, -14761,  255, 0, 255
L -653, 71, -14761,  -663, 71, -14761,  255, 0, 255
L -423, -208, -14881,  -363, -208, -14881,  255, 0, 255
L -363, -208, -14881,  -363, -250, -14881,  255, 0, 255
L -363, -250, -14881,  -423, -250, -14881,  255, 0, 255
L -423, -250, -14881,  -423, -290, -14881,  255, 0, 255
L -423, -290, -14881,  -465, -290, -14881,  255, 0, 255
L -465, -290, -14881,  -465, -210, -14881,  255, 0, 255
L -465, -210, -14881,  -505, -209, -14881,  255, 0, 255
L -505, -209, -14881,  -505, -128, -14881,  255, 0, 255
L -505, -128, -14881,  -424, -128, -14881,  255, 0, 255
L -424, -128, -14881,  -423, -208, -14881,  255, 0, 255
L 279, 109, -15201,  302, 109, -15201,  255, 0, 255
L 302, 109, -15201,  302, 102, -15201,  255, 0, 255
L 302, 102, -15201,  320, 101, -15201,  255, 0, 255
L 320, 101, -15201,  320, 169, -15201,  255, 0, 255
L 320, 169, -15201,  339, 169, -15201,  255, 0, 255
L 339, 169, -15201,  340, 211, -15101,  255, 0, 255
L 340, 211, -15101,  302, 211, -15085,  255, 0, 255
L 302, 211, -15085,  300, 230, -15101,  255, 0, 255
L 300, 230, -15101,  300, 324, -15083,  255, 0, 255
L 300, 324, -15083,  326, 329, -15101,  255, 0, 255
L 326, 329, -15101,  338, 329, -15101,  255, 0, 255
L 338, 329, -15101,  338, 321, -15101,  255, 0, 255
L 338, 321, -15101,  356, 321, -15101,  255, 0, 255
L 356, 321, -15101,  356, 329, -15101,  255, 0, 255
L 356, 329, -15101,  402, 329, -15101,  255, 0, 255
L 402, 329, -15101,  402, 322, -15101,  255, 0, 255
L 402, 322, -15101,  419, 321, -15101,  255, 0, 255
L 419, 321, -15101,  420, 329, -15101,  255, 0, 255
L 420, 329, -15101,  458, 329, -15101,  255, 0, 255
L 458, 329, -15101,  458, 289, -15101,  255, 0, 255
L 458, 289, -15101,  498, 289, -15003,  255, 0, 255
L 498, 289, -15003,  539, 269, -14902,  255, 0, 255
L 539, 269, -14902,  578, 229, -14802,  255, 0, 255
L 578, 229, -14802,  618, 209, -14702,  255, 0, 255
L 618, 209, -14702,  660, 209, -14701,  255, 0, 255
L 660, 209, -14701,  660, 249, -14701,  255, 0, 255
L 660, 249, -14701,  738, 249, -14701,  255, 0, 255
L 738, 249, -14701,  738, 131, -14701,  255, 0, 255
L 738, 131, -14701,  718, 131, -14701,  255, 0, 255
L 718, 131, -14701,  738, 89, -14701,  255, 0, 255
L 738, 89, -14701,  820, 89, -14501,  255, 0, 255
L 820, 89, -14501,  820, 159, -14501,  255, 0, 255
L 820, 159, -14501,  978, 159, -14501,  255, 0, 255
L 978, 159, -14501,  978, -78, -14501,  255, 0, 255
L 978, -78, -14501,  820, -78, -14501,  255, 0, 255
L 820, -78, -14501,  820, -8, -14501,  255, 0, 255
L 820, -8, -14501,  738, -8, -14701,  255, 0, 255
L 738, -8, -14701,  718, -48, -14797,  255, 0, 255
L 718, -48, -14797,  719, -90, -14901,  255, 0, 255
L 719, -90, -14901,  738, -90, -14901,  255, 0, 255
L 738, -90, -14901,  738, -108, -14901,  255, 0, 255
L 738, -108, -14901,  730, -108, -14901,  255, 0, 255
L 730, -108, -14901,  730, -126, -14901,  255, 0, 255
L 730, -126, -14901,  738, -126, -14901,  255, 0, 255
L 738, -126, -14901,  738, -172, -14901,  255, 0, 255
L 738, -172, -14901,  731, -172, -14901,  255, 0, 255
L 731, -172, -14901,  730, -189, -14901,  255, 0, 255
L 730, -189, -14901,  738, -190, -14901,  255, 0, 255
L 738, -190, -14901,  738, -208, -14901,  255, 0, 255
L 738, -208, -14901,  698, -208, -14901,  255, 0, 255
L 698, -208, -14901,  698, -268, -14901,  255, 0, 255
L 698, -268, -14901,  678, -309, -14802,  255, 0, 255
L 678, -309, -14802,  639, -348, -14704,  255, 0, 255
L 639, -348, -14704,  618, -389, -14601,  255, 0, 255
L 618, -389, -14601,  618, -430, -14601,  255, 0, 255
L 618, -430, -14601,  659, -410, -14500,  255, 0, 255
L 659, -410, -14500,  701, -369, -14396,  255, 0, 255
L 701, -369, -14396,  740, -350, -14301,  255, 0, 255
L 740, -350, -14301,  762, -350, -14301,  255, 0, 255
L 762, -350, -14301,  762, -358, -14301,  255, 0, 255
L 762, -358, -14301,  780, -358, -14301,  255, 0, 255
L 780, -358, -14301,  780, -273, -14301,  255, 0, 255
L 780, -273, -14301,  797, -273, -14301,  255, 0, 255
L 797, -273, -14301,  799, -270, -14301,  255, 0, 255
L 799, -270, -14301,  882, -270, -14301,  255, 0, 255
L 882, -270, -14301,  882, -277, -14301,  255, 0, 255
L 882, -277, -14301,  898, -278, -14301,  255, 0, 255
L 898, -278, -14301,  898, -306, -14301,  255, 0, 255
L 898, -306, -14301,  888, -306, -14301,  255, 0, 255
L 888, -306, -14301,  888, -351, -14301,  255, 0, 255
L 888, -351, -14301,  898, -352, -14301,  255, 0, 255
L 898, -352, -14301,  898, -380, -14301,  255, 0, 255
L 898, -380, -14301,  882, -380, -14301,  255, 0, 255
L 882, -380, -14301,  882, -388, -14301,  255, 0, 255
L 882, -388, -14301,  780, -388, -14301,  255, 0, 255
L 780, -388, -14301,  780, -380, -14301,  255, 0, 255
L 780, -380, -14301,  763, -380, -14301,  255, 0, 255
L 763, -380, -14301,  762, -388, -14301,  255, 0, 255
L 762, -388, -14301,  739, -388, -14301,  255, 0, 255
L 739, -388, -14301,  699, -408, -14402,  255, 0, 255
L 699, -408, -14402,  657, -449, -14504,  255, 0, 255
L 657, -449, -14504,  618, -468, -14601,  255, 0, 255
L 618, -468, -14601,  618, -508, -14601,  255, 0, 255
L 618, -508, -14601,  568, -508, -14601,  255, 0, 255
L 568, -508, -14601,  568, -501, -14601,  255, 0, 255
L 568, -501, -14601,  550, -500, -14601,  255, 0, 255
L 550, -500, -14601,  550, -508, -14601,  255, 0, 255
L 550, -508, -14601,  500, -508, -14601,  255, 0, 255
L 500, -508, -14601,  500, -458, -14601,  255, 0, 255
L 500, -458, -14601,  507, -458, -14601,  255, 0, 255
L 507, -458, -14601,  508, -440, -14601,  255, 0, 255
L 508, -440, -14601,  500, -440, -14601,  255, 0, 255
L 500, -440, -14601,  500, -389, -14601,  255, 0, 255
L 500, -389, -14601,  460, -349, -14700,  255, 0, 255
L 460, -349, -14700,  440, -308, -14801,  255, 0, 255
L 440, -308, -14801,  436, -308, -14801,  255, 0, 255
L 436, -308, -14801,  436, -300, -14801,  255, 0, 255
L 436, -300, -14801,  418, -300, -14801,  255, 0, 255
L 418, -300, -14801,  418, -308, -14801,  255, 0, 255
L 418, -308, -14801,  400, -308, -14801,  255, 0, 255
L 400, -308, -14801,  400, -230, -14801,  255, 0, 255
L 400, -230, -14801,  418, -230, -14801,  255, 0, 255
L 418, -230, -14801,  418, -237, -14801,  255, 0, 255
L 418, -237, -14801,  435, -238, -14801,  255, 0, 255
L 435, -238, -14801,  436, -230, -14801,  255, 0, 255
L 436, -230, -14801,  440, -230, -14801,  255, 0, 255
L 440, -230, -14801,  440, -189, -14801,  255, 0, 255
L 440, -189, -14801,  440, -148, -14903,  255, 0, 255
L 440, -148, -14903,  420, -109, -15001,  255, 0, 255
L 420, -109, -15001,  380, -69, -15102,  255, 0, 255
L 380, -69, -15102,  361, -30, -15198,  255, 0, 255
L 361, -30, -15198,  360, -6, -15201,  255, 0, 255
L 360, -6, -15201,  368, -6, -15201,  255, 0, 255
L 368, -6, -15201,  368, 11, -15201,  255, 0, 255
L 368, 11, -15201,  320, 11, -15201,  255, 0, 255
L 320, 11, -15201,  320, 79, -15201,  255, 0, 255
L 320, 79, -15201,  302, 78, -15201,  255, 0, 255
L 302, 78, -15201,  302, 71, -15201,  255, 0, 255
L 302, 71, -15201,  278, 71, -15202,  255, 0, 255
L 568, -390, -14601,  568, -398, -14601,  255, 0, 255
L 568, -398, -14601,  550, -398, -14601,  255, 0, 255
L 550, -398, -14601,  550, -390, -14601,  255, 0, 255
L 550, -390, -14601,  539, -390, -14601,  255, 0, 255
L 539, -390, -14601,  498, -349, -14700,  255, 0, 255
L 498, -349, -14700,  478, -309, -14801,  255, 0, 255
L 478, -309, -14801,  482, -308, -14801,  255, 0, 255
L 482, -308, -14801,  483, -300, -14801,  255, 0, 255
L 483, -300, -14801,  499, -300, -14801,  255, 0, 255
L 499, -300, -14801,  500, -308, -14801,  255, 0, 255
L 500, -308, -14801,  518, -308, -14801,  255, 0, 255
L 518, -308, -14801,  518, -230, -14801,  255, 0, 255
L 518, -230, -14801,  500, -230, -14801,  255, 0, 255
L 500, -230, -14801,  500, -237, -14801,  255, 0, 255
L 500, -237, -14801,  482, -238, -14801,  255, 0, 255
L 482, -238, -14801,  482, -230, -14801,  255, 0, 255
L 482, -230, -14801,  478, -230, -14801,  255, 0, 255
L 478, -230, -14801,  478, -190, -14801,  255, 0, 255
L 478, -190, -14801,  478, -149, -14900,  255, 0, 255
L 478, -149, -14900,  458, -110, -14997,  255, 0, 255
L 458, -110, -14997,  418, -69, -15101,  255, 0, 255
L 418, -69, -15101,  398, -30, -15198,  255, 0, 255
L 398, -30, -15198,  398, -6, -15201,  255, 0, 255
L 398, -6, -15201,  390, -6, -15201,  255, 0, 255
L 390, -6, -15201,  390, 11, -15201,  255, 0, 255
L 390, 11, -15201,  438, 11, -15201,  255, 0, 255
L 438, 11, -15201,  438, 51, -15201,  255, 0, 255
L 438, 51, -15201,  488, 51, -15101,  255, 0, 255
L 488, 51, -15101,  488, 31, -15101,  255, 0, 255
L 488, 31, -15101,  559, 31, -15101,  255, 0, 255
L 559, 31, -15101,  560, -9, -15101,  255, 0, 255
L 560, -9, -15101,  580, -49, -15001,  255, 0, 255
L 580, -49, -15001,  620, -88, -14902,  255, 0, 255
L 620, -88, -14902,  620, -204, -14901,  255, 0, 255
L 620, -204, -14901,  660, -205, -14901,  255, 0, 255
L 660, -205, -14901,  660, -208, -14901,  255, 0, 255
L 660, -208, -14901,  660, -269, -14901,  255, 0, 255
L 660, -269, -14901,  640, -309, -14800,  255, 0, 255
L 640, -309, -14800,  600, -350, -14698,  255, 0, 255
L 600, -350, -14698,  580, -390, -14601,  255, 0, 255
L 580, -390, -14601,  568, -390, -14601,  255, 0, 255
L 658, -89, -14901,  618, -50, -14999,  255, 0, 255
L 618, -50, -14999,  598, -10, -15099,  255, 0, 255
L 598, -10, -15099,  598, 149, -15101,  255, 0, 255
L 598, 149, -15101,  488, 149, -15101,  255, 0, 255
L 488, 149, -15101,  488, 130, -15101,  255, 0, 255
L 488, 130, -15101,  438, 129, -15201,  255, 0, 255
L 438, 129, -15201,  438, 169, -15201,  255, 0, 255
L 438, 169, -15201,  418, 169, -15201,  255, 0, 255
L 418, 169, -15201,  418, 211, -15101,  255, 0, 255
L 418, 211, -15101,  458, 211, -15101,  255, 0, 255
L 458, 211, -15101,  458, 251, -15101,  255, 0, 255
L 458, 251, -15101,  501, 251, -14996,  255, 0, 255
L 501, 251, -14996,  540, 231, -14898,  255, 0, 255
L 540, 231, -14898,  580, 191, -14798,  255, 0, 255
L 580, 191, -14798,  620, 171, -14701,  255, 0, 255
L 620, 171, -14701,  660, 171, -14701,  255, 0, 255
L 660, 171, -14701,  660, 131, -14701,  255, 0, 255
L 660, 131, -14701,  680, 131, -14701,  255, 0, 255
L 680, 131, -14701,  660, 90, -14701,  255, 0, 255
L 660, 90, -14701,  660, -9, -14701,  255, 0, 255
L 660, -9, -14701,  680, -48, -14799,  255, 0, 255
L 680, -48, -14799,  680, -98, -14901,  255, 0, 255
L 680, -98, -14901,  658, -97, -14901,  255, 0, 255
L 658, -97, -14901,  658, -89, -14901,  255, 0, 255
L 660, 49, -14741,  735, 49, -14741,  0, 0, 255
L 735, 49, -14741,  818, 49, -14543,  0, 0, 255
L 818, 49, -14543,  818, 31, -14543,  0, 0, 255
L 818, 31, -14543,  763, 31, -14678,  0, 0, 255
L 763, 31, -14678,  660, 31, -14741,  0, 0, 255
L -1, -8, -15621,  -97, -8, -16081,  255, 0, 0
L -97, -8, -16081,  -97, -88, -16081,  255, 0, 0
L -97, -88, -16081,  -160, -88, -16081,  255, 0, 0
L -160, -88, -16081,  -161, -133, -16281,  255, 0, 0
L -161, -133, -16281,  -121, -174, -16281,  255, 0, 0
L -121, -174, -16281,  -101, -214, -16281,  255, 0, 0
L -101, -214, -16281,  -101, -252, -16281,  255, 0, 0
L -101, -252, -16281,  -140, -272, -16281,  255, 0, 0
L -140, -272, -16281,  -219, -272, -16281,  255, 0, 0
L -219, -272, -16281,  -259, -252, -16281,  255, 0, 0
L -259, -252, -16281,  -259, -214, -16281,  255, 0, 0
L -259, -214, -16281,  -232, -167, -16281,  255, 0, 0
L -232, -167, -16281,  -199, -133, -16281,  255, 0, 0
L -199, -133, -16281,  -199, -88, -16081,  255, 0, 0
L -199, -88, -16081,  -319, -88, -16081,  255, 0, 0
L -319, -88, -16081,  -319, 150, -16081,  255, 0, 0
L -319, 150, -16081,  -339, 151, -16081,  255, 0, 0
L -339, 151, -16081,  -339, 229, -16081,  255, 0, 0
L -339, 229, -16081,  -261, 229, -16081,  255, 0, 0
L -261, 229, -16081,  -261, 151, -16081,  255, 0, 0
L -261, 151, -16081,  -281, 150, -16081,  255, 0, 0
L -281, 150, -16081,  -281, 110, -16081,  255, 0, 0
L -281, 110, -16081,  -97, 109, -16081,  255, 0, 0
L -97, 109, -16081,  -97, 29, -16081,  255, 0, 0
L -97, 29, -16081,  -1, 29, -15621,  255, 0, 0
