P 1122.9384, 676.4008, -563.548, 127, 0, 0, 2, Slixin_Klex
P 2826.9135, 536.2874, -373.7674, 240, 0, 0, 2, Phurzikon*
P 4007.7363, -6372.4301, -234.466, 0, 0, 0, 2, Atheling_Plague
P -1192.6085, -1101.1283, -205.235, 127, 0, 0, 2, Gorgash
P 2355.6702, -1709.3202, -256.9272, 127, 0, 0, 2, Nadira*
P 3948.2856, 1145.3152, -52.398, 240, 0, 0, 2, Korasal_Klyseer
P -1167.579, -902.6405, -270.2667, 240, 0, 0, 2, Gorgul_Paclock
P -828.8067, -66.6864, -379.7694, 240, 0, 0, 2, Gullerback
P -1201.199, -220.1641, -379.651, 240, 0, 0, 2, Gullerback
P -865.5001, -170.46, -379.7049, 240, 0, 0, 2, Gullerback
