P 3061.0000, 1316.0000, 0.3140,  0, 240, 0,  3,  to_Greater_Faydark
P 331.0000, 2950.0000, 0.3140,  0, 240, 0,  3,  to_Dagnor's_Cauldron
P -2379.0000, -125.0000, -3.0930,  0, 0, 0,  3,  Felen_(Merchant)
P 696.0000, -2791.0000, -2.3790,  0, 0, 0,  3,  Kaila_(Smith)
P 676.0000, -2820.0000, -2.3790,  0, 0, 0,  3,  Ayen_(Smith)
P 940.0000, -2714.0000, 8.5930,  0, 0, 0,  3,  Gamin_(Merchant)
P 963.0000, -2713.0000, -2.0550,  0, 0, 0,  3,  Nalda_(Smith)
P 903.0000, -2802.0000, 8.4880,  0, 0, 0,  3,  Iglan_(Merchant)
P 882.0000, -2790.0000, -2.1600,  0, 0, 0,  3,  Urazun_(Baking)
P 681.0000, -2833.0000, 8.2700,  0, 0, 0,  3,  Inudul_(Brewer)
P 1971.0000, 1286.0000, -2.9870,  0, 0, 0,  3,  Izbal_(Pottery)
P 1993.0000, 1308.0000, -1.9550,  0, 0, 0,  3,  Gand_(Armorer)
P 1956.0000, 1184.0000, -2.0560,  0, 0, 0,  3,  Alga_(Tailor)
P -2005.0000, 2082.0000, -3.9290,  0, 0, 0,  3,  Ellona_(Spells)
P -2872.0000, 1499.0000, -3.6880,  0, 0, 0,  3,  Fugan_(Tailor)
P -2813.0000, -1461.0000, -3.2960,  0, 0, 0,  3,  Parn_(Merchant)
P -3261.0000, -1351.0000, 8.2200,  0, 0, 0,  3,  Dock_(Boat)
P -3181.0000, -852.0000, 8.2200,  0, 0, 0,  3,  Dock_(Shuttles)
P 181.0000, -3117.0000, 0.3140,  0, 240, 0,  3,  to_Kaladim_City
P 700.0000, -2550.0000, 0.0000,  255, 255, 255,  2,  Succor_Point
P 1814.0000, -2088.0000, 0.0000,  255, 255, 255,  2,  Goblins
P -695.0000, -244.0000, 0.0000,  255, 255, 255,  2,  Goblins
P -1675.0000, -254.0000, 0.0000,  255, 255, 255,  2,  Bandits
P -2910.0000, 1537.0000, 0.0000,  255, 255, 255,  2,  Dwarves
P -2063.0000, 2159.0000, 0.0000,  255, 255, 255,  2,  Druid_Rings
P -884.0000, 1540.0000, 0.0000,  255, 255, 255,  2,  Skels
P 184.0000, 2077.0000, 0.0000,  255, 255, 255,  2,  Goblins
P 1456.0000, -443.0000, 0.0000,  255, 255, 255,  2,  Orcs
P 599.0000, 545.0000, 0.0000,  255, 255, 255,  2,  Bandits
P 2279.0000, -692.0000, 0.0000,  255, 255, 255,  2,  Chessboard
P 2069.0000, 298.0000, 0.0000,  255, 255, 255,  2,  Goblins
P -4614.0000, -261.0000, 0.0000,  0, 240, 0,  2,  To_OOT
