L -95.1118, 483.206, -26.2632, -87.4599, 481.2986, -27.4947, 64, 64, 64
L -110.4205, 481.6281, -23.3292, -95.1118, 483.206, -26.2632, 64, 64, 64
L -114.4296, 476.9576, -28.12, -110.4205, 481.6281, -23.3292, 64, 64, 64
L -118.466, 471.6575, -16.9445, -114.4296, 476.9576, -28.12, 64, 64, 64
L -133.9208, 479.3849, -14.784, -118.466, 471.6575, -16.9445, 64, 64, 64
L -144.39, 473.3061, -13.3888, -133.9208, 479.3849, -14.784, 64, 64, 64
L -156.1443, 495.4087, -13.3147, -144.39, 473.3061, -13.3888, 64, 64, 64
L -172.5776, 493.1299, -13.546, -156.1443, 495.4087, -13.3147, 64, 64, 64
L -184.6651, 487.9495, -13.7233, -172.5776, 493.1299, -13.546, 64, 64, 64
L -191.4025, 479.9006, -13.4925, -184.6651, 487.9495, -13.7233, 64, 64, 64
L -191.5623, 470.3018, -12.51, -191.4025, 479.9006, -13.4925, 64, 64, 64
L -181.9593, 453.3677, -9.64, -191.5623, 470.3018, -12.51, 64, 64, 64
L -195.5312, 445.2067, -6.7313, -181.9593, 453.3677, -9.64, 64, 64, 64
L -195.5312, 434.6326, -14.3119, -195.5312, 445.2067, -6.7313, 64, 64, 64
L -197.1057, 425.523, -14.6249, -195.5312, 434.6326, -14.3119, 64, 64, 64
L -205.9458, 429.3741, -14.473, -197.1057, 425.523, -14.6249, 64, 64, 64
L -232.988, 417.5088, -13.6123, -205.9458, 429.3741, -14.473, 64, 64, 64
L -246.3965, 421.8458, -13.3146, -232.988, 417.5088, -13.6123, 64, 64, 64
L -247.9024, 403.6116, -14.518, -264.5835, 394.9243, -14.2497, 64, 64, 64
L -211.4826, 406.2187, -14.4144, -247.9024, 403.6116, -14.518, 64, 64, 64
L -200.7858, 410.8231, -14.2208, -211.4826, 406.2187, -14.4144, 64, 64, 64
L -197.5312, 379.9977, -15.538, -200.7858, 410.8231, -14.2208, 64, 64, 64
L -191.7049, 374.2187, -13.9204, -197.5312, 379.9977, -15.538, 64, 64, 64
L -172.1594, 374.3639, -12.1745, -191.7049, 374.2187, -13.9204, 64, 64, 64
L -160.2744, 384.877, -13.4327, -172.1594, 374.3639, -12.1745, 64, 64, 64
L -157.6127, 374.1326, -13.374, -160.2744, 384.877, -13.4327, 64, 64, 64
L -151.813, 372.2187, -13.374, -157.6127, 374.1326, -13.374, 64, 64, 64
L -148.928, 372.2187, -13.374, -151.813, 372.2187, -13.374, 64, 64, 64
L -138.395, 382.2191, -13.374, -148.928, 372.2187, -13.374, 64, 64, 64
L -140.4128, 392.962, -14.1913, -138.395, 382.2191, -13.374, 64, 64, 64
L -131.8521, 398.2187, -14.374, -140.4128, 392.962, -14.1913, 64, 64, 64
L -125.5625, 397.2083, -14.374, -131.8521, 398.2187, -14.374, 64, 64, 64
L -125.5625, 394.12, -13.8864, -125.5625, 397.2083, -14.374, 64, 64, 64
L -125.5625, 386.2187, -13.374, -125.5625, 394.12, -13.8864, 64, 64, 64
L -124.5186, 386.2187, -13.374, -125.5625, 386.2187, -13.374, 64, 64, 64
L -124.432, 383.4687, -13.374, -124.5186, 386.2187, -13.374, 64, 64, 64
L -125.5627, 383.4687, -13.2231, -124.432, 383.4687, -13.374, 64, 64, 64
L -125.3212, 349.3261, -27.193, -125.5627, 383.4687, -13.2231, 64, 64, 64
L -139.5626, 349.5, -27.3739, -125.3212, 349.3261, -27.193, 64, 64, 64
L -139.5625, 308.2499, -27.3739, -139.5626, 349.5, -27.3739, 64, 64, 64
L -111.8789, 308.5536, -27.3007, -139.5625, 308.2499, -27.3739, 64, 64, 64
L -111.6856, 279.629, -41.3427, -111.8789, 308.5536, -27.3007, 64, 64, 64
L -125.5626, 279.5, -41.3427, -111.6856, 279.629, -41.3427, 64, 64, 64
L -125.5625, 238.2812, -41.3427, -125.5626, 279.5, -41.3427, 64, 64, 64
L -97.9879, 238.2906, -41.3427, -125.5625, 238.2812, -41.3427, 64, 64, 64
L -83.9295, 224.3975, -41.3427, -97.9879, 238.2906, -41.3427, 64, 64, 64
L -70.3285, 224.2812, -41.3427, -83.9295, 224.3975, -41.3427, 64, 64, 64
L -56.6283, 237.7769, -41.3427, -70.3285, 224.2812, -41.3427, 64, 64, 64
L -56.3438, 251.669, -41.3427, -56.6283, 237.7769, -41.3427, 64, 64, 64
L -70.3421, 265.8706, -41.3427, -56.3438, 251.669, -41.3427, 64, 64, 64
L -70.3242, 280.442, -41.1154, -70.3421, 265.8706, -41.3427, 64, 64, 64
L -42.3438, 280.25, -41.3427, -70.3242, 280.442, -41.1154, 64, 64, 64
L -42.3438, 321.5, -41.3427, -42.3438, 280.25, -41.3427, 64, 64, 64
L -56.4243, 321.5169, -41.1826, -42.3438, 321.5, -41.3427, 64, 64, 64
L -56.3438, 349.8333, -41.3427, -56.4243, 321.5169, -41.1826, 64, 64, 64
L -27.625, 349.5052, -42.3746, -56.3438, 349.8333, -41.3427, 64, 64, 64
L -27.625, 321.7481, -55.3427, -27.625, 349.5052, -42.3746, 64, 64, 64
L -27.625, 308.2499, -55.3427, -27.625, 321.7481, -55.3427, 64, 64, 64
L 5.625, 308.25, -55.3427, -27.625, 308.2499, -55.3427, 64, 64, 64
L 5.6242, 319.4999, -55.3427, 8.3751, 319.5, -55.3427, 64, 64, 64
L 8.3749, 321.5, -55.3427, 8.3751, 319.5, -55.3427, 64, 64, 64
L 5.6257, 321.5, -55.3427, 5.6242, 319.4999, -55.3427, 64, 64, 64
L 5.625, 308.2484, -55.3427, 5.625, 310.2749, -55.3427, 64, 64, 64
L 8.223, 310.1881, -55.3303, 5.625, 310.2749, -55.3427, 64, 64, 64
L 8.375, 308.25, -55.3427, 8.223, 310.1881, -55.3303, 64, 64, 64
L 13.3888, 308.5294, -55.3427, 8.375, 308.25, -55.3427, 64, 64, 64
L 28.2759, 294.2189, -55.3427, 13.3888, 308.5294, -55.3427, 64, 64, 64
L 28.375, 266.2812, -55.3427, 28.2759, 294.2189, -55.3427, 64, 64, 64
L 97.5936, 266.2812, -55.3427, 28.375, 266.2812, -55.3427, 64, 64, 64
L 98.1925, 294.25, -55.3427, 97.5936, 266.2812, -55.3427, 64, 64, 64
L 139.5625, 294.25, -55.3427, 98.1925, 294.25, -55.3427, 64, 64, 64
L 139.5832, 307.9979, -55.3427, 139.5625, 294.25, -55.3427, 64, 64, 64
L 167.5625, 308.25, -55.3427, 139.5832, 307.9979, -55.3427, 64, 64, 64
L 167.8491, 336.2393, -55.3427, 167.5625, 308.25, -55.3427, 64, 64, 64
L 181.5625, 336.25, -55.3427, 167.8491, 336.2393, -55.3427, 64, 64, 64
L 181.4805, 363.8133, -55.3427, 181.5625, 336.25, -55.3427, 64, 64, 64
L 196.2417, 378.2187, -55.3427, 181.4805, 363.8133, -55.3427, 64, 64, 64
L 209.9549, 378.2203, -55.3427, 196.2417, 378.2187, -55.3427, 64, 64, 64
L 224.2812, 363.7669, -55.3427, 209.9549, 378.2203, -55.3427, 64, 64, 64
L 224.2812, 335.4997, -55.3427, 224.2812, 363.7669, -55.3427, 64, 64, 64
L 209.5312, 335.5, -55.3427, 224.2812, 335.4997, -55.3427, 64, 64, 64
L 209.5312, 363.4687, -55.3427, 209.5312, 335.5, -55.3427, 64, 64, 64
L 196.2811, 363.4687, -55.3427, 209.5312, 363.4687, -55.3427, 64, 64, 64
L 196.2812, 322.25, -55.3427, 196.2811, 363.4687, -55.3427, 64, 64, 64
L 237.5312, 322.25, -55.3427, 196.2812, 322.25, -55.3427, 64, 64, 64
L 237.2565, 363.2003, -55.3427, 237.5312, 322.25, -55.3427, 64, 64, 64
L 251.4091, 377.877, -55.3427, 237.2565, 363.2003, -55.3427, 64, 64, 64
L 251.153, 392.663, -55.3427, 251.4091, 377.877, -55.3427, 64, 64, 64
L 237.5312, 406.1322, -55.3427, 251.153, 392.663, -55.3427, 64, 64, 64
L 237.3735, 420.676, -55.3427, 237.5312, 406.1322, -55.3427, 64, 64, 64
L 265.5312, 420.2187, -55.3427, 237.3735, 420.676, -55.3427, 64, 64, 64
L 265.5312, 475.4375, -55.3427, 265.5312, 420.2187, -55.3427, 64, 64, 64
L 209.5324, 475.7817, -55.3427, 265.5312, 475.4375, -55.3427, 64, 64, 64
L 209.5312, 489.4375, -55.3427, 209.5324, 475.7817, -55.3427, 64, 64, 64
L 182.3122, 489.4375, -55.3427, 209.5312, 489.4375, -55.3427, 64, 64, 64
L 182.3125, 476.1875, -55.3427, 182.3122, 489.4375, -55.3427, 64, 64, 64
L 196.235, 475.9927, -55.3427, 182.3125, 476.1875, -55.3427, 64, 64, 64
L 196.2812, 462.1875, -55.3427, 196.235, 475.9927, -55.3427, 64, 64, 64
L 251.9647, 462.699, -55.3427, 196.2812, 462.1875, -55.3427, 64, 64, 64
L 252.2803, 433.5124, -55.3427, 251.9647, 462.699, -55.3427, 64, 64, 64
L 237.6093, 433.5004, -55.3427, 252.2803, 433.5124, -55.3427, 64, 64, 64
L 237.5312, 447.4375, -55.3427, 237.6093, 433.5004, -55.3427, 64, 64, 64
L 196.2752, 447.4375, -55.3427, 237.5312, 447.4375, -55.3427, 64, 64, 64
L 196.2812, 406.2187, -55.3427, 196.2752, 447.4375, -55.3427, 64, 64, 64
L 209.531, 406.8179, -55.3427, 196.2812, 406.2187, -55.3427, 64, 64, 64
L 209.8379, 434.1877, -55.3427, 209.531, 406.8179, -55.3427, 64, 64, 64
L 224.639, 434.2792, -55.3427, 209.8379, 434.1877, -55.3427, 64, 64, 64
L 224.4, 405.4467, -55.3427, 224.639, 434.2792, -55.3427, 64, 64, 64
L 209.784, 391.4685, -55.3427, 224.4, 405.4467, -55.3427, 64, 64, 64
L 195.1843, 392.36, -55.3427, 209.784, 391.4685, -55.3427, 64, 64, 64
L 181.9553, 405.2948, -55.3427, 195.1843, 392.36, -55.3427, 64, 64, 64
L 181.5625, 411.4687, -55.3427, 181.9553, 405.2948, -55.3427, 64, 64, 64
L 180.932, 411.36, -55.3427, 181.5625, 411.4687, -55.3427, 64, 64, 64
L 180.1271, 414.2187, -55.3427, 180.932, 411.36, -55.3427, 64, 64, 64
L 181.5625, 414.2187, -55.3427, 180.1271, 414.2187, -55.3427, 64, 64, 64
L 181.5625, 447.4375, -55.3427, 181.5625, 414.2187, -55.3427, 64, 64, 64
L 153.6553, 447.4057, -55.3427, 181.5625, 447.4375, -55.3427, 64, 64, 64
L 153.711, 504.1163, -83.3426, 153.6553, 447.4057, -55.3427, 64, 64, 64
L 167.5622, 518.149, -83.3426, 153.711, 504.1163, -83.3426, 64, 64, 64
L 167.5625, 531.6257, -83.3426, 167.5622, 518.149, -83.3426, 64, 64, 64
L 153.3128, 545.4058, -83.3426, 167.5625, 531.6257, -83.3426, 64, 64, 64
L 139.6738, 544.9868, -83.3426, 153.3128, 545.4058, -83.3426, 64, 64, 64
L 125.7867, 531.4058, -83.3426, 139.6738, 544.9868, -83.3426, 64, 64, 64
L 112.1371, 531.2997, -83.3426, 125.7867, 531.4058, -83.3426, 64, 64, 64
L 97.9084, 545.311, -83.3426, 112.1371, 531.2997, -83.3426, 64, 64, 64
L 84.2038, 545.4061, -83.3426, 97.9084, 545.311, -83.3426, 64, 64, 64
L 70.3439, 531.6259, -83.3426, 84.2038, 545.4061, -83.3426, 64, 64, 64
L 70.7583, 517.5234, -83.3426, 70.3439, 531.6259, -83.3426, 64, 64, 64
L 84.3439, 503.4562, -83.3426, 70.7583, 517.5234, -83.3426, 64, 64, 64
L 84.3436, 447.6578, -83.3426, 84.3439, 503.4562, -83.3426, 64, 64, 64
L 70.3439, 433.6318, -83.3426, 84.3436, 447.6578, -83.3426, 64, 64, 64
L 70.551, 419.7921, -83.3426, 70.3439, 433.6318, -83.3426, 64, 64, 64
L 84.585, 406.2841, -83.3426, 70.551, 419.7921, -83.3426, 64, 64, 64
L 84.2866, 391.6447, -83.3426, 84.585, 406.2841, -83.3426, 64, 64, 64
L 76.3438, 391.4687, -83.3387, 84.2866, 391.6447, -83.3426, 64, 64, 64
L 76.3431, 391.4687, -83.3426, 76.3444, 389.4687, -83.3426, 64, 64, 64
L 73.5938, 389.4687, -83.3426, 76.3444, 389.4687, -83.3426, 64, 64, 64
L 76.3426, 391.4687, -83.3426, 76.3423, 391.4687, -83.3426, 64, 64, 64
L 73.5936, 391.4687, -83.3426, 73.5938, 389.4687, -83.3426, 64, 64, 64
L 55.7882, 391.4936, -83.3426, 73.5936, 391.4687, -83.3426, 64, 64, 64
L 41.4628, 405.4685, -83.3426, 55.7882, 391.4936, -83.3426, 64, 64, 64
L 28.396, 405.3528, -83.3426, 41.4628, 405.4685, -83.3426, 64, 64, 64
L 14.2263, 391.5283, -83.3426, 28.396, 405.3528, -83.3426, 64, 64, 64
L -0.375, 392.101, -84.3425, 14.2263, 391.5283, -83.3426, 64, 64, 64
L -0.375, 433.7361, -84.3426, -0.375, 392.101, -84.3425, 64, 64, 64
L -14.4289, 434.7717, -89.9196, -27.4696, 447.8125, -84.4467, 64, 64, 64
L 13.4696, 447.8125, -87.5863, -0.1552, 434.1875, -92.5996, 64, 64, 64
L 0.1873, 461.946, -85.8516, 13.4696, 447.8125, -87.5863, 64, 64, 64
L -13.381, 461.4372, -85.8516, 0.1873, 461.946, -85.8516, 64, 64, 64
L -27.4696, 447.8125, -86.3101, -13.381, 461.4372, -85.8516, 64, 64, 64
L -13.625, 380.7518, -84.3426, -13.7205, 434.3623, -84.3606, 64, 64, 64
L -6.6067, 378.2187, -83.3426, -13.625, 380.7518, -84.3426, 64, 64, 64
L 13.8735, 378.3247, -83.3426, -6.6067, 378.2187, -83.3426, 64, 64, 64
L 28.511, 364.2189, -83.3426, 13.8735, 378.3247, -83.3426, 64, 64, 64
L 42.433, 364.4488, -83.3426, 28.511, 364.2189, -83.3426, 64, 64, 64
L 54.966, 378.799, -83.3426, 42.433, 364.4488, -83.3426, 64, 64, 64
L 73.5936, 378.2187, -83.3426, 54.966, 378.799, -83.3426, 64, 64, 64
L 73.5776, 379.9005, -83.1781, 73.5936, 378.2187, -83.3426, 64, 64, 64
L 76.3438, 379.7103, -83.3426, 73.5776, 379.9005, -83.1781, 64, 64, 64
L 76.3438, 378.2187, -83.3426, 76.3438, 379.7103, -83.3426, 64, 64, 64
L 97.5936, 378.2187, -83.3426, 76.3438, 378.2187, -83.3426, 64, 64, 64
L 97.6452, 406.507, -83.3426, 97.5936, 378.2187, -83.3426, 64, 64, 64
L 111.5936, 419.999, -83.3426, 97.6452, 406.507, -83.3426, 64, 64, 64
L 111.4608, 433.7898, -83.3426, 111.5936, 419.999, -83.3426, 64, 64, 64
L 97.7072, 447.5011, -83.3426, 111.4608, 433.7898, -83.3426, 64, 64, 64
L 98.1192, 504.4927, -83.3426, 97.7072, 447.5011, -83.3426, 64, 64, 64
L 111.9552, 518.1565, -83.3426, 98.1192, 504.4927, -83.3426, 64, 64, 64
L 126.1015, 518.1476, -83.3426, 111.9552, 518.1565, -83.3426, 64, 64, 64
L 140.3127, 503.2697, -82.665, 126.1015, 518.1476, -83.3426, 64, 64, 64
L 140.3128, 448.3032, -55.3721, 140.3127, 503.2697, -82.665, 64, 64, 64
L 139.4966, 419.4683, -55.3427, 140.3128, 448.3032, -55.3721, 64, 64, 64
L 126.3123, 419.4687, -55.3427, 139.4966, 419.4683, -55.3427, 64, 64, 64
L 125.7069, 391.4685, -55.3427, 126.3123, 419.4687, -55.3427, 64, 64, 64
L 112.3435, 391.4687, -55.3427, 125.7069, 391.4685, -55.3427, 64, 64, 64
L 112.9548, 378.2189, -55.3427, 112.3435, 391.4687, -55.3427, 64, 64, 64
L 139.5625, 378.2187, -55.3427, 112.9548, 378.2189, -55.3427, 64, 64, 64
L 139.5354, 405.8339, -55.3427, 139.5625, 378.2187, -55.3427, 64, 64, 64
L 153.5625, 406.2187, -55.3427, 139.5354, 405.8339, -55.3427, 64, 64, 64
L 152.9455, 433.6082, -55.3427, 153.5625, 406.2187, -55.3427, 64, 64, 64
L 168.949, 434.3256, -55.3427, 152.9455, 433.6082, -55.3427, 64, 64, 64
L 168.3125, 414.2187, -55.3427, 168.949, 434.3256, -55.3427, 64, 64, 64
L 170.3125, 413.7065, -55.3427, 168.3125, 414.2187, -55.3427, 64, 64, 64
L 170.3126, 411.6553, -55.3427, 170.3125, 413.7065, -55.3427, 64, 64, 64
L 168.312, 411.4687, -55.3427, 170.3126, 411.6553, -55.3427, 64, 64, 64
L 168.347, 405.4105, -55.3427, 168.312, 411.4687, -55.3427, 64, 64, 64
L 154.669, 392.446, -55.3427, 168.347, 405.4105, -55.3427, 64, 64, 64
L 154.3126, 378.1039, -55.3427, 154.669, 392.446, -55.3427, 64, 64, 64
L 168.3109, 363.8777, -55.3427, 154.3126, 378.1039, -55.3427, 64, 64, 64
L 169.67, 349.8485, -55.3427, 168.3109, 363.8777, -55.3427, 64, 64, 64
L 153.7317, 349.5138, -55.3427, 169.67, 349.8485, -55.3427, 64, 64, 64
L 153.5625, 363.4687, -55.3427, 153.7317, 349.5138, -55.3427, 64, 64, 64
L 112.3435, 363.4687, -55.3427, 153.5625, 363.4687, -55.3427, 64, 64, 64
L 112.3438, 336.25, -55.3427, 112.3435, 363.4687, -55.3427, 64, 64, 64
L 125.5625, 336.25, -55.3427, 112.3438, 336.25, -55.3427, 64, 64, 64
L -83.8552, 491.855, -40.6679, -87.4599, 481.2986, -41.8038, 64, 64, 64
L -66.686, 499.831, -38.9615, -83.8552, 491.855, -40.6679, 64, 64, 64
L -44.2013, 503.2939, -39.3821, -66.686, 499.831, -38.9615, 64, 64, 64
L -26.225, 515.3156, -39.9968, -44.2013, 503.2939, -39.3821, 64, 64, 64
L -4.375, 513.4387, -43.2563, -26.225, 515.3156, -39.9968, 64, 64, 64
L -4.3752, 498.9558, -41.7834, -4.375, 513.4387, -43.2563, 64, 64, 64
L -12.2659, 472.2239, -39.7488, -4.3752, 498.9558, -41.7834, 64, 64, 64
L -30.3476, 469.9952, -38.1351, -12.2659, 472.2239, -39.7488, 64, 64, 64
L -34.1426, 466.2348, -37.6448, -30.3476, 469.9952, -38.1351, 64, 64, 64
L -41.853, 468.2198, -36.9498, -34.1426, 466.2348, -37.6448, 64, 64, 64
L -45.3607, 471.7316, -37.2402, -41.853, 468.2198, -36.9498, 64, 64, 64
L -47.21, 479.6471, -31.4298, -45.3607, 471.7316, -37.2402, 64, 64, 64
L -57.2918, 474.9422, -30.4445, -47.21, 479.6471, -31.4298, 64, 64, 64
L -75.7943, 466.3077, -23.7038, -57.2918, 474.9422, -30.4445, 64, 64, 64
L -80.5943, 466.9635, -21.6058, -75.7943, 466.3077, -23.7038, 64, 64, 64
L -96.45, 456.374, -27.8525, -80.5943, 466.9635, -21.6058, 64, 64, 64
L -118.2703, 458.1227, -17.8229, -96.45, 456.374, -27.8525, 64, 64, 64
L -120.276, 457.6768, -17.4475, -118.2703, 458.1227, -17.8229, 64, 64, 64
L -135.7248, 454.2438, -11.2211, -120.276, 457.6768, -17.4475, 64, 64, 64
L -143.4712, 461.9531, -13.3851, -135.7248, 454.2438, -11.2211, 64, 64, 64
L -166.1741, 456.446, -14.1836, -143.4712, 461.9531, -13.3851, 64, 64, 64
L -156.5047, 426.3161, -13.5123, -166.1741, 456.446, -14.1836, 64, 64, 64
L -160.4076, 404.1098, -11.2483, -156.5047, 426.3161, -13.5123, 64, 64, 64
L -156.3525, 399.7284, -11.578, -160.4076, 404.1098, -11.2483, 64, 64, 64
L -154.3446, 391.9259, -15.1213, -156.3525, 399.7284, -11.578, 64, 64, 64
L -154.3449, 391.9252, -14.588, -154.3446, 391.9259, -15.1213, 64, 64, 64
L -153.3884, 392.2063, -14.3739, -154.3449, 391.9252, -14.588, 64, 64, 64
L -149.5626, 401.8528, -14.374, -153.3884, 392.2063, -14.3739, 64, 64, 64
L -151.1337, 408.1435, -14.374, -149.5626, 401.8528, -14.374, 64, 64, 64
L -151.5622, 419.3634, -14.374, -151.1337, 408.1435, -14.374, 64, 64, 64
L -140.669, 433.858, -14.374, -151.5622, 419.3634, -14.374, 64, 64, 64
L -128.598, 437.1967, -14.374, -140.669, 433.858, -14.374, 64, 64, 64
L -112.8796, 433.6537, -14.374, -128.598, 437.1967, -14.374, 64, 64, 64
L -104.344, 425.4096, -14.374, -112.8796, 433.6537, -14.374, 64, 64, 64
L -104.5186, 403.9001, -14.374, -104.344, 425.4096, -14.374, 64, 64, 64
L -112.1054, 399.2013, -14.374, -104.5186, 403.9001, -14.374, 64, 64, 64
L -112.3438, 386.2187, -13.374, -112.1054, 399.2013, -14.374, 64, 64, 64
L -114.2882, 386.1514, -13.374, -112.3438, 386.2187, -13.374, 64, 64, 64
L -114.51, 383.7314, -13.374, -114.2882, 386.1514, -13.374, 64, 64, 64
L -112.3438, 383.4687, -13.374, -114.51, 383.7314, -13.374, 64, 64, 64
L -112.3438, 377.4741, -14.4054, -112.3438, 383.4687, -13.374, 64, 64, 64
L -112.3438, 336.25, -27.3739, -112.3438, 377.4741, -14.4054, 64, 64, 64
L -126.2498, 336.824, -27.3739, -112.3438, 336.25, -27.3739, 64, 64, 64
L -126.134, 321.4997, -27.3739, -126.2498, 336.824, -27.3739, 64, 64, 64
L -84.3435, 321.5, -27.3739, -126.134, 321.4997, -27.3739, 64, 64, 64
L -84.3438, 308.25, -27.3739, -84.3435, 321.5, -27.3739, 64, 64, 64
L -98.231, 308.2373, -27.3739, -84.3438, 308.25, -27.3739, 64, 64, 64
L -98.3436, 266.2812, -41.3427, -98.231, 308.2373, -27.3739, 64, 64, 64
L -111.6658, 267.249, -41.3427, -98.3436, 266.2812, -41.3427, 64, 64, 64
L -112.5982, 251.8096, -41.3427, -111.6658, 267.249, -41.3427, 64, 64, 64
L -98.1096, 251.399, -41.3427, -112.5982, 251.8096, -41.3427, 64, 64, 64
L -83.7104, 265.4974, -41.3427, -98.1096, 251.399, -41.3427, 64, 64, 64
L -83.5936, 293.5, -41.3427, -83.7104, 265.4974, -41.3427, 64, 64, 64
L -56.8631, 293.4999, -41.3427, -83.5936, 293.5, -41.3427, 64, 64, 64
L -56.5611, 308.2502, -41.3427, -56.8631, 293.4999, -41.3427, 64, 64, 64
L -69.5936, 308.25, -41.3427, -56.5611, 308.2502, -41.3427, 64, 64, 64
L -70.3778, 350.2502, -41.3427, -69.5936, 308.25, -41.3427, 64, 64, 64
L -97.5936, 350.25, -41.3427, -70.3778, 350.2502, -41.3427, 64, 64, 64
L -97.5936, 391.4687, -41.3427, -97.5936, 350.25, -41.3427, 64, 64, 64
L -70.3436, 391.4687, -41.3427, -97.5936, 391.4687, -41.3427, 64, 64, 64
L -70.3438, 378.2187, -41.3427, -70.3436, 391.4687, -41.3427, 64, 64, 64
L -84.2064, 378.1338, -41.3427, -70.3438, 378.2187, -41.3427, 64, 64, 64
L -84.9277, 363.8002, -41.3427, -84.2064, 378.1338, -41.3427, 64, 64, 64
L -55.8382, 363.575, -41.3427, -84.9277, 363.8002, -41.3427, 64, 64, 64
L -55.8511, 420.2189, -41.3427, -55.8382, 363.575, -41.3427, 64, 64, 64
L -84.3237, 419.992, -41.3427, -55.8511, 420.2189, -41.3427, 64, 64, 64
L -84.3438, 406.2187, -41.3427, -84.3237, 419.992, -41.3427, 64, 64, 64
L -97.5936, 406.2187, -41.3427, -84.3438, 406.2187, -41.3427, 64, 64, 64
L -97.5936, 433.4375, -41.3427, -97.5936, 406.2187, -41.3427, 64, 64, 64
L -42.3436, 433.4375, -41.3427, -97.5936, 433.4375, -41.3427, 64, 64, 64
L -42.344, 363.4683, -41.3427, -42.3436, 433.4375, -41.3427, 64, 64, 64
L -14.3747, 363.4687, -41.3427, -42.344, 363.4683, -41.3427, 64, 64, 64
L -14.2844, 321.6306, -55.3427, -14.3747, 363.4687, -41.3427, 64, 64, 64
L 5.6253, 321.5, -55.3427, -14.2844, 321.6306, -55.3427, 64, 64, 64
L 12.6607, 321.1399, -55.3427, 8.3749, 321.5, -55.3427, 64, 64, 64
L 27.7576, 335.1021, -55.3427, 12.6607, 321.1399, -55.3427, 64, 64, 64
L 41.1929, 335.4997, -55.3427, 27.7576, 335.1021, -55.3427, 64, 64, 64
L 55.1831, 322.1299, -55.3427, 41.1929, 335.4997, -55.3427, 64, 64, 64
L 55.5936, 308.305, -55.3427, 55.1831, 322.1299, -55.3427, 64, 64, 64
L 42.4575, 295.5298, -55.3427, 55.5936, 308.305, -55.3427, 64, 64, 64
L 41.7456, 279.4997, -55.3427, 42.4575, 295.5298, -55.3427, 64, 64, 64
L 83.9917, 279.4991, -55.3427, 41.7456, 279.4997, -55.3427, 64, 64, 64
L 83.884, 294.2502, -55.3427, 83.9917, 279.4991, -55.3427, 64, 64, 64
L 70.3438, 294.25, -55.3427, 83.884, 294.2502, -55.3427, 64, 64, 64
L 70.3431, 307.5, -55.3427, 70.3438, 294.25, -55.3427, 64, 64, 64
L 83.3459, 306.2251, -55.3427, 70.3431, 307.5, -55.3427, 64, 64, 64
L 83.652, 322.2502, -55.3427, 83.3459, 306.2251, -55.3427, 64, 64, 64
L 70.3438, 322.25, -55.3427, 83.652, 322.2502, -55.3427, 64, 64, 64
L 70.3438, 363.4687, -55.3427, 70.3438, 322.25, -55.3427, 64, 64, 64
L 97.5938, 363.4687, -55.3427, 70.3438, 363.4687, -55.3427, 64, 64, 64
L 97.5936, 350.2497, -55.3427, 97.5938, 363.4687, -55.3427, 64, 64, 64
L 83.7279, 350.3937, -55.3427, 97.5936, 350.2497, -55.3427, 64, 64, 64
L 83.3988, 335.6249, -55.3427, 83.7279, 350.3937, -55.3427, 64, 64, 64
L 97.5938, 335.5, -55.3427, 83.3988, 335.6249, -55.3427, 64, 64, 64
L 97.5978, 307.8195, -55.3427, 97.5938, 335.5, -55.3427, 64, 64, 64
L 126.3127, 308.1138, -55.3427, 97.5978, 307.8195, -55.3427, 64, 64, 64
L 126.3125, 321.5, -55.3427, 126.3127, 308.1138, -55.3427, 64, 64, 64
L 154.3067, 321.5994, -55.3427, 126.3125, 321.5, -55.3427, 64, 64, 64
L 154.1477, 336.2232, -55.3427, 154.3067, 321.5994, -55.3427, 64, 64, 64
L 140.3125, 336.25, -55.3427, 154.1477, 336.2232, -55.3427, 64, 64, 64
L 139.9377, 350.3394, -55.3427, 140.3125, 336.25, -55.3427, 64, 64, 64
L 125.194, 350.3224, -55.3427, 139.9377, 350.3394, -55.3427, 64, 64, 64
L 125.5625, 336.25, -55.3427, 125.194, 350.3224, -55.3427, 64, 64, 64
L -347.4674, 441.9601, 0.9347, -405.6603, 441.196, 0.626, 150, 100, 0
L -327.6313, 453.6528, 1.766, -347.4674, 441.9601, 0.9347, 150, 100, 0
L -311.3544, 480.5414, 0.626, -327.6313, 453.6528, 1.766, 150, 100, 0
L -316.4832, 509.3244, 1.1419, -311.3544, 480.5414, 0.626, 150, 100, 0
L -308.3539, 517.2947, 0.7368, -316.4832, 509.3244, 1.1419, 150, 100, 0
L -313.4818, 527.9117, 0.7037, -308.3539, 517.2947, 0.7368, 150, 100, 0
L -305.199, 539.8699, 1.3768, -313.4818, 527.9117, 0.7037, 150, 100, 0
L -299.2671, 558.3709, 0.626, -305.199, 539.8699, 1.3768, 150, 100, 0
L -307.5679, 585.4109, 1.1808, -299.2671, 558.3709, 0.626, 150, 100, 0
L -299.9968, 595.7558, 0.768, -307.5679, 585.4109, 1.1808, 150, 100, 0
L -298.4995, 611.3333, 1.1044, -299.9968, 595.7558, 0.768, 150, 100, 0
L -303.1868, 630.366, 0.626, -298.4995, 611.3333, 1.1044, 150, 100, 0
L -331.7332, 664.3579, 0.626, -303.1868, 630.366, 0.626, 150, 100, 0
L -407.386, 661.7373, 0.7861, -331.7332, 664.3579, 0.626, 150, 100, 0
L -429.624, 652.431, 0.626, -407.386, 661.7373, 0.7861, 150, 100, 0
L -438.8935, 608.6002, 0.626, -429.624, 652.431, 0.626, 150, 100, 0
L -426.2914, 591.947, 0.626, -438.8935, 608.6002, 0.626, 150, 100, 0
L -435.6732, 585.3649, 0.626, -426.2914, 591.947, 0.626, 150, 100, 0
L -440.9266, 565.679, 0.626, -435.6732, 585.3649, 0.626, 150, 100, 0
L -428.249, 541.2898, 0.8626, -440.9266, 565.679, 0.626, 150, 100, 0
L -420.1915, 532.9406, 0.626, -428.249, 541.2898, 0.8626, 150, 100, 0
L -408.8122, 525.6453, 0.626, -420.1915, 532.9406, 0.626, 150, 100, 0
L -412.2017, 522.1334, 1.1775, -408.8122, 525.6453, 0.626, 150, 100, 0
L -416.3525, 516.4226, 0.626, -412.2017, 522.1334, 1.1775, 150, 100, 0
L -437.1909, 509.699, 0.626, -416.3525, 516.4226, 0.626, 150, 100, 0
L -446.4082, 492.1541, 0.626, -437.1909, 509.699, 0.626, 150, 100, 0
L -448.795, 467.3618, 0.626, -446.4082, 492.1541, 0.626, 150, 100, 0
L -437.921, 450.3346, 1.573, -448.795, 467.3618, 0.626, 150, 100, 0
L -405.6603, 441.196, 0.6869, -437.921, 450.3346, 1.573, 150, 100, 0
L -392.2191, 504.1874, 4.626, -377.4687, 504.1879, 4.626, 64, 64, 64
L -392.2187, 489.437, 4.626, -392.2191, 504.1874, 4.626, 64, 64, 64
L -377.4682, 489.4375, 4.626, -392.2187, 489.437, 4.626, 64, 64, 64
L -377.4687, 504.1879, 4.626, -377.4682, 489.4375, 4.626, 64, 64, 64
L -392.2191, 532.1562, 4.626, -377.4687, 532.1566, 4.626, 64, 64, 64
L -392.2187, 517.4057, 4.626, -392.2191, 532.1562, 4.626, 64, 64, 64
L -377.4682, 517.4062, 4.626, -392.2187, 517.4057, 4.626, 64, 64, 64
L -377.4687, 532.1566, 4.626, -377.4682, 517.4062, 4.626, 64, 64, 64
L -392.2191, 560.1562, 4.626, -377.4687, 560.1565, 4.626, 64, 64, 64
L -392.2187, 545.4057, 4.626, -392.2191, 560.1562, 4.626, 64, 64, 64
L -377.4682, 545.4062, 4.626, -392.2187, 545.4057, 4.626, 64, 64, 64
L -377.4687, 560.1565, 4.626, -377.4682, 545.4062, 4.626, 64, 64, 64
L -392.348, 588.1249, 4.626, -377.4585, 588.1254, 4.626, 64, 64, 64
L -392.233, 573.4061, 4.626, -392.348, 588.1249, 4.626, 64, 64, 64
L -377.6231, 573.4062, 4.626, -392.233, 573.4061, 4.626, 64, 64, 64
L -377.4585, 588.1254, 4.626, -377.6231, 573.4062, 4.626, 64, 64, 64
L -377.4687, 601.3745, 4.626, -377.4682, 616.1249, 4.626, 64, 64, 64
L -392.2191, 601.3749, 4.626, -377.4687, 601.3745, 4.626, 64, 64, 64
L -392.2187, 616.1253, 4.626, -392.2191, 601.3749, 4.626, 64, 64, 64
L -377.4682, 616.1249, 4.626, -392.2187, 616.1253, 4.626, 64, 64, 64
L -363.5242, 627.3749, 5.6516, -373.5145, 627.3746, 5.6515, 64, 64, 64
L -361.4687, 646.1267, 5.6516, -361.4682, 627.3749, 5.6515, 64, 64, 64
L -380.2191, 646.1248, 5.6516, -361.4687, 646.1267, 5.6515, 64, 64, 64
L -380.2187, 627.3745, 5.6516, -380.2191, 646.1248, 5.6515, 64, 64, 64
L -361.4682, 627.3749, 5.6516, -380.2187, 627.3745, 5.6515, 64, 64, 64
L -349.5776, 601.3749, 4.626, -364.2187, 601.3745, 4.626, 64, 64, 64
L -349.4905, 616.1253, 4.626, -349.5776, 601.3749, 4.626, 64, 64, 64
L -364.2189, 616.1249, 4.626, -349.4905, 616.1253, 4.626, 64, 64, 64
L -364.2187, 601.3745, 4.626, -364.2189, 616.1249, 4.626, 64, 64, 64
L -349.4995, 573.4062, 4.626, -364.2187, 573.4057, 4.626, 64, 64, 64
L -349.5, 588.1251, 4.626, -349.4995, 573.4062, 4.626, 64, 64, 64
L -364.2191, 588.1249, 4.626, -349.5, 588.1251, 4.626, 64, 64, 64
L -364.2187, 573.4057, 4.626, -364.2191, 588.1249, 4.626, 64, 64, 64
L -349.4997, 545.4061, 4.626, -364.2187, 545.4057, 4.626, 64, 64, 64
L -349.5, 560.1565, 4.626, -349.4997, 545.4061, 4.626, 64, 64, 64
L -364.2189, 560.1562, 4.626, -349.5, 560.1565, 4.626, 64, 64, 64
L -364.2187, 545.4057, 4.626, -364.2189, 560.1562, 4.626, 64, 64, 64
L -349.4995, 517.4062, 4.626, -364.2187, 517.4057, 4.626, 64, 64, 64
L -349.5, 532.1565, 4.626, -349.4995, 517.4062, 4.626, 64, 64, 64
L -364.2189, 532.1562, 4.626, -349.5, 532.1565, 4.626, 64, 64, 64
L -364.2187, 517.4057, 4.626, -364.2189, 532.1562, 4.626, 64, 64, 64
L -349.4995, 489.4375, 4.626, -364.2187, 489.437, 4.626, 64, 64, 64
L -349.5, 504.1877, 4.626, -349.4995, 489.4375, 4.626, 64, 64, 64
L -364.2191, 504.1874, 4.626, -349.5, 504.1877, 4.626, 64, 64, 64
L -364.2187, 489.437, 4.626, -364.2191, 504.1874, 4.626, 64, 64, 64
L -349.4995, 476.1874, 4.626, -364.2187, 476.1877, 4.626, 64, 64, 64
L -349.5, 461.437, 4.626, -349.4995, 476.1874, 4.626, 64, 64, 64
L -364.2191, 461.4375, 4.626, -349.5, 461.437, 4.626, 64, 64, 64
L -364.2187, 476.1877, 4.626, -364.2191, 461.4375, 4.626, 64, 64, 64
L -377.4687, 476.1879, 4.626, -377.4685, 461.4375, 4.626, 64, 64, 64
L -392.2191, 476.1874, 4.626, -377.4687, 476.1879, 4.626, 64, 64, 64
L -392.2187, 461.437, 4.626, -392.2191, 476.1874, 4.626, 64, 64, 64
L -377.4685, 461.4375, 4.626, -392.2187, 461.437, 4.626, 64, 64, 64
L -382.2058, 419.4687, -12.3737, -369.538, 419.6395, 0.626, 64, 64, 64
L -362.1639, 414.3405, 0.626, -362.2312, 419.1562, 0.626, 64, 64, 64
L -382.2056, 414.2266, -12.3709, -362.1639, 414.3405, 0.626, 64, 64, 64
L -378.2187, 419.4687, -9.374, -378.758, 414.522, -9.374, 64, 64, 64
L -376.2176, 419.4687, -7.3719, -376.2189, 414.2606, -7.3681, 64, 64, 64
L -374.2187, 419.4687, -5.37, -374.2187, 414.2719, -5.3621, 64, 64, 64
L -372.2176, 419.4687, -3.3719, -372.2189, 414.2833, -3.3681, 64, 64, 64
L -370.218, 419.4687, -1.374, -370.2187, 414.2948, -1.374, 64, 64, 64
L -380.2187, 419.4687, -11.374, -380.2187, 414.2187, -11.374, 64, 64, 64
L -382.1949, 419.4687, -12.3388, -382.2101, 413.9239, -12.374, 64, 64, 64
L -406.656, 405.7164, -10.3396, -406.2105, 420.7302, -11.6813, 64, 64, 64
L -350.2124, 404.9282, -12.374, -406.656, 405.7164, -10.3396, 64, 64, 64
L -350.2531, 420.7302, -12.374, -350.2124, 404.9282, -12.374, 64, 64, 64
L -244.9824, 420.5778, 0.626, -244.6646, 404.5844, 0.626, 0, 0, 255
L -265.7611, 446.8066, 0.626, -244.9824, 420.5778, 0.626, 0, 0, 255
L -588.3483, -376.8197, 0.626, -574.2269, -363.5018, 0.626, 0, 0, 255
L -573.2095, -406.7468, 1.694, -588.3483, -376.8197, 0.626, 0, 0, 255
L -558.414, -405.5298, 0.626, -573.2095, -406.7468, 1.694, 0, 0, 255
L -544.2782, -378.2724, 0.626, -558.414, -405.5298, 0.626, 0, 0, 255
L -574.2269, -363.5018, 0.626, -544.2782, -378.2724, 0.626, 0, 0, 255
L -616.3961, -364.5317, 0.626, -639.4153, -364.6107, 0.626, 0, 0, 255
L -587.8198, -336.2092, 0.626, -616.3961, -364.5317, 0.626, 0, 0, 255
L -559.5475, -335.5749, 0.6188, -587.8198, -336.2092, 0.626, 0, 0, 255
L -546.253, -322.9879, 0.626, -559.5475, -335.5749, 0.6188, 0, 0, 255
L -490.5828, -335.6349, 0.626, -504.3421, -321.8756, 0.626, 64, 64, 64
L -476.5065, -363.295, 0.626, -490.5828, -335.6349, 0.626, 64, 64, 64
L -490.1344, -433.5101, 0.626, -476.5065, -363.295, 0.626, 64, 64, 64
L -503.9055, -447.3752, 0.626, -490.1344, -433.5101, 0.626, 64, 64, 64
L -519.7797, -447.4375, 0.626, -503.9055, -447.3752, 0.626, 64, 64, 64
L -522.8455, -444.4943, 0.626, -519.7797, -447.4375, 0.626, 64, 64, 64
L -531.5806, -440.5136, 0.626, -522.8455, -444.4943, 0.626, 64, 64, 64
L -538.2549, -446.4936, 0.626, -531.5806, -440.5136, 0.626, 64, 64, 64
L -539.6463, -449.6544, 0.626, -538.2549, -446.4936, 0.626, 64, 64, 64
L -538.4396, -459.9585, 0.626, -539.6463, -449.6544, 0.626, 64, 64, 64
L -540.108, -463.4331, 0.626, -538.4396, -459.9585, 0.626, 64, 64, 64
L -545.573, -464.7341, 0.626, -540.108, -463.4331, 0.626, 64, 64, 64
L -544.3397, -470.6435, 0.626, -545.573, -464.7341, 0.626, 64, 64, 64
L -547.3432, -470.8369, 0.626, -544.3397, -470.6435, 0.626, 64, 64, 64
L -548.586, -476.74, 0.626, -547.3432, -470.8369, 0.626, 64, 64, 64
L -585.7649, -488.7549, 0.626, -548.586, -476.74, 0.626, 64, 64, 64
L -615.5489, -489.4375, 0.626, -585.7649, -488.7549, 0.626, 64, 64, 64
L -630.5669, -466.9005, 0.626, -615.5489, -489.4375, 0.626, 64, 64, 64
L -627.7183, -463.9757, 0.626, -630.5669, -466.9005, 0.626, 64, 64, 64
L -620.2926, -457.1496, 0.626, -627.7183, -463.9757, 0.626, 64, 64, 64
L -626.7047, -446.9116, 0.626, -620.2926, -457.1496, 0.626, 64, 64, 64
L -639.3749, -448.4, 0.626, -626.7047, -446.9116, 0.626, 64, 64, 64
L -639.4153, -364.6107, 0.626, -639.3749, -448.4, 0.626, 64, 64, 64
L -1077.671, -699.3541, 0.626, -1103.9375, -705.9824, -1.374, 64, 64, 64
L -1064.572, -699.3437, 0.626, -1077.671, -699.3541, 0.626, 64, 64, 64
L -1049.9909, -671.6751, 0.626, -1064.572, -699.3437, 0.626, 64, 64, 64
L -1064.2699, -601.5217, 0.626, -1049.9909, -671.6751, 0.626, 64, 64, 64
L -1049.8685, -600.8778, 0.626, -1064.2699, -601.5217, 0.626, 64, 64, 64
L -1036.4501, -627.1982, 0.626, -1049.8685, -600.8778, 0.626, 64, 64, 64
L -1021.3234, -671.3437, 0.626, -1036.4501, -627.1982, 0.626, 64, 64, 64
L -1007.4415, -671.2291, 0.626, -1021.3234, -671.3437, 0.626, 64, 64, 64
L -993.3233, -713.3437, 0.626, -1007.4415, -671.2291, 0.626, 64, 64, 64
L -952.6618, -713.3436, 0.626, -993.3233, -713.3437, 0.626, 64, 64, 64
L -910.1733, -727.1405, 0.626, -952.6618, -713.3436, 0.626, 64, 64, 64
L -882.542, -727.3437, 0.626, -910.1733, -727.1405, 0.626, 64, 64, 64
L -854.1549, -699.5596, 0.626, -882.542, -727.3437, 0.626, 64, 64, 64
L -867.8477, -672.1743, 0.626, -854.1549, -699.5596, 0.626, 64, 64, 64
L -895.5819, -658.206, 0.626, -867.8477, -672.1743, 0.626, 64, 64, 64
L -908.9447, -671.5688, 0.626, -895.5819, -658.206, 0.626, 64, 64, 64
L -937.7976, -686.516, 0.626, -908.9447, -671.5688, 0.626, 64, 64, 64
L -979.7059, -630.2252, 0.626, -937.7976, -686.516, 0.626, 64, 64, 64
L -1007.1051, -644.3055, 0.626, -979.7059, -630.2252, 0.626, 64, 64, 64
L -1021.9379, -629.9021, 0.626, -1007.1051, -644.3055, 0.626, 64, 64, 64
L -1021.9726, -615.7892, 0.626, -1021.9379, -629.9021, 0.626, 64, 64, 64
L -1008.3437, -615.3749, 0.626, -1021.9726, -615.7892, 0.626, 64, 64, 64
L -979.9686, -601.5181, 0.626, -1008.3437, -615.3749, 0.626, 64, 64, 64
L -978.4982, -573.204, -1.374, -979.9686, -601.5181, 0.626, 64, 64, 64
L -1166.5277, -648.125, 0.626, -1343.935, -648.125, 0.626, 64, 64, 64
L -1158.2755, -642.402, -1.374, -1166.5277, -648.125, 0.626, 64, 64, 64
L -1147.4713, -630.2473, -1.374, -1158.2755, -642.402, -1.374, 64, 64, 64
L -1118.7181, -629.6377, 0.626, -1147.4713, -630.2473, -1.374, 64, 64, 64
L -1077.51, -602.2387, 0.626, -1118.7181, -629.6377, 0.626, 64, 64, 64
L -1090.8901, -574.2863, 0.626, -1077.51, -602.2387, 0.626, 64, 64, 64
L -1077.3948, -546.2843, 0.626, -1090.8901, -574.2863, 0.626, 64, 64, 64
L -1050.731, -560.3003, 0.626, -1077.3948, -546.2843, 0.626, 64, 64, 64
L -1035.7547, -546.4727, 0.626, -1050.731, -560.3003, 0.626, 64, 64, 64
L -1022.288, -586.8519, 0.626, -1035.7547, -546.4727, 0.626, 64, 64, 64
L -993.3618, -573.4062, -1.374, -1022.288, -586.8519, 0.626, 64, 64, 64
L -583.4062, 969.549, 0.626, -544.1562, 1001.195, 0.626, 150, 0, 200
L -609.9557, 762.625, 0.626, -783.3124, 762.617, 0.626, 64, 64, 64
L -609.525, 765.58, 0.626, -609.9557, 762.625, 0.626, 64, 64, 64
L -603.3749, 765.2143, -1.374, -609.525, 765.58, 0.626, 64, 64, 64
L -601.1158, 763.8514, -1.374, -603.3749, 765.2143, -1.374, 64, 64, 64
L -598.522, 762.625, -1.374, -601.1158, 763.8514, -1.374, 64, 64, 64
L -584.5601, 762.625, -1.374, -598.522, 762.625, -1.374, 64, 64, 64
L -558.898, 769.3346, -1.374, -584.5601, 762.625, -1.374, 64, 64, 64
L -545.4061, 755.8425, -1.374, -558.898, 769.3346, -1.374, 64, 64, 64
L -503.8122, 755.1575, 0.626, -517.5266, 741.4429, 0.626, 64, 64, 64
L -490.1875, 741.5632, 0.626, -503.8122, 755.1575, 0.626, 64, 64, 64
L -490.1875, 727.874, 0.626, -490.1875, 741.5632, 0.626, 64, 64, 64
L -503.9678, 714.937, 0.626, -490.1875, 727.874, 0.626, 64, 64, 64
L -517.4061, 714.4222, 0.626, -503.9678, 714.937, 0.626, 64, 64, 64
L -517.4062, 728.439, 0.626, -517.4061, 714.4222, 0.626, 64, 64, 64
L -545.4062, 728.919, 0.626, -545.4061, 755.8425, 0.626, 64, 64, 64
L -517.4062, 728.439, 0.626, -545.4062, 728.919, 0.626, 64, 64, 64
L -532.1354, 741.5929, 0.626, -517.5266, 741.4429, 0.626, 64, 64, 64
L -532.1562, 756.625, -1.374, -532.1354, 741.5929, 0.626, 64, 64, 64
L -531.5445, 770.625, 0.626, -532.1562, 756.625, -1.374, 64, 64, 64
L -475.8396, 770.2563, 0.626, -531.5445, 770.625, 0.626, 64, 64, 64
L -475.4375, 742.922, 0.626, -475.8396, 770.2563, 0.626, 64, 64, 64
L -461.5246, 741.9591, 0.626, -475.4375, 742.922, 0.626, 64, 64, 64
L -461.4375, 714.923, 0.626, -461.5246, 741.9591, 0.626, 64, 64, 64
L -447.4483, 713.8369, 0.626, -461.4375, 714.923, 0.626, 64, 64, 64
L -447.7024, 685.2984, 0.626, -447.4483, 713.8369, 0.626, 64, 64, 64
L -461.4374, 671.3437, 0.626, -447.7024, 685.2984, 0.626, 64, 64, 64
L -910, -279.5, -12.374, -909.7842, -335.5362, 0.5556, 64, 64, 64
L -898.312, -279.5, -12.374, -910, -279.5, -12.374, 64, 64, 64
L -898.312, -252.2812, -12.374, -898.312, -279.5, -12.374, 64, 64, 64
L -923.2499, -252.2812, -12.374, -898.312, -252.2812, -12.374, 0, 0, 255
L -898.591, -251.1077, 0.626, -907.1952, -250.9765, 0.626, 100, 50, 0
L -898.4824, -261.985, 2.6259, -898.591, -251.1077, 0.626, 100, 50, 0
L -898.4088, -269.595, 2.6259, -898.4824, -261.985, 2.6259, 100, 50, 0
L -898.3024, -280.2371, 0.626, -898.4088, -269.595, 2.6259, 100, 50, 0
L -907.1875, -280.3403, 0.626, -898.3024, -280.2371, 0.626, 100, 50, 0
L -907.2885, -270.7162, 2.4276, -907.1875, -280.3403, 0.626, 100, 50, 0
L -907.3748, -262.3258, 2.6259, -907.2885, -270.7162, 2.4276, 100, 50, 0
L -907.1952, -250.9765, 0.626, -907.3748, -262.3258, 2.6259, 100, 50, 0
L -867.4246, -14.375, 0.5993, -881.2335, -41.962, 0.626, 64, 64, 64
L -839.8736, -14.4033, 0.626, -867.4246, -14.375, 0.5993, 64, 64, 64
L -826.312, -42.572, 0.626, -839.8736, -14.4033, 0.626, 64, 64, 64
L -755.6934, -242.9095, 10.7121, -755.7897, -251.5319, 13.27, 64, 64, 64
L -760.2214, -243.1067, 10.4497, -755.6934, -242.9095, 10.7121, 64, 64, 64
L -760.664, -195.1932, 0.626, -760.2214, -243.1067, 10.3381, 64, 64, 64
L -811.7254, -242.339, 9.7202, -811.8429, -251.5312, 14.9261, 64, 64, 64
L -807.4265, -242.4088, 9.8968, -811.7254, -242.339, 9.7202, 64, 64, 64
L -807.3124, -229.3906, 3.3866, -807.4265, -242.4088, 9.8968, 64, 64, 64
L -807.3124, -196.673, 0.626, -807.3124, -229.3906, 3.3866, 64, 64, 64
L -504.8204, -166.1011, -12.921, -517.5874, -140.6627, -7.6839, 64, 64, 64
L -943.855, -527.4769, -1.374, -923.9247, -517.5117, -1.374, 64, 64, 64
L -945.1262, -525.8406, -1.374, -943.855, -527.4769, -1.374, 64, 64, 64
L -953.9113, -529.3505, -1.374, -945.1262, -525.8406, -1.374, 64, 64, 64
L -947.4224, -541.3196, 0.5424, -953.9113, -529.3505, -1.374, 64, 64, 64
L -938.1535, -559.5623, -1.374, -947.4224, -541.3196, 0.5424, 64, 64, 64
L -976.3129, -572.2915, 0.3191, -938.1535, -559.5623, -1.374, 64, 64, 64
L -999.7161, -560.6975, -1.374, -993.3618, -573.4062, -1.374, 64, 64, 64
L -995.7055, -559.7169, -1.374, -999.7161, -560.6975, -1.374, 64, 64, 64
L -990.8786, -552.3911, -1.374, -995.7055, -559.7169, -1.374, 64, 64, 64
L -995.226, -543.8853, -1.374, -990.8786, -552.3911, -1.374, 64, 64, 64
L -997.6391, -541.2232, -1.374, -995.226, -543.8853, -1.374, 64, 64, 64
L -988.7763, -536.7917, -1.374, -997.6391, -541.2232, -1.374, 64, 64, 64
L -985.6852, -538.1185, -0.674, -988.7763, -536.7917, -1.374, 64, 64, 64
L -981.1523, -536.7214, 0.625, -985.6852, -538.1185, -0.674, 64, 64, 64
L -977.85, -531.9106, -1.374, -981.1523, -536.7214, 0.625, 64, 64, 64
L -980.2322, -525.275, -1.238, -977.85, -531.9106, -1.374, 64, 64, 64
L -983.9094, -522.3134, -0.9679, -980.2322, -525.275, -1.238, 64, 64, 64
L -992.6733, -504.8127, -1.374, -983.9094, -522.3134, -0.9679, 64, 64, 64
L -993.2186, -462.3672, -1.374, -992.6733, -504.8127, -1.374, 64, 64, 64
L -965.6875, -448.3059, -1.374, -993.2186, -462.3672, -1.374, 64, 64, 64
L -965.2495, -408.4943, -1.374, -965.6875, -448.3059, -1.374, 64, 64, 64
L -951.7523, -378.9377, -1.374, -965.2495, -408.4943, -1.374, 64, 64, 64
L -923.3176, -364.586, 0.626, -951.7523, -378.9377, -1.374, 64, 64, 64
L -923.2499, -338.3555, 0.626, -923.3176, -364.586, 0.626, 64, 64, 64
L -923.2499, -279.7323, -11.7164, -923.2499, -338.3555, 0.626, 64, 64, 64
L -923.2499, -252.2812, -12.374, -923.2499, -279.7323, -11.7164, 64, 64, 64
L -923.2499, -252.3181, 0.626, -923.2499, -252.2812, -12.374, 64, 64, 64
L -923.2499, -226.6792, 0.626, -923.2499, -252.3181, 0.626, 64, 64, 64
L -923.9683, -223.324, -0.3195, -923.2499, -226.6792, 0.626, 64, 64, 64
L -935.98, -211.208, 0.4605, -923.9683, -223.324, -0.3195, 64, 64, 64
L -949.8216, -184.7022, 2.2263, -935.98, -211.208, 0.4605, 64, 64, 64
L -951.2499, -164.7331, 1.3529, -949.8216, -184.7022, 2.2263, 64, 64, 64
L -948.5697, -161.4878, 1.1853, -951.2499, -164.7331, 1.3529, 64, 64, 64
L -937.2468, -152.2253, 0.4796, -948.5697, -161.4878, 1.1853, 64, 64, 64
L -937.4089, -147.2487, 0.4878, -937.2468, -152.2253, 0.4796, 64, 64, 64
L -927.999, -142.5438, -0.1002, -937.4089, -147.2487, 0.4878, 64, 64, 64
L -927.7949, -180.3115, -0.1131, -927.999, -142.5438, -0.1002, 64, 64, 64
L -923.9719, -178.5302, -0.3277, -927.7949, -180.3115, -0.1131, 64, 64, 64
L -616.125, 14.375, 0.626, -600.8446, 14.375, 0.626, 64, 64, 64
L -616.1249, -0.9054, 0.626, -616.125, 14.375, 0.8078, 64, 64, 64
L -600.8446, 14.375, 0.626, -616.1249, -0.9054, 0.626, 64, 64, 64
L -560.3841, 83.7209, -12.374, -559.645, 0.1579, 0.626, 0, 0, 255
L -560.221, 111.7493, -12.374, -560.3841, 83.7209, -12.374, 0, 0, 255
L -475.7703, 111.2082, -12.374, -560.221, 111.7493, -12.374, 0, 0, 255
L -475.9741, 70.6325, 0.626, -475.7703, 111.2082, -12.374, 0, 0, 255
L -475.5163, 0.3254, 0.626, -475.9741, 70.6325, 0.626, 0, 0, 255
L -559.645, 0.1579, 0.626, -475.5163, 0.3254, 0.626, 0, 0, 255
L -587.9221, -167.6954, 0.626, -615.3759, -167.9945, 0.6258, 64, 64, 64
L -560.2432, -140.56, 0.626, -587.9221, -167.6954, 0.626, 64, 64, 64
L -560.4545, -267.8444, -13.6402, -545.3624, -321.4999, -12.374, 0, 0, 255
L -544.5238, -239.2742, -12.374, -560.4545, -267.8444, -13.6402, 0, 0, 255
L -558.6377, -223.83, -12.374, -544.5238, -239.2742, -12.374, 0, 0, 255
L -588.107, -237.5622, -12.374, -558.6377, -223.83, -12.374, 0, 0, 255
L -588.4524, -264.8557, -12.374, -588.107, -237.5622, -12.374, 0, 0, 255
L -615.5869, -238.47, -12.374, -588.4524, -264.8557, -12.374, 0, 0, 255
L -641.4, -224.2812, -12.374, -615.5869, -238.47, -12.374, 0, 0, 255
L -619.887, -221.586, 0.6039, -615.2322, -213.5681, 0.626, 0, 0, 255
L -624.109, -223.4361, 0.626, -619.887, -221.586, 0.6039, 0, 0, 255
L -643.8768, -223.9376, 0.626, -624.109, -223.4361, 0.626, 0, 0, 255
L -644.125, -365.3034, 0.626, -643.8768, -223.9376, 0.626, 0, 0, 255
L -644.125, -447.4375, 0.626, -643.8872, -364.747, 0.738, 64, 64, 64
L -751.7979, -447.4374, 0.626, -644.125, -447.4375, 0.626, 64, 64, 64
L -767.4641, -434.9854, 0.626, -751.7979, -447.4374, 0.626, 64, 64, 64
L -771.9892, -441.9986, 0.626, -767.4641, -434.9854, 0.626, 64, 64, 64
L -778.7708, -444.3575, 0.626, -771.9892, -441.9986, 0.626, 64, 64, 64
L -777.5366, -448.6601, -0.374, -778.7708, -444.3575, 0.626, 64, 64, 64
L -773.1781, -454.3068, -0.374, -777.5366, -448.6601, -0.374, 64, 64, 64
L -768.2881, -451.4495, -0.374, -773.1781, -454.3068, -0.374, 64, 64, 64
L -765.5403, -453.1048, -0.374, -768.2881, -451.4495, -0.374, 64, 64, 64
L -765.505, -463.11, -0.374, -765.5403, -453.1048, -0.374, 64, 64, 64
L -761.3641, -466.3421, -0.374, -765.505, -463.11, -0.374, 64, 64, 64
L -796.9067, -475.2307, -0.374, -761.3641, -466.3421, -0.374, 64, 64, 64
L -840.189, -475.6798, -1.3736, -796.9067, -475.2307, -0.374, 64, 64, 64
L -860.1109, -505.8267, -1.3724, -840.189, -475.6798, -1.3736, 64, 64, 64
L -868.9004, -500.6945, -1.3731, -860.1109, -505.8267, -1.3724, 64, 64, 64
L -871.6522, -504.899, -1.374, -868.9004, -500.6945, -1.3731, 64, 64, 64
L -877.3678, -512.1058, 0.8858, -871.6522, -504.899, -1.374, 64, 64, 64
L -875.2595, -517.4062, -1.3733, -877.3678, -512.1058, 0.8858, 64, 64, 64
L -923.9247, -517.5117, -1.374, -875.2595, -517.4062, -1.3733, 64, 64, 64
L -923.2499, -140.3122, 0.626, -923.2499, -177.4216, 0.626, 64, 64, 64
L -895.5874, -140.3376, 0.626, -923.2499, -140.3122, 0.626, 64, 64, 64
L -881.5562, -126.3679, 0.626, -895.5874, -140.3376, 0.626, 64, 64, 64
L -881.2335, -41.962, 0.626, -881.5562, -126.3679, 0.626, 64, 64, 64
L -826.312, -124.9086, 0.626, -826.312, -42.572, 0.626, 64, 64, 64
L -812.3911, -139.7632, 0.626, -826.312, -124.9086, 0.626, 64, 64, 64
L -756.1345, -140.3125, 0.626, -812.3911, -139.7632, 0.626, 64, 64, 64
L -741.3436, -125.2586, 0.626, -756.1345, -140.3125, 0.626, 64, 64, 64
L -741.3437, -108.4799, 0.626, -741.3436, -125.2586, 0.626, 64, 64, 64
L -686.937, 14.3756, 0.626, -686.937, -0.375, 0.626, 64, 64, 64
L -629.3748, 14.375, 0.626, -686.937, 14.3756, 0.626, 64, 64, 64
L -629.3749, -0.375, 0.626, -629.3748, 14.375, 0.626, 64, 64, 64
L -686.937, -0.375, 0.626, -629.3749, -0.375, 0.626, 64, 64, 64
L -461.4375, 350.2491, 0.626, -461.4375, 671.3437, 0.626, 64, 64, 64
L -419.8734, 350.25, 0.626, -461.4375, 350.2491, 0.626, 64, 64, 64
L -405.4979, 336.249, 0.626, -419.8734, 350.25, 0.626, 64, 64, 64
L -405.4687, 167.995, 0.626, -405.4979, 336.249, 0.626, 64, 64, 64
L -419.8482, 153.5625, 0.626, -405.4687, 167.995, 0.626, 64, 64, 64
L -586.4849, 153.5625, 0.626, -419.8482, 153.5625, 0.626, 64, 64, 64
L -601.375, 139.7821, 0.626, -586.4849, 153.5625, 0.626, 64, 64, 64
L -601.3749, 27.625, 0.626, -601.375, 139.7821, 0.626, 64, 64, 64
L -601.3749, 27.625, 0.626, -630.125, 27.625, 0.626, 64, 64, 64
L -630.1239, 75.5936, 0.626, -630.125, 27.625, 0.626, 64, 64, 64
L -632.125, 78.3436, 0.626, -632.125, 75.5936, 0.626, 64, 64, 64
L -630.125, 75.5936, 0.626, -632.125, 75.5936, 0.626, 64, 64, 64
L -630.125, 78.3438, 0.626, -632.125, 78.3436, 0.626, 64, 64, 64
L -630.125, 78.3438, 0.626, -630.1249, 84.338, 0.626, 64, 64, 64
L -616.125, 84.3438, 0.626, -630.1249, 84.338, 0.626, 64, 64, 64
L -616.125, 125.5625, 0.626, -616.125, 84.3438, 0.626, 64, 64, 64
L -616.125, 125.5625, 0.626, -630.1249, 125.5625, 0.626, 64, 64, 64
L -630.125, 139.5625, 0.626, -630.1249, 125.5625, 0.626, 64, 64, 64
L -643.3749, 139.5625, 0.626, -630.125, 139.5625, 0.626, 64, 64, 64
L -643.3749, 139.5625, 0.626, -643.3749, 125.6175, 0.626, 64, 64, 64
L -657.3749, 125.5625, 0.626, -643.3749, 125.6175, 0.626, 64, 64, 64
L -657.3749, 84.3426, 0.626, -657.3749, 125.5625, 0.626, 64, 64, 64
L -657.3749, 84.343, 0.626, -643.3748, 84.344, 0.626, 64, 64, 64
L -641.3749, 75.5936, 0.626, -641.3749, 78.3438, 0.626, 64, 64, 64
L -643.3749, 78.3438, 0.626, -641.3749, 78.3438, 0.626, 64, 64, 64
L -643.3749, 78.3429, 0.626, -643.3748, 84.344, 0.626, 64, 64, 64
L -643.3749, 75.5938, 0.626, -641.3749, 75.5936, 0.626, 64, 64, 64
L -643.3749, 27.625, 0.626, -643.3749, 75.5936, 0.626, 64, 64, 64
L -658.1249, 27.625, 0.626, -643.3749, 27.625, 0.626, 64, 64, 64
L -658.125, 55.5936, 0.626, -658.1249, 27.625, 0.626, 64, 64, 64
L -686.937, 55.5936, 0.626, -658.125, 55.5936, 0.626, 64, 64, 64
L -686.937, 61.5938, 0.626, -686.937, 55.5936, 0.626, 64, 64, 64
L -688.937, 64.3438, 0.626, -688.937, 61.5936, 0.626, 64, 64, 64
L -686.925, 61.5936, 0.626, -688.937, 61.5936, 0.626, 64, 64, 64
L -686.937, 64.3438, 0.626, -688.937, 64.3438, 0.626, 64, 64, 64
L -686.937, 70.3438, 0.626, -686.937, 64.3438, 0.626, 64, 64, 64
L -672.937, 70.3438, 0.626, -686.937, 70.3438, 0.626, 64, 64, 64
L -672.937, 111.5936, 0.626, -672.937, 70.3438, 0.626, 64, 64, 64
L -713.3437, 111.5936, 0.626, -672.937, 111.5936, 0.626, 64, 64, 64
L -713.5837, 97.6187, 0.626, -713.3437, 111.5936, 0.626, 64, 64, 64
L -727.3437, 97.5936, 0.626, -713.5837, 97.6187, 0.626, 64, 64, 64
L -727.3437, 84.3408, 0.626, -727.3437, 97.5936, 0.626, 64, 64, 64
L -713.357, 84.679, 0.626, -727.3437, 84.3408, 0.626, 64, 64, 64
L -713.3437, 70.3438, 0.626, -713.357, 84.679, 0.626, 64, 64, 64
L -699.3441, 70.3438, 0.626, -713.3437, 70.3438, 0.626, 64, 64, 64
L -699.3437, 64.3427, 0.626, -699.3441, 70.3438, 0.626, 64, 64, 64
L -697.3437, 61.594, 0.626, -697.3437, 64.3443, 0.626, 64, 64, 64
L -699.3437, 64.3431, 0.626, -697.3437, 64.3443, 0.626, 64, 64, 64
L -699.3437, 61.5953, 0.626, -697.3437, 61.594, 0.626, 64, 64, 64
L -699.3437, 42.3434, 0.626, -699.3437, 61.5936, 0.626, 64, 64, 64
L -671.578, 42.3164, 0.626, -699.3437, 42.3434, 0.626, 64, 64, 64
L -671.4573, 27.7311, 0.626, -671.578, 42.3164, 0.626, 64, 64, 64
L -699.3437, 27.625, 0.626, -671.4573, 27.7311, 0.626, 64, 64, 64
L -699.4406, -0.2516, 0.626, -699.3437, 27.625, 0.626, 64, 64, 64
L -727.4461, -0.375, 0.626, -699.4406, -0.2516, 0.626, 64, 64, 64
L -741.3437, -14.1554, 0.626, -727.4461, -0.375, 0.626, 64, 64, 64
L -741.3436, -108.5187, 0.626, -741.3437, -14.1554, 0.626, 64, 64, 64
L -313.1435, 84.8076, 0.626, -334.8636, 84.7617, 0.626, 0, 0, 255
L -349.7047, 70.8423, 0.626, -334.8636, 84.7617, 0.626, 0, 0, 255
L -350.2244, 14.2403, 0.626, -349.7047, 70.8423, 0.626, 0, 0, 255
L -364.339, 0.4951, 0.626, -350.2244, 14.2403, 0.626, 0, 0, 255
L -433.4565, 0.2798, 0.626, -364.339, 0.4951, 0.626, 0, 0, 255
L -447.2887, 13.3092, 0.626, -433.4565, 0.2798, 0.626, 0, 0, 255
L -448.1954, 97.8474, 0.1275, -447.2887, 13.3092, 0.626, 0, 0, 255
L -435.3512, 111.338, 0.626, -448.1954, 97.8474, 0.1275, 0, 0, 255
L -379.9669, 111.3438, 0.626, -435.3512, 111.338, 0.626, 0, 0, 255
L -365.221, 126.1286, 0.626, -379.9669, 111.3438, 0.626, 0, 0, 255
L -363.906, 349.6451, 0.626, -365.221, 126.1286, 0.626, 0, 0, 255
L -351.3174, 363.6587, 0.626, -363.906, 349.6451, 0.626, 0, 0, 255
L -336.4615, 363.2466, 0.626, -351.3174, 363.6587, 0.626, 0, 0, 255
L -322.6121, 376.728, 0.626, -336.4615, 363.2466, 0.626, 0, 0, 255
L -322.401, 386.867, 0.626, -322.6121, 376.728, 0.626, 0, 0, 255
L -313.3584, 391.6471, 0.626, -322.401, 386.867, 0.626, 0, 0, 255
L -304.6386, 392.3005, 1.6259, -313.3584, 391.6471, 0.626, 0, 0, 255
L -294.7678, 395.1539, 1.6259, -304.6386, 392.3005, 1.6259, 0, 0, 255
L -282.9988, 391.2594, -0.374, -294.7678, 395.1539, 1.6259, 0, 0, 255
L -269.5323, 391.5892, -0.374, -282.9988, 391.2594, -0.374, 0, 0, 255
L -244.6646, 404.5844, 0.6237, -269.5323, 391.5892, -0.374, 0, 0, 255
L -288.4938, 432.5253, -0.374, -264.458, 447.2522, 0.626, 0, 0, 255
L -288.6478, 423.1682, -0.374, -288.4938, 432.5253, -0.374, 0, 0, 255
L -292.226, 420.6245, -0.374, -288.6478, 423.1682, -0.374, 0, 0, 255
L -305.4787, 413.8125, 0.626, -292.226, 420.6245, -0.374, 0, 0, 255
L -315.8333, 414.468, 0.626, -305.4787, 413.8125, 0.626, 0, 0, 255
L -322.172, 414.567, 0.626, -315.8333, 414.468, 0.626, 0, 0, 255
L -321.9694, 419.6326, 0.626, -322.172, 414.567, 0.626, 0, 0, 255
L -336.283, 434.677, 0.626, -321.9694, 419.6326, 0.626, 0, 0, 255
L -349.5201, 434.2287, 1.9734, -336.283, 434.677, 0.626, 0, 0, 255
L -349.892, 420.7302, 0.626, -349.5201, 434.2287, 1.9734, 0, 0, 255
L -406.2105, 420.7302, 0.626, -349.892, 420.7302, 0.626, 0, 0, 255
L -405.3543, 433.8428, 0.626, -405.3312, 420.7302, 0.626, 0, 0, 255
L -419.3319, 434.4336, 0.626, -405.3543, 433.8428, 0.626, 0, 0, 255
L -433.6299, 419.9977, 0.626, -419.3319, 434.4336, 0.626, 0, 0, 255
L -434.1168, 378.162, 0.626, -433.6299, 419.9977, 0.626, 0, 0, 255
L -420.3707, 363.8555, 0.626, -434.1168, 378.162, 0.626, 0, 0, 255
L -405.1884, 364.3043, 0.626, -420.3707, 363.8555, 0.626, 0, 0, 255
L -392.2574, 349.136, 0.626, -405.1884, 364.3043, 0.626, 0, 0, 255
L -391.535, 154.8387, 0.626, -392.2574, 349.136, 0.626, 0, 0, 255
L -405.225, 140.2178, 0.626, -391.535, 154.8387, 0.626, 0, 0, 255
L -573.1467, 140.26, 0.626, -405.225, 140.2178, 0.626, 0, 0, 255
L -587.2427, 126.8661, 0.626, -573.1467, 140.26, 0.626, 0, 0, 255
L -587.5272, 0.5562, 0.626, -587.2427, 126.8661, 0.626, 0, 0, 255
L -601.2277, -13.5103, 0.626, -587.5272, 0.5562, 0.626, 0, 0, 255
L -713.4093, -13.5043, 0.626, -601.2277, -13.5103, 0.626, 0, 0, 255
L -727.9897, -26.6128, 0.626, -713.4093, -13.5043, 0.626, 0, 0, 255
L -728.187, -195.824, 1.311, -727.9897, -26.6128, 0.626, 0, 0, 255
L -760.664, -195.1932, 0.626, -728.187, -195.824, 1.311, 0, 0, 255
L -838.8052, -196.2239, 0.626, -807.3124, -196.673, 0.626, 0, 0, 255
L -839.3887, -16.3233, 0.626, -838.8052, -196.2239, 0.626, 0, 0, 255
L -867.9552, -223.2026, 0.626, -867.3614, -14.375, 0.5762, 0, 0, 255
L -896.19, -223.7708, 0.626, -867.9552, -223.2026, 0.626, 0, 0, 255
L -895.9279, -392.7294, 1.6316, -896.19, -223.7708, 0.626, 0, 0, 255
L -868.1213, -393.1281, 0.626, -895.9279, -392.7294, 1.6316, 0, 0, 255
L -868.3012, -420.422, 0.626, -868.1213, -393.1281, 0.626, 0, 0, 255
L -699.6118, -419.706, 0.626, -868.3012, -420.422, 0.626, 0, 0, 255
L -699.1502, -392.1429, 0.626, -699.6118, -419.706, 0.626, 0, 0, 255
L -671.9361, -391.8068, 0.626, -699.1502, -392.1429, 0.626, 0, 0, 255
L -671.7784, -224.4522, 0.711, -671.9361, -391.8068, 0.626, 0, 0, 255
L -698.8642, -224.5423, 0.626, -671.7784, -224.4522, 0.711, 0, 0, 255
L -699.5955, -56.7835, 0.626, -698.8642, -224.5423, 0.626, 0, 0, 255
L -686.7809, -43.3327, 0.626, -699.5955, -56.7835, 0.626, 0, 0, 255
L -573.8576, -41.7841, -0.1424, -686.7809, -43.3327, 0.626, 0, 0, 255
L -558.6263, -28.6536, 0.626, -573.8576, -41.7841, -0.1424, 0, 0, 255
L -336.24, -28.839, 0.626, -558.6263, -28.6536, 0.626, 0, 0, 255
L -321.9087, -14.6142, 0.626, -336.24, -28.839, 0.626, 0, 0, 255
L -321.747, 41.4588, 0.626, -321.9087, -14.6142, 0.626, 0, 0, 255
L -307.4071, 55.7103, 0.626, -321.747, 41.4588, 0.626, 0, 0, 255
L -301.9408, 55.8858, 0.626, -307.4071, 55.7103, 0.626, 0, 0, 255
L -764.9678, -347.125, 15.2736, -764.938, -326.1847, 15.2509, 64, 64, 64
L -766.9768, -326.625, 17.302, -766.9677, -347.4999, 17.2738, 64, 64, 64
L -768.9616, -347.4999, 19.2529, -768.9778, -326.625, 19.3049, 64, 64, 64
L -770.9701, -326.625, 21.2811, -770.9718, -347.4999, 21.2866, 64, 64, 64
L -772.9615, -347.1252, 23.251, -772.9701, -326.625, 23.2811, 64, 64, 64
L -794.4116, -347.125, 23.2589, -794.4089, -326.625, 23.2676, 64, 64, 64
L -796.4133, -326.625, 21.2511, -796.3682, -347.125, 21.375, 64, 64, 64
L -798.409, -347.125, 19.2613, -798.4053, -326.625, 19.2799, 64, 64, 64
L -800.4, -347.125, 17.2908, -800.4056, -326.625, 17.2786, 64, 64, 64
L -802.407, -347.125, 15.2675, -802.4134, -326.634, 15.2509, 64, 64, 64
L -795.3083, -265.5312, 14.6259, -795.322, -268.2812, 14.6259, 64, 64, 64
L -772.625, -268.2814, 14.6259, -772.625, -265.5312, 14.6259, 64, 64, 64
L -744.625, -296.25, 14.6259, -744.615, -347.5, 14.6259, 64, 64, 64
L -744.625, -296.25, 14.6259, -746.625, -296.25, 14.6259, 64, 64, 64
L -746.624, -293.5, 14.6259, -746.625, -296.25, 14.6259, 64, 64, 64
L -744.606, -293.5, 14.6259, -746.624, -293.5, 14.6259, 64, 64, 64
L -744.625, -268.2812, 14.6259, -744.606, -293.5, 14.6259, 64, 64, 64
L -823.2812, -293.5008, 14.6259, -821.2812, -293.4995, 14.6259, 64, 64, 64
L -821.2812, -296.1331, 14.6259, -821.2812, -293.4995, 14.6259, 64, 64, 64
L -823.2812, -296.25, 14.6259, -821.2812, -296.1331, 14.6259, 64, 64, 64
L -764.938, -326.1847, 14.6259, -802.625, -326.1576, 14.6259, 64, 64, 64
L -765.3125, -296.25, 14.6259, -765.3123, -326.1843, 14.6259, 64, 64, 64
L -755.3126, -296.25, 14.6259, -765.3125, -296.25, 14.6259, 64, 64, 64
L -755.3123, -293.4999, 14.6259, -755.3126, -296.25, 14.6259, 64, 64, 64
L -755.3123, -293.4999, 14.6259, -768.625, -293.5, 14.6259, 64, 64, 64
L -768.625, -323.5, 14.6259, -768.625, -293.5, 14.6259, 64, 64, 64
L -799.3124, -323.4999, 14.6259, -768.625, -323.5, 14.6259, 64, 64, 64
L -802.625, -296.25, 14.6259, -802.625, -326.1576, 14.6259, 64, 64, 64
L -802.625, -296.25, 14.6259, -812.625, -296.25, 14.6259, 64, 64, 64
L -812.625, -293.5, 14.6259, -812.625, -296.25, 14.6259, 64, 64, 64
L -799.3123, -293.5, 14.6259, -812.625, -293.5, 14.6259, 64, 64, 64
L -799.3124, -323.5011, 14.6259, -799.3123, -293.5, 14.6259, 64, 64, 64
L -797.6394, -293.4565, 14.6259, -769.4393, -293.3799, 14.6259, 255, 0, 0
L -797.7318, -322.1707, 14.6259, -797.6394, -293.4565, 14.6259, 255, 0, 0
L -769.4261, -322.2635, 14.6259, -797.7318, -322.1707, 14.6259, 255, 0, 0
L -769.4393, -293.3799, 14.6259, -769.4261, -322.2635, 14.6259, 255, 0, 0
L -744.625, -268.2812, 14.6259, -772.625, -268.2814, 14.6259, 64, 64, 64
L -764.9682, -347.4999, 14.6259, -744.625, -347.5, 14.6259, 64, 64, 64
L -765.3124, -347.4999, 14.6259, -773.9968, -347.5, 22.626, 64, 64, 64
L -773.9968, -347.5, 24.626, -774.866, -350.25, 24.626, 64, 64, 64
L -741.3436, -350.25, 32.3641, -774.866, -350.25, 25.1399, 64, 64, 64
L -741.3437, -322.2495, 41.884, -741.3436, -350.25, 33.3997, 64, 64, 64
L -744.625, -321.5, 42.5947, -742.611, -321.5, 42.5947, 64, 64, 64
L -744.625, -347.5, 42.5947, -744.625, -321.5, 42.5947, 64, 64, 64
L -799.3124, -347.4999, 42.5947, -744.625, -347.5, 42.5947, 64, 64, 64
L -799.3124, -278.2477, 42.5947, -799.3124, -347.4999, 42.5947, 64, 64, 64
L -770.439, -336.25, 72.5947, -800.659, -336.25, 64.5947, 64, 64, 64
L -770.347, -347.5, 72.636, -770.457, -333.9717, 72.6162, 64, 64, 64
L -772.394, -347.5, 71.6265, -772.469, -336.25, 71.6068, 64, 64, 64
L -774.488, -347.5, 70.5947, -774.503, -336.25, 70.5948, 64, 64, 64
L -776.488, -347.5, 69.5947, -776.499, -336.25, 69.5962, 64, 64, 64
L -778.489, -347.5, 68.5961, -778.502, -336.25, 68.5961, 64, 64, 64
L -780.445, -347.5, 67.6093, -780.503, -336.25, 67.5965, 64, 64, 64
L -782.497, -347.5, 66.5947, -782.503, -336.25, 66.5957, 64, 64, 64
L -784.484, -347.5, 65.5947, -784.497, -336.25, 65.5979, 64, 64, 64
L -786.419, -347.5, 64.6225, -786.543, -336.25, 64.5968, 64, 64, 64
L -788.625, -347.5, 63.5947, -788.625, -336.25, 63.5947, 64, 64, 64
L -800.659, -336.25, 63.5947, -800.3061, -277.5788, 63.5947, 64, 64, 64
L -744.625, -268.2812, 42.5947, -759.325, -268.281, 42.5957, 64, 64, 64
L -744.624, -308.2509, 42.5947, -744.625, -268.2812, 42.5947, 64, 64, 64
L -730.1131, -308.2157, 42.5947, -744.624, -308.2509, 42.5947, 64, 64, 64
L -730.937, -322.25, 41.884, -730.1131, -308.2157, 42.5947, 64, 64, 64
L -729.7279, -349.2995, 32.8275, -730.937, -322.25, 41.884, 64, 64, 64
L -741.5692, -361.4687, 32.6259, -729.7279, -349.2995, 32.8275, 64, 64, 64
L -793.3754, -361.633, 24.626, -741.5692, -361.4687, 32.6259, 64, 64, 64
L -793.3124, -347.5, 24.626, -793.3754, -361.633, 24.626, 64, 64, 64
L -802.625, -347.5, 14.6259, -793.3124, -347.5, 22.626, 64, 64, 64
L -823.2812, -347.4999, 14.6259, -802.625, -347.5, 14.6259, 64, 64, 64
L -823.2812, -296.2484, 14.6259, -823.2812, -347.4999, 14.6259, 64, 64, 64
L -823.2812, -268.2805, 14.6259, -823.2812, -293.5, 14.6259, 64, 64, 64
L -795.322, -268.2812, 14.6259, -823.2812, -268.2805, 14.6259, 64, 64, 64
L -826.316, -265.5312, 14.6259, -795.3083, -265.5312, 14.6259, 64, 64, 64
L -826.312, -350.2502, 14.6259, -826.316, -265.5312, 14.6259, 64, 64, 64
L -741.3432, -350.25, 14.6259, -826.312, -350.2502, 14.6259, 64, 64, 64
L -741.3437, -265.5312, 14.6259, -741.3432, -350.25, 14.6259, 64, 64, 64
L -772.625, -265.5312, 14.6259, -741.3437, -265.5312, 14.6259, 64, 64, 64
L -811.8429, -251.5312, 0.626, -840.313, -251.5312, 0.626, 64, 64, 64
L -840.297, -279.5, 0.626, -840.313, -251.5312, 0.626, 64, 64, 64
L -840.312, -364.2187, 0.626, -840.312, -336.25, 0.626, 64, 64, 64
L -812.625, -364.2187, 0.626, -840.312, -364.2187, 0.626, 64, 64, 64
L -727.3436, -364.2187, 0.626, -755.3124, -364.2182, 0.626, 64, 64, 64
L -727.3437, -336.25, 0.626, -727.3436, -364.2187, 0.626, 64, 64, 64
L -755.7897, -251.5319, 0.626, -727.3437, -251.5311, 0.626, 64, 64, 64
L -727.3437, -279.4999, 0.626, -727.3437, -251.5311, 0.626, 64, 64, 64
L -674.161, -179.5597, 0.626, -683.3437, -179.6757, 0.7988, 64, 64, 64
L -673.3437, -193.5635, 0.626, -673.3568, -179.5747, 0.626, 64, 64, 64
L -671.3437, -195.5312, 0.626, -671.3437, -193.5623, 0.626, 64, 64, 64
L -673.3437, -193.5625, 0.626, -671.3437, -193.5623, 0.626, 64, 64, 64
L -672.2127, -196.2812, 10.6259, -646.125, -196.2538, 12.6721, 64, 64, 64
L -683.3437, -181.5869, 1.6635, -674.239, -181.5735, 1.6259, 64, 64, 64
L -683.3437, -183.5954, 2.6842, -674.317, -183.5738, 2.6259, 64, 64, 64
L -683.3437, -185.5811, 3.6484, -674.397, -185.5738, 3.6259, 64, 64, 64
L -683.3437, -187.5754, 4.626, -674.475, -187.5746, 4.626, 64, 64, 64
L -683.3437, -189.5894, 5.67, -674.553, -189.5721, 5.626, 64, 64, 64
L -683.3437, -191.5757, 6.626, -674.632, -191.5745, 6.626, 64, 64, 64
L -683.3437, -193.5949, 7.6832, -674.711, -193.5739, 7.626, 64, 64, 64
L -674.937, -195.5441, 8.6259, -683.3437, -195.5569, 8.6669, 64, 64, 64
L -674.732, -207.5312, 9.6477, -674.81, -196.313, 9.6278, 64, 64, 64
L -670.818, -196.2812, 11.6259, -674.819, -196.3468, 9.6262, 64, 64, 64
L -674.819, -196.3468, 9.6281, -674.161, -179.5597, 1.6259, 64, 64, 64
L -672.804, -207.5312, 10.6262, -672.8, -196.2812, 10.6318, 64, 64, 64
L -670.709, -207.5312, 11.6582, -670.818, -196.2812, 11.626, 64, 64, 64
L -671.3559, -156.3125, 13.6259, -671.3436, -195.5235, 13.6259, 64, 64, 64
L -646.125, -156.3125, 13.6259, -671.3559, -156.3125, 13.6259, 64, 64, 64
L -646.125, -196.269, 12.626, -646.125, -156.3125, 13.6259, 64, 64, 64
L -646.125, -207.5312, 12.6259, -646.125, -196.269, 12.626, 64, 64, 64
L -674.78, -207.5312, 9.6267, -646.125, -207.5312, 12.6259, 64, 64, 64
L -683.3437, -207.5312, 9.6259, -674.78, -207.5312, 9.6267, 64, 64, 64
L -683.3437, -207.5312, 9.6259, -683.3437, -179.5749, 0.626, 64, 64, 64
L -683.3437, -166.5737, 0.626, -683.3436, -179.5747, 0.626, 64, 64, 64
L -686.937, -153.5625, 0.626, -686.937, -156.3125, 0.626, 64, 64, 64
L -646.125, -156.3125, 0.626, -686.937, -156.3125, 0.626, 64, 64, 64
L -646.125, -195.5312, 0.626, -646.125, -156.3125, 0.626, 64, 64, 64
L -671.3437, -195.5312, 0.626, -646.125, -195.5312, 0.626, 64, 64, 64
L -686.937, -210.2815, 0.626, -686.941, -166.3234, 0.626, 64, 64, 64
L -643.3745, -210.2812, 0.626, -686.937, -210.2815, 0.626, 64, 64, 64
L -643.3749, -153.562, 0.626, -643.3745, -210.2812, 0.626, 64, 64, 64
L -686.937, -153.5625, 0.626, -643.3749, -153.562, 0.626, 64, 64, 64
L -615.2277, -214.9936, -12.374, -615.3759, -167.9945, -2.6198, 64, 64, 64
L -618.9962, -221.6461, -12.374, -615.2277, -214.9936, -12.374, 64, 64, 64
L -623.4904, -224.2016, -12.374, -618.9962, -221.6461, -12.374, 64, 64, 64
L -643.551, -224.2812, -12.3759, -623.4904, -224.2016, -12.374, 64, 64, 64
L -503.9664, -321.5, -12.374, -545.3624, -321.4999, -12.374, 64, 64, 64
L -490.2278, -307.7599, -12.374, -504.3421, -321.8756, -12.374, 64, 64, 64
L -502.8405, -251.5312, -2.1943, -490.2278, -307.7599, -12.374, 64, 64, 64
L -490.1866, -251.5312, 1.5245, -502.8405, -251.5312, -2.1943, 64, 64, 64
L -490.1875, -233.574, -12.946, -490.1866, -251.5312, 1.5245, 64, 64, 64
L -490.1875, -209.9671, -12.374, -490.1875, -233.574, -12.946, 64, 64, 64
L -504.8204, -166.1011, -12.374, -490.1875, -209.9671, -12.374, 64, 64, 64
L -552.1785, -140.3125, -12.374, -518.1562, -140.3125, -12.374, 64, 64, 64
L -560.6847, -139.5625, -1.1258, -552.1785, -140.3125, -12.374, 64, 64, 64
L -574.1541, -126.3126, 8.528, -560.6847, -139.5625, -1.1258, 64, 64, 64
L -600.7758, -126.3125, 6.7412, -574.1541, -126.3126, 8.528, 64, 64, 64
L -615.3184, -140.363, 0.626, -600.7758, -126.3125, 6.7412, 64, 64, 64
L -615.3749, -149.6726, 0.626, -615.3184, -140.363, 0.626, 64, 64, 64
L -615.8846, -150.2874, 0.626, -615.3749, -149.6726, 0.626, 64, 64, 64
L -620.125, -145.4858, 0.626, -615.8846, -150.2874, 0.626, 64, 64, 64
L -620.125, -140.3125, 0.626, -620.125, -145.4858, 0.626, 64, 64, 64
L -671.9743, -140.2118, 0.626, -620.125, -140.3125, 0.626, 64, 64, 64
L -686.937, -125.381, 0.626, -671.9743, -140.2118, 0.626, 64, 64, 64
L -685.9885, -69.7082, 0.626, -686.937, -125.381, 0.626, 64, 64, 64
L -672.937, -69.5938, 0.626, -685.9885, -69.7082, 0.626, 64, 64, 64
L -671.9855, -55.7051, 0.626, -672.937, -69.5938, 0.626, 64, 64, 64
L -559.9337, -55.5936, 0.626, -671.9855, -55.7051, 0.626, 64, 64, 64
L -545.7179, -41.5936, 0.626, -559.9337, -55.5936, 0.626, 64, 64, 64
L -322.287, -41.5936, 0.626, -545.7179, -41.5936, 0.626, 64, 64, 64
L -308.25, -27.8444, 0.626, -322.287, -41.5936, 0.626, 64, 64, 64
L -308.31, 28.4018, 0.626, -308.25, -27.8444, 0.626, 64, 64, 64
L -301.8761, 34.5152, 0.626, -308.31, 28.4018, 0.626, 64, 64, 64
L -312.2427, 97.5936, 0.626, -349.7194, 97.5936, 0.626, 64, 64, 64
L -312.6515, 97.5936, 0.626, -312.8063, 84.5442, 0.626, 150, 0, 200
L -753.3609, 801.3124, 0.626, -783.3124, 800.9732, 0.626, 150, 0, 200
L -753.3949, 801.3124, 0.626, -609.9433, 801.3105, 0.626, 64, 64, 64
L -609.9433, 801.3105, 0.626, -609.7836, 799.947, 0.626, 64, 64, 64
L -609.7836, 799.947, 0.626, -601.5049, 798.2604, -1.374, 64, 64, 64
L -601.5049, 798.2604, -1.374, -595.7567, 800.9398, -1.374, 64, 64, 64
L -595.7567, 800.9398, -1.374, -595.9877, 808.9193, -1.374, 64, 64, 64
L -595.9877, 808.9193, -1.374, -585.3695, 819.3778, -1.374, 64, 64, 64
L -585.3695, 819.3778, -1.374, -578.4084, 821.2812, -1.374, 64, 64, 64
L -578.4084, 821.2812, -1.374, -583.4061, 828.5878, 0.626, 64, 64, 64
L -583.4061, 828.5878, 0.626, -583.4061, 970.533, 0.626, 64, 64, 64
L -544.1562, 1001.2187, 0.626, -544.1562, 830.6517, 0.6261, 64, 64, 64
L -544.1562, 830.6517, 0.6261, -548.2254, 829.6833, 0.626, 64, 64, 64
L -548.2254, 829.6833, 0.626, -552.4171, 825.1951, 0.626, 64, 64, 64
L -552.4171, 825.1951, 0.626, -549.6834, 817.8241, -1.374, 64, 64, 64
L -549.6834, 817.8241, -1.374, -544.8017, 815.9452, -1.374, 64, 64, 64
L -544.8017, 815.9452, -1.374, -544.1735, 801.5516, -1.374, 64, 64, 64
L -544.1735, 801.5516, -1.374, -546.13, 783.9438, -1.374, 64, 64, 64
L -546.13, 783.9438, -1.374, -532.1562, 783.3124, -1.374, 64, 64, 64
L -532.1562, 783.3124, -1.374, -517.5294, 797.3124, 0.626, 64, 64, 64
L -517.5294, 797.3124, 0.626, -504.26, 797.3124, 0.626, 64, 64, 64
L -504.26, 797.3124, 0.626, -489.2178, 783.3124, 0.626, 64, 64, 64
L -489.2178, 783.3124, 0.626, -462.1875, 783.3124, 0.626, 64, 64, 64
L -462.1875, 783.3124, 0.626, -462.1875, 769.7359, 0.626, 64, 64, 64
L -462.1875, 769.7359, 0.626, -447.6652, 769.98, 0.626, 64, 64, 64
L -447.6652, 769.98, 0.626, -434.72, 755.2374, 0.626, 64, 64, 64
L -434.72, 755.2374, 0.626, -420.3593, 727.7328, 0.626, 64, 64, 64
L -420.3593, 727.7328, 0.626, -433.9791, 714.825, 0.626, 64, 64, 64
L -433.9791, 714.825, 0.626, -434.1875, 686.389, 0.626, 64, 64, 64
L -434.1875, 686.389, 0.626, -422.2187, 673.5634, 0.626, 64, 64, 64
L -422.2187, 673.5634, 0.626, -422.218, 671.3437, 0.626, 64, 64, 64
L -422.218, 671.3437, 0.626, -294.25, 671.3437, 0.626, 64, 64, 64
L -294.25, 671.3437, 0.626, -294.2389, 438.72, 0.626, 64, 64, 64
L -294.2389, 438.72, 0.626, -290.9148, 441.11, -0.374, 64, 64, 64
L -290.9148, 441.11, -0.374, -291.5, 461.998, -0.374, 64, 64, 64
L -291.5, 461.998, -0.374, -266.2688, 457.4857, -0.3735, 64, 64, 64
L -266.2688, 457.4857, -0.3735, -241.8666, 459.2425, 0.626, 64, 64, 64
L -241.8666, 459.2425, 0.626, -226.2245, 443.1705, 0.626, 64, 64, 64
L -226.2245, 443.1705, 0.626, -224.3404, 420.7327, 0.626, 64, 64, 64
L -224.3404, 420.7327, 0.626, -225.8147, 393.6483, 0.626, 64, 64, 64
L -225.8147, 393.6483, 0.626, -228.43, 391.88, 0.626, 64, 64, 64
L -228.43, 391.88, 0.626, -231.63, 384.2187, 3.225, 64, 64, 64
L -231.63, 384.2187, 3.225, -233.473, 384.572, -0.374, 64, 64, 64
L -233.473, 384.572, -0.374, -249.4122, 374.2187, -0.374, 64, 64, 64
L -249.4122, 374.2187, -0.374, -262.1182, 374.2764, -0.374, 64, 64, 64
L -262.1182, 374.2764, -0.374, -281.5523, 378.2366, -0.374, 64, 64, 64
L -281.5523, 378.2366, -0.374, -291.5, 378.218, 1.6259, 64, 64, 64
L -291.5, 378.218, 1.6259, -291.7255, 392.1877, 1.6259, 64, 64, 64
L -291.7255, 392.1877, 1.6259, -294.2223, 389.985, 1.6259, 64, 64, 64
L -294.2223, 389.985, 1.6259, -294.25, 350.25, 0.626, 64, 64, 64
L -294.25, 350.25, 0.626, -335.8573, 350.25, 0.626, 64, 64, 64
L -335.8573, 350.25, 0.626, -350.94, 336.2708, 0.626, 64, 64, 64
L -350.94, 336.2708, 0.626, -350.25, 112.1238, 0.626, 64, 64, 64
L -350.25, 112.1238, 0.626, -363.9991, 98.3438, 0.626, 64, 64, 64
L -363.9991, 98.3438, 0.626, -419.6813, 98.3438, 0.626, 64, 64, 64
L -419.6813, 98.3438, 0.626, -434.1793, 84.465, 0.626, 64, 64, 64
L -434.1793, 84.465, 0.626, -434.1875, 27.9982, 0.626, 64, 64, 64
L -434.1875, 27.9982, 0.626, -420.971, 13.7236, 0.626, 64, 64, 64
L -420.971, 13.7236, 0.626, -377.8756, 13.625, 0.626, 64, 64, 64
L -377.8756, 13.625, 0.626, -363.535, 27.7871, 0.626, 64, 64, 64
L -363.535, 27.7871, 0.626, -363.4687, 83.8136, 0.626, 64, 64, 64
L -363.4687, 83.8136, 0.626, -349.7192, 97.5936, 0.626, 64, 64, 64
L -301.8761, 34.5152, 2.5009, -301.9408, 55.8858, 3.5009, 150, 0, 200
L -759.325, -268.2805, 42.596, -823.2812, -268.2796, 63.5947, 64, 64, 64
L -823.2812, -268.2796, 63.5947, -823.2812, -347.4999, 63.5947, 64, 64, 64
L -823.2812, -347.4999, 63.5947, -788.498, -347.5, 63.5953, 64, 64, 64
L -788.498, -347.5, 63.5953, -760.625, -347.5, 73.5947, 64, 64, 64
L -760.625, -347.5, 73.5947, -760.142, -295.6555, 73.5947, 64, 64, 64
L -760.142, -295.6555, 73.5947, -797.3124, -295.7568, 73.5947, 64, 64, 64
L -797.3124, -295.7568, 73.5947, -797.3123, -333.9567, 73.5947, 64, 64, 64
L -797.3123, -333.9567, 73.5947, -770.457, -333.9717, 73.5947, 64, 64, 64
L -759.3233, -268.2812, 42.5947, -759.3124, -277.4291, 42.5947, 64, 64, 64
L -761.3419, -268.2812, 43.6456, -761.3246, -276.408, 43.5947, 64, 64, 64
L -763.3246, -268.2812, 44.5947, -763.3246, -276.4744, 44.5947, 64, 64, 64
L -765.3246, -268.2812, 45.5947, -765.3246, -276.4796, 45.5947, 64, 64, 64
L -767.3246, -268.2812, 46.5947, -767.3246, -276.2608, 46.5947, 64, 64, 64
L -769.3428, -268.2812, 47.6477, -769.3223, -277.4877, 47.5947, 64, 64, 64
L -771.325, -268.2808, 48.5957, -771.3246, -277.4936, 48.5947, 64, 64, 64
L -773.3246, -268.2807, 49.5947, -773.3246, -277.4995, 49.5947, 64, 64, 64
L -775.3359, -268.2812, 50.6304, -775.3229, -277.5054, 50.5947, 64, 64, 64
L -777.3246, -268.2812, 51.5947, -777.3246, -277.5113, 51.5947, 64, 64, 64
L -779.3246, -268.2812, 52.5947, -779.3246, -277.5172, 52.5947, 64, 64, 64
L -781.3246, -268.2807, 53.5947, -781.3246, -277.523, 53.5947, 64, 64, 64
L -783.3535, -268.2812, 54.6704, -783.3225, -277.5289, 54.5947, 64, 64, 64
L -785.3251, -268.2807, 55.5966, -785.3246, -277.5348, 55.5947, 64, 64, 64
L -787.325, -268.2807, 56.596, -787.3246, -277.5382, 56.5947, 64, 64, 64
L -789.3246, -268.2812, 57.5947, -789.3246, -277.5466, 57.5947, 64, 64, 64
L -791.3247, -268.2812, 58.5953, -791.3246, -277.5525, 58.5947, 64, 64, 64
L -793.325, -268.281, 59.5957, -793.3246, -277.5582, 59.5947, 64, 64, 64
L -795.3246, -268.2805, 60.5947, -795.3246, -277.5642, 60.5947, 64, 64, 64
L -797.3248, -268.2805, 61.5955, -797.3246, -277.5701, 61.5947, 64, 64, 64
L -799.3497, -268.2812, 62.6629, -799.3224, -277.576, 62.5947, 64, 64, 64
L -769.3223, -277.4877, 42.5947, -800.3061, -277.5788, 62.5947, 64, 64, 64
L -783.3124, 762.601, 0.626, -783.3124, 800.8549, 0.626, 64, 64, 64
L -1312.7617, -687.3437, 0.626, -1342.1648, -648.125, 0.626, 150, 0, 200
L -1312.752, -687.3437, 0.626, -1169.6151, -687.3437, 0.626, 64, 64, 64
L -1169.6151, -687.3437, 0.626, -1165.9846, -680.6301, 0.626, 64, 64, 64
L -1165.9846, -680.6301, 0.626, -1160.3773, -681.671, -1.374, 64, 64, 64
L -1160.3773, -681.671, -1.374, -1155.4831, -688.6031, -1.374, 64, 64, 64
L -1155.4831, -688.6031, -1.374, -1157.7156, -693.36, -1.374, 64, 64, 64
L -1157.7156, -693.36, -1.374, -1148.5446, -701.645, -1.374, 64, 64, 64
L -1148.5446, -701.645, -1.374, -1144.3867, -700.1576, -1.374, 64, 64, 64
L -1144.3867, -700.1576, -1.374, -1141.264, -704.4248, -1.374, 64, 64, 64
L -1141.264, -704.4248, -1.374, -1140.7379, -707.3437, -1.374, 64, 64, 64
L -1140.7379, -707.3437, -1.374, -1143.1557, -712.656, 0.626, 64, 64, 64
L -1143.1557, -712.656, 0.626, -1143.1989, -856.8101, 0.626, 64, 64, 64
L -1143.1989, -856.8101, 2.5009, -1103.9375, -869.825, 2.5009, 150, 0, 200
L -1103.9375, -869.825, 0.626, -1103.9375, -705.9824, 0.626, 64, 64, 64
P -321.9537, 74.9331, 8.3036, 0, 127, 0, 3, to_East_Cabilis
P -1310.746, -667.2621, 0.1, 0, 127, 0, 3, to_Warslik's_Woods
P -1128.4561, -855.1475, 0.1, 0, 127, 0, 3, to_Warslik's_Woods
P -767, 783, 0.1, 0, 127, 0, 3, to_Lake_of_ill_Omen
P -559.5634, 974.3663, 0.1, 0, 127, 0, 3, to_Lake_of_ill_Omen
