L -297, 41, 0,  -309, 29, 0,  153, 153, 153
L -309, 29, 0,  -311, -28, 0,  153, 153, 153
L -311, -28, 0,  -313, -30, 0,  153, 153, 153
L -313, -30, 0,  -544, -40, 0,  153, 153, 153
L -544, -40, 0,  -560, -53, 0,  153, 153, 153
L -560, -53, 0,  -671, -54, 0,  153, 153, 153
L -671, -54, 0,  -674, -67, 0,  153, 153, 153
L -674, -67, 0,  -684, -68, 0,  153, 153, 153
L -684, -68, 0,  -688, -125, 0,  153, 153, 153
L -688, -125, 0,  -674, -141, 0,  153, 153, 153
L -674, -141, 0,  -622, -142, 0,  153, 153, 153
L -622, -142, 0,  -622, -142, 0,  153, 153, 153
L -622, -142, 0,  -617, -152, 0,  153, 153, 153
L -617, -152, 0,  -613, -143, 0,  153, 153, 153
L -613, -143, 0,  -546, -142, 0,  153, 153, 153
L -546, -142, 0,  -513, -148, 0,  153, 153, 153
L -513, -148, 0,  -506, -161, 0,  153, 153, 153
L -506, -161, 0,  -500, -187, 0,  153, 153, 153
L -500, -187, 0,  -503, -249, 0,  153, 153, 153
L -503, -249, 0,  -499, -281, 0,  153, 153, 153
L -499, -281, 0,  -504, -319, 0,  153, 153, 153
L -504, -319, 0,  -481, -358, 0,  153, 153, 153
L -481, -358, 0,  -488, -413, 0,  153, 153, 153
L -488, -413, 0,  -495, -436, 0,  153, 153, 153
L -495, -436, 0,  -513, -446, 0,  153, 153, 153
L -513, -446, 0,  -553, -472, 0,  153, 153, 153
L -553, -472, 0,  -581, -485, 0,  153, 153, 153
L -581, -485, 0,  -611, -488, 0,  153, 153, 153
L -611, -488, 0,  -624, -473, 0,  153, 153, 153
L -624, -473, 0,  -646, -446, 0,  153, 153, 153
L -646, -446, 0,  -784, -452, 0,  153, 153, 153
L -784, -452, 0,  -826, -474, 0,  153, 153, 153
L -826, -474, 0,  -873, -516, 0,  153, 153, 153
L -873, -516, 0,  -919, -516, 0,  153, 153, 153
L -919, -516, 0,  -959, -530, 0,  153, 153, 153
L -959, -530, 0,  -942, -556, 0,  153, 153, 153
L -942, -556, 0,  -974, -569, 0,  153, 153, 153
L -974, -569, 0,  -982, -580, 0,  153, 153, 153
L -982, -580, 0,  -1005, -612, 0,  153, 153, 153
L -1005, -612, 0,  -1005, -612, 0,  153, 153, 153
L -1005, -612, 0,  -1024, -624, 0,  153, 153, 153
L -1024, -624, 0,  -1018, -636, 0,  153, 153, 153
L -1018, -636, 0,  -985, -635, 0,  153, 153, 153
L -985, -635, 0,  -944, -681, 0,  153, 153, 153
L -944, -681, 0,  -920, -679, 0,  153, 153, 153
L -920, -679, 0,  -901, -667, 0,  153, 153, 153
L -901, -667, 0,  -880, -668, 0,  153, 153, 153
L -880, -668, 0,  -865, -682, 0,  153, 153, 153
L -865, -682, 0,  -875, -717, 0,  153, 153, 153
L -875, -717, 0,  -898, -725, 0,  153, 153, 153
L -898, -725, 0,  -943, -714, 0,  153, 153, 153
L -943, -714, 0,  -992, -711, 0,  153, 153, 153
L -992, -711, 0,  -998, -694, 0,  153, 153, 153
L -998, -694, 0,  -1020, -669, 0,  153, 153, 153
L -1020, -669, 0,  -1025, -654, 0,  153, 153, 153
L -1025, -654, 0,  -1044, -608, 0,  153, 153, 153
L -1044, -608, 0,  -1053, -599, 0,  153, 153, 153
L -1053, -599, 0,  -1054, -662, 0,  153, 153, 153
L -1054, -662, 0,  -1057, -682, 0,  153, 153, 153
L -1057, -682, 0,  -1073, -697, 0,  153, 153, 153
L -1073, -697, 0,  -1106, -711, 0,  153, 153, 153
L -1106, -711, 0,  -1106, -885, 0,  153, 153, 153
L -1141, -848, 0,  -1141, -725, 0,  153, 153, 153
L -1141, -725, 0,  -1147, -695, 0,  153, 153, 153
L -1147, -695, 0,  -1171, -682, 0,  153, 153, 153
L -1171, -682, 0,  -1305, -685, 0,  153, 153, 153
L -1306, -650, 0,  -1173, -650, 0,  153, 153, 153
L -1173, -650, 0,  -1148, -633, 0,  153, 153, 153
L -1148, -633, 0,  -1141, -632, 0,  153, 153, 153
L -1141, -632, 0,  -1078, -605, 0,  153, 153, 153
L -1078, -605, 0,  -1083, -587, 0,  153, 153, 153
L -1083, -587, 0,  -1080, -555, 0,  153, 153, 153
L -1080, -555, 0,  -1062, -556, 0,  153, 153, 153
L -1062, -556, 0,  -1041, -554, 0,  153, 153, 153
L -1041, -554, 0,  -1030, -569, 0,  153, 153, 153
L -1030, -569, 0,  -1002, -581, 0,  153, 153, 153
L -1002, -581, 0,  -1005, -547, 0,  153, 153, 153
L -1005, -547, 0,  -1001, -545, 0,  153, 153, 153
L -1001, -545, 0,  -983, -511, 0,  153, 153, 153
L -983, -511, 0,  -991, -473, 0,  153, 153, 153
L -991, -473, 0,  -978, -457, 0,  153, 153, 153
L -978, -457, 0,  -963, -420, 0,  153, 153, 153
L -963, -420, 0,  -954, -387, 0,  153, 153, 153
L -954, -387, 0,  -938, -373, 0,  153, 153, 153
L -938, -373, 0,  -919, -235, 0,  153, 153, 153
L -919, -235, 0,  -921, -159, 0,  153, 153, 153
L -921, -159, 0,  -901, -142, 0,  153, 153, 153
L -901, -142, 0,  -885, -132, 0,  153, 153, 153
L -885, -132, 0,  -879, -62, 0,  153, 153, 153
L -879, -62, 0,  -870, -24, 0,  153, 153, 153
L -870, -24, 0,  -848, -16, 0,  153, 153, 153
L -848, -16, 0,  -828, -44, 0,  153, 153, 153
L -828, -44, 0,  -828, -125, 0,  153, 153, 153
L -828, -125, 0,  -821, -134, 0,  153, 153, 153
L -821, -134, 0,  -764, -142, 0,  153, 153, 153
L -764, -142, 0,  -744, -137, 0,  153, 153, 153
L -744, -137, 0,  -739, -37, 0,  153, 153, 153
L -739, -37, 0,  -734, -10, 0,  153, 153, 153
L -734, -10, 0,  -719, -2, 0,  153, 153, 153
L -719, -2, 0,  -697, 18, 0,  153, 153, 153
L -697, 18, 0,  -678, 25, 0,  153, 153, 153
L -678, 25, 0,  -669, 32, 0,  153, 153, 153
L -669, 32, 0,  -696, 43, 0,  153, 153, 153
L -696, 43, 0,  -697, 45, 0,  153, 153, 153
L -697, 45, 0,  -697, 69, 0,  153, 153, 153
L -697, 69, 0,  -711, 71, 0,  153, 153, 153
L -711, 71, 0,  -711, 77, 0,  153, 153, 153
L -711, 77, 0,  -724, 85, 0,  153, 153, 153
L -724, 85, 0,  -725, 90, 0,  153, 153, 153
L -725, 90, 0,  -717, 95, 0,  153, 153, 153
L -717, 95, 0,  -711, 102, 0,  153, 153, 153
L -711, 102, 0,  -689, 109, 0,  153, 153, 153
L -689, 109, 0,  -674, 90, 0,  153, 153, 153
L -674, 90, 0,  -682, 71, 0,  153, 153, 153
L -682, 71, 0,  -688, 55, 0,  153, 153, 153
L -688, 55, 0,  -668, 53, 0,  153, 153, 153
L -668, 53, 0,  -660, 43, 0,  153, 153, 153
L -660, 43, 0,  -653, 25, 0,  153, 153, 153
L -653, 25, 0,  -641, 50, 0,  153, 153, 153
L -641, 50, 0,  -642, 85, 0,  153, 153, 153
L -642, 85, 0,  -654, 85, 0,  153, 153, 153
L -654, 85, 0,  -655, 119, 0,  153, 153, 153
L -655, 119, 0,  -647, 123, 0,  153, 153, 153
L -647, 123, 0,  -641, 131, 0,  153, 153, 153
L -641, 131, 0,  -632, 137, 0,  153, 153, 153
L -632, 137, 0,  -632, 136, 0,  153, 153, 153
L -632, 136, 0,  -618, 123, 0,  153, 153, 153
L -618, 123, 0,  -618, 89, 0,  153, 153, 153
L -618, 89, 0,  -622, 85, 0,  153, 153, 153
L -622, 85, 0,  -632, 79, 0,  153, 153, 153
L -632, 79, 0,  -632, 28, 0,  153, 153, 153
L -632, 28, 0,  -603, 25, 0,  153, 153, 153
L -603, 25, 0,  -599, 120, 0,  153, 153, 153
L -599, 120, 0,  -595, 143, 0,  153, 153, 153
L -595, 143, 0,  -430, 151, 0,  153, 153, 153
L -430, 151, 0,  -408, 162, 0,  153, 153, 153
L -408, 162, 0,  -404, 332, 0,  153, 153, 153
L -404, 332, 0,  -415, 347, 0,  153, 153, 153
L -415, 347, 0,  -458, 351, 0,  153, 153, 153
L -458, 351, 0,  -460, 668, 0,  153, 153, 153
L -460, 668, 0,  -454, 676, 0,  153, 153, 153
L -454, 676, 0,  -446, 707, 0,  153, 153, 153
L -446, 707, 0,  -458, 715, 0,  153, 153, 153
L -458, 715, 0,  -460, 725, 0,  153, 153, 153
L -460, 725, 0,  -467, 743, 0,  153, 153, 153
L -467, 743, 0,  -474, 768, 0,  153, 153, 153
L -474, 768, 0,  -517, 771, 0,  153, 153, 153
L -517, 771, 0,  -534, 756, 0,  153, 153, 153
L -534, 756, 0,  -525, 738, 0,  153, 153, 153
L -525, 738, 0,  -506, 750, 0,  153, 153, 153
L -506, 750, 0,  -499, 746, 0,  153, 153, 153
L -499, 746, 0,  -492, 737, 0,  153, 153, 153
L -492, 737, 0,  -498, 721, 0,  153, 153, 153
L -498, 721, 0,  -511, 715, 0,  153, 153, 153
L -511, 715, 0,  -516, 720, 0,  153, 153, 153
L -516, 720, 0,  -543, 729, 0,  153, 153, 153
L -543, 729, 0,  -544, 752, 0,  153, 153, 153
L -544, 752, 0,  -554, 766, 0,  153, 153, 153
L -554, 766, 0,  -587, 763, 0,  153, 153, 153
L -587, 763, 0,  -773, 763, 0,  153, 153, 153
L -773, 763, 0,  -781, 786, 0,  153, 153, 153
L -754, 798, 0,  -643, 798, 0,  153, 153, 153
L -643, 798, 0,  -594, 807, 0,  153, 153, 153
L -594, 807, 0,  -578, 833, 0,  153, 153, 153
L -578, 833, 0,  -582, 949, 0,  153, 153, 153
L -546, 945, 0,  -546, 861, 0,  153, 153, 153
L -546, 861, 0,  -548, 811, 0,  153, 153, 153
L -548, 811, 0,  -546, 798, 0,  153, 153, 153
L -546, 798, 0,  -531, 781, 0,  153, 153, 153
L -531, 781, 0,  -525, 786, 0,  153, 153, 153
L -525, 786, 0,  -507, 794, 0,  153, 153, 153
L -507, 794, 0,  -500, 790, 0,  153, 153, 153
L -500, 790, 0,  -482, 780, 0,  153, 153, 153
L -482, 780, 0,  -464, 770, 0,  153, 153, 153
L -464, 770, 0,  -456, 766, 0,  153, 153, 153
L -456, 766, 0,  -447, 765, 0,  153, 153, 153
L -447, 765, 0,  -423, 727, 0,  153, 153, 153
L -423, 727, 0,  -431, 719, 0,  153, 153, 153
L -431, 719, 0,  -436, 704, 0,  153, 153, 153
L -436, 704, 0,  -424, 672, 0,  153, 153, 153
L -424, 672, 0,  -303, 668, 0,  153, 153, 153
L -303, 668, 0,  -296, 455, 0,  153, 153, 153
L -296, 455, 0,  -266, 455, 0,  153, 153, 153
L -266, 455, 0,  -260, 455, 0,  153, 153, 153
L -260, 455, 0,  -232, 446, 0,  153, 153, 153
L -232, 446, 0,  -227, 433, 0,  153, 153, 153
L -227, 433, 0,  -226, 418, 0,  153, 153, 153
L -226, 418, 0,  -229, 401, 0,  153, 153, 153
L -229, 401, 0,  -241, 382, 0,  153, 153, 153
L -241, 382, 0,  -241, 380, 0,  153, 153, 153
L -241, 380, 0,  -262, 375, 0,  153, 153, 153
L -262, 375, 0,  -277, 381, 0,  153, 153, 153
L -277, 381, 0,  -285, 379, 0,  153, 153, 153
L -285, 379, 0,  -290, 386, 0,  153, 153, 153
L -290, 386, 0,  -296, 359, 0,  153, 153, 153
L -296, 359, 0,  -329, 351, 0,  153, 153, 153
L -329, 351, 0,  -349, 339, 0,  153, 153, 153
L -349, 339, 0,  -352, 117, 0,  153, 153, 153
L -352, 117, 0,  -359, 105, 0,  153, 153, 153
L -359, 105, 0,  -412, 99, 0,  153, 153, 153
L -412, 99, 0,  -428, 92, 0,  153, 153, 153
L -428, 92, 0,  -436, 41, 0,  153, 153, 153
L -436, 41, 0,  -425, 15, 0,  153, 153, 153
L -425, 15, 0,  -379, 11, 0,  153, 153, 153
L -379, 11, 0,  -367, 21, 0,  153, 153, 153
L -367, 21, 0,  -362, 78, 0,  153, 153, 153
L -362, 78, 0,  -351, 93, 0,  153, 153, 153
L -351, 93, 0,  -294, 95, 0,  153, 153, 153
P -800, 900, 0, 0, 0, 0, 2, Lake of Ill Omen
P -1350, -700, 0, 0, 0, 0, 2, Warslik's Wood
P -294, 95, 0, 0, 0, 0, 2, East Cabilis
