L 700, -60, -214,  664, -107, -202,  0, 204, 255
L 664, -107, -202,  576, -107, -197,  0, 204, 255
L 576, -107, -197,  576, -72, -182,  0, 204, 255
L 576, -72, -182,  594, -54, -229,  0, 204, 255
L 594, -54, -229,  594, -43, -199,  0, 204, 255
L 594, -43, -199,  577, -19, -185,  0, 204, 255
L 577, -19, -185,  580, -19, -207,  0, 204, 255
L 580, -19, -207,  580, -13, -214,  0, 204, 255
L 580, -13, -214,  576, -13, -178,  0, 204, 255
L 576, -13, -178,  576, 12, -205,  0, 204, 255
L 576, 12, -205,  580, 13, -216,  0, 204, 255
L 580, 13, -216,  580, 17, -248,  0, 204, 255
L 580, 17, -248,  577, 18, -181,  0, 204, 255
L 577, 18, -181,  594, 34, -202,  0, 204, 255
L 594, 34, -202,  593, 55, -232,  0, 204, 255
L 593, 55, -232,  576, 71, -180,  0, 204, 255
L 576, 71, -180,  576, 106, -179,  0, 204, 255
L 576, 106, -179,  664, 106, -182,  0, 204, 255
L 664, 106, -182,  716, 36, -180,  0, 204, 255
L 716, 36, -180,  701, 36, -203,  0, 204, 255
L 701, 36, -203,  682, 18, -215,  0, 204, 255
L 682, 18, -215,  678, 18, -233,  0, 204, 255
L 678, 18, -233,  678, 12, -222,  0, 204, 255
L 678, 12, -222,  682, 12, -187,  0, 204, 255
L 682, 12, -187,  682, -13, -183,  0, 204, 255
L 682, -13, -183,  678, -13, -250,  0, 204, 255
L 678, -13, -250,  678, -18, -243,  0, 204, 255
L 678, -18, -243,  682, -19, -179,  0, 204, 255
L 682, -19, -179,  700, -36, -180,  0, 204, 255
L 700, -36, -180,  700, -60, -180,  0, 204, 255
L 576, 90, -702,  520, 90, -700,  0, 204, 255
L 520, 90, -700,  520, -127, -700,  0, 204, 255
L 520, -127, -700,  628, -127, -700,  0, 204, 255
L 628, -127, -700,  628, -145, -700,  0, 204, 255
L 628, -145, -700,  644, -145, -700,  0, 204, 255
L 644, -145, -700,  646, -269, -700,  0, 204, 255
L 646, -269, -700,  612, -269, -700,  0, 204, 255
L 612, -269, -700,  611, -143, -700,  0, 204, 255
L 611, -143, -700,  504, -143, -700,  0, 204, 255
L 504, -143, -700,  504, -17, -700,  0, 204, 255
L 504, -17, -700,  480, -17, -700,  0, 204, 255
L 480, -17, -700,  466, -31, -700,  0, 204, 255
L 466, -31, -700,  413, -31, -700,  0, 204, 255
L 413, -31, -700,  400, -18, -700,  0, 204, 255
L 400, -18, -700,  400, 17, -700,  0, 204, 255
L 400, 17, -700,  413, 30, -700,  0, 204, 255
L 413, 30, -700,  466, 30, -700,  0, 204, 255
L 466, 30, -700,  480, 16, -700,  0, 204, 255
L 480, 16, -700,  504, 16, -700,  0, 204, 255
L 504, 16, -700,  504, 90, -700,  0, 204, 255
L 504, 90, -700,  268, 90, -700,  0, 204, 255
L 268, 90, -700,  268, -17, -700,  0, 204, 255
L 268, -17, -700,  233, -17, -700,  0, 204, 255
L 233, -17, -700,  183, -53, -700,  0, 204, 255
L 183, -53, -700,  139, -53, -700,  0, 204, 255
L 139, -53, -700,  90, -17, -700,  0, 204, 255
L 90, -17, -700,  90, 16, -700,  0, 204, 255
L 90, 16, -700,  139, 52, -700,  0, 204, 255
L 139, 52, -700,  183, 52, -700,  0, 204, 255
L 183, 52, -700,  233, 15, -700,  0, 204, 255
L 233, 15, -700,  253, 16, -700,  0, 204, 255
L 253, 16, -700,  252, 106, -700,  0, 204, 255
L 252, 106, -700,  576, 106, -701,  0, 204, 255
L 216, 4, -700,  216, -5, -700,  0, 204, 255
L 216, -5, -700,  202, -13, -700,  0, 204, 255
L 202, -13, -700,  183, -31, -700,  0, 204, 255
L 183, -31, -700,  138, -31, -700,  0, 204, 255
L 138, -31, -700,  120, -13, -700,  0, 204, 255
L 120, -13, -700,  106, -4, -700,  0, 204, 255
L 106, -4, -700,  106, 3, -700,  0, 204, 255
L 106, 3, -700,  120, 12, -700,  0, 204, 255
L 120, 12, -700,  138, 29, -700,  0, 204, 255
L 138, 29, -700,  184, 30, -700,  0, 204, 255
L 184, 30, -700,  201, 12, -700,  0, 204, 255
L 201, 12, -700,  216, 4, -700,  0, 204, 255
L 612, -127, -557,  612, -148, -367,  0, 204, 255
L 611, -181, -459,  583, -181, -339,  0, 204, 255
L 583, -181, -339,  504, -181, -190,  0, 204, 255
L 504, -181, -190,  504, -181, -190,  0, 204, 255
L 504, -181, -190,  430, -181, 338,  0, 204, 255
L 430, -181, 338,  417, -181, 338,  0, 204, 255
L 417, -181, 338,  416, -171, 338,  0, 204, 255
L 416, -171, 338,  400, -171, 338,  0, 204, 255
L 400, -171, 338,  400, -225, 338,  0, 204, 255
L 400, -225, 338,  416, -225, 338,  0, 204, 255
L 416, -225, 338,  416, -215, 338,  0, 204, 255
L 416, -215, 338,  429, -215, 338,  0, 204, 255
L 429, -215, 338,  504, -215, -203,  0, 204, 255
L 504, -215, -203,  583, -215, -339,  0, 204, 255
L 583, -215, -339,  603, -223, -422,  0, 204, 255
L 603, -223, -422,  611, -223, -459,  0, 204, 255
L 451, 30, -287,  452, 53, 116,  0, 204, 255
L 452, 53, 116,  467, 68, 118,  0, 204, 255
L 467, 68, 118,  484, 68, 118,  0, 204, 255
L 484, 68, 118,  500, 53, 123,  0, 204, 255
L 500, 53, 123,  500, 18, 177,  0, 204, 255
L 500, 18, 177,  488, 18, 177,  0, 204, 255
L 488, 18, 177,  488, 53, 121,  0, 204, 255
L 488, 53, 121,  485, 56, 118,  0, 204, 255
L 485, 56, 118,  464, 54, 118,  0, 204, 255
L 464, 54, 118,  464, 31, 18,  0, 204, 255
L 464, 31, 18,  464, 30, -187,  0, 204, 255
L 464, -31, -197,  466, -57, 118,  0, 204, 255
L 466, -57, 118,  486, -57, 118,  0, 204, 255
L 486, -57, 118,  488, -54, 121,  0, 204, 255
L 488, -54, 121,  488, -19, 177,  0, 204, 255
L 488, -19, 177,  500, -19, 177,  0, 204, 255
L 500, -19, 177,  500, -54, 123,  0, 204, 255
L 500, -54, 123,  484, -69, 118,  0, 204, 255
L 484, -69, 118,  467, -69, 118,  0, 204, 255
L 467, -69, 118,  452, -54, 117,  0, 204, 255
L 452, -54, 117,  452, -32, 18,  0, 204, 255
L 452, -32, 18,  452, -31, -184,  0, 204, 255
L -127, -179, -345,  -127, 160, -194,  0, 204, 255
L -127, 160, -194,  -431, 160, -194,  0, 204, 255
L -431, 160, -194,  -431, 108, -182,  0, 204, 255
L -431, 108, -182,  -270, 108, -202,  0, 204, 255
L -270, 108, -202,  -269, 107, -201,  0, 204, 255
L -269, 107, -201,  -268, -108, -245,  0, 204, 255
L -268, -108, -245,  -269, -109, -210,  0, 204, 255
L -269, -109, -210,  -277, -109, -187,  0, 204, 255
L -277, -109, -187,  -431, -109, -179,  0, 204, 255
L -431, -109, -179,  -431, -179, -179,  0, 204, 255
L -431, -179, -179,  -127, -179, -180,  0, 204, 255
L 894, -35, 18,  846, -35, 18,  153, 153, 153
L 846, -35, 18,  846, -35, 18,  153, 153, 153
L 846, -35, 18,  846, -10, 18,  153, 153, 153
L 846, -10, 18,  772, -10, 18,  153, 153, 153
L 772, -10, 18,  772, -35, 18,  153, 153, 153
L 772, -35, 18,  718, -35, 18,  153, 153, 153
L 718, -35, 18,  716, -37, -26,  153, 153, 153
L 716, -37, -26,  700, -60, -214,  153, 153, 153
L 716, -37, -26,  700, -36, -190,  153, 153, 153
L 718, -35, 18,  701, -36, 18,  153, 153, 153
L 701, -36, 18,  684, -18, 18,  153, 153, 153
L 684, -18, 18,  684, -14, 18,  153, 153, 153
L 684, -14, 18,  615, -13, 18,  153, 153, 153
L 615, -13, 18,  611, -12, 18,  153, 153, 153
L 611, -12, 18,  598, -9, 18,  153, 153, 153
L 598, -9, 18,  588, -1, 18,  153, 153, 153
L 588, -1, 18,  582, -9, 18,  153, 153, 153
L 582, -9, 18,  583, -13, 18,  153, 153, 153
L 583, -13, 18,  568, -13, 18,  153, 153, 153
L 568, -13, 18,  568, -35, 18,  153, 153, 153
L 568, -35, 18,  564, -35, 18,  153, 153, 153
L 564, -35, 18,  563, -13, 18,  153, 153, 153
L 563, -13, 18,  556, -13, 18,  153, 153, 153
L 556, -13, 18,  556, -18, 18,  153, 153, 153
L 556, -18, 18,  538, -36, 18,  153, 153, 153
L 538, -36, 18,  538, -54, 18,  153, 153, 153
L 538, -54, 18,  556, -72, -1,  153, 153, 153
L 556, -72, -1,  556, -89, -1,  153, 153, 153
L 556, -89, -1,  538, -89, 18,  153, 153, 153
L 538, -89, 18,  538, -93, 18,  153, 153, 153
L 538, -93, 18,  556, -93, 135,  153, 153, 153
L 556, -93, 135,  646, -93, 198,  153, 153, 153
L 646, -93, 198,  660, -107, 198,  153, 153, 153
L 660, -107, 198,  576, -107, 198,  153, 153, 153
L 576, -107, 198,  576, -105, 198,  153, 153, 153
L 576, -105, 198,  556, -105, 135,  153, 153, 153
L 556, -105, 135,  538, -105, 18,  153, 153, 153
L 538, -105, 18,  538, -107, 18,  153, 153, 153
L 538, -107, 18,  534, -107, 18,  153, 153, 153
L 534, -107, 18,  534, -127, 18,  153, 153, 153
L 534, -127, 18,  612, -127, -61,  153, 153, 153
L 895, -19, 18,  862, -19, 18,  153, 153, 153
L 862, -19, 18,  862, 18, 18,  153, 153, 153
L 862, 18, 18,  895, 18, 18,  153, 153, 153
L 895, 34, 18,  846, 34, 18,  153, 153, 153
L 846, 34, 18,  846, 9, 18,  153, 153, 153
L 846, 9, 18,  772, 9, 18,  153, 153, 153
L 772, 9, 18,  772, 34, 18,  153, 153, 153
L 772, 34, 18,  718, 34, 18,  153, 153, 153
L 718, 34, 18,  701, 35, 18,  153, 153, 153
L 701, 35, 18,  684, 17, 18,  153, 153, 153
L 684, 17, 18,  684, 12, 18,  153, 153, 153
L 684, 12, 18,  626, 12, 18,  153, 153, 153
L 626, 12, 18,  610, 7, 18,  153, 153, 153
L 610, 7, 18,  605, 12, 18,  153, 153, 153
L 605, 12, 18,  568, 12, 18,  153, 153, 153
L 568, 12, 18,  568, 34, 18,  153, 153, 153
L 568, 34, 18,  564, 34, 18,  153, 153, 153
L 564, 34, 18,  564, 12, 18,  153, 153, 153
L 564, 12, 18,  556, 12, 18,  153, 153, 153
L 556, 12, 18,  556, 17, 18,  153, 153, 153
L 556, 17, 18,  538, 34, 18,  153, 153, 153
L 538, 34, 18,  538, 53, 18,  153, 153, 153
L 538, 53, 18,  556, 71, -1,  153, 153, 153
L 556, 71, -1,  556, 88, -1,  153, 153, 153
L 556, 88, -1,  538, 88, 18,  153, 153, 153
L 538, 88, 18,  538, 92, 18,  153, 153, 153
L 538, 92, 18,  556, 92, 136,  153, 153, 153
L 556, 92, 136,  646, 92, 198,  153, 153, 153
L 646, 92, 198,  660, 106, 198,  153, 153, 153
L 660, 106, 198,  576, 106, 198,  153, 153, 153
L 576, 106, 198,  576, 104, 198,  153, 153, 153
L 576, 104, 198,  556, 104, 136,  153, 153, 153
L 556, 104, 136,  538, 104, 18,  153, 153, 153
L 538, 104, 18,  538, 106, 18,  153, 153, 153
L 538, 106, 18,  498, 106, 18,  153, 153, 153
L 498, 106, 18,  498, 126, 18,  153, 153, 153
L 498, 126, 18,  502, 126, 18,  153, 153, 153
L 502, 126, 18,  502, 180, 18,  153, 153, 153
L 502, 180, 18,  542, 180, 18,  153, 153, 153
L 542, 180, 18,  542, 177, 18,  153, 153, 153
L 542, 177, 18,  506, 176, 18,  153, 153, 153
L 506, 176, 18,  506, 128, 18,  153, 153, 153
L 506, 128, 18,  536, 128, 18,  153, 153, 153
L 536, 128, 18,  536, 164, 18,  153, 153, 153
L 536, 164, 18,  542, 163, 18,  153, 153, 153
L 542, 163, 18,  542, 162, 18,  153, 153, 153
L 542, 162, 18,  543, 162, 18,  153, 153, 153
L 543, 162, 18,  544, 156, 18,  153, 153, 153
L 544, 156, 18,  540, 156, 18,  153, 153, 153
L 540, 156, 18,  540, 126, 18,  153, 153, 153
L 540, 126, 18,  572, 126, 18,  153, 153, 153
L 572, 126, 18,  572, 158, 18,  153, 153, 153
L 572, 158, 18,  556, 158, 18,  153, 153, 153
L 556, 158, 18,  556, 161, 18,  153, 153, 153
L 556, 161, 18,  594, 161, 18,  153, 153, 153
L 594, 161, 18,  593, 158, 18,  153, 153, 153
L 593, 158, 18,  578, 158, 18,  153, 153, 153
L 578, 158, 18,  578, 126, 18,  153, 153, 153
L 578, 126, 18,  610, 126, -1,  153, 153, 153
L 610, 126, -1,  610, 156, 18,  153, 153, 153
L 610, 156, 18,  606, 156, 18,  153, 153, 153
L 606, 156, 18,  606, 162, 18,  153, 153, 153
L 606, 162, 18,  613, 162, 18,  153, 153, 153
L 613, 162, 18,  614, 146, 18,  153, 153, 153
L 614, 146, 18,  644, 146, 45,  153, 153, 153
L 644, 146, 45,  644, 161, 18,  153, 153, 153
L 630, 160, 18,  630, 216, 18,  153, 153, 153
L 630, 216, 18,  644, 216, 70,  153, 153, 153
L 644, 216, 70,  644, 246, 18,  153, 153, 153
L 644, 246, 18,  614, 246, 49,  153, 153, 153
L 614, 246, 49,  614, 214, 18,  153, 153, 153
L 614, 214, 18,  606, 214, 18,  153, 153, 153
L 606, 214, 18,  606, 220, 18,  153, 153, 153
L 606, 220, 18,  610, 220, 18,  153, 153, 153
L 610, 220, 18,  610, 250, 18,  153, 153, 153
L 610, 250, 18,  578, 250, 18,  153, 153, 153
L 578, 250, 18,  578, 218, 18,  153, 153, 153
L 578, 218, 18,  593, 218, 18,  153, 153, 153
L 593, 218, 18,  593, 214, 18,  153, 153, 153
L 593, 214, 18,  556, 214, 18,  153, 153, 153
L 556, 214, 18,  557, 218, 18,  153, 153, 153
L 557, 218, 18,  572, 218, 18,  153, 153, 153
L 572, 218, 18,  572, 250, 18,  153, 153, 153
L 572, 250, 18,  540, 250, 18,  153, 153, 153
L 540, 250, 18,  540, 220, 18,  153, 153, 153
L 540, 220, 18,  544, 220, 18,  153, 153, 153
L 544, 220, 18,  543, 214, 18,  153, 153, 153
L 543, 214, 18,  542, 214, 18,  153, 153, 153
L 542, 214, 18,  542, 213, 18,  153, 153, 153
L 542, 213, 18,  536, 212, 18,  153, 153, 153
L 536, 212, 18,  536, 248, 18,  153, 153, 153
L 536, 248, 18,  506, 248, 18,  153, 153, 153
L 506, 248, 18,  506, 200, 18,  153, 153, 153
L 506, 200, 18,  541, 200, 18,  153, 153, 153
L 541, 200, 18,  542, 196, 18,  153, 153, 153
L 542, 196, 18,  502, 196, 18,  153, 153, 153
L 502, 196, 18,  502, 250, 18,  153, 153, 153
L 502, 250, 18,  486, 250, 18,  153, 153, 153
L 486, 250, 18,  486, 232, 18,  153, 153, 153
L 486, 232, 18,  468, 232, 18,  153, 153, 153
L 468, 232, 18,  467, 214, 18,  153, 153, 153
L 467, 214, 18,  360, 214, 18,  153, 153, 153
L 360, 214, 18,  360, 212, 18,  153, 153, 153
L 360, 212, 18,  356, 212, 18,  153, 153, 153
L 356, 212, 18,  356, 217, 18,  153, 153, 153
L 356, 217, 18,  388, 218, 18,  153, 153, 153
L 388, 218, 18,  388, 235, 18,  153, 153, 153
L 388, 235, 18,  392, 235, 18,  153, 153, 153
L 392, 235, 18,  392, 218, 89,  153, 153, 153
L 392, 218, 89,  446, 218, 18,  153, 153, 153
L 446, 218, 18,  446, 248, 18,  153, 153, 153
L 446, 248, 18,  344, 248, 18,  153, 153, 153
L 344, 248, 18,  344, 212, 18,  153, 153, 153
L 344, 212, 18,  342, 212, 18,  153, 153, 153
L 342, 212, 18,  342, 164, 18,  153, 153, 153
L 342, 164, 18,  343, 164, 18,  153, 153, 153
L 343, 164, 18,  344, 128, 18,  153, 153, 153
L 344, 128, 18,  390, 128, 18,  153, 153, 153
L 390, 128, 18,  390, 158, 63,  153, 153, 153
L 390, 158, 63,  378, 158, 18,  153, 153, 153
L 378, 158, 18,  377, 140, 18,  153, 153, 153
L 377, 140, 18,  374, 140, 18,  153, 153, 153
L 374, 140, 18,  374, 158, 18,  153, 153, 153
L 374, 158, 18,  356, 158, 18,  153, 153, 153
L 356, 158, 18,  356, 164, 18,  153, 153, 153
L 356, 164, 18,  359, 164, 18,  153, 153, 153
L 359, 164, 18,  360, 162, 18,  153, 153, 153
L 360, 162, 18,  430, 162, 18,  153, 153, 153
L 430, 162, 18,  430, 164, 18,  153, 153, 153
L 430, 164, 18,  434, 164, 18,  153, 153, 153
L 434, 164, 18,  434, 158, 18,  153, 153, 153
L 434, 158, 18,  416, 158, 71,  153, 153, 153
L 416, 158, 71,  416, 140, 18,  153, 153, 153
L 416, 140, 18,  412, 140, 18,  153, 153, 153
L 412, 140, 18,  412, 158, 18,  153, 153, 153
L 412, 158, 18,  400, 158, 29,  153, 153, 153
L 400, 158, 29,  400, 128, 18,  153, 153, 153
L 400, 128, 18,  446, 128, 18,  153, 153, 153
L 446, 128, 18,  446, 163, 18,  153, 153, 153
L 446, 163, 18,  448, 164, 18,  153, 153, 153
L 448, 164, 18,  448, 197, 18,  153, 153, 153
L 448, 197, 18,  467, 198, 18,  153, 153, 153
L 467, 198, 18,  468, 126, 18,  153, 153, 153
L 468, 126, 18,  471, 126, 18,  153, 153, 153
L 471, 126, 18,  471, 106, 18,  153, 153, 153
L 471, 106, 18,  342, 106, 18,  153, 153, 153
L 342, 106, 18,  342, 16, 18,  153, 153, 153
L 342, 16, 18,  304, 16, 18,  153, 153, 153
L 304, 16, 18,  304, 142, 18,  153, 153, 153
L 304, 142, 18,  268, 142, 18,  153, 153, 153
L 268, 142, 18,  268, 250, -1,  153, 153, 153
L 268, 250, -1,  36, 250, 18,  153, 153, 153
L 36, 250, 18,  36, 246, 18,  153, 153, 153
L 36, 246, 18,  31, 246, 18,  153, 153, 153
L 31, 246, 18,  30, 250, 18,  153, 153, 153
L 30, 250, 18,  18, 250, 18,  153, 153, 153
L 18, 250, 18,  18, 212, 18,  153, 153, 153
L 18, 212, 18,  14, 212, 18,  153, 153, 153
L 14, 212, 18,  14, 244, 71,  153, 153, 153
L 14, 244, 71,  -15, 244, 31,  153, 153, 153
L -15, 244, 31,  -15, 182, 18,  153, 153, 153
L -15, 182, 18,  20, 182, -141,  153, 153, 153
L 20, 196, -141,  0, 196, 18,  153, 153, 153
L 0, 196, 18,  -3, 200, 18,  153, 153, 153
L -3, 200, 18,  30, 200, 18,  153, 153, 153
L 30, 200, 18,  30, 219, 18,  153, 153, 153
L 30, 219, 18,  36, 220, 18,  153, 153, 153
L 36, 220, 18,  36, 102, 18,  153, 153, 153
L 36, 102, 18,  30, 102, 18,  153, 153, 153
L 30, 102, 18,  30, 122, 18,  153, 153, 153
L 30, 122, 18,  -3, 122, 18,  153, 153, 153
L -3, 122, 18,  -3, 126, 18,  153, 153, 153
L -3, 126, 18,  0, 126, 18,  153, 153, 153
L 0, 126, 18,  20, 126, -141,  153, 153, 153
L 20, 140, -141,  0, 140, 18,  153, 153, 153
L 0, 140, 18,  -15, 140, 18,  153, 153, 153
L -15, 140, 18,  -15, 78, 18,  153, 153, 153
L -15, 78, 18,  14, 78, 18,  153, 153, 153
L 14, 78, 18,  14, 110, 18,  153, 153, 153
L 14, 110, 18,  18, 110, 18,  153, 153, 153
L 18, 110, 18,  18, 71, 18,  153, 153, 153
L 18, 71, 18,  -19, 70, 18,  153, 153, 153
L -19, 70, 18,  -19, 250, 18,  153, 153, 153
L -19, 250, 18,  -111, 250, 18,  153, 153, 153
L -111, 250, 18,  -111, 246, 18,  153, 153, 153
L -111, 246, 18,  -123, 246, 18,  153, 153, 153
L -123, 246, 18,  -123, 250, 18,  153, 153, 153
L -123, 250, 18,  -271, 250, -1,  153, 153, 153
L -271, 250, -1,  -311, 250, -81,  153, 153, 153
L -311, 250, -81,  -413, 250, -81,  153, 153, 153
L -413, 250, -81,  -413, 232, -81,  153, 153, 153
L -413, 232, -81,  -431, 232, -81,  153, 153, 153
L -431, 232, -81,  -431, 166, -82,  153, 153, 153
L -431, 166, -82,  -406, 166, -119,  153, 153, 153
L -406, 166, -119,  -401, 161, -161,  153, 153, 153
L -361, 161, -160,  -361, 165, -150,  153, 153, 153
L -361, 165, -150,  -372, 186, -85,  153, 153, 153
L -361, 165, -150,  -311, 166, -81,  153, 153, 153
L -311, 166, -81,  -271, 166, -1,  153, 153, 153
L -271, 166, -1,  -195, 166, 18,  153, 153, 153
L -195, 166, 18,  -195, 121, 8,  153, 153, 153
L -195, 121, 8,  -211, 107, 8,  153, 153, 153
L -211, 107, 8,  -211, 89, 8,  153, 153, 153
L -211, 89, 8,  -197, 76, 8,  153, 153, 153
L -197, 76, 8,  -196, 76, 8,  153, 153, 153
L -196, 76, 8,  -195, 15, 8,  153, 153, 153
L -195, 15, 8,  -269, 14, 8,  153, 153, 153
L -269, 14, 8,  -270, 106, 18,  153, 153, 153
L -270, 106, 18,  -431, 107, 18,  153, 153, 153
L -431, 107, 18,  -431, 90, 18,  153, 153, 153
L -431, 90, 18,  -414, 90, 18,  153, 153, 153
L -414, 90, 18,  -413, 84, 18,  153, 153, 153
L -413, 84, 18,  -397, 84, 18,  153, 153, 153
L -397, 84, 18,  -397, 90, 18,  153, 153, 153
L -397, 90, 18,  -377, 90, 18,  153, 153, 153
L -377, 90, 18,  -377, 84, 18,  153, 153, 153
L -377, 84, 18,  -361, 84, 18,  153, 153, 153
L -361, 84, 18,  -361, 90, 18,  153, 153, 153
L -361, 90, 18,  -341, 90, 18,  153, 153, 153
L -341, 90, 18,  -341, 84, 18,  153, 153, 153
L -341, 84, 18,  -325, 84, 18,  153, 153, 153
L -325, 84, 18,  -325, 90, 18,  153, 153, 153
L -325, 90, 18,  -305, 90, 18,  153, 153, 153
L -305, 90, 18,  -305, 70, 18,  153, 153, 153
L -305, 70, 18,  -323, 70, 18,  153, 153, 153
L -323, 70, 18,  -323, 61, 18,  153, 153, 153
L -323, 61, 18,  -313, 61, 18,  153, 153, 153
L -313, 61, 18,  -313, 45, 18,  153, 153, 153
L -313, 45, 18,  -323, 45, 18,  153, 153, 153
L -323, 45, 18,  -323, 36, 18,  153, 153, 153
L -323, 36, 18,  -287, 36, 18,  153, 153, 153
L -287, 36, 18,  -287, 16, 18,  153, 153, 153
L -287, 16, 18,  -313, 16, 18,  153, 153, 153
L -313, 16, 18,  -313, 6, 18,  153, 153, 153
L -313, 6, 18,  -323, 6, 18,  153, 153, 153
L -323, 6, 18,  -323, 5, 18,  153, 153, 153
L -323, 5, 18,  -327, 5, 18,  153, 153, 153
L -327, 5, 18,  -327, 5, 18,  153, 153, 153
L -327, 5, 18,  -331, 5, 18,  153, 153, 153
L -331, 5, 18,  -331, 16, 24,  153, 153, 153
L -331, 16, 24,  -343, 16, 18,  153, 153, 153
L -343, 16, 18,  -343, 52, 18,  153, 153, 153
L -343, 52, 18,  -415, 52, 18,  153, 153, 153
L -415, 52, 18,  -415, 70, 18,  153, 153, 153
L -415, 70, 18,  -431, 70, 18,  153, 153, 153
L -431, 70, 18,  -431, 68, 18,  153, 153, 153
L -431, 68, 18,  -435, 68, 18,  153, 153, 153
L -435, 68, 18,  -435, 236, 18,  153, 153, 153
L -435, 236, 18,  -417, 236, 18,  153, 153, 153
L -417, 236, 18,  -417, 254, 18,  153, 153, 153
L -417, 254, 18,  -271, 254, 358,  153, 153, 153
L -271, 266, 358,  -416, 266, 19,  153, 153, 153
L -416, 266, 19,  -447, 266, 18,  153, 153, 153
L -447, 266, 18,  -447, -285, 18,  153, 153, 153
L -447, -285, 18,  -415, -285, 20,  153, 153, 153
L -415, -285, 20,  -271, -285, 358,  153, 153, 153
L -271, -273, 358,  -417, -273, 18,  153, 153, 153
L -417, -273, 18,  -417, -255, 18,  153, 153, 153
L -417, -255, 18,  -435, -255, 18,  153, 153, 153
L -435, -255, 18,  -435, -69, 18,  153, 153, 153
L -435, -69, 18,  -431, -69, 18,  153, 153, 153
L -431, -69, 18,  -431, -71, 18,  153, 153, 153
L -431, -71, 18,  -415, -71, 18,  153, 153, 153
L -415, -71, 18,  -415, -53, 18,  153, 153, 153
L -415, -53, 18,  -343, -53, 73,  153, 153, 153
L -343, -53, 73,  -343, -17, 18,  153, 153, 153
L -343, -17, 18,  -331, -17, 49,  153, 153, 153
L -331, -17, 49,  -331, -6, 18,  153, 153, 153
L -331, -6, 18,  -323, -6, 18,  153, 153, 153
L -323, -6, 18,  -323, -7, 18,  153, 153, 153
L -323, -7, 18,  -313, -7, 18,  153, 153, 153
L -313, -7, 18,  -313, -17, 18,  153, 153, 153
L -313, -17, 18,  -287, -17, 18,  153, 153, 153
L -287, -17, 18,  -287, -37, 18,  153, 153, 153
L -287, -37, 18,  -323, -37, 18,  153, 153, 153
L -323, -37, 18,  -323, -46, 18,  153, 153, 153
L -323, -46, 18,  -312, -47, 18,  153, 153, 153
L -312, -47, 18,  -312, -62, 18,  153, 153, 153
L -312, -62, 18,  -323, -62, 18,  153, 153, 153
L -323, -62, 18,  -323, -71, 18,  153, 153, 153
L -323, -71, 18,  -305, -71, 18,  153, 153, 153
L -305, -71, 18,  -305, -91, 18,  153, 153, 153
L -305, -91, 18,  -324, -91, 18,  153, 153, 153
L -324, -91, 18,  -325, -85, 18,  153, 153, 153
L -325, -85, 18,  -341, -85, 18,  153, 153, 153
L -341, -85, 18,  -341, -91, 18,  153, 153, 153
L -341, -91, 18,  -361, -90, 18,  153, 153, 153
L -361, -90, 18,  -361, -85, 18,  153, 153, 153
L -361, -85, 18,  -377, -85, 18,  153, 153, 153
L -377, -85, 18,  -377, -91, 18,  153, 153, 153
L -377, -91, 18,  -397, -91, 18,  153, 153, 153
L -397, -91, 18,  -397, -85, 18,  153, 153, 153
L -397, -85, 18,  -413, -85, 18,  153, 153, 153
L -413, -85, 18,  -413, -91, 18,  153, 153, 153
L -413, -91, 18,  -431, -91, 18,  153, 153, 153
L -431, -91, 18,  -431, -108, 18,  153, 153, 153
L -431, -108, 18,  -270, -108, 18,  153, 153, 153
L -270, -108, 18,  -269, -15, 8,  153, 153, 153
L -269, -15, 8,  -195, -15, 8,  153, 153, 153
L -195, -15, 8,  -195, -95, 8,  153, 153, 153
L -195, -95, 8,  -197, -95, 8,  153, 153, 153
L -197, -95, 8,  -211, -108, 8,  153, 153, 153
L -211, -108, 8,  -211, -125, 8,  153, 153, 153
L -211, -125, 8,  -197, -139, 8,  153, 153, 153
L -197, -139, 8,  -195, -139, 8,  153, 153, 153
L -195, -139, 8,  -195, -179, 8,  153, 153, 153
L -195, -179, 8,  -195, -185, 18,  153, 153, 153
L -195, -185, 18,  -271, -185, -1,  153, 153, 153
L -271, -185, -1,  -311, -185, -81,  153, 153, 153
L -311, -185, -81,  -431, -185, -81,  153, 153, 153
L -431, -185, -81,  -431, -251, -81,  153, 153, 153
L -431, -251, -81,  -413, -251, -81,  153, 153, 153
L -413, -251, -81,  -413, -269, -81,  153, 153, 153
L -413, -269, -81,  -311, -269, -81,  153, 153, 153
L -311, -269, -81,  -271, -269, -1,  153, 153, 153
L -271, -269, -1,  -123, -269, 18,  153, 153, 153
L -123, -269, 18,  -123, -265, 18,  153, 153, 153
L -123, -265, 18,  -111, -265, 18,  153, 153, 153
L -111, -265, 18,  -111, -269, 18,  153, 153, 153
L -111, -269, 18,  -19, -269, 18,  153, 153, 153
L -19, -269, 18,  -19, -71, 18,  153, 153, 153
L -19, -71, 18,  18, -71, 18,  153, 153, 153
L 18, -71, 18,  18, -110, 18,  153, 153, 153
L 18, -110, 18,  15, -111, 18,  153, 153, 153
L 15, -111, 18,  14, -79, 18,  153, 153, 153
L 14, -79, 18,  -15, -79, 18,  153, 153, 153
L -15, -79, 18,  -15, -125, 18,  153, 153, 153
L -15, -125, 18,  -15, -158, -121,  153, 153, 153
L -3, -158, -121,  -3, -126, 18,  153, 153, 153
L -3, -126, 18,  -3, -123, 18,  153, 153, 153
L -3, -123, 18,  30, -123, 18,  153, 153, 153
L 30, -123, 18,  30, -103, 18,  153, 153, 153
L 30, -103, 18,  35, -103, 18,  153, 153, 153
L 35, -103, 18,  36, -238, 18,  153, 153, 153
L 36, -238, 18,  30, -239, 18,  153, 153, 153
L 30, -239, 18,  30, -219, 18,  153, 153, 153
L 30, -219, 18,  -2, -219, 18,  153, 153, 153
L -2, -219, 18,  -3, -183, -121,  153, 153, 153
L -15, -183, -121,  -15, -216, 18,  153, 153, 153
L -15, -216, 18,  -15, -263, 18,  153, 153, 153
L -15, -263, 18,  14, -263, 18,  153, 153, 153
L 14, -263, 18,  14, -231, 18,  153, 153, 153
L 14, -231, 18,  18, -231, 18,  153, 153, 153
L 18, -231, 18,  18, -269, 18,  153, 153, 153
L 18, -269, 18,  30, -269, 18,  153, 153, 153
L 30, -269, 18,  30, -265, 18,  153, 153, 153
L 30, -265, 18,  35, -265, 18,  153, 153, 153
L 35, -265, 18,  36, -269, 18,  153, 153, 153
L 36, -269, 18,  268, -269, -1,  153, 153, 153
L 268, -269, -1,  268, -143, 18,  153, 153, 153
L 268, -143, 18,  304, -143, 18,  153, 153, 153
L 304, -143, 18,  304, -17, 18,  153, 153, 153
L 304, -17, 18,  342, -18, 18,  153, 153, 153
L 342, -18, 18,  342, -107, 18,  153, 153, 153
L 342, -107, 18,  508, -107, 18,  153, 153, 153
L 508, -107, 18,  507, -127, 18,  153, 153, 153
L 507, -127, 18,  496, -127, 18,  153, 153, 153
L 496, -127, 18,  496, -145, 18,  153, 153, 153
L 496, -145, 18,  408, -145, 18,  153, 153, 153
L 408, -145, 18,  408, -111, 18,  153, 153, 153
L 408, -111, 18,  396, -111, 18,  153, 153, 153
L 396, -123, 18,  396, -157, 18,  153, 153, 153
L 396, -157, 18,  413, -157, 18,  153, 153, 153
L 413, -157, 18,  413, -163, 18,  153, 153, 153
L 413, -163, 18,  380, -163, -161,  153, 153, 153
L 380, -233, -161,  413, -233, 18,  153, 153, 153
L 413, -233, 18,  414, -251, 18,  153, 153, 153
L 414, -251, 18,  495, -251, 18,  153, 153, 153
L 495, -251, 18,  496, -269, 18,  153, 153, 153
L 496, -269, 18,  612, -269, -72,  153, 153, 153
L 612, -269, -72,  610, -224, -19,  153, 153, 153
L 610, -224, -19,  603, -225, -6,  153, 153, 153
L 603, -225, -6,  584, -216, 16,  153, 153, 153
L 584, -216, 16,  538, -216, 18,  153, 153, 153
L 538, -216, 18,  538, -179, 18,  153, 153, 153
L 538, -179, 18,  584, -179, 18,  153, 153, 153
L 584, -179, 18,  610, -180, 18,  153, 153, 153
L 610, -180, 18,  610, -127, 18,  153, 153, 153
L 610, -127, 18,  612, -127, -78,  153, 153, 153
L 584, -216, 15,  584, -224, 17,  153, 153, 153
L 584, -224, 17,  538, -224, 18,  153, 153, 153
L 538, -224, 18,  538, -216, 18,  153, 153, 153
L 538, -179, 18,  538, -171, 18,  153, 153, 153
L 538, -171, 18,  583, -171, 18,  153, 153, 153
L 583, -171, 18,  584, -179, 18,  153, 153, 153
L 541, -181, 38,  541, -215, 38,  153, 153, 153
L 496, -175, 18,  502, -175, 18,  153, 153, 153
L 502, -175, 18,  502, -171, 18,  153, 153, 153
L 502, -171, 18,  512, -171, 18,  153, 153, 153
L 512, -171, 18,  512, -200, 18,  153, 153, 153
L 512, -200, 18,  520, -206, 18,  153, 153, 153
L 520, -206, 18,  522, -216, 18,  153, 153, 153
L 522, -216, 18,  512, -216, 18,  153, 153, 153
L 512, -216, 18,  511, -225, 18,  153, 153, 153
L 511, -225, 18,  502, -225, 18,  153, 153, 153
L 502, -225, 18,  502, -221, 18,  153, 153, 153
L 502, -221, 18,  496, -221, 18,  153, 153, 153
L 496, -221, 18,  496, -238, 18,  153, 153, 153
L 496, -238, 18,  430, -239, 18,  153, 153, 153
L 430, -239, 18,  430, -157, 18,  153, 153, 153
L 430, -157, 18,  496, -157, 18,  153, 153, 153
L 496, -157, 18,  496, -175, 18,  153, 153, 153
L 380, -233, -161,  374, -233, -161,  153, 153, 153
L 374, -233, -161,  374, -236, -161,  153, 153, 153
L 374, -236, -161,  394, -237, -161,  153, 153, 153
L 394, -237, -161,  394, -271, -161,  153, 153, 153
L 394, -271, -161,  324, -271, -161,  153, 153, 153
L 324, -271, -161,  324, -255, -161,  153, 153, 153
L 324, -255, -161,  341, -255, -161,  153, 153, 153
L 341, -255, -161,  342, -237, -161,  153, 153, 153
L 342, -237, -161,  362, -237, -161,  153, 153, 153
L 362, -237, -161,  361, -233, -161,  153, 153, 153
L 361, -233, -161,  342, -233, -161,  153, 153, 153
L 342, -233, -161,  342, -217, -161,  153, 153, 153
L 342, -217, -161,  342, -215, -141,  153, 153, 153
L 342, -215, -141,  324, -215, -141,  153, 153, 153
L 324, -215, -141,  324, -181, -141,  153, 153, 153
L 324, -181, -141,  341, -181, -141,  153, 153, 153
L 341, -181, -141,  342, -163, -161,  153, 153, 153
L 342, -163, -161,  362, -163, -161,  153, 153, 153
L 362, -163, -161,  362, -159, -161,  153, 153, 153
L 362, -159, -161,  342, -159, -161,  153, 153, 153
L 342, -159, -161,  342, -127, -105,  153, 153, 153
L 342, -127, -105,  376, -127, -161,  153, 153, 153
L 376, -127, -161,  376, -159, -161,  153, 153, 153
L 376, -159, -161,  374, -159, -161,  153, 153, 153
L 374, -159, -161,  374, -163, -161,  153, 153, 153
L 374, -163, -161,  380, -163, -161,  153, 153, 153
L 380, -163, -161,  380, -233, -161,  153, 153, 153
L 388, -233, -121,  388, -163, -121,  153, 153, 153
L 396, -163, -81,  396, -233, -81,  153, 153, 153
L 404, -233, -41,  404, -163, -41,  153, 153, 153
L 412, -163, -1,  412, -233, -1,  153, 153, 153
L 270, -35, 18,  288, -35, 18,  153, 153, 153
L 288, -35, 18,  288, -55, 18,  153, 153, 153
L 288, -55, 18,  269, -55, -1,  153, 153, 153
L 269, -55, -1,  216, -108, -1,  153, 153, 153
L 216, -108, -1,  216, -127, 18,  153, 153, 153
L 216, -127, 18,  196, -127, 18,  153, 153, 153
L 196, -127, 18,  196, -109, 18,  153, 153, 153
L 196, -109, 18,  178, -109, 18,  153, 153, 153
L 178, -109, 18,  178, -99, 18,  153, 153, 153
L 178, -99, 18,  167, -99, 18,  153, 153, 153
L 167, -99, 18,  167, -89, 18,  153, 153, 153
L 167, -89, 18,  183, -89, 18,  153, 153, 153
L 183, -89, 18,  232, -53, 18,  153, 153, 153
L 232, -53, 18,  232, -45, -21,  153, 153, 153
L 232, -45, -21,  232, -24, -101,  153, 153, 153
L 232, -24, -101,  183, -59, -101,  153, 153, 153
L 183, -59, -101,  138, -59, -101,  153, 153, 153
L 138, -59, -101,  90, -24, -101,  153, 153, 153
L 90, -24, -101,  90, -53, 18,  153, 153, 153
L 90, -53, 18,  139, -89, 18,  153, 153, 153
L 139, -89, 18,  155, -89, 18,  153, 153, 153
L 155, -89, 18,  155, -98, 18,  153, 153, 153
L 155, -98, 18,  144, -99, 18,  153, 153, 153
L 144, -99, 18,  144, -108, 18,  153, 153, 153
L 144, -108, 18,  126, -109, 18,  153, 153, 153
L 126, -109, 18,  126, -126, 18,  153, 153, 153
L 126, -126, 18,  106, -127, -1,  153, 153, 153
L 106, -127, -1,  106, -108, -1,  153, 153, 153
L 106, -108, -1,  53, -55, 18,  153, 153, 153
L 53, -55, 18,  34, -55, 18,  153, 153, 153
L 34, -55, 18,  34, -35, 18,  153, 153, 153
L 34, -35, 18,  52, -35, -1,  153, 153, 153
L 52, -35, -1,  52, 34, -1,  153, 153, 153
L 52, 34, -1,  34, 34, 18,  153, 153, 153
L 34, 34, 18,  34, 54, 18,  153, 153, 153
L 34, 54, 18,  53, 54, 18,  153, 153, 153
L 53, 54, 18,  106, 107, -1,  153, 153, 153
L 106, 107, -1,  106, 125, -1,  153, 153, 153
L 106, 125, -1,  126, 125, 16,  153, 153, 153
L 126, 125, 16,  126, 108, 18,  153, 153, 153
L 126, 108, 18,  144, 108, 18,  153, 153, 153
L 144, 108, 18,  144, 98, 18,  153, 153, 153
L 144, 98, 18,  154, 98, 18,  153, 153, 153
L 154, 98, 18,  155, 88, 18,  153, 153, 153
L 155, 88, 18,  139, 88, 18,  153, 153, 153
L 139, 88, 18,  90, 52, 18,  153, 153, 153
L 90, 52, 18,  90, 23, -101,  153, 153, 153
L 90, 23, -101,  138, 58, -101,  153, 153, 153
L 138, 58, -101,  183, 58, -101,  153, 153, 153
L 183, 58, -101,  232, 23, -101,  153, 153, 153
L 232, 23, -101,  232, 52, 18,  153, 153, 153
L 232, 52, 18,  183, 88, 18,  153, 153, 153
L 183, 88, 18,  167, 88, 18,  153, 153, 153
L 167, 88, 18,  167, 98, 18,  153, 153, 153
L 167, 98, 18,  178, 98, 18,  153, 153, 153
L 178, 98, 18,  178, 107, 18,  153, 153, 153
L 178, 107, 18,  196, 108, 18,  153, 153, 153
L 196, 108, 18,  196, 126, 18,  153, 153, 153
L 196, 126, 18,  215, 126, 18,  153, 153, 153
L 215, 126, 18,  216, 107, -1,  153, 153, 153
L 216, 107, -1,  269, 54, -1,  153, 153, 153
L 269, 54, -1,  288, 54, 18,  153, 153, 153
L 288, 54, 18,  288, 34, 18,  153, 153, 153
L 288, 34, 18,  270, 34, 18,  153, 153, 153
L 270, 34, 18,  270, -35, 18,  153, 153, 153
L 232, 52, 18,  246, 35, 58,  153, 153, 153
L 246, 35, 58,  246, 16, 58,  153, 153, 153
L 246, 16, 58,  264, 16, 58,  153, 153, 153
L 264, 16, 58,  264, -17, 58,  153, 153, 153
L 264, -17, 58,  246, -18, 58,  153, 153, 153
L 246, -18, 58,  246, -36, 58,  153, 153, 153
L 246, -36, 58,  232, -53, 18,  153, 153, 153
L 232, -53, 18,  232, 52, 18,  153, 153, 153
L 232, 28, -101,  183, 64, -101,  153, 153, 153
L 183, 64, -101,  139, 64, -101,  153, 153, 153
L 139, 64, -101,  90, 28, -101,  153, 153, 153
L 90, 36, -61,  139, 72, -61,  153, 153, 153
L 139, 72, -61,  183, 72, -61,  153, 153, 153
L 183, 72, -61,  232, 36, -61,  153, 153, 153
L 232, 44, -21,  183, 80, -21,  153, 153, 153
L 183, 80, -21,  139, 80, -21,  153, 153, 153
L 139, 80, -21,  90, 44, -21,  153, 153, 153
L 90, 52, 18,  90, -53, 18,  153, 153, 153
L 90, -45, -21,  139, -81, -21,  153, 153, 153
L 139, -81, -21,  183, -81, -21,  153, 153, 153
L 183, -81, -21,  232, -45, -21,  153, 153, 153
L 232, -37, -61,  183, -73, -61,  153, 153, 153
L 183, -73, -61,  139, -73, -61,  153, 153, 153
L 139, -73, -61,  90, -37, -61,  153, 153, 153
L 90, -29, -101,  139, -65, -101,  153, 153, 153
L 139, -65, -101,  183, -65, -101,  153, 153, 153
L 183, -65, -101,  232, -29, -101,  153, 153, 153
L -107, -55, -1,  -107, -234, 18,  153, 153, 153
L -107, -234, 18,  -111, -235, 18,  153, 153, 153
L -111, -235, 18,  -111, -238, 18,  153, 153, 153
L -111, -238, 18,  -122, -239, 18,  153, 153, 153
L -122, -239, 18,  -123, -235, 18,  153, 153, 153
L -123, -235, 18,  -271, -235, -1,  153, 153, 153
L -271, -235, -1,  -311, -235, -81,  153, 153, 153
L -311, -235, -81,  -342, -235, -81,  153, 153, 153
L -342, -235, -81,  -343, -215, -81,  153, 153, 153
L -343, -215, -81,  -311, -215, -81,  153, 153, 153
L -311, -215, -81,  -271, -215, -1,  153, 153, 153
L -271, -215, -1,  -127, -215, 18,  153, 153, 153
L -127, -215, 18,  -127, -185, 18,  153, 153, 153
L -127, -185, 18,  -183, -185, 18,  153, 153, 153
L -183, -185, 18,  -183, -140, 8,  153, 153, 153
L -183, -140, 8,  -181, -139, 8,  153, 153, 153
L -181, -139, 8,  -167, -125, 8,  153, 153, 153
L -167, -125, 8,  -167, -108, 8,  153, 153, 153
L -167, -108, 8,  -181, -95, 8,  153, 153, 153
L -181, -95, 8,  -183, -95, 8,  153, 153, 153
L -183, -95, 8,  -182, 76, 8,  153, 153, 153
L -182, 76, 8,  -181, 76, 8,  153, 153, 153
L -181, 76, 8,  -167, 89, 8,  153, 153, 153
L -167, 89, 8,  -167, 107, 8,  153, 153, 153
L -167, 107, 8,  -181, 120, 8,  153, 153, 153
L -181, 120, 8,  -182, 120, 8,  153, 153, 153
L -182, 120, 8,  -182, 160, 15,  153, 153, 153
L -182, 160, 15,  -183, 165, 18,  153, 153, 153
L -183, 165, 18,  -127, 166, 18,  153, 153, 153
L -127, 166, 18,  -127, 196, 18,  153, 153, 153
L -127, 196, 18,  -271, 196, -1,  153, 153, 153
L -271, 196, -1,  -311, 196, -81,  153, 153, 153
L -311, 196, -81,  -343, 196, -81,  153, 153, 153
L -343, 196, -81,  -343, 215, -81,  153, 153, 153
L -343, 215, -81,  -311, 216, -81,  153, 153, 153
L -311, 216, -81,  -271, 216, -1,  153, 153, 153
L -271, 216, -1,  -123, 216, 18,  153, 153, 153
L -123, 216, 18,  -123, 220, 18,  153, 153, 153
L -123, 220, 18,  -111, 220, 18,  153, 153, 153
L -111, 220, 18,  -111, 216, 18,  153, 153, 153
L -111, 216, 18,  -107, 216, 18,  153, 153, 153
L -107, 216, 18,  -107, 54, -1,  153, 153, 153
L -107, 54, -1,  -17, 54, 18,  153, 153, 153
L -17, 54, 18,  -17, 16, 18,  153, 153, 153
L -17, 16, 18,  -35, 16, 48,  153, 153, 153
L -35, 16, 48,  -35, 20, 58,  153, 153, 153
L -35, 20, 58,  -107, 20, 58,  153, 153, 153
L -107, 20, 58,  -107, 54, -1,  153, 153, 153
L -107, -55, -1,  -17, -55, 18,  153, 153, 153
L -17, -55, 18,  -17, -17, 18,  153, 153, 153
L -17, -17, 18,  -35, -17, 48,  153, 153, 153
L -35, -17, 48,  -35, -21, 58,  153, 153, 153
L -35, -21, 58,  -107, -21, 58,  153, 153, 153
L -107, -21, 58,  -107, -55, -1,  153, 153, 153
L -29, -17, 38,  -29, 16, 38,  153, 153, 153
L -23, 16, 28,  -23, -17, 28,  153, 153, 153
L -17, -17, 18,  -17, 16, 18,  153, 153, 153
L -35, -17, 48,  -35, -8, 48,  153, 153, 153
L -35, -8, 48,  -39, -7, 58,  153, 153, 153
L -39, -7, 58,  -39, -17, 58,  153, 153, 153
L -39, -17, 58,  -55, -17, 58,  153, 153, 153
L -55, -17, 58,  -55, -6, 58,  153, 153, 153
L -55, -6, 58,  -75, -6, 58,  153, 153, 153
L -75, -6, 58,  -75, -10, 58,  153, 153, 153
L -75, -17, 58,  -103, -17, 58,  153, 153, 153
L -103, -17, 58,  -103, 16, 58,  153, 153, 153
L -103, 16, 58,  -74, 16, 59,  153, 153, 153
L -74, 9, 58,  -75, 6, 58,  153, 153, 153
L -75, 6, 58,  -55, 5, 58,  153, 153, 153
L -55, 5, 58,  -55, 16, 58,  153, 153, 153
L -55, 16, 58,  -39, 16, 58,  153, 153, 153
L -39, 16, 58,  -39, 6, 58,  153, 153, 153
L -39, 6, 58,  -35, 6, 48,  153, 153, 153
L -35, 6, 48,  -35, 16, 48,  153, 153, 153
L 376, 36, -1,  376, 90, 18,  153, 153, 153
L 376, 90, 18,  432, 90, 18,  153, 153, 153
L 432, 90, 18,  432, 36, 18,  153, 153, 153
L 432, 36, 18,  431, 34, 38,  153, 153, 153
L 431, 34, 38,  413, 34, 38,  153, 153, 153
L 413, 34, 38,  396, 17, 38,  153, 153, 153
L 396, 17, 38,  396, -18, 38,  153, 153, 153
L 396, -18, 38,  413, -35, 38,  153, 153, 153
L 413, -35, 38,  431, -35, 38,  153, 153, 153
L 431, -35, 38,  432, -37, 18,  153, 153, 153
L 432, -37, 18,  431, -91, 18,  153, 153, 153
L 431, -91, 18,  376, -91, 18,  153, 153, 153
L 376, -91, 18,  376, -37, -1,  153, 153, 153
L 376, -37, -1,  364, -37, -1,  153, 153, 153
L 364, -37, -1,  365, 28, -1,  153, 153, 153
L 365, 28, -1,  368, 30, -1,  153, 153, 153
L 368, 30, -1,  372, 34, -1,  153, 153, 153
L 372, 34, -1,  376, 36, -1,  153, 153, 153
L 376, -37, -1,  376, -36, 48,  153, 153, 153
L 376, -36, 48,  376, 33, 48,  153, 153, 153
L 376, 33, 48,  376, 36, -1,  153, 153, 153
L 372, -36, 37,  372, 32, 38,  153, 153, 153
L 372, 32, 38,  372, 34, -1,  153, 153, 153
L 368, 30, -1,  368, 28, 28,  153, 153, 153
L 368, 28, 28,  368, -35, 28,  153, 153, 153
L 368, -35, 28,  368, -37, -1,  153, 153, 153
L 432, -37, 18,  448, -37, 18,  153, 153, 153
L 448, -37, 18,  448, -55, 18,  153, 153, 153
L 448, -55, 18,  464, -55, -1,  153, 153, 153
L 464, -55, -1,  467, -57, -1,  153, 153, 153
L 467, -57, -1,  468, -36, -1,  153, 153, 153
L 468, -36, -1,  485, -19, -1,  153, 153, 153
L 485, -19, -1,  485, 18, -1,  153, 153, 153
L 485, 18, -1,  468, 35, -1,  153, 153, 153
L 468, 35, -1,  467, 56, -1,  153, 153, 153
L 467, 56, -1,  464, 54, -1,  153, 153, 153
L 464, 54, -1,  448, 54, 18,  153, 153, 153
L 448, 54, 18,  448, 36, 18,  153, 153, 153
L 448, 36, 18,  432, 36, 18,  153, 153, 153
L 502, 18, -1,  502, 53, -1,  153, 153, 153
L 502, 53, -1,  522, 54, 18,  153, 153, 153
L 522, 54, 18,  522, 5, 18,  153, 153, 153
L 522, 5, 18,  535, 5, 18,  153, 153, 153
L 535, 5, 18,  534, -6, 18,  153, 153, 153
L 534, -6, 18,  522, -6, 18,  153, 153, 153
L 522, -6, 18,  521, -55, 18,  153, 153, 153
L 521, -55, 18,  502, -55, -1,  153, 153, 153
L 502, -55, -1,  502, -19, -1,  153, 153, 153
L 502, -19, -1,  485, -19, -1,  153, 153, 153
L 485, 18, -1,  502, 18, -1,  153, 153, 153
L -271, -235, -1,  -271, -269, -1,  153, 153, 153
L -281, -269, -21,  -281, -235, -21,  153, 153, 153
L -291, -235, -41,  -291, -269, -41,  153, 153, 153
L -301, -269, -61,  -301, -235, -61,  153, 153, 153
L -311, -235, -81,  -311, -269, -81,  153, 153, 153
L -311, -185, -81,  -311, -215, -81,  153, 153, 153
L -301, -215, -61,  -301, -185, -61,  153, 153, 153
L -291, -185, -41,  -291, -215, -41,  153, 153, 153
L -281, -215, -21,  -281, -185, -21,  153, 153, 153
L -271, -185, -1,  -271, -215, -1,  153, 153, 153
L -271, 196, -1,  -271, 166, -1,  153, 153, 153
L -281, 166, -21,  -281, 196, -21,  153, 153, 153
L -291, 196, -41,  -291, 166, -41,  153, 153, 153
L -301, 166, -61,  -301, 196, -61,  153, 153, 153
L -311, 196, -81,  -311, 166, -81,  153, 153, 153
L -271, 250, -1,  -271, 216, -1,  153, 153, 153
L -281, 216, -21,  -281, 250, -21,  153, 153, 153
L -291, 250, -41,  -291, 216, -41,  153, 153, 153
L -301, 216, -61,  -301, 250, -61,  153, 153, 153
L -311, 250, -81,  -311, 216, -81,  153, 153, 153
L -271, 266, 358,  -199, 266, 378,  0, 255, 255
L -199, 266, 378,  -127, 266, 722,  0, 255, 255
L -127, 266, 722,  662, 266, 738,  0, 255, 255
L 662, 266, 738,  662, 110, 738,  0, 255, 255
L 662, 110, 738,  572, 110, 738,  0, 255, 255
L 572, 110, 738,  572, -111, 738,  0, 255, 255
L 572, -111, 738,  662, -111, 738,  0, 255, 255
L 662, -111, 738,  662, -285, 738,  0, 255, 255
L 662, -285, 738,  -127, -285, 722,  0, 255, 255
L -127, -285, 722,  -199, -285, 378,  0, 255, 255
L -199, -285, 378,  -271, -285, 358,  0, 255, 255
L -271, -273, 358,  -198, -273, 378,  0, 255, 255
L -198, -273, 378,  -127, -273, 722,  0, 255, 255
L -127, -273, 722,  250, -273, 738,  0, 255, 255
L 250, -273, 738,  269, -273, 738,  0, 0, 255
L 269, -273, 738,  272, -273, 738,  0, 255, 255
L 272, -273, 738,  272, -147, 738,  0, 255, 255
L 272, -147, 738,  323, -147, 738,  0, 255, 255
L 323, -147, 738,  323, -139, 738,  0, 255, 255
L 323, -139, 738,  318, -139, 738,  0, 255, 255
L 318, -139, 738,  318, -143, 738,  0, 255, 255
L 318, -143, 738,  310, -143, 738,  0, 255, 255
L 310, -143, 738,  310, 142, 738,  0, 255, 255
L 310, 142, 738,  318, 142, 738,  0, 255, 255
L 318, 142, 738,  318, 138, 738,  0, 255, 255
L 318, 138, 738,  323, 138, 738,  0, 255, 255
L 323, 138, 738,  324, 146, 738,  0, 255, 255
L 324, 146, 738,  272, 146, 738,  0, 255, 255
L 272, 146, 738,  272, 253, 738,  0, 255, 255
L 272, 253, 738,  -127, 254, 722,  0, 255, 255
L -127, 254, 722,  -198, 254, 378,  0, 255, 255
L -198, 254, 378,  -271, 254, 358,  0, 255, 255
L 338, 146, 738,  338, 254, 738,  0, 255, 255
L 338, 254, 738,  452, 254, 738,  0, 255, 255
L 452, 254, 738,  452, 122, 738,  0, 255, 255
L 452, 122, 738,  336, 122, 738,  0, 255, 255
L 336, 122, 738,  336, 146, 738,  0, 255, 255
L 336, 146, 738,  338, 146, 738,  0, 255, 255
L 482, 236, 738,  482, 254, 738,  0, 255, 255
L 482, 254, 738,  649, 254, 738,  0, 255, 255
L 649, 254, 738,  650, 140, 738,  0, 255, 255
L 650, 140, 738,  632, 140, 738,  0, 255, 255
L 632, 140, 738,  632, 122, 738,  0, 255, 255
L 632, 122, 738,  464, 122, 738,  0, 255, 255
L 464, 122, 738,  464, 236, 738,  0, 255, 255
L 464, 236, 738,  482, 236, 738,  0, 255, 255
L 560, -111, 738,  336, -111, 738,  0, 255, 255
L 336, -111, 738,  336, 110, 738,  0, 255, 255
L 336, 110, 738,  559, 110, 738,  0, 255, 255
L 559, 110, 738,  560, -111, 738,  0, 255, 255
L 632, -141, 738,  650, -141, 738,  0, 255, 255
L 650, -141, 738,  650, -273, 738,  0, 255, 255
L 650, -273, 738,  338, -273, 738,  0, 255, 255
L 338, -273, 738,  338, -147, 738,  0, 255, 255
L 338, -147, 738,  336, -147, 738,  0, 255, 255
L 336, -147, 738,  336, -123, 738,  0, 255, 255
L 336, -123, 738,  631, -123, 738,  0, 255, 255
L 631, -123, 738,  632, -141, 738,  0, 255, 255
L 269, -273, 738,  268, -270, 738,  0, 255, 255
L 268, -270, 738,  268, -234, 738,  0, 255, 255
L 268, -234, 738,  251, -234, 741,  0, 255, 255
L 251, -234, 741,  159, -234, 1458,  0, 255, 255
L 159, -234, 1458,  142, -234, 1454,  0, 255, 255
L 142, -234, 1454,  143, -269, 1458,  0, 255, 255
L 143, -269, 1458,  161, -269, 1459,  0, 255, 255
L 161, -269, 1458,  358, -269, 2519,  0, 0, 255
L 358, -269, 2519,  376, -269, 2537,  0, 0, 255
L 376, -269, 2537,  376, -251, 2537,  0, 0, 255
L 376, -251, 2537,  431, -197, 2537,  0, 0, 255
L 431, -197, 2537,  430, -126, 2537,  0, 0, 255
L 430, -126, 2537,  376, -72, 2536,  0, 0, 255
L 376, -72, 2536,  360, -73, 2537,  0, 0, 255
L 360, -73, 2537,  354, -73, 2537,  0, 0, 255
L 354, -73, 2537,  354, -67, 2537,  0, 0, 255
L 354, -67, 2537,  356, -67, 2537,  0, 0, 255
L 356, -67, 2537,  356, -3, 2537,  0, 0, 255
L 356, -3, 2537,  354, -3, 2537,  0, 0, 255
L 354, -3, 2537,  354, 2, 2537,  0, 0, 255
L 354, 2, 2537,  356, 2, 2537,  0, 0, 255
L 356, 2, 2537,  356, 68, 2537,  0, 0, 255
L 356, 68, 2537,  354, 68, 2537,  0, 0, 255
L 354, 68, 2537,  354, 74, 2538,  0, 0, 255
L 354, 74, 2538,  356, 74, 2539,  0, 0, 255
L 356, 74, 2539,  356, 143, 2615,  0, 0, 255
L 356, 143, 2615,  356, 174, 2617,  0, 0, 255
L 356, 174, 2617,  354, 176, 2617,  0, 0, 255
L 354, 176, 2617,  322, 176, 2625,  0, 0, 255
L 322, 176, 2625,  254, 176, 2716,  0, 0, 255
L 254, 176, 2716,  254, 174, 2716,  0, 0, 255
L 254, 174, 2716,  248, 174, 2717,  0, 0, 255
L 248, 174, 2717,  248, 176, 2717,  0, 0, 255
L 248, 176, 2717,  182, 176, 2717,  0, 0, 255
L 182, 176, 2717,  182, 175, 2717,  0, 0, 255
L 182, 175, 2717,  176, 174, 2717,  0, 0, 255
L 176, 174, 2717,  176, 176, 2717,  0, 0, 255
L 176, 176, 2717,  112, 176, 2717,  0, 0, 255
L 112, 176, 2717,  112, 174, 2717,  0, 0, 255
L 112, 174, 2717,  108, 174, 2717,  0, 0, 255
L 108, 174, 2717,  108, 173, 2717,  0, 0, 255
L 108, 173, 2717,  111, 173, 2717,  0, 0, 255
L 111, 173, 2717,  112, 168, 2717,  0, 0, 255
L 112, 168, 2717,  102, 167, 2717,  0, 0, 255
L 102, 167, 2717,  102, 176, 2717,  0, 0, 255
L 250, -273, 738,  252, -270, 738,  0, 255, 255
L 252, -270, 738,  251, -252, 738,  0, 255, 255
L 251, -252, 738,  161, -251, 1457,  0, 255, 255
L 161, -251, 1457,  358, -253, 2519,  0, 0, 255
L 358, -253, 2519,  304, -251, 2537,  0, 0, 255
L 304, -251, 2537,  251, -197, 2537,  0, 0, 255
L 251, -197, 2537,  252, -126, 2537,  0, 0, 255
L 252, -126, 2537,  306, -72, 2537,  0, 0, 255
L 306, -72, 2537,  327, -73, 2537,  0, 0, 255
L 327, -73, 2537,  328, -68, 2537,  0, 0, 255
L 328, -68, 2537,  326, -67, 2537,  0, 0, 255
L 326, -67, 2537,  326, -3, 2537,  0, 0, 255
L 326, -3, 2537,  328, -3, 2537,  0, 0, 255
L 328, -3, 2537,  328, 2, 2537,  0, 0, 255
L 328, 2, 2537,  326, 2, 2537,  0, 0, 255
L 326, 2, 2537,  326, 68, 2537,  0, 0, 255
L 326, 68, 2537,  328, 68, 2537,  0, 0, 255
L 328, 68, 2537,  328, 74, 2538,  0, 0, 255
L 328, 74, 2538,  326, 74, 2539,  0, 0, 255
L 326, 74, 2539,  326, 142, 2613,  0, 0, 255
L 326, 142, 2613,  328, 142, 2613,  0, 0, 255
L 328, 142, 2613,  328, 148, 2617,  0, 0, 255
L 328, 148, 2617,  322, 148, 2625,  0, 0, 255
L 322, 148, 2625,  322, 146, 2626,  0, 0, 255
L 322, 146, 2626,  254, 146, 2716,  0, 0, 255
L 254, 146, 2716,  254, 148, 2716,  0, 0, 255
L 254, 148, 2716,  248, 148, 2717,  0, 0, 255
L 248, 148, 2717,  248, 146, 2717,  0, 0, 255
L 248, 146, 2717,  182, 146, 2717,  0, 0, 255
L 182, 146, 2717,  182, 147, 2717,  0, 0, 255
L 182, 147, 2717,  176, 148, 2717,  0, 0, 255
L 176, 148, 2717,  176, 146, 2717,  0, 0, 255
L 176, 146, 2717,  112, 146, 2717,  0, 0, 255
L 112, 146, 2717,  112, 148, 2717,  0, 0, 255
L 112, 148, 2717,  108, 148, 2717,  0, 0, 255
L 108, 148, 2717,  108, 149, 2717,  0, 0, 255
L 108, 149, 2717,  111, 149, 2717,  0, 0, 255
L 111, 149, 2717,  112, 154, 2717,  0, 0, 255
L 112, 154, 2717,  102, 155, 2717,  0, 0, 255
L 102, 155, 2717,  102, 126, 2717,  0, 0, 255
L 376, -95, 2537,  347, -95, 2537,  0, 0, 255
L 347, -95, 2537,  347, -86, 2537,  0, 0, 255
L 347, -86, 2537,  352, -85, 2537,  0, 0, 255
L 352, -85, 2537,  353, -89, 2537,  0, 0, 255
L 353, -89, 2537,  377, -89, 2537,  0, 0, 255
L 377, -89, 2537,  414, -125, 2537,  0, 0, 255
L 414, -125, 2537,  414, -198, 2537,  0, 0, 255
L 414, -198, 2537,  378, -234, 2537,  0, 0, 255
L 378, -234, 2537,  377, -239, 2537,  0, 0, 255
L 377, -239, 2537,  372, -239, 2537,  0, 0, 255
L 372, -239, 2537,  372, -229, 2537,  0, 0, 255
L 372, -229, 2537,  376, -229, 2537,  0, 0, 255
L 376, -229, 2537,  376, -217, 2537,  0, 0, 255
L 376, -217, 2537,  374, -217, 2537,  0, 0, 255
L 374, -217, 2537,  374, -197, 2717,  0, 0, 255
L 374, -197, 2717,  378, -198, 2717,  0, 0, 255
L 378, -198, 2717,  377, -228, 2717,  0, 0, 255
L 377, -228, 2717,  408, -197, 2717,  0, 0, 255
L 408, -197, 2717,  408, -163, 2717,  0, 0, 255
L 408, -163, 2717,  358, -162, 2717,  0, 0, 255
L 358, -162, 2717,  358, -159, 2717,  0, 0, 255
L 358, -159, 2717,  376, -159, 2537,  0, 0, 255
L 376, -159, 2537,  408, -159, 2537,  0, 0, 255
L 408, -159, 2537,  408, -126, 2537,  0, 0, 255
L 408, -126, 2537,  376, -95, 2537,  0, 0, 255
L 305, -95, 2537,  274, -126, 2537,  0, 0, 255
L 274, -126, 2537,  274, -159, 2537,  0, 0, 255
L 274, -159, 2537,  306, -159, 2537,  0, 0, 255
L 306, -159, 2537,  324, -159, 2717,  0, 0, 255
L 324, -159, 2717,  324, -163, 2717,  0, 0, 255
L 324, -163, 2717,  274, -163, 2717,  0, 0, 255
L 274, -163, 2717,  274, -197, 2717,  0, 0, 255
L 274, -197, 2717,  305, -229, 2717,  0, 0, 255
L 305, -229, 2717,  338, -229, 2717,  0, 0, 255
L 338, -229, 2717,  338, -181, 2717,  0, 0, 255
L 338, -181, 2717,  286, -181, 2717,  0, 0, 255
L 286, -181, 2717,  286, -177, 2717,  0, 0, 255
L 286, -177, 2717,  396, -177, 2717,  0, 0, 255
L 396, -177, 2717,  396, -181, 2717,  0, 0, 255
L 396, -181, 2717,  360, -181, 2717,  0, 0, 255
L 360, -181, 2717,  360, -200, 2717,  0, 0, 255
L 360, -200, 2717,  360, -217, 2537,  0, 0, 255
L 360, -217, 2537,  360, -239, 2537,  0, 0, 255
L 360, -239, 2537,  354, -239, 2537,  0, 0, 255
L 354, -239, 2537,  354, -235, 2537,  0, 0, 255
L 354, -235, 2537,  305, -235, 2537,  0, 0, 255
L 305, -235, 2537,  268, -199, 2537,  0, 0, 255
L 268, -199, 2537,  268, -126, 2537,  0, 0, 255
L 268, -126, 2537,  304, -89, 2537,  0, 0, 255
L 304, -89, 2537,  329, -89, 2537,  0, 0, 255
L 329, -89, 2537,  329, -86, 2537,  0, 0, 255
L 329, -86, 2537,  334, -85, 2537,  0, 0, 255
L 334, -85, 2537,  335, -94, 2537,  0, 0, 255
L 335, -94, 2537,  305, -95, 2537,  0, 0, 255
L 376, -129, 2537,  378, -129, 2537,  0, 0, 255
L 378, -129, 2537,  377, -125, 2537,  0, 0, 255
L 377, -125, 2537,  304, -125, 2537,  0, 0, 255
L 304, -125, 2537,  304, -128, 2537,  0, 0, 255
L 304, -128, 2537,  306, -129, 2537,  0, 0, 255
L 306, -129, 2537,  322, -129, 2697,  0, 0, 255
L 322, -129, 2697,  322, -131, 2715,  0, 0, 255
L 322, -131, 2715,  360, -131, 2697,  0, 0, 255
L 360, -131, 2697,  360, -129, 2697,  0, 0, 255
L 360, -129, 2697,  376, -129, 2537,  0, 0, 255
L 374, -129, 2557,  374, -159, 2557,  0, 0, 255
L 370, -129, 2597,  370, -159, 2597,  0, 0, 255
L 366, -129, 2637,  366, -159, 2637,  0, 0, 255
L 362, -129, 2677,  362, -159, 2677,  0, 0, 255
L 308, -129, 2557,  308, -159, 2557,  0, 0, 255
L 312, -129, 2597,  312, -159, 2597,  0, 0, 255
L 316, -129, 2637,  316, -159, 2637,  0, 0, 255
L 320, -129, 2677,  320, -159, 2677,  0, 0, 255
L 374, -215, 2557,  360, -215, 2557,  0, 0, 255
L 374, -211, 2597,  360, -211, 2597,  0, 0, 255
L 374, -207, 2637,  360, -207, 2637,  0, 0, 255
L 374, -203, 2677,  360, -203, 2677,  0, 0, 255
L 102, 176, 2717,  90, 176, 2717,  0, 0, 255
L 90, 176, 2717,  90, 142, 2717,  0, 0, 255
L 90, 142, 2717,  86, 142, 2717,  0, 0, 255
L 86, 142, 2717,  86, 180, 2897,  0, 0, 255
L 86, 180, 2897,  100, 180, 2897,  0, 0, 255
L 100, 180, 2897,  71, 210, 2897,  0, 0, 255
L 71, 210, 2897,  54, 210, 2897,  0, 0, 255
L 54, 210, 2897,  17, 210, 2937,  0, 0, 255
L 17, 210, 2937,  -13, 178, 2937,  0, 0, 255
L -13, 178, 2937,  -13, 160, 2937,  0, 0, 255
L -13, 160, 2937,  -13, 142, 2897,  0, 0, 255
L -13, 142, 2897,  -13, 125, 2897,  0, 0, 255
L -13, 125, 2897,  16, 96, 2897,  0, 0, 255
L 16, 96, 2897,  16, 110, 2897,  0, 0, 255
L 16, 110, 2897,  54, 110, 2717,  0, 0, 255
L 54, 110, 2717,  54, 106, 2717,  0, 0, 255
L 54, 106, 2717,  20, 106, 2717,  0, 0, 255
L 20, 106, 2717,  20, 94, 2717,  0, 0, 255
L 20, 94, 2717,  29, 94, 2717,  0, 0, 255
L 29, 94, 2717,  29, 84, 2717,  0, 0, 255
L 29, 84, 2717,  23, 84, 2717,  0, 0, 255
L 23, 84, 2717,  23, 88, 2717,  0, 0, 255
L 23, 88, 2717,  22, 88, 2717,  0, 0, 255
L 22, 88, 2717,  22, 84, 2717,  0, 0, 255
L 22, 84, 2717,  20, 84, 2717,  0, 0, 255
L 20, 84, 2717,  20, 20, 2717,  0, 0, 255
L 20, 20, 2717,  21, 20, 2717,  0, 0, 255
L 21, 20, 2717,  22, 14, 2717,  0, 0, 255
L 22, 14, 2717,  20, 14, 2717,  0, 0, 255
L 20, 14, 2717,  20, -51, 2717,  0, 0, 255
L 20, -51, 2717,  21, -51, 2717,  0, 0, 255
L 21, -51, 2717,  22, -56, 2717,  0, 0, 255
L 22, -56, 2717,  20, -57, 2717,  0, 0, 255
L 20, -57, 2717,  20, -125, 2717,  0, 0, 255
L 20, -125, 2717,  21, -125, 2717,  0, 0, 255
L 21, -125, 2717,  22, -131, 2717,  0, 0, 255
L 22, -131, 2717,  17, -131, 2717,  0, 0, 255
L 17, -131, 2717,  16, -129, 2717,  0, 0, 255
L 16, -129, 2717,  -51, -129, 2717,  0, 0, 255
L -51, -129, 2717,  -51, -131, 2717,  0, 0, 255
L -51, -131, 2717,  -57, -131, 2717,  0, 0, 255
L -57, -131, 2717,  -57, -128, 2717,  0, 0, 255
L -57, -128, 2717,  -68, -130, 2717,  0, 0, 255
L -68, -130, 2717,  -84, -134, 2717,  0, 0, 255
L -84, -134, 2717,  -96, -142, 2697,  0, 0, 255
L -96, -142, 2697,  -96, -145, 2697,  0, 0, 255
L -96, -145, 2697,  -90, -150, 2702,  0, 0, 255
L -90, -150, 2702,  -83, -147, 2717,  0, 0, 255
L -83, -147, 2717,  -67, -146, 2717,  0, 0, 255
L -67, -146, 2717,  -59, -157, 2717,  0, 0, 255
L -59, -157, 2717,  -57, -159, 2717,  0, 0, 255
L -57, -159, 2717,  -57, -157, 2717,  0, 0, 255
L -57, -157, 2717,  -52, -157, 2717,  0, 0, 255
L -52, -157, 2717,  -51, -159, 2717,  0, 0, 255
L -51, -159, 2717,  -44, -159, 2717,  0, 0, 255
L -44, -159, 2717,  -41, -154, 2717,  0, 0, 255
L -41, -154, 2717,  -40, -150, 2717,  0, 0, 255
L -40, -150, 2717,  -30, -141, 2717,  0, 0, 255
L -30, -141, 2717,  -8, -145, 2717,  0, 0, 255
L -8, -145, 2717,  6, -156, 2717,  0, 0, 255
L 6, -156, 2717,  16, -161, 2717,  0, 0, 255
L 16, -161, 2717,  16, -159, 2717,  0, 0, 255
L 16, -159, 2717,  48, -159, 2717,  0, 0, 255
L 48, -159, 2717,  50, -157, 2717,  0, 0, 255
L 50, -157, 2717,  50, -57, 2717,  0, 0, 255
L 50, -57, 2717,  48, -57, 2717,  0, 0, 255
L 48, -57, 2717,  48, -53, 2717,  0, 0, 255
L 48, -53, 2717,  34, -52, 2717,  0, 0, 255
L 34, -52, 2717,  26, -35, 2717,  0, 0, 255
L 26, -35, 2717,  40, -8, 2717,  0, 0, 255
L 40, -8, 2717,  48, -2, 2717,  0, 0, 255
L 48, -2, 2717,  50, 14, 2717,  0, 0, 255
L 50, 14, 2717,  48, 14, 2717,  0, 0, 255
L 48, 14, 2717,  48, 20, 2717,  0, 0, 255
L 48, 20, 2717,  50, 20, 2717,  0, 0, 255
L 50, 20, 2717,  50, 84, 2717,  0, 0, 255
L 50, 84, 2717,  48, 84, 2717,  0, 0, 255
L 48, 84, 2717,  48, 88, 2717,  0, 0, 255
L 48, 88, 2717,  47, 88, 2717,  0, 0, 255
L 47, 88, 2717,  47, 85, 2717,  0, 0, 255
L 47, 85, 2717,  41, 84, 2717,  0, 0, 255
L 41, 84, 2717,  41, 94, 2717,  0, 0, 255
L 41, 94, 2717,  70, 94, 2717,  0, 0, 255
L 70, 94, 2717,  70, 124, 2717,  0, 0, 255
L 70, 124, 2717,  52, 124, 2717,  0, 0, 255
L 52, 124, 2717,  16, 124, 2897,  0, 0, 255
L 16, 124, 2897,  17, 128, 2897,  0, 0, 255
L 17, 128, 2897,  68, 128, 2897,  0, 0, 255
L 68, 128, 2897,  68, 180, 2897,  0, 0, 255
L 68, 180, 2897,  72, 180, 2897,  0, 0, 255
L 72, 180, 2897,  72, 144, 2717,  0, 0, 255
L 72, 144, 2717,  72, 126, 2717,  0, 0, 255
L 72, 126, 2717,  102, 126, 2717,  0, 0, 255
L 72, 146, 2727,  86, 146, 2727,  0, 0, 255
L 72, 150, 2747,  86, 150, 2747,  0, 0, 255
L 72, 154, 2767,  86, 154, 2767,  0, 0, 255
L 72, 158, 2787,  86, 158, 2787,  0, 0, 255
L 72, 162, 2807,  86, 162, 2807,  0, 0, 255
L 72, 166, 2827,  86, 166, 2827,  0, 0, 255
L 72, 170, 2847,  86, 170, 2847,  0, 0, 255
L 72, 174, 2867,  86, 174, 2867,  0, 0, 255
L 72, 178, 2887,  86, 178, 2887,  0, 0, 255
L 54, 210, 2897,  53, 178, 2897,  0, 0, 255
L 53, 178, 2897,  17, 142, 2897,  0, 0, 255
L 17, 142, 2897,  -13, 142, 2897,  0, 0, 255
L -13, 146, 2907,  17, 146, 2907,  0, 0, 255
L 17, 146, 2907,  50, 179, 2907,  0, 0, 255
L 50, 179, 2907,  50, 210, 2907,  0, 0, 255
L 46, 210, 2917,  46, 179, 2917,  0, 0, 255
L 46, 179, 2917,  17, 150, 2917,  0, 0, 255
L 17, 150, 2917,  -13, 150, 2918,  0, 0, 255
L -13, 154, 2927,  17, 154, 2927,  0, 0, 255
L 17, 154, 2927,  41, 178, 2927,  0, 0, 255
L 41, 178, 2927,  42, 210, 2927,  0, 0, 255
L 50, 124, 2727,  50, 110, 2728,  0, 0, 255
L 46, 124, 2747,  46, 110, 2747,  0, 0, 255
L 42, 124, 2767,  42, 110, 2767,  0, 0, 255
L 38, 124, 2787,  38, 110, 2787,  0, 0, 255
L 34, 124, 2807,  34, 110, 2807,  0, 0, 255
L 30, 124, 2827,  30, 110, 2828,  0, 0, 255
L 26, 124, 2847,  26, 110, 2847,  0, 0, 255
L 22, 124, 2867,  22, 110, 2867,  0, 0, 255
L 18, 124, 2887,  18, 110, 2887,  0, 0, 255
L 70, 94, 2717,  71, 94, 2897,  0, 0, 255
L 71, 94, 2897,  102, 125, 2897,  0, 0, 255
L 102, 125, 2897,  102, 126, 2717,  0, 0, 255
L -143, -149, 2717,  -143, -162, 2717,  0, 0, 255
L -143, -162, 2717,  -161, -181, 2717,  0, 0, 255
L -161, -181, 2717,  -198, -181, 2717,  0, 0, 255
L -198, -181, 2717,  -217, -162, 2717,  0, 0, 255
L -217, -162, 2717,  -217, -126, 2717,  0, 0, 255
L -217, -126, 2717,  -199, -107, 2717,  0, 0, 255
L -199, -107, 2717,  -161, -107, 2717,  0, 0, 255
L -161, -107, 2717,  -143, -125, 2717,  0, 0, 255
L -143, -125, 2717,  -139, -125, 2717,  0, 0, 255
L -139, -125, 2717,  -139, -130, 2717,  0, 0, 255
L -139, -130, 2717,  -147, -131, 2717,  0, 0, 255
L -147, -131, 2717,  -147, -126, 2717,  0, 0, 255
L -147, -126, 2717,  -162, -111, 2726,  0, 0, 255
L -162, -111, 2726,  -197, -111, 2895,  0, 0, 255
L -197, -111, 2895,  -213, -126, 2897,  0, 0, 255
L -213, -126, 2897,  -213, -161, 2897,  0, 0, 255
L -213, -161, 2897,  -197, -177, 2895,  0, 0, 255
L -197, -177, 2895,  -162, -177, 2726,  0, 0, 255
L -162, -177, 2726,  -147, -161, 2717,  0, 0, 255
L -147, -161, 2717,  -147, -143, 2717,  0, 0, 255
L -147, -143, 2717,  -139, -144, 2717,  0, 0, 255
L -139, -144, 2717,  -140, -149, 2717,  0, 0, 255
L -140, -149, 2717,  -143, -149, 2717,  0, 0, 255
L -201, -165, 2897,  -201, -148, 2897,  0, 0, 255
L -201, -148, 2897,  -195, -147, 2897,  0, 0, 255
L -195, -147, 2897,  -195, -150, 2897,  0, 0, 255
L -195, -150, 2897,  -191, -155, 2897,  0, 0, 255
L -191, -155, 2897,  -191, -153, 2897,  0, 0, 255
L -191, -153, 2897,  -178, -153, 2897,  0, 0, 255
L -178, -153, 2897,  -177, -155, 2897,  0, 0, 255
L -177, -155, 2897,  -173, -151, 2897,  0, 0, 255
L -173, -151, 2897,  -175, -151, 2897,  0, 0, 255
L -175, -151, 2897,  -175, -137, 2897,  0, 0, 255
L -175, -137, 2897,  -173, -137, 2897,  0, 0, 255
L -173, -137, 2897,  -177, -134, 2897,  0, 0, 255
L -177, -134, 2897,  -177, -135, 2897,  0, 0, 255
L -177, -135, 2897,  -190, -135, 2897,  0, 0, 255
L -190, -135, 2897,  -191, -133, 2897,  0, 0, 255
L -191, -133, 2897,  -195, -137, 2897,  0, 0, 255
L -195, -137, 2897,  -195, -140, 2897,  0, 0, 255
L -195, -140, 2897,  -201, -141, 2897,  0, 0, 255
L -201, -141, 2897,  -201, -124, 2897,  0, 0, 255
L -201, -124, 2897,  -162, -123, 2722,  0, 0, 255
L -162, -123, 2722,  -161, -127, 2717,  0, 0, 255
L -161, -127, 2717,  -197, -127, 2636,  0, 0, 255
L -197, -127, 2636,  -197, -161, 2643,  0, 0, 255
L -197, -161, 2643,  -162, -161, 2717,  0, 0, 255
L -162, -161, 2717,  -161, -165, 2717,  0, 0, 255
L -161, -165, 2717,  -200, -165, 2897,  0, 0, 255
L -127, -157, 2717,  -127, -162, 2717,  0, 0, 255
L -127, -162, 2717,  -162, -197, 2717,  0, 0, 255
L -162, -197, 2717,  -197, -197, 2717,  0, 0, 255
L -197, -197, 2717,  -233, -162, 2717,  0, 0, 255
L -233, -162, 2717,  -234, -126, 2717,  0, 0, 255
L -234, -126, 2717,  -199, -91, 2717,  0, 0, 255
L -199, -91, 2717,  -163, -91, 2717,  0, 0, 255
L -163, -91, 2717,  -127, -126, 2717,  0, 0, 255
L -127, -126, 2717,  -127, -130, 2717,  0, 0, 255
L -127, -130, 2717,  -121, -131, 2717,  0, 0, 255
L -121, -131, 2717,  -121, -129, 2717,  0, 0, 255
L -121, -129, 2717,  -115, -132, 2717,  0, 0, 255
L -115, -132, 2717,  -107, -142, 2697,  0, 0, 255
L -107, -142, 2697,  -106, -153, 2696,  0, 0, 255
L -106, -153, 2696,  -107, -155, 2699,  0, 0, 255
L -107, -155, 2699,  -114, -153, 2717,  0, 0, 255
L -114, -153, 2717,  -121, -159, 2717,  0, 0, 255
L -121, -159, 2717,  -121, -157, 2717,  0, 0, 255
L -121, -157, 2717,  -127, -157, 2717,  0, 0, 255
L 449, -54, 138,  468, -71, 138,  0, 255, 0
L 468, -71, 138,  485, -71, 138,  0, 255, 0
L 485, -71, 138,  502, -54, 142,  0, 255, 0
L 502, -54, 142,  502, -17, 198,  0, 255, 0
L 502, -17, 198,  510, -17, 198,  0, 255, 0
L 510, -17, 198,  514, -8, 198,  0, 255, 0
L 514, -8, 198,  514, 7, 198,  0, 255, 0
L 514, 7, 198,  510, 16, 198,  0, 255, 0
L 510, 16, 198,  502, 16, 198,  0, 255, 0
L 502, 16, 198,  502, 53, 140,  0, 255, 0
L 502, 53, 140,  484, 71, 138,  0, 255, 0
L 484, 71, 138,  466, 71, 137,  0, 255, 0
L 466, 71, 137,  449, 53, 137,  0, 255, 0
L 467, 54, 138,  484, 53, 139,  0, 255, 0
L 484, 53, 139,  485, 17, 198,  0, 255, 0
L 485, 17, 198,  481, 13, 198,  0, 255, 0
L 481, 13, 198,  482, -16, 195,  0, 255, 0
L 482, -16, 195,  485, -19, 197,  0, 255, 0
L 485, -19, 197,  485, -54, 143,  0, 255, 0
L 485, -54, 143,  467, -54, 138,  0, 255, 0
L -435, -57, 18,  -435, 56, 18,  153, 153, 153
L -435, 56, 18,  -431, 56, 18,  153, 153, 153
L -431, 56, 18,  -431, -57, 18,  153, 153, 153
L -431, -57, 18,  -434, -57, 18,  153, 153, 153
L -447, 5, -1,  -435, 5, -1,  153, 153, 153
L -435, 5, -1,  -435, -6, -1,  153, 153, 153
L -435, -6, -1,  -447, -6, -1,  153, 153, 153
L -447, -6, -1,  -447, 5, -1,  153, 153, 153
L 718, 18, 18,  755, 18, 18,  153, 153, 153
L 755, 18, 18,  756, -19, 18,  153, 153, 153
L 756, -19, 18,  718, -19, 18,  153, 153, 153
L 718, -19, 18,  718, 17, 18,  153, 153, 153
L -75, -17, 58,  -59, -17, 207,  0, 255, 0
L -59, -17, 207,  -39, -17, 258,  0, 255, 0
L -39, -17, 258,  -39, -10, 258,  0, 255, 0
L -39, -10, 258,  -59, -10, 207,  0, 255, 0
L -59, -10, 207,  -75, -10, 58,  0, 255, 0
L -59, -17, 207,  -59, -10, 207,  0, 255, 0
L -57, -10, 238,  -57, -10, 238,  0, 255, 0
L -57, -10, 238,  -57, -17, 238,  0, 255, 0
L -74, 16, 64,  -59, 16, 207,  0, 255, 0
L -59, 16, 207,  -39, 16, 258,  0, 255, 0
L -39, 16, 258,  -39, 9, 258,  0, 255, 0
L -39, 9, 258,  -59, 9, 207,  0, 255, 0
L -59, 9, 207,  -74, 9, 63,  0, 255, 0
L -59, 16, 207,  -59, 9, 207,  0, 255, 0
L -57, 16, 238,  -57, 9, 238,  0, 255, 0
L -15, -158, -114,  -15, -183, -121,  0, 0, 0
L -3, -183, -121,  0, -183, -121,  0, 0, 0
L 0, -183, -121,  0, -215, -121,  0, 0, 0
L 0, -215, -121,  30, -215, -121,  0, 0, 0
L 30, -215, -121,  30, -127, -121,  0, 0, 0
L 30, -127, -121,  0, -127, -121,  0, 0, 0
L 0, -127, -121,  0, -158, -121,  0, 0, 0
L 0, -158, -121,  -3, -158, -116,  0, 0, 0
L 20, 126, -141,  30, 126, -141,  0, 0, 0
L 30, 126, -141,  30, 196, -141,  0, 0, 0
L 30, 196, -141,  20, 196, -141,  0, 0, 0
L 20, 182, -141,  20, 178, -141,  0, 0, 0
L 20, 178, -141,  -15, 178, -141,  0, 0, 0
L -15, 178, -141,  -15, 144, -141,  0, 0, 0
L -15, 144, -141,  20, 144, -141,  0, 0, 0
L 20, 144, -141,  20, 140, -141,  0, 0, 0
L -447, -17, 738,  -429, -17, 738,  0, 255, 0
L -429, -17, 738,  -429, -33, 738,  0, 255, 0
L -429, -33, 738,  -395, -33, 738,  0, 255, 0
L -395, -33, 738,  -363, -33, 918,  0, 255, 0
L -363, -33, 918,  -362, -6, 918,  0, 255, 0
L -362, -6, 918,  -357, -6, 918,  0, 255, 0
L -357, -6, 918,  -357, -21, 918,  0, 255, 0
L -357, -21, 918,  -305, -21, 918,  0, 255, 0
L -305, -21, 918,  -305, 20, 918,  0, 255, 0
L -305, 20, 918,  -357, 20, 918,  0, 255, 0
L -357, 20, 918,  -357, 5, 918,  0, 255, 0
L -357, 5, 918,  -362, 5, 918,  0, 255, 0
L -362, 5, 918,  -363, 32, 918,  0, 255, 0
L -363, 32, 918,  -395, 32, 738,  0, 255, 0
L -395, 32, 738,  -429, 32, 758,  0, 255, 0
L -429, 32, 758,  -429, 16, 738,  0, 255, 0
L -429, 16, 738,  -447, 16, 738,  0, 255, 0
L -447, 16, 738,  -447, 6, 738,  0, 255, 0
L -447, 6, 738,  -434, 6, 738,  0, 255, 0
L -434, 6, 738,  -434, -7, 738,  0, 255, 0
L -434, -7, 738,  -447, -7, 738,  0, 255, 0
L -447, -7, 738,  -447, -17, 738,  0, 255, 0
L -395, -21, 738,  -397, -21, 738,  0, 255, 0
L -397, -21, 738,  -397, -18, 738,  0, 255, 0
L -397, -18, 738,  -381, -17, 738,  0, 255, 0
L -381, -17, 738,  -381, 16, 738,  0, 255, 0
L -381, 16, 738,  -396, 16, 738,  0, 255, 0
L -396, 16, 738,  -397, 20, 738,  0, 255, 0
L -397, 20, 738,  -395, 20, 738,  0, 255, 0
L -395, 20, 738,  -377, 20, 918,  0, 255, 0
L -377, 20, 918,  -377, 6, 918,  0, 255, 0
L -377, 6, 918,  -396, 5, 898,  0, 255, 0
L -396, 5, 898,  -396, -6, 898,  0, 255, 0
L -396, -6, 898,  -379, -6, 898,  0, 255, 0
L -379, -6, 898,  -377, -6, 918,  0, 255, 0
L -377, -6, 918,  -377, -21, 918,  0, 255, 0
L -377, -21, 918,  -396, -21, 738,  0, 255, 0
L -379, -21, 898,  -379, -33, 898,  0, 255, 0
L -383, -21, 858,  -383, -33, 858,  0, 255, 0
L -387, -21, 818,  -387, -33, 818,  0, 255, 0
L -391, -21, 778,  -391, -33, 778,  0, 255, 0
L -395, -21, 738,  -395, -33, 738,  0, 255, 0
L -395, 32, 738,  -395, 20, 738,  0, 255, 0
L -391, 32, 778,  -391, 20, 778,  0, 255, 0
L -387, 32, 818,  -387, 20, 818,  0, 255, 0
L -383, 32, 858,  -383, 20, 858,  0, 255, 0
L -379, 32, 898,  -379, 20, 898,  0, 255, 0
L 644, 161, 18,  644, 215, 198,  0, 255, 0
L 644, 215, 198,  644, 246, 206,  0, 255, 0
L 644, 246, 206,  614, 246, 198,  0, 255, 0
L 614, 246, 198,  614, 215, 198,  0, 255, 0
L 614, 215, 198,  631, 215, 198,  0, 255, 0
L 631, 215, 198,  630, 161, 18,  0, 255, 0
L 496, -127, 18,  428, -127, 378,  0, 255, 0
L 428, -127, 378,  342, -127, 378,  0, 255, 0
L 342, -127, 378,  342, -161, 378,  0, 255, 0
L 342, -161, 378,  396, -161, 378,  0, 255, 0
L 396, -161, 378,  396, -165, 378,  0, 255, 0
L 396, -165, 378,  396, -231, 378,  0, 255, 0
L 396, -231, 378,  396, -235, 378,  0, 255, 0
L 396, -235, 378,  342, -235, 378,  0, 255, 0
L 342, -235, 378,  342, -269, 378,  0, 255, 0
L 342, -269, 378,  429, -269, 378,  0, 255, 0
L 429, -269, 378,  496, -269, 18,  0, 255, 0
L 496, -252, 18,  464, -252, 178,  0, 255, 0
L 464, -252, 178,  464, -238, 178,  0, 255, 0
L 464, -238, 178,  496, -238, 18,  0, 255, 0
L 496, -221, 18,  430, -221, 378,  0, 255, 0
L 430, -221, 378,  422, -221, 378,  0, 255, 0
L 422, -221, 378,  422, -231, 378,  0, 255, 0
L 422, -231, 378,  396, -231, 378,  0, 255, 0
L 432, -221, 338,  432, -269, 338,  0, 255, 0
L 440, -269, 298,  440, -221, 298,  0, 255, 0
L 448, -221, 258,  448, -269, 258,  0, 255, 0
L 456, -269, 218,  456, -221, 218,  0, 255, 0
L 464, -221, 178,  464, -269, 178,  0, 255, 0
L 472, -269, 138,  472, -252, 138,  0, 255, 0
L 480, -269, 98,  480, -252, 98,  0, 255, 0
L 488, -269, 58,  488, -252, 58,  0, 255, 0
L 488, -221, 58,  488, -238, 58,  0, 255, 0
L 480, -221, 98,  480, -238, 98,  0, 255, 0
L 472, -221, 138,  472, -238, 138,  0, 255, 0
L 496, -175, 18,  422, -175, 378,  0, 255, 0
L 422, -175, 378,  422, -165, 378,  0, 255, 0
L 422, -165, 378,  396, -165, 378,  0, 255, 0
L 432, -127, 338,  432, -175, 338,  0, 255, 0
L 440, -127, 298,  440, -175, 298,  0, 255, 0
L 448, -127, 258,  448, -175, 258,  0, 255, 0
L 456, -127, 218,  456, -175, 218,  0, 255, 0
L 464, -127, 178,  464, -175, 178,  0, 255, 0
L 464, -158, 178,  496, -158, 18,  0, 255, 0
L 496, -144, 18,  464, -144, 178,  0, 255, 0
L 472, -127, 138,  472, -144, 138,  0, 255, 0
L 480, -127, 98,  480, -144, 98,  0, 255, 0
L 488, -127, 58,  488, -144, 58,  0, 255, 0
L 488, -175, 58,  488, -158, 58,  0, 255, 0
L 472, -175, 138,  472, -158, 138,  0, 255, 0
L 480, -175, 98,  480, -158, 98,  0, 255, 0
L 527, -192, 18,  531, -201, 18,  153, 153, 153
L 531, -201, 18,  531, -205, 18,  153, 153, 153
L 531, -205, 18,  527, -208, 18,  153, 153, 153
L 527, -208, 18,  519, -201, 18,  153, 153, 153
L 519, -201, 18,  519, -196, 18,  153, 153, 153
L 519, -196, 18,  527, -192, 18,  153, 153, 153
L 566, -13, 18,  566, 12, 18,  255, 0, 255
L 540, 164, 18,  540, 176, 18,  255, 0, 255
L 540, 212, 18,  540, 200, 18,  255, 0, 255
L 344, 213, 18,  356, 214, 18,  255, 0, 255
L 356, 162, 18,  344, 162, 18,  255, 0, 255
L 446, 161, 18,  434, 162, 18,  255, 0, 255
L 154, 92, 18,  167, 92, 18,  255, 0, 255
L 18, 215, 18,  30, 215, 18,  255, 0, 255
L 30, 107, 18,  18, 107, 18,  255, 0, 255
L 18, -107, 18,  30, -107, 18,  255, 0, 255
L 30, -234, 18,  18, -235, 18,  255, 0, 255
L 167, -93, 18,  154, -93, 18,  255, 0, 255
L -327, 5, 18,  -327, -6, 18,  255, 0, 0
L -435, 5, -1,  -447, 5, -1,  255, 0, 0
L -447, 5, -1,  -447, -6, -1,  255, 0, 0
L -447, -6, -1,  -435, -6, -1,  255, 0, 0
L -435, -6, -1,  -435, 5, -1,  255, 0, 0
L -433, 56, 18,  -432, 68, 18,  255, 0, 255
L -433, -69, 18,  -433, -57, 18,  255, 0, 255
L 270, -273, 738,  270, -284, 738,  255, 0, 255
L 339, -285, 738,  339, -273, 738,  255, 0, 255
L 336, -144, 738,  324, -144, 738,  255, 0, 255
L 372, -236, 2537,  360, -236, 2537,  255, 0, 255
L 396, -179, 2717,  408, -179, 2717,  255, 0, 255
L 274, -179, 2717,  286, -180, 2717,  255, 0, 255
L 347, -88, 2537,  335, -88, 2537,  255, 0, 255
L 109, 167, 2717,  109, 155, 2717,  255, 0, 0
L 29, 87, 2717,  41, 88, 2717,  255, 0, 255
L -142, -131, 2717,  -142, -143, 2717,  255, 0, 0
L 336, 140, 738,  324, 141, 738,  255, 0, 255
L 271, 266, 738,  270, 254, 738,  255, 0, 255
L 339, 254, 738,  339, 266, 738,  255, 0, 255
L 452, 231, 738,  464, 231, 738,  255, 0, 255
L 451, 266, 738,  450, 254, 738,  255, 0, 255
L 483, 266, 738,  484, 254, 738,  255, 0, 255
L 650, 142, 738,  662, 141, 738,  255, 0, 255
L 628, 122, 738,  627, 110, 738,  255, 0, 255
L 627, -123, 738,  627, -111, 738,  255, 0, 255
L 662, -143, 738,  650, -143, 738,  255, 0, 255
L -162, -127, 2717,  -162, -161, 2717,  255, 0, 0
L -162, -161, 2717,  -197, -127, 2717,  255, 0, 0
L -197, -127, 2717,  -162, -127, 2717,  255, 0, 0
L -162, -127, 2717,  -197, -161, 2717,  255, 0, 0
L -197, -161, 2717,  -197, -127, 2717,  255, 0, 0
L -162, -161, 2717,  -197, -161, 2717,  255, 0, 0
P 850, 13, 0, 255, 255, 255, 2, Emerald Jungle
P 734, -28, 0, 255, 255, 255, 2, Succor Point
