L -185.9702, 662.2335, 0.1582, -142.9034, 662.9339, 0.1582, 255, 0, 255
L -142.9034, 662.9339, 0.1582, -142.9033, 568.7468, 0.1582, 0, 0, 0
L -142.9033, 568.7468, 0.1582, -221.8025, 568.7468, 0.1582, 0, 0, 0
L -321.901, 462.5595, 0.1582, -285.1723, 524.6749, 0.1582, 0, 0, 0
L -285.1723, 524.6749, 0.1582, -273.9078, 567.6035, 0.1582, 0, 0, 0
L -273.9078, 567.6035, 0.1582, -273.9094, 622.7838, 0.1582, 0, 0, 0
L -273.9094, 622.7838, 0.1582, -185.9709, 622.7816, 0.1582, 0, 0, 0
L -185.9709, 622.7816, 0.1582, -185.9702, 662.2335, 0.1582, 0, 0, 0
L -221.8025, 568.7468, 0.1582, -221.6913, 402.3349, 0.1582, 0, 0, 0
L -221.6913, 402.3349, 0.1582, -86.8439, 493.5522, 0.1582, 0, 0, 0
L -86.8439, 493.5522, 0.1582, -28.3976, 435.8451, 0.1582, 0, 0, 0
L -28.3976, 435.8451, 0.1582, 37.6747, 435.8466, 0.1582, 0, 0, 0
L 37.6826, 435.8469, 0.1582, 107.858, 387.2805, 0.1582, 0, 0, 0
L 107.858, 387.2805, 0.1582, 115.9633, 336.208, 0.1582, 0, 0, 0
L 115.9633, 336.208, 0.1582, 94.8241, 288.6845, 0.1582, 0, 0, 0
L 94.8241, 288.6845, 0.1582, 101.9247, 136.861, 0.1582, 0, 0, 0
L 101.9247, 136.861, 0.1582, 142.1637, 57.3509, 0.1582, 0, 0, 0
L 142.1637, 57.3509, 0.1582, 201.1665, 9.3572, 0.1582, 0, 0, 0
L 201.1665, 9.3572, 0.1582, 220.2899, -21.3881, 0.1582, 0, 0, 0
L 220.2899, -21.3881, 0.1582, 231.1253, -71.9351, 0.1582, 0, 0, 0
L 231.1253, -71.9351, 0.1582, 300.4005, -71.9346, 0.1582, 0, 0, 0
L 300.4005, -71.9346, 0.1582, 325.8924, -102.3001, 0.1582, 0, 0, 0
L 325.8924, -102.3001, 0.1582, 325.8693, -124.5224, 0.1582, 0, 0, 0
L 325.8693, -124.5224, 0.1582, 300.2479, -146.2023, 0.1582, 0, 0, 0
L 300.2479, -146.2023, 0.1582, 283.2024, -164.2443, 0.1582, 0, 0, 0
L 283.2024, -164.2443, 0.1582, 247.235, -196.2098, 0.1582, 0, 0, 0
L 247.235, -196.2098, 0.1582, 232.2726, -225.9401, 0.1582, 0, 0, 0
L 232.2726, -225.9401, 0.1582, 177.8848, -225.9378, 0.1582, 0, 0, 0
L 177.8848, -225.9378, 0.1582, 197.4327, -249.637, 0.1582, 0, 0, 0
L 197.4327, -249.637, 0.1582, 176.9712, -261.343, 0.1582, 0, 0, 0
L 176.9712, -261.343, 0.1582, 176.9721, -287.2006, 0.1582, 0, 0, 0
L 176.9721, -287.2006, 0.1582, 158.8634, -276.7146, 0.1582, 0, 0, 0
L 157.9714, -276.9076, -8.2866, 157.9651, -262.475, -12.8379, 127, 64, 0
L 157.9651, -262.475, -12.8379, 137.4159, -251.8439, -27.364, 127, 64, 0
L 137.4159, -251.8439, -27.364, 106.5977, -276.91, -43.8479, 127, 64, 0
L 106.5977, -276.91, -43.8479, 157.9714, -276.9076, -8.2843, 127, 64, 0
L 158.8634, -276.7146, 0.1451, 158.8482, -261.7699, 0.1582, 240, 127, 0
L 158.8482, -261.7699, 0.1582, 136.3709, -249.5973, 0.1582, 240, 127, 0
L 136.3709, -249.5973, 0.1582, 105.5961, -275.7321, 0.1582, 240, 127, 0
L 105.5961, -275.7321, 0.1582, 69.4, -298.312, 0.1582, 0, 0, 0
L 69.4, -298.312, 0.1582, 68.43, -312.2744, 0.1582, 0, 0, 0
L 68.43, -312.2744, 0.1582, 47.7261, -324.8888, 0.1582, 0, 0, 0
L 47.7261, -324.8888, 0.1582, 21.2533, -324.9033, 0.1582, 0, 0, 0
L 21.2533, -324.9033, 0.1582, -0.5365, -312.2669, 0.1582, 0, 0, 0
L -0.5365, -312.2669, 0.1582, -0.4832, -299.1, 0.1582, 240, 127, 0
L -0.4832, -299.1, 0.1582, 24.8325, -288.5033, 0.1582, 240, 127, 0
L 24.8325, -288.5033, 0.1582, 49.3751, -288.5212, 0.1582, 240, 127, 0
L 49.3751, -288.5212, 0.1582, 77.1842, -278.971, 0.1582, 240, 127, 0
L 77.1842, -278.971, 0.1582, 136.2333, -227.8267, 0.1582, 240, 127, 0
L 25.271, -307.235, 0.1582, 33.8806, -299.8795, 0.1582, 0, 64, 0
L 33.8806, -299.8795, 0.1582, 43.9489, -306.6197, 0.1582, 0, 64, 0
L 43.9489, -306.6197, 0.1592, 42.9883, -320.4725, 0.1582, 0, 64, 0
L 42.9883, -320.4725, 0.1583, 30.7619, -320.4814, 0.1592, 0, 64, 0
L 30.7619, -320.4814, 0.1592, 25.271, -307.235, 0.1582, 0, 64, 0
L -1.9649, -312.4818, -25.2523, -20.4908, -331.9091, 0.1582, 0, 0, 0
L -1.9701, -312.4945, -25.2466, -1.9338, -298.3294, -25.7439, 127, 64, 0
L -1.9338, -298.3294, -25.7439, 24.976, -286.9089, -25.9674, 127, 64, 0
L 24.6687, -286.9087, -25.9674, 48.7852, -286.9096, -27.383, 127, 64, 0
L 48.7852, -286.9096, -27.383, 76.4758, -277.2509, -22.9055, 127, 64, 0
L 76.4758, -277.2509, -22.9055, 135.7591, -226.6161, -27.2636, 127, 64, 0
L 136.2333, -227.8267, -27.2653, 124.4454, -197.7281, -1.6208, 240, 127, 0
L 124.3332, -197.8476, -1.6208, 154.5399, -165.706, -1.8354, 0, 0, 0
L 154.5399, -165.706, -1.8354, 188.903, -145.5723, -1.8415, 0, 0, 0
L 188.903, -145.5723, -3.2185, 188.9053, -99.364, -3.2193, 0, 0, 0
L 275.2445, -99.9621, 0.1582, 275.2853, -132.2391, 0.1582, 240, 127, 0
L 124.3332, -197.8476, -1.5753, -20.85, -288.9042, 0.1162, 0, 0, 0
L 273.8951, -132.4737, -10.1183, 273.9089, -100.9604, -31.1083, 127, 64, 0
L 273.9089, -100.9604, -31.1083, 232.6417, -100.9538, -31.1144, 127, 64, 0
L 232.6417, -100.9538, -31.1144, 228.9523, -114.6967, -21.559, 127, 64, 0
L 232.6416, -100.9525, -31.1143, 191.5023, -100.9308, -7.2583, 127, 64, 0
L -20.4051, -331.8994, 0.1582, -20.4156, -288.6317, -0.4681, 240, 127, 0
L -20.3951, -331.8888, 0.1582, -62.28, -331.9091, 0.1589, 0, 0, 0
L -62.28, -331.9091, 0.1589, -61.9658, -307.8111, 0.1582, 0, 0, 0
L -61.9784, -319.2506, 0.1582, -46.3609, -303.6385, 0.1582, 0, 0, 0
L -46.3609, -303.6385, 0.1582, -20.85, -288.9042, -0.2111, 0, 0, 0
L 275.2445, -99.9621, 0.1582, 191.5043, -99.8996, 0.1582, 240, 127, 0
L 180.9711, -144.2691, 0.1582, 165.4071, -150.1169, 0.1582, 0, 0, 0
L 165.4071, -150.1169, 0.1582, 144.1727, -164.3434, 0.1582, 0, 0, 0
L 144.1727, -164.3434, 0.1582, 128.2452, -182.2607, 0.1582, 0, 0, 0
L 128.2452, -182.2607, 0.1582, 112.384, -196.1336, 0.1582, 0, 0, 0
L 112.384, -196.1336, 0.1582, -47.4795, -296.536, 0.1582, 0, 0, 0
L -47.4795, -296.536, 0.1582, -63.4703, -309.321, 0.1582, 0, 0, 0
L -63.4703, -309.321, 0.1582, -79.2531, -314.9336, 0.1582, 0, 0, 0
L -79.2531, -314.9336, 0.1582, -91.3413, -322.9572, 0.1582, 0, 0, 0
L -91.3413, -322.9572, 0.1582, -152.8828, -332.8885, 0.1582, 0, 0, 0
L -152.8828, -332.8885, 0.1582, -217.954, -315.8245, 0.1582, 0, 0, 0
L -217.954, -315.8245, 0.1582, -286.3276, -364.9771, 0.1582, 0, 0, 0
L -286.3276, -364.9771, 0.1582, -304.8399, -371.1458, 0.1582, 0, 0, 0
L -304.8399, -371.1458, 0.1592, -304.8408, -399.2595, 0.1582, 0, 0, 0
L -304.8408, -399.2595, 0.1582, -356.1322, -428.8466, 0.1582, 0, 0, 0
L -356.1322, -428.8466, 0.1582, -402.5359, -428.8408, 0.1582, 0, 0, 0
L -402.5359, -428.8408, 0.1582, -480.9981, -371.2432, 0.1582, 0, 0, 0
L -480.9981, -371.2432, 0.1582, -505.1643, -311.9021, 0.1582, 0, 0, 0
L -505.1643, -311.9021, -10.8415, -551.379, -311.8874, -11.8415, 0, 0, 0
L -551.379, -311.8874, -11.8415, -575.8155, -285.473, -11.8415, 127, 64, 0
L -575.8155, -285.473, -11.8415, -575.812, -268.2248, -11.8415, 127, 64, 0
L -482.7782, -311.9091, -10.8415, -482.7819, -293.1972, -10.8415, 127, 64, 0
L -482.7819, -293.1972, -11.3262, -462.3562, -284.9187, -4.6154, 127, 64, 0
L -462.3562, -284.9187, -4.6154, -452.5683, -288.2909, -0.5636, 127, 64, 0
L -502.6508, -253.4908, -16.5731, -525.4957, -287.1791, -11.2492, 127, 64, 0
L -525.4957, -287.1791, -11.8415, -576.9836, -255.9316, -11.4421, 127, 64, 0
L -576.9836, -255.9316, -11.4421, -632.6426, -267.711, -11.4487, 127, 64, 0
L -705.5317, -215.4379, -9.287, -725.5298, -176.473, -10.9974, 127, 64, 0
L -725.5298, -176.473, -10.9974, -755.72, -142.2199, -6.1627, 127, 64, 0
L -755.72, -142.2199, -6.1627, -775.6381, -146.9201, -6.1619, 127, 64, 0
L -775.6381, -146.9201, -5.9903, -807.4596, -90.6019, -6.6058, 127, 64, 0
L -807.4596, -90.6019, -6.6058, -826.6585, -76.7142, -7.12, 127, 64, 0
L -825.5244, -77.5348, -7.12, -850.1633, -88.2171, -14.7789, 240, 127, 0
L -858.4841, -87.8795, -15.3208, -879.6888, -77.5408, -11.1447, 240, 127, 0
L -879.6906, -95.5955, -11.1471, -879.6865, -49.5497, -11.1445, 0, 0, 0
L -879.6905, -95.5869, -11.1455, -854.1186, -125.7669, -15.7355, 0, 0, 0
L -854.1186, -125.7669, -15.7355, -806.7851, -136.9171, -6.4824, 0, 0, 0
L -806.7851, -136.9171, -6.4824, -774.7219, -172.9718, -14.9284, 0, 0, 0
L -774.7219, -172.9718, -14.9284, -754.5167, -172.9858, -13.91, 0, 0, 0
L -754.5167, -172.9858, -13.91, -741.4349, -180.245, -6.1615, 0, 0, 0
L -741.4349, -180.245, -6.1615, -723.8962, -199.3761, -6.1657, 0, 0, 0
L -723.8962, -199.3761, -6.1657, -703.9238, -234.3488, -6.1619, 0, 0, 0
L -703.9238, -234.3488, -6.1619, -683.1195, -258.125, -6.1619, 0, 0, 0
L -683.1195, -258.125, -6.1619, -580.2287, -312.74, 0.1648, 0, 0, 0
L -580.2287, -312.74, 0.1648, -569.5543, -367.7955, 0.1582, 0, 0, 0
L -569.5543, -367.7955, 0.1582, -551.3813, -311.8849, -11.8415, 0, 0, 0
L -506.7871, -311.9053, -11.8415, -482.8186, -311.9087, -10.8415, 127, 64, 0
L -502.6508, -253.4908, -11.5553, -576.216, -226.842, -7.1664, 127, 64, 0
L -576.216, -226.842, -7.1664, -631.8002, -225.939, 36.8999, 127, 64, 0
L -632.5865, -227.5749, 25.1582, -661.312, -213.7119, 25.1582, 127, 127, 127
L -632.6426, -267.711, -11.4177, -684.3966, -242.621, -10.7393, 127, 64, 0
L -684.3966, -242.621, -9.4181, -705.5829, -215.3369, -8.9054, 127, 64, 0
L -552.4606, -218.4045, -28.8389, -538.2399, -220.2407, -28.8415, 0, 64, 0
L -538.2399, -220.2407, -28.8415, -529.8451, -202.5389, -28.8415, 0, 64, 0
L -529.8451, -202.5389, -28.3765, -539.8722, -192.5089, -28.8415, 0, 64, 0
L -539.8722, -192.5089, -28.8415, -553.4207, -202.2521, -29.1987, 0, 64, 0
L -553.4207, -202.2521, -29.1987, -552.4606, -218.4045, -24.2108, 0, 64, 0
L -526.4541, -244.623, -11.5761, -541.9545, -222.4806, -22.51, 240, 127, 0
L -525.86, -245.199, -28.844, -540.4011, -222.6342, -28.8415, 127, 64, 0
L -451.5009, -255.6226, -3.857, -463.6499, -247.3641, -4.3856, 0, 64, 0
L -463.6499, -247.3641, -5.9813, -481.2003, -260.2509, -10.2779, 0, 64, 0
L -481.2003, -260.2509, -11.5408, -476.629, -274.2128, -9.9558, 0, 64, 0
L -476.629, -274.2128, -8.8666, -462.7081, -270.783, -4.633, 0, 64, 0
L -462.7081, -270.783, -4.633, -457.4195, -270.1392, -3.2726, 0, 64, 0
L -457.4195, -270.1392, -3.2726, -451.5009, -255.6226, -1.6644, 0, 64, 0
L -462.4585, -286.319, 0.1582, -481.9245, -293.9854, 0.1255, 240, 127, 0
L -481.9245, -293.9854, 0.1255, -481.9041, -312.9952, 0.1582, 240, 127, 0
L -481.9041, -312.9952, 0.1582, -504.7325, -312.9657, 0.1582, 240, 127, 0
L -774.7219, -172.9715, -14.9283, -774.7192, -159.2099, -10.3368, 127, 64, 0
L -775.9057, -171.6405, -10.2639, -775.8084, -159.3627, -8.9969, 240, 127, 0
L -879.6865, -49.5497, -24.5743, -861.4193, -39.9652, -23.8415, 0, 0, 0
L -861.4193, -39.9652, -23.8415, -835.6893, -39.9669, -23.8415, 0, 0, 0
L -835.6893, -39.9669, -22.8415, -835.6861, -31.8401, -22.8415, 0, 0, 0
L -835.6861, -31.8401, -22.8415, -802.692, -27.1679, -22.8415, 0, 0, 0
L -801.3555, -27.6909, -22.8415, -811.8292, -48.8879, -22.8415, 240, 127, 0
L -811.8292, -48.8879, -23.8415, -835.6929, -48.8449, -23.8415, 240, 127, 0
L -835.6933, -49.9363, -26.5973, -811.9568, -49.9382, -29.8415, 127, 64, 0
L -811.2249, -63.9087, -30.6449, -826.2047, -77.4249, -29.7749, 127, 64, 0
L -826.6585, -76.7142, -29.7749, -850.8323, -87.2566, -18.1752, 127, 64, 0
L -879.6888, -76.367, -24.66, -858.5208, -86.9955, -18.3183, 127, 64, 0
L -825.589, -76.28, -29.7409, -858.8324, -76.28, -25.9817, 127, 64, 0
L -860.7014, -77.1795, -23.6977, -827.6145, -77.1312, -23.7089, 240, 127, 0
L -740.7536, -158.5629, -11.1958, -740.7817, -165.1845, -9.6754, 127, 64, 0
L -742.8099, -164.9002, -7.9287, -741.9759, -157.1261, -6.1653, 240, 127, 0
L -742.6834, -179.32, -11.3391, -742.7192, -172.1885, -9.7551, 127, 64, 0
L -741.4859, -170.9766, -8.1722, -741.4551, -179.8883, -6.1379, 240, 127, 0
L -577.2264, -268.1082, -6.7988, -577.2183, -284.9066, 0.3696, 240, 127, 0
L -551.7557, -313.3679, 0.1636, -576.4583, -286.562, -0.2693, 240, 127, 0
L -462.4585, -286.319, 0.1582, -448.5375, -290.8156, 0.1582, 240, 127, 0
L -560.4428, -216.9401, -20.7194, -575.8129, -216.9403, -12.3826, 127, 64, 0
L -575.8129, -216.9403, -12.3826, -575.8134, -204.7727, -12.3832, 127, 64, 0
L -563.6399, -214.1174, -22.2622, -576.8763, -202.5377, -22.2616, 127, 64, 0
L -575.8134, -204.7727, -12.3838, -563.6426, -215.2269, -20.8228, 240, 127, 0
L -576.826, -218.8909, -6.7522, -576.7984, -203.9661, -6.7705, 240, 127, 0
L -631.5447, -204.1271, 35.9866, -661.677, -213.5176, 36.1582, 240, 127, 0
L -631.5447, -204.1271, 35.1103, -576.7988, -204.1432, -4.2195, 240, 127, 0
L -632.129, -226.4099, 36.1582, -659.6557, -212.8879, 36.1582, 240, 127, 0
L -563.7423, -218.8909, -13.6631, -576.826, -218.8909, -8.3323, 240, 127, 0
L -631.8963, -202.9402, -30.8415, -601.3695, -202.9398, -30.2195, 0, 0, 240
L -577.7467, -202.9396, -30.2195, -577.7471, -187.4, -30.2196, 127, 64, 0
L -576.8464, -182.8743, -29.5199, -576.8763, -202.5374, -22.7388, 240, 127, 0
L -632.5865, -227.5749, 36.1582, -632.7364, -265.8376, 25.1582, 127, 64, 0
L -632.735, -265.4383, 25.1582, -682.7516, -241.6332, 25.1582, 240, 127, 0
L -682.7516, -241.6332, 25.1582, -682.7512, -202.3095, 25.1513, 127, 64, 0
L -682.7512, -202.3095, 25.1513, -661.677, -213.5176, 25.1582, 240, 127, 0
L -631.8963, -202.9402, -30.9029, -660.6372, -211.8599, -32.4795, 0, 0, 240
L -660.6372, -211.8599, -32.4795, -683.1259, -201.1108, -32.9213, 0, 0, 240
L -683.1259, -201.1108, -32.9213, -703.9387, -176.3642, -33.3605, 0, 0, 240
L -703.9387, -176.3642, -33.3605, -723.9641, -145.3239, -33.3537, 0, 0, 240
L -723.9641, -145.3239, -33.3537, -740.8553, -128.4116, -33.3498, 0, 0, 240
L -740.8553, -128.4116, -33.3498, -754.4057, -117.9714, -33.3481, 0, 0, 240
L -754.4057, -117.9714, -33.3481, -775.854, -114.9989, -33.4797, 0, 0, 240
L -775.854, -114.9989, -33.4797, -790.7987, -89.2874, -33.4767, 0, 0, 240
L -790.7987, -89.2874, -33.4767, -792.1399, -81.2592, -33.4759, 0, 0, 240
L -792.1399, -81.2592, -33.4759, -798.9097, -76.3366, -33.7565, 0, 0, 240
L -798.9097, -76.3366, -33.7565, -806.9278, -63.9209, -33.6158, 0, 0, 240
L -811.2249, -63.9087, -33.6158, -786.206, -63.9797, -33.7901, 240, 240, 240
L -787.3454, -63.8877, -33.7854, -776.7128, -89.9852, -33.7864, 0, 0, 240
L -776.7128, -89.9852, -33.7864, -766.768, -100.105, -33.7796, 0, 0, 240
L -766.768, -100.105, -33.7796, -755.634, -107.8872, -33.7837, 0, 0, 240
L -755.634, -107.8872, -33.7837, -747.8161, -106.9848, -33.6402, 0, 0, 240
L -747.8161, -106.9848, -33.6402, -742.339, -109.8897, -33.3436, 0, 0, 240
L -742.339, -109.8897, -33.3436, -724.4595, -101.9342, -33.3382, 0, 0, 240
L -724.4595, -101.9342, -33.3382, -661.1784, -101.9338, -33.3442, 0, 0, 240
L -661.1784, -101.9338, -33.3442, -601.9125, -159.1605, -33.3406, 0, 0, 240
L -601.9125, -159.1605, -33.3406, -596.7889, -171.9267, -33.3051, 0, 0, 240
L -596.7889, -171.9267, -33.3051, -587.9574, -183.9512, -33.3419, 0, 0, 240
L -587.9574, -183.9512, -33.3419, -586.399, -193.9713, -33.1109, 0, 0, 240
L -601.3695, -202.9398, -33.3566, -596.3065, -193.9713, -33.3573, 0, 0, 240
L -586.399, -193.9713, -33.3573, -596.3065, -193.9713, -33.3584, 0, 0, 240
L -599.9578, -202.9401, -29.3234, -595.4664, -194.6342, -29.3234, 240, 127, 0
L -595.4664, -194.6342, -29.3234, -585.3971, -194.6342, -29.3234, 240, 127, 0
L -585.3971, -194.6342, -29.3234, -576.7984, -203.9661, -28.6734, 240, 127, 0
L -578.4587, -226.7171, 40.8215, -631.8002, -226.8104, 48.4022, 240, 127, 0
L -631.8002, -225.939, 48.6473, -631.791, -266.2826, 48.6473, 240, 127, 0
L -631.5406, -284.8956, 46.3301, -683.1204, -258.1227, 47.6644, 240, 127, 0
L -682.7518, -258.5439, 47.6644, -703.9265, -234.3462, 47.6644, 127, 64, 0
L -703.9365, -234.3297, 47.6644, -724.932, -199.1485, 47.6644, 127, 64, 0
L -724.932, -199.1485, 47.6644, -741.1471, -180.1245, 47.6644, 127, 64, 0
L -741.147, -157.8157, 47.6473, -725.7441, -175.6613, 47.6473, 240, 127, 0
L -725.7441, -175.6613, 47.6473, -705.5194, -214.8923, 47.6443, 240, 127, 0
L -705.5194, -214.8923, 47.6443, -685.105, -241.2331, 47.6533, 240, 127, 0
L -685.105, -241.2331, 47.6533, -631.791, -266.2826, 47.6533, 240, 127, 0
L -576.711, -254.6371, 40.9296, -631.7911, -265.5097, 48.6345, 240, 127, 0
L -578.4587, -226.7171, 40.319, -527.211, -245.7729, 0.5923, 240, 127, 0
L -703.7472, -178.9077, 35.6936, -683.7498, -201.6539, 35.6936, 240, 127, 0
L -683.7435, -240.2971, 36.4161, -683.7498, -201.6539, 36.4153, 240, 127, 0
L -703.749, -178.7906, 36.414, -703.7531, -214.5595, 36.4084, 127, 64, 0
L -703.7531, -214.5595, 36.4084, -683.7435, -240.2971, 36.4059, 127, 64, 0
L -547.5882, -248.598, 16.694, -527.211, -245.7729, 3.5789, 127, 64, 0
L -573.6331, -256.2989, 35.6905, -526.662, -244.4638, -11.769, 240, 127, 0
L -724.3319, -173.2898, 43.3873, -724.2939, -149.3659, 43.3873, 240, 127, 0
L -724.2939, -149.3659, 43.3873, -705.5099, -177.4604, 43.3873, 240, 127, 0
L -705.5099, -177.4604, 43.3873, -705.5715, -211.1476, 43.3873, 240, 127, 0
L -705.5715, -211.1476, 43.3873, -724.3319, -173.2898, 43.3873, 127, 64, 0
L -599.3402, -286.6046, 0.3714, -629.3608, -286.6603, 0.3706, 240, 127, 0
L -631.1209, -284.9085, -4.493, -599.399, -284.9073, -2.6015, 127, 64, 0
L -805.7145, -137.5875, -13.4771, -805.7205, -111.4685, -9.1242, 127, 64, 0
L -807.1979, -107.4581, -6.5282, -806.9624, -136.8728, -6.5162, 240, 127, 0
L -811.9592, -49.9087, -29.8415, -786.1585, -49.8928, -30.8415, 240, 240, 240
L -786.1585, -49.8928, -30.8415, -786.206, -63.9797, -30.8415, 240, 240, 240
L -811.9568, -49.9382, -30.7723, -810.8342, -63.5671, -30.6313, 240, 240, 240
L -776.6538, -48.4632, -30.8415, -776.6535, -63.9346, -30.8415, 0, 0, 0
L -776.6535, -63.9346, -30.8415, -761.653, -63.9346, -30.8415, 0, 0, 0
L -761.653, -63.9346, -30.8415, -761.6494, -76.31, -30.8415, 0, 0, 0
L -761.6494, -76.31, -30.8415, -764.6535, -76.1599, -30.8415, 0, 0, 0
L -764.6535, -76.1599, -30.8415, -764.6539, -90.5725, -30.8415, 0, 0, 0
L -764.6539, -90.5725, -30.8415, -755.6526, -94.6136, -30.8415, 0, 0, 0
L -755.6531, -94.6173, -30.8415, -755.6534, -97.9367, -30.8415, 0, 0, 0
L -755.6534, -97.9367, -30.8415, -746.7213, -97.9343, -30.8415, 0, 0, 0
L -746.7213, -97.9343, -30.8415, -746.7214, -94.4671, -30.8415, 0, 0, 0
L -746.7214, -94.4671, -30.8415, -741.6085, -90.2433, -30.8415, 0, 0, 0
L -741.6085, -90.2433, -30.8415, -724.6077, -102.2275, -30.8415, 0, 0, 0
L -724.6077, -102.2275, -30.8759, -721.3179, -98.9342, -30.8415, 0, 0, 0
L -721.3567, -98.9728, -30.8415, -686.75, -98.9334, -30.8415, 0, 0, 0
L -686.75, -98.9334, -30.8415, -686.7531, -20.9655, -30.8415, 0, 0, 0
L -686.7531, -20.9655, -30.8415, -664.7527, -20.9677, -30.8415, 0, 0, 0
L -664.7527, -20.9677, -30.7158, -664.7512, 15.9661, -30.7158, 0, 0, 0
L -664.7512, 15.9661, -30.8415, -698.5788, 15.9655, -30.8415, 0, 0, 0
L -698.5788, 15.9655, -30.8415, -697.7525, 20.9131, -30.8415, 0, 0, 0
L -697.7525, 20.9131, -29.8415, -697.7509, 27.3384, -29.8415, 0, 0, 0
L -700.6851, 24.3963, -30.8415, -697.7509, 27.3384, -30.8415, 0, 0, 0
L -713.3777, 25.2399, -30.8415, -700.3509, 25.481, -30.8415, 240, 127, 0
L -712.7536, 24.3967, -30.8415, -715.6833, 27.3402, -30.8415, 0, 0, 0
L -715.6833, 27.3402, -30.8415, -715.6856, 20.9219, -30.8415, 0, 0, 0
L -715.6856, 20.9219, -30.8415, -714.8582, 15.9657, -30.8415, 0, 0, 0
L -714.8582, 15.9657, -30.8415, -743.6515, 15.9669, -30.8415, 0, 0, 0
L -743.6515, 15.9669, -30.8415, -743.6748, -19.6216, -30.8415, 0, 0, 0
L -743.6748, -19.6216, -30.8415, -748.6521, -25.3429, -30.8415, 0, 0, 0
L -748.6521, -25.3429, -30.8415, -764.653, -25.3339, -30.8415, 0, 0, 0
L -764.653, -25.3339, -30.8415, -764.6539, -37.9662, -30.8415, 0, 0, 0
L -758.3799, -37.9679, -30.8415, -764.6539, -37.9662, -30.8415, 0, 0, 0
L -764.778, -44.4299, -30.8415, -773.5764, -43.9994, -30.8415, 0, 0, 0
L -764.6897, -46.3312, -30.8415, -764.778, -44.4299, -30.8415, 0, 0, 0
L -764.6843, -46.3333, -30.8415, -762.6544, -47.1595, -30.8405, 0, 0, 0
L -762.652, -39.24, -30.8415, -762.6544, -47.1595, -30.8415, 0, 0, 0
L -759.1009, -39.2999, -30.8415, -762.652, -39.24, -30.8415, 0, 0, 0
L -759.1141, -39.28, -30.8415, -758.3799, -37.9679, -30.8415, 0, 0, 0
L -773.6874, -46.4748, -30.8415, -773.5764, -43.9994, -30.8415, 0, 0, 0
L -773.6535, -46.4059, -30.8415, -776.6538, -48.4632, -30.8415, 0, 0, 0
L -788.1647, -49.8941, -37.112, -776.3175, -24.5779, -33.7961, 0, 0, 240
L -776.3175, -24.5779, -33.7961, -766.5353, 29.4734, -33.786, 0, 0, 240
L -766.5353, 29.4734, -33.786, -748.8057, 71.7989, -33.7884, 0, 0, 240
L -748.8057, 71.7989, -33.7884, -756.629, 95.7574, -33.7817, 0, 0, 240
L -756.629, 95.7574, -33.7817, -748.8351, 125.9989, -33.7828, 0, 0, 240
L -748.8351, 125.9989, -33.7828, -748.8289, 164.8077, -33.7826, 0, 0, 240
L -748.8289, 164.8077, -33.7826, -724.368, 211.287, -33.7862, 0, 0, 240
L -724.368, 211.287, -33.7862, -659.7536, 253.4077, -33.7937, 0, 0, 240
L -659.7535, 253.5518, -33.7937, -659.7146, 273.1933, -33.6769, 0, 0, 240
L -659.7187, 273.1911, -33.6769, -723.258, 236.1716, -33.6587, 0, 0, 240
L -723.258, 236.1716, -33.6587, -763.7444, 164.6424, -33.6501, 0, 0, 240
L -763.7444, 164.6424, -33.6501, -771.7074, 107.9638, -33.4343, 0, 0, 240
L -771.7074, 107.9638, -33.4343, -771.7196, 63.3089, -33.4324, 0, 0, 240
L -771.7196, 63.3089, -33.4324, -786.7685, 28.6883, -33.4436, 0, 0, 240
L -786.7685, 28.6883, -33.4436, -799.7063, -26.545, -33.4472, 0, 0, 240
L -799.7063, -26.545, -33.4472, -811.5969, -49.9082, -33.1599, 0, 0, 240
L -700.6851, 24.3963, -30.8415, -700.6855, 14.3369, -30.8415, 0, 0, 0
L -700.6855, 14.3369, -30.8415, -667.6847, 14.342, -30.8415, 0, 0, 0
L -667.6843, 14.3379, -30.8415, -667.6843, -17.3429, -30.8415, 0, 0, 0
L -667.6843, -17.3429, -30.8415, -689.6856, -17.3159, -30.8415, 0, 0, 0
L -689.6856, -17.3159, -30.8415, -689.6846, -96.3199, -30.8415, 0, 0, 0
L -730.332, -96.2699, -24.8415, -739.3156, -87.2399, -23.8415, 0, 0, 0
L -739.3156, -87.2399, -22.8415, -742.1263, -87.26, -22.8415, 0, 0, 0
L -744.3315, -89.2476, -20.8415, -742.1263, -87.26, -21.8413, 0, 0, 0
L -744.3378, -89.2532, -20.8415, -749.6547, -93.5044, -20.8415, 0, 0, 0
L -749.653, -95.31, -20.8415, -749.6547, -93.5044, -20.8415, 0, 0, 0
L -749.653, -95.3299, -20.8415, -752.7217, -95.28, -20.8415, 0, 0, 0
L -752.7217, -95.28, -20.8415, -752.7204, -93.3799, -20.8415, 0, 0, 0
L -760.7726, -89.3164, -20.8415, -752.7204, -93.3799, -20.8415, 0, 0, 0
L -760.7713, -89.3285, -20.8415, -761.6381, -78.9342, -20.8415, 0, 0, 0
L -761.6381, -78.9342, -20.8415, -758.7201, -78.9368, -20.8415, 0, 0, 0
L -758.7201, -78.9368, -20.8415, -758.7214, -68.9342, -20.8415, 0, 0, 0
L -758.7214, -68.9342, -20.8415, -753.6531, -68.9346, -20.8415, 0, 0, 0
L -753.6531, -68.9346, -20.8415, -753.6535, -78.9355, -20.8415, 0, 0, 0
L -753.6535, -78.9355, -20.8415, -743.9741, -78.9341, -20.8415, 0, 0, 0
L -743.9741, -78.9341, -20.8415, -740.7531, -80.5194, -21.8415, 0, 0, 0
L -740.7531, -80.5194, -22.8415, -740.7503, -61.3937, -22.8415, 0, 0, 0
L -743.9234, -63.28, -20.8415, -740.7503, -61.3937, -21.8415, 0, 0, 0
L -743.9003, -62.9941, -20.8415, -758.7214, -63.2999, -20.8415, 0, 0, 0
L -758.7214, -63.2999, -20.8415, -758.7205, -62.5747, -20.8415, 0, 0, 0
L -760.2757, -61.2199, -20.8415, -758.7205, -62.5747, -20.8415, 0, 0, 0
L -760.2757, -61.2199, -20.8415, -773.7214, -61.2999, -20.8415, 0, 0, 0
L -773.7219, -61.2999, -20.8415, -773.6893, -49.5495, -20.8415, 0, 0, 0
L -773.6893, -49.5495, -20.8415, -772.1259, -48.7126, -20.8415, 0, 0, 0
L -771.596, -46.9337, -20.8415, -772.1259, -48.7126, -20.8415, 0, 0, 0
L -771.557, -46.9343, -20.8415, -768.115, -46.9337, -20.8415, 0, 0, 0
L -768.115, -46.9337, -20.8415, -766.2182, -48.7982, -20.8415, 0, 0, 0
L -766.2182, -48.7982, -20.8415, -761.1712, -50.8175, -20.8415, 0, 0, 0
L -761.1712, -50.8175, -20.8415, -756.263, -54.9346, -20.8415, 0, 0, 0
L -756.263, -54.9346, -20.8415, -743.9538, -54.9335, -20.8415, 0, 0, 0
L -743.9538, -54.9335, -20.8415, -740.7521, -56.5232, -21.8415, 0, 0, 0
L -740.7521, -56.5232, -22.8415, -740.7531, -47.6233, -22.8415, 0, 0, 0
L -740.7531, -47.6233, -21.8415, -744.845, -49.3299, -20.8415, 0, 0, 0
L -744.845, -49.3299, -20.8415, -753.7217, -49.31, -20.8415, 0, 0, 0
L -753.7217, -49.31, -20.8415, -753.7182, -47.3725, -20.8415, 0, 0, 0
L -753.7182, -47.3725, -20.8415, -758.4605, -45.1799, -20.8415, 0, 0, 0
L -759.7217, -45.31, -20.8415, -758.4605, -45.1799, -20.8415, 0, 0, 0
L -759.7219, -45.2999, -20.8415, -759.7217, -41.9339, -20.8415, 0, 0, 0
L -759.7217, -41.9339, -20.8415, -758.3698, -41.936, -20.8415, 0, 0, 0
L -758.3698, -41.936, -20.8415, -753.721, -38.4864, -20.8415, 0, 0, 0
L -753.721, -38.4864, -20.8415, -753.7214, -35.337, -20.8415, 0, 0, 0
L -753.7214, -35.337, -20.8415, -761.7217, -35.343, -20.8415, 0, 0, 0
L -761.7217, -35.343, -20.8415, -761.7214, -27.9655, -20.8415, 0, 0, 0
L -761.7214, -27.9655, -20.8415, -745.653, -27.9658, -20.8415, 0, 0, 0
L -745.653, -27.9658, -20.8415, -745.6535, -40.664, -20.8415, 0, 0, 0
L -745.6535, -40.664, -21.8413, -741.6458, -42.1199, -21.8415, 0, 0, 0
L -741.6458, -42.1199, -22.8415, -739.9199, -40.7363, -22.8415, 0, 0, 0
L -739.9199, -40.7363, -24.8415, -733.1517, -34.798, -26.8415, 0, 0, 0
L -733.1517, -34.798, -26.8415, -731.1444, -33.7927, -26.8415, 0, 0, 0
L -731.1444, -33.7927, -27.8415, -727.3183, -29.9658, -29.8415, 0, 0, 0
L -727.331, -29.9783, -29.8415, -719.7527, -29.9604, -29.8415, 0, 0, 0
L -719.7527, -29.9604, -30.8415, -719.7526, -17.3359, -30.8415, 0, 0, 0
L -719.7526, -17.3359, -30.8415, -740.7531, -17.3429, -30.8415, 0, 0, 0
L -740.7531, -17.3429, -30.8415, -740.7527, 14.3439, -30.8415, 0, 0, 0
L -740.7527, 14.3439, -30.8415, -712.7509, 14.3399, -30.8415, 0, 0, 0
L -712.7536, 24.3967, -30.8415, -712.7509, 14.3399, -30.8415, 0, 0, 0
L -712.7527, 21.8918, -30.8415, -700.6846, 21.892, -30.8415, 240, 127, 0
L -730.332, -96.2699, -30.8415, -689.6843, -96.2999, -30.8415, 0, 0, 0
L -682.615, 90.999, -30.8415, -692.2409, 90.28, -30.8415, 0, 0, 0
L -692.2892, 89.9752, -30.8415, -702.2653, 78.26, -30.8415, 0, 0, 0
L -702.2653, 78.26, -30.8415, -713.144, 78.26, -30.8415, 0, 0, 0
L -713.144, 78.26, -30.8415, -724.6848, 90.5921, -30.8415, 0, 0, 0
L -724.6848, 90.5921, -30.8415, -724.6852, 101.3459, -30.8415, 0, 0, 0
L -724.6852, 101.3459, -30.8415, -713.1417, 113.9385, -30.8415, 0, 0, 0
L -713.1417, 113.9385, -30.8415, -702.2644, 113.9343, -30.8415, 0, 0, 0
L -702.2644, 113.9343, -30.8415, -692.2943, 101.9642, -30.8415, 0, 0, 0
L -692.2943, 101.9642, -30.8415, -682.6811, 101.9021, -30.8415, 0, 0, 0
L -688.4904, 99.3199, -29.8415, -682.6811, 101.9021, -29.8415, 0, 0, 0
L -688.4904, 99.3199, -29.8415, -694.1702, 99.15, -29.8415, 0, 0, 0
L -694.1702, 99.15, -29.8415, -704.1694, 111.14, -29.8415, 0, 0, 0
L -704.1694, 111.14, -29.8415, -711.2703, 111.28, -29.8415, 0, 0, 0
L -711.2703, 111.28, -29.8415, -721.75, 99.5952, -29.8415, 0, 0, 0
L -721.75, 99.5952, -29.8415, -721.7527, 92.3764, -29.8415, 0, 0, 0
L -721.7527, 92.3764, -29.8415, -711.2613, 80.9346, -27.7199, 0, 0, 0
L -711.2613, 80.9346, -27.7199, -704.1626, 80.9445, -29.8415, 0, 0, 0
L -704.1626, 80.9445, -29.8415, -694.1847, 92.9342, -29.8415, 0, 0, 0
L -694.1847, 92.9342, -29.8415, -688.4903, 92.9347, -29.8415, 0, 0, 0
L -688.4903, 92.9347, -29.8415, -682.615, 90.999, -29.8415, 0, 0, 0
L -575.7486, -40.9348, -21.5872, -586.3985, -40.9331, -27.696, 127, 64, 0
L -586.3985, -40.9331, -25.2428, -577.5453, -24.3866, -24.5976, 127, 64, 0
L -577.5453, -24.3866, -20.893, -563.3759, -9.2164, -13.4848, 127, 64, 0
L -563.3759, -9.2164, -11.8415, -559.384, -7.4909, -11.8415, 127, 64, 0
L -555.1576, -7.113, -11.8415, -559.384, -7.4909, -11.8415, 127, 64, 0
L -555.134, -6.9865, -11.8415, -549.8124, -1.6639, -11.8415, 127, 64, 0
L -549.8151, -9.1803, -11.8415, -549.8124, -1.6639, -11.8415, 127, 64, 0
L -549.8156, -9.1867, -11.8415, -530.1585, -12.9458, -11.8415, 127, 64, 0
L -530.1585, -12.9458, -11.8415, -527.173, -10.33, -11.8415, 127, 64, 0
L -527.173, -10.33, -11.8415, -461.5865, -10.319, -16.5239, 127, 64, 0
L -461.5865, -10.319, -16.8415, -435.3654, -22.6206, -16.8415, 127, 64, 0
L -435.3654, -22.6206, -16.8415, -469.7545, -71.5687, -16.8415, 127, 64, 0
L -469.7545, -71.5687, -16.8415, -491.3102, -44.9346, -16.8415, 127, 64, 0
L -491.3102, -44.9346, -16.8415, -505.3552, -44.9356, -16.8415, 127, 64, 0
L -505.3552, -44.9356, -16.8415, -519.6889, -22.3851, -17.9171, 127, 64, 0
L -519.6889, -22.3851, -17.9171, -550.4034, -46.9361, -22.8415, 127, 64, 0
L -560.8143, -57.3688, -19.9212, -560.8116, -73.9342, -22.2093, 127, 64, 0
L -560.8116, -73.9342, -24.8415, -573.1792, -73.936, -24.8415, 127, 64, 0
L -573.1792, -73.936, -24.8415, -575.7471, -71.3704, -25.2406, 127, 64, 0
L -575.7471, -71.3704, -25.3608, -575.7486, -40.9348, -25.361, 127, 64, 0
L -575.7471, -84.3704, -25.3607, -575.7476, -101.421, -24.8415, 127, 64, 0
L -575.7476, -101.421, -23.8415, -569.1308, -106.9351, -23.8415, 127, 64, 0
L -569.1308, -106.9351, -21.8415, -559.1218, -106.9343, -20.8415, 127, 64, 0
L -559.1218, -106.9343, -20.8415, -545.2169, -116.983, -20.8415, 127, 64, 0
L -545.2169, -116.983, -19.8415, -530.8242, -114.799, -19.8415, 127, 64, 0
L -530.793, -108.3465, -17.8415, -530.8242, -114.799, -17.8415, 127, 64, 0
L -530.8161, -108.3953, -17.8415, -528.8134, -106.352, -17.8415, 127, 64, 0
L -528.8134, -106.352, -17.8415, -528.8156, -96.2, -17.8415, 127, 64, 0
L -534.8151, -96.2999, -20.8415, -528.8156, -96.2, -20.8415, 127, 64, 0
L -534.8155, -96.2999, -20.8415, -534.8138, -89.3138, -20.8415, 127, 64, 0
L -534.8138, -89.3138, -22.8415, -550.5969, -83.14, -22.8415, 127, 64, 0
L -550.5969, -83.14, -24.8415, -573.71, -83.2199, -24.8415, 127, 64, 0
L -573.71, -83.2199, -24.8415, -575.7471, -84.3704, -24.8415, 127, 64, 0
L -519.7477, -106.3688, -17.8415, -517.1797, -108.9355, -17.8415, 127, 64, 0
L -517.1797, -108.9355, -17.8415, -503.8457, -108.9351, -15.8415, 127, 64, 0
L -503.8457, -108.9351, -15.8415, -503.8462, -89.2699, -16.8415, 127, 64, 0
L -503.8462, -89.2699, -16.8415, -519.7477, -89.14, -16.8415, 127, 64, 0
L -519.7477, -89.14, -18.8415, -519.7477, -106.3688, -17.8415, 127, 64, 0
L -491.7785, -108.3683, -15.8415, -491.7794, -89.1683, -16.8415, 127, 64, 0
L -491.7794, -89.1683, -16.8415, -469.5233, -84.9295, -16.8415, 127, 64, 0
L -469.5233, -84.9295, -16.8415, -436.3971, -115.2699, -16.8415, 127, 64, 0
L -436.3971, -115.2699, -16.8415, -395.2373, -115.2999, -16.8415, 127, 64, 0
L -395.2373, -115.2999, -16.8415, -362.8226, -85.5532, -16.8415, 127, 64, 0
L -362.8226, -85.5532, -16.8415, -362.8177, -70.262, -16.8415, 127, 64, 0
L -362.8177, -70.262, -16.8415, -397.5389, -20.8449, -16.8415, 127, 64, 0
L -397.5389, -20.8449, -16.8385, -314.8047, -54.9538, -16.7792, 127, 64, 0
L -314.8047, -54.9538, -16.7792, -293.1465, -51.384, -12.3712, 127, 64, 0
L -293.1245, -42.9162, -11.8934, -293.1465, -51.384, -11.8985, 240, 240, 0
L -293.1245, -42.9162, -12.3161, -315.1804, -40.9106, -16.3712, 127, 64, 0
L -315.1804, -40.9106, -16.8105, -366.8099, -11.6071, -16.8199, 127, 64, 0
L -366.8099, -11.6071, -16.8415, -366.8091, 5.3429, -16.8415, 127, 64, 0
L -366.8091, 5.3429, -16.8415, -461.857, 5.3399, -16.8415, 127, 64, 0
L -461.857, 5.3399, -16.6275, -505.8174, 8.3209, -12.7134, 127, 64, 0
L -505.8174, 8.3209, -12.7134, -527.2626, 8.3239, -11.8415, 127, 64, 0
L -527.2626, 8.3239, -11.8415, -531.7146, 13.9674, -11.8415, 127, 64, 0
L -530.4696, 12.3078, -11.8415, -561.2518, 12.2888, -11.8415, 240, 127, 0
L -561.2518, 12.2888, -13.3976, -575.1875, 19.7386, -19.873, 240, 127, 0
L -491.7785, -108.3683, -15.8415, -489.2092, -110.9381, -15.8415, 0, 127, 0
L -482.7778, -110.9342, -13.5786, -489.2092, -110.9381, -11.3073, 127, 64, 0
L -482.7783, -110.9341, -13.5779, -482.778, -132.7566, -16.8415, 127, 64, 0
L -482.778, -132.7566, -11.797, -476.348, -133.8788, -9.6912, 127, 64, 0
L -476.348, -133.8788, -9.6912, -462.9619, -137.9036, -5.4743, 127, 64, 0
L -462.9619, -137.9036, -4.2279, -444.6788, -137.9034, 0.1582, 127, 64, 0
L -444.6788, -137.9034, 0.1582, -306.2554, -137.9052, 0.1582, 127, 64, 0
L -304.9082, -136.7083, 0.1582, -304.9094, -123.2604, 0.1582, 127, 64, 0
L -304.9094, -123.2604, 0.1582, -279.9073, -131.2612, 0.1582, 127, 64, 0
L -279.9073, -131.2612, 0.1582, -279.9096, -122.117, 0.1582, 127, 64, 0
L -279.9096, -122.1114, 0.1582, -269.9408, -93.138, 0.1582, 127, 64, 0
L -269.9408, -93.138, 0.1582, -269.9384, -80.4675, 0.1582, 127, 64, 0
L -269.9384, -80.4675, 0.1582, -280.5674, -73.2999, 0.1582, 127, 64, 0
L -280.5674, -73.2999, -13.8933, -253.5044, -73.3599, -13.8703, 0, 0, 240
L -253.5044, -73.3599, -13.8789, -245.9403, -80.5691, -13.8834, 0, 0, 240
L -245.9403, -80.5691, -13.9518, -245.9407, -92.7172, -14.3, 0, 0, 240
L -245.9407, -92.7172, -14.3, -240.9404, -101.6924, -13.8777, 0, 0, 240
L -240.9404, -101.6924, -13.9891, -240.9404, -122.1654, -13.8795, 0, 0, 240
L -240.9404, -122.1654, -13.9463, -244.9341, -130.1519, -13.8725, 0, 0, 240
L -244.9341, -130.1519, -13.8725, -244.9226, -136.5545, -13.8778, 0, 0, 240
L -244.9226, -136.5545, -13.8778, -241.1799, -140.2982, -13.8772, 0, 0, 240
L -232.9404, -150.5988, -13.9886, -241.1799, -140.2982, -14.83, 0, 0, 240
L -232.9404, -150.5988, -14.178, -232.9403, -156.1579, -13.9908, 0, 0, 240
L -232.9403, -156.1579, -14.2096, -235.9411, -174.2839, -13.878, 0, 0, 240
L -235.9411, -174.2839, -13.878, -235.9404, -239.5925, -11.3573, 0, 0, 240
L -235.9404, -239.5925, -11.3573, -216.1731, -271.2103, -14.6799, 0, 0, 240
L -216.1731, -271.2103, -14.6799, -152.7975, -306.8219, -13.9017, 0, 0, 240
L -152.7975, -306.8219, -13.9017, -90.8983, -287.8419, -13.9777, 0, 0, 240
L -90.8983, -287.8419, -13.8788, -79.73, -293.7758, -13.8712, 0, 0, 240
L -79.73, -293.7758, -13.8712, -63.3138, -284.9651, -13.8811, 0, 0, 240
L -63.3138, -284.9651, -13.8713, -47.3352, -280.9716, -13.8689, 0, 0, 240
L -47.3352, -280.9716, -13.8689, 50.4183, -226.1046, -13.8764, 0, 0, 240
L 50.4183, -226.1046, -13.8764, 84.1008, -196.3463, -13.8673, 0, 0, 240
L 84.1008, -196.3463, -13.8673, 87.5019, -182.6149, -14.807, 0, 0, 240
L 87.5019, -182.6149, -14.1526, 96.2335, -164.2485, -13.8841, 0, 0, 240
L 96.2335, -164.2485, -13.8835, 120.581, -150.2719, -13.8811, 0, 0, 240
L 120.581, -150.2719, -13.8963, 148.3043, -144.7259, -13.8828, 0, 0, 240
L 148.3043, -144.7259, -13.8828, 171.9718, -99.692, -13.8704, 0, 0, 240
L 171.9718, -99.692, -13.8704, 171.9671, -87.286, -11.3298, 0, 0, 240
L 171.9671, -87.286, -11.3298, 160.262, -71.677, -13.8773, 0, 0, 240
L 160.262, -71.677, -14.1679, 137.1999, -31.6441, -14.5999, 0, 0, 240
L 137.1999, -31.6441, -14.5999, 89.4547, 9.1706, -13.8956, 0, 0, 240
L 89.4547, 9.1706, -13.8956, 9.7881, 50.9894, -13.916, 0, 0, 240
L 9.7881, 50.9894, -13.916, -7.8388, 50.9887, -13.8697, 0, 0, 240
L -7.8388, 50.9887, -13.8697, -52.7098, 32.585, -11.3247, 0, 0, 240
L -52.7098, 32.585, -14.4769, -102.4308, 26.8829, -13.5114, 0, 0, 240
L -102.4308, 26.8829, -13.5114, -131.2367, -12.6661, -13.8739, 0, 0, 240
L -131.2367, -12.6661, -14.368, -156.3315, -36.7563, -14.1051, 0, 0, 240
L -156.3315, -36.7563, -12.15, -184.2151, -54.6843, -13.8733, 0, 0, 240
L -184.2151, -54.6843, -13.8733, -213.1414, -112.5991, -14.243, 0, 0, 240
L -213.1414, -112.5991, -14.403, -227.854, -123.9076, -13.8788, 0, 0, 240
L -227.854, -123.9076, -14.846, -227.8927, -102.292, -11.2051, 0, 0, 240
L -227.8927, -102.292, -11.2051, -232.7324, -96.4788, -14.5399, 0, 0, 240
L -232.7324, -96.4788, -13.8803, -242.6903, -74.6359, -13.8681, 0, 0, 240
L -242.6903, -74.6359, -13.8681, -272.5052, -55.5549, -13.943, 0, 0, 240
L -272.5052, -55.5549, -14.1128, -281.9116, -32.155, -14.9109, 0, 0, 240
L -281.9116, -32.155, -14.759, -273.92, -8.1917, -13.8735, 0, 0, 240
L -273.92, -8.1917, -13.8735, -291.6055, 18.3556, -13.8948, 0, 0, 240
L -291.6055, 18.3556, -13.8948, -299.4692, 25.2342, -13.9268, 0, 0, 240
L -299.4692, 25.2342, -13.9268, -324.8408, 41.4358, -13.881, 0, 0, 240
L -324.8408, 41.4358, -13.8773, -324.841, 66.1684, -13.8902, 0, 0, 240
L -324.841, 66.1684, -13.8902, -346.9494, 70.9967, -13.9807, 0, 0, 240
L -346.9494, 70.9967, -13.9807, -398.2937, 71.37, -13.8765, 0, 0, 240
L -398.2937, 71.37, -13.9482, -418.8543, 95.625, -13.8916, 0, 0, 240
L -418.8543, 95.625, -13.8916, -446.7783, 124.5476, -13.9067, 0, 0, 240
L -446.7783, 124.5476, -13.9322, -446.7796, 184.2264, -11.3049, 0, 0, 240
L -446.7796, 184.2264, -13.9071, -415.9069, 231.478, -13.8717, 0, 0, 240
L -415.9069, 231.478, -13.8717, -448.8086, 332.8111, -13.929, 0, 0, 240
L -448.8086, 332.8111, -13.8689, -437.7778, 389.9368, -13.8719, 0, 0, 240
L -437.7778, 389.9368, -13.8719, -437.7821, 423.6322, -13.9845, 0, 0, 240
L -437.7821, 423.6322, -13.9845, -448.778, 446.5928, -13.9624, 0, 0, 240
L -448.778, 446.5928, -13.8762, -448.797, 524.3917, -13.8725, 0, 0, 240
L -448.797, 524.3917, -13.8725, -486.1596, 560.7707, -13.8703, 0, 0, 240
L -486.1596, 560.7707, -13.8703, -517.2617, 560.8215, -14.7799, 0, 0, 240
L -517.2617, 560.8215, -13.8698, -537.24, 586.763, -13.8696, 0, 0, 240
L -537.24, 586.763, -13.8696, -592.2327, 586.7634, -13.8983, 0, 0, 240
L -592.2327, 586.7634, -13.8983, -633.7276, 521.5897, -13.9905, 0, 0, 240
L -633.7276, 521.5897, -13.9905, -617.8259, 438.1225, -13.8895, 0, 0, 240
L -617.8259, 438.1225, -13.8895, -593.8125, 390.1288, -13.8811, 0, 0, 240
L -593.8125, 390.1288, -12.4552, -585.7355, 332.6041, -13.8773, 0, 0, 240
L -585.7355, 332.6041, -13.8697, -615.7019, 295.1716, -12.9978, 0, 0, 240
L -615.7019, 295.1716, -14.3499, -628.1852, 286.887, -12.6111, 0, 0, 240
L -628.1852, 286.887, -13.8916, -659.7187, 273.1911, -37.1096, 0, 0, 240
L -657.7839, 163.9713, -28.9802, -657.7834, 211.7067, -3.9209, 127, 64, 0
L -657.7839, 163.9713, -30.8393, -715.6974, 163.9705, -30.8127, 127, 64, 0
L -613.7155, 125.9034, -30.8415, -613.7165, 164.8143, -30.6656, 127, 64, 0
L -613.7165, 164.8143, -30.6656, -613.7391, 219.8699, -0.782, 127, 64, 0
L -657.7848, 208.2538, -5.889, -657.8622, 229.9176, 3.8081, 240, 127, 0
L -658.1055, 216.5476, -1.1559, -658.8872, 165.2864, 0.1143, 240, 127, 0
L -658.8872, 165.2864, 0.1143, -715.6974, 163.9705, -30.8122, 240, 127, 0
L -493.4295, 123.9715, 26.1994, -479.778, 95.7432, 36.335, 127, 64, 0
L -479.778, 95.7432, 36.335, -530.99, 66.4527, -0.6246, 240, 127, 0
L -610.3813, 163.9726, -17.8095, -546.5981, 163.9721, -17.81, 127, 64, 0
L -545.1662, 163.8661, 19.3673, -530.2504, 144.9729, 32.9549, 127, 64, 0
L -530.2504, 144.9729, 31.6761, -504.3901, 144.9585, 50.2959, 127, 64, 0
L -504.3901, 144.9585, 50.2959, -493.3976, 123.9715, 58.6409, 127, 64, 0
L -528.8155, 144.9719, 30.9678, -528.8138, 123.9715, 30.968, 127, 64, 0
L -628.296, 262.935, 13.1592, -583.5759, 262.9375, 13.1582, 127, 64, 0
L -572.3011, 268.586, 5.3483, -583.5759, 262.9375, 12.5, 127, 64, 0
L -572.3011, 268.586, 0.1582, -505.3192, 317.317, 0.1582, 127, 64, 0
L -628.3038, 262.9259, 13.1592, -637.2545, 251.9501, 9.4619, 127, 64, 0
L -637.2545, 251.9501, 7.4199, -660.22, 251.9353, 1.3357, 127, 64, 0
L -660.22, 251.9353, -0.509, -723.3247, 211.1468, -30.6, 240, 127, 0
L -613.7391, 219.8699, 0.1582, -571.8143, 219.8746, 0.1582, 127, 64, 0
L -571.8143, 219.8746, 1.1609, -571.815, 203.6201, 9.1677, 127, 64, 0
L -571.8151, 203.6102, 9.1676, -502.8462, 178.6166, 8.7631, 127, 64, 0
L -502.8469, 165.903, 0.1582, -502.8462, 178.6166, 0.1582, 127, 64, 0
L -502.8204, 165.9034, 0.1582, -491.8518, 165.9045, 0.1582, 127, 64, 0
L -491.8518, 165.9045, -0.5108, -491.8346, 146.2125, -0.5201, 127, 64, 0
L -491.8346, 146.2125, -0.5201, -477.8444, 125.2279, -8.6791, 127, 64, 0
L -477.8471, 183.705, -13.8744, -477.8444, 125.3729, -14.128, 0, 0, 240
L -477.8444, 125.3729, -14.128, -417.326, 72.7968, -13.8689, 0, 0, 240
L -417.326, 72.7968, -13.8689, -388.5817, 58.9343, -13.8747, 0, 0, 240
L -388.5817, 58.9343, -13.8747, -346.4109, 58.9341, -13.8834, 0, 0, 240
L -346.4109, 58.9341, -14.5649, -341.9089, 53.307, -14.5359, 0, 0, 240
L -342.786, 54.4033, -14.5359, -344.8473, 56.9804, -13.884, 0, 0, 240
L -341.9089, 53.307, -13.8895, -341.9094, 37.4153, -13.8765, 0, 0, 240
L -341.9094, 37.4153, -13.8765, -323.413, 19.9663, -13.8658, 0, 0, 240
L -323.413, 19.9663, -13.8658, -304.2875, 19.9653, -13.8766, 0, 0, 240
L -304.2875, 19.9653, -13.9878, -288.7384, -10.374, -13.8915, 0, 0, 240
L -293.2563, -42.9245, -11.9228, -288.7384, -10.374, -14.1264, 0, 0, 240
L -293.1458, -51.356, -11.8984, -280.2782, -73.2999, -13.9517, 0, 0, 240
L -339.4968, 32.7483, -13.9253, -336.6689, 35.5305, -14.9, 240, 240, 240
L -336.6689, 35.5305, -14.9, -331.3057, 30.5027, -13.9024, 240, 240, 240
L -331.3057, 30.5027, -13.9024, -334.2873, 27.6368, -11.7059, 240, 240, 240
L -339.4968, 32.7483, 0.1582, -334.2873, 27.6368, 0.1582, 240, 240, 240
L -477.8469, 183.7055, -13.9093, -453.7744, 230.812, -11.1888, 0, 0, 240
L -453.7744, 230.812, -13.9604, -484.8682, 333.8039, -14.1457, 0, 0, 240
L -465.6811, 264.5502, -14.1457, -462.3038, 265.6895, -15.5966, 240, 240, 240
L -462.3038, 265.6895, -15.5966, -464.7225, 272.1884, -15.5876, 240, 240, 240
L -464.7225, 272.1884, -15.5876, -467.9275, 271.1709, 0.1582, 240, 240, 240
L -467.9275, 271.1709, 0.1582, -465.6811, 264.5502, 0.1582, 240, 240, 240
L -484.8682, 333.8039, -13.8597, -497.8466, 389.9503, -14.643, 0, 0, 240
L -497.8466, 389.9503, -14.643, -497.8426, 437.3097, -11.282, 0, 0, 240
L -497.8426, 437.3097, -11.282, -484.8466, 446.3063, -14.457, 0, 0, 240
L -484.8466, 446.3063, -13.9852, -484.846, 525.4604, -13.8361, 0, 0, 240
L -484.846, 525.4604, -10.9047, -510.3521, 534.6526, -13.8718, 0, 0, 240
L -510.3521, 534.6526, -13.8718, -554.9411, 563.2849, -13.8528, 0, 0, 240
L -554.9411, 563.2849, -13.8575, -593.716, 522.1671, -13.9855, 0, 0, 240
L -593.716, 522.1671, -13.8758, -593.7163, 437.6168, -13.8619, 0, 0, 240
L -593.7163, 437.6168, -13.8155, -573.7604, 389.6804, -11.5721, 0, 0, 240
L -573.7604, 389.6804, -11.5721, -573.7559, 333.7629, -14.999, 0, 0, 240
L -573.7559, 333.7629, -14.999, -601.3487, 275.8575, -13.8491, 0, 0, 240
L -601.3487, 275.8575, -13.8491, -616.1099, 275.8339, -13.894, 0, 0, 240
L -616.1099, 275.8339, -13.8881, -629.2499, 264.7508, -13.8518, 0, 0, 240
L -629.2499, 264.7508, -13.8518, -659.7535, 253.5518, -13.8765, 0, 0, 240
L -570.2666, 368.8759, -13.8785, -575.5339, 368.1191, -14.63, 240, 240, 240
L -575.5339, 368.1191, -14.63, -575.5574, 375.2719, -13.9024, 240, 240, 240
L -575.5574, 375.2719, -13.9024, -570.2848, 375.2432, 0.1582, 240, 240, 240
L -570.2848, 375.2432, 0.1582, -570.2666, 368.8759, 0.1582, 240, 240, 240
L -572.1393, 333.8414, 0.1582, -525.6458, 333.8417, 0.1582, 127, 64, 0
L -525.6458, 333.8417, 0.278, -571.8156, 302.771, 3.4142, 127, 64, 0
L -571.7164, 301.144, 8.3459, -527.9628, 333.4556, 0.1582, 240, 127, 0
L -571.8156, 254.872, 0.1582, -571.8016, 268.4277, 0.1582, 127, 64, 0
L -571.8156, 254.8718, 0.1582, -545.293, 254.953, 0.1582, 127, 64, 0
L -571.8152, 237.9412, 0.1582, -546.6426, 237.9393, 0.1582, 127, 64, 0
L -571.8156, 237.9405, 0.1582, -571.8138, 229.9372, 0.1582, 127, 64, 0
L -571.8138, 229.9372, 0.1582, -583.4754, 229.9405, 0.1582, 127, 64, 0
L -477.4961, -177.1354, -10.6705, -489.7785, -167.8024, -14.3879, 0, 64, 0
L -489.7785, -167.8024, -15.8918, -503.9676, -173.9883, -19.832, 0, 64, 0
L -503.9676, -173.9883, -20.538, -500.8437, -189.497, -19.7935, 0, 64, 0
L -500.8437, -189.497, -18.7684, -482.5609, -190.3951, -13.814, 0, 64, 0
L -477.4961, -177.1354, -10.6326, -482.5609, -190.3951, -11.6852, 0, 64, 0
L -416.7862, -267.3824, 0.1583, -436.4211, -252.3411, 0.1582, 0, 0, 0
L -416.7862, -267.3824, -1.8441, -403.3025, -247.4389, -1.8415, 0, 0, 0
L -426.4542, -231.3097, -1.8441, -436.4211, -252.3411, -1.8434, 0, 0, 0
L -403.3025, -247.4389, 0.1582, -426.4542, -231.3097, 0.1582, 0, 0, 0
L -426.4594, -259.9723, 17.9005, -414.7479, -239.2655, 18.739, 0, 0, 0
L -399.8774, -222.8719, 0.1582, -430.7782, -222.872, 0.1582, 0, 0, 0
L -430.7782, -222.872, 0.1582, -430.7794, -186.9715, 0.1582, 0, 0, 0
L -430.7794, -186.9715, 0.1582, -399.8777, -186.9688, 0.1582, 0, 0, 0
L -399.8777, -186.9688, 0.1582, -399.8774, -222.8719, 0.1582, 0, 0, 0
L -399.8777, -204.5285, 20.1582, -430.7789, -204.5781, 20.1582, 0, 0, 0
L -383.8774, -249.9401, 0.1582, -383.8781, -270.9406, 0.2592, 0, 0, 0
L -383.8781, -270.9406, 0.2592, -361.8093, -270.9404, 0.1582, 0, 0, 0
L -361.8093, -270.9404, 0.1582, -361.8102, -249.9415, 0.1582, 0, 0, 0
L -357.8777, -249.9387, 0.1582, -361.8102, -249.9415, 0.1582, 0, 0, 0
L -357.8777, -249.9387, 0.1582, -357.8767, -274.8414, 0.1582, 0, 0, 0
L -357.8767, -274.8414, 0.1582, -387.8102, -274.8417, 0.1582, 0, 0, 0
L -387.8102, -274.8417, 0.1582, -387.8102, -249.9401, 0.1582, 0, 0, 0
L -383.8774, -249.9401, 0.1582, -387.8102, -249.9401, 0.1582, 0, 0, 0
L -340.8399, -234.939, 0.1582, -340.8423, -238.8726, 0.1582, 0, 0, 0
L -340.8423, -238.8726, 0.1582, -311.913, -238.8728, 0.1582, 0, 0, 0
L -311.913, -238.8728, 3.3422, -311.9073, -206.9402, 0.1582, 0, 0, 0
L -311.9073, -206.9402, 0.1582, -340.8423, -206.9375, 0.1582, 0, 0, 0
L -340.8423, -206.9375, 0.1582, -340.841, -210.8725, 0.1582, 0, 0, 0
L -340.841, -210.8725, 0.1582, -315.8407, -210.872, 0.3381, 0, 0, 0
L -315.8407, -210.8717, 0.3379, -315.8407, -234.9404, 0.3379, 0, 0, 0
L -315.8407, -234.9404, 0.3379, -340.8399, -234.939, 0.1582, 0, 0, 0
L -303.5244, -180.9024, 0.1582, -303.4778, -157.9713, 0.159, 0, 0, 0
L -303.4778, -157.9713, 0.1582, -327.2078, -157.9713, 0.1582, 0, 0, 0
L -327.2078, -157.9713, 0.1582, -327.2373, -180.9034, 0.1582, 0, 0, 0
L -327.2373, -180.9034, 0.1582, -303.5244, -180.9024, 0.1575, 0, 0, 0
L -314.5853, -180.9028, 12.1582, -314.5699, -157.9713, 12.1582, 0, 0, 0
L -337.9087, -173.9034, 0.1582, -365.8095, -173.9033, 0.1582, 0, 0, 0
L -365.8095, -173.9033, 0.1582, -365.8095, -145.9713, 0.1582, 0, 0, 0
L -365.8095, -145.9713, 0.1582, -337.9089, -145.9713, 0.1582, 0, 0, 0
L -337.9089, -145.9713, 0.1582, -337.9087, -173.9034, 0.1582, 0, 0, 0
L -424.4974, -170.3572, 0.1583, -436.48, -154.6107, 0.1582, 0, 64, 0
L -436.48, -154.6107, 0.1582, -428.276, -142.413, 0.159, 0, 64, 0
L -428.276, -142.413, 0.1582, -413.285, -148.4418, 0.1582, 0, 64, 0
L -413.285, -148.4418, 0.1582, -413.2336, -151.687, 0.16, 0, 64, 0
L -413.2336, -151.687, 0.16, -410.5679, -165.4814, 0.1582, 0, 64, 0
L -410.5679, -165.4814, 0.159, -424.4974, -170.3572, 0.1582, 0, 64, 0
L -375.8079, -192.9518, 0.1606, -381.8106, -199.2511, 0.1582, 127, 0, 0
L -381.8106, -199.2511, 0.1582, -381.81, -204.9243, 0.1582, 127, 0, 0
L -381.81, -204.9243, 0.1582, -377.5932, -215.6896, 0.1582, 127, 0, 0
L -377.5932, -215.6896, 0.1582, -366.8451, -218.9146, 0.1582, 127, 0, 0
L -351.8899, -197.9712, 0.1582, -357.8822, -192.9523, 0.1582, 127, 0, 0
L -357.8822, -192.9523, 0.1582, -363.6528, -191.9889, 0.1582, 127, 0, 0
L -363.6528, -191.9889, 0.1582, -369.8673, -191.9633, 0.1582, 127, 0, 0
L -369.8673, -191.9633, 0.1582, -375.8079, -192.9518, 0.1582, 127, 0, 0
L -366.8451, -218.9146, 0.1582, -356.1175, -215.6966, 0.1582, 127, 0, 0
L -356.1175, -215.6966, 0.1582, -351.8532, -205.324, 0.1582, 127, 0, 0
L -351.8532, -205.324, 0.1582, -351.8899, -197.9712, 0.1582, 127, 0, 0
L -382.8088, -151.5379, -2.8777, -382.8088, -149.2298, -2.8883, 0, 0, 240
L -382.8088, -149.2298, -2.8883, -384.3604, -146.9028, -2.8788, 0, 0, 240
L -384.3604, -146.9028, -2.8788, -397.3331, -146.9124, -2.8809, 0, 0, 240
L -397.3331, -146.9124, -2.8809, -398.8786, -149.2316, -2.8767, 0, 0, 240
L -398.8786, -149.2316, -2.8767, -398.8786, -151.5373, -2.882, 0, 0, 240
L -398.8786, -151.5373, -2.882, -397.4438, -152.9721, -2.9472, 0, 0, 240
L -397.4438, -152.9721, -2.9472, -384.2434, -152.9721, -2.8793, 0, 0, 240
L -384.2434, -152.9721, -2.8793, -382.8088, -151.5355, -2.879, 0, 0, 240
L -382.8088, -151.5355, -2.879, -382.8088, -149.2298, -2.8774, 0, 0, 240
L -342.9075, -286.9069, 0.1582, -369.43, -286.9082, 0.1582, 0, 0, 0
L -369.43, -286.9082, 0.1582, -384.3971, -292.4279, 0.1582, 0, 0, 0
L -384.3971, -292.4279, 0.1582, -395.3217, -304.636, 0.1582, 0, 0, 0
L -395.3217, -304.636, 0.1582, -397.8496, -317.5314, 0.1582, 0, 0, 0
L -397.8496, -317.5314, 0.1582, -395.935, -335.3761, 0.1582, 0, 0, 0
L -395.935, -335.3761, 0.1582, -413.1195, -344.9091, 0.1582, 0, 0, 0
L -413.1195, -344.9091, 0.1582, -417.4076, -344.9055, 0.1582, 0, 0, 0
L -417.4076, -344.9055, 0.1582, -415.4408, -348.8407, 0.1582, 0, 0, 0
L -415.4408, -348.8407, 0.1582, -412.5747, -348.8412, 0.1582, 0, 0, 0
L -412.5747, -348.8412, 0.1582, -391.7814, -336.3647, 0.1582, 0, 0, 0
L -391.7814, -336.3647, 0.1582, -393.8774, -323.8018, 0.1582, 0, 0, 0
L -393.8774, -323.8018, 0.1582, -393.8786, -316.9651, 0.1582, 0, 0, 0
L -393.8786, -316.9651, 0.1582, -391.9293, -305.3045, 0.1582, 0, 0, 0
L -391.9293, -305.3045, 0.1582, -382.2391, -294.6845, 0.1582, 0, 0, 0
L -382.2866, -294.701, 0.1582, -368.6555, -289.8403, 0.1582, 0, 0, 0
L -368.6555, -289.8403, 0.1582, -361.9608, -289.8401, 0.1582, 0, 0, 0
L -344.5724, -293.9384, 0.1582, -361.9644, -289.8401, 0.1582, 0, 0, 0
L -344.5724, -293.9384, 0.1582, -342.9094, -292.2762, 0.1582, 0, 0, 0
L -342.9094, -292.2762, 0.1582, -342.9075, -286.9069, 0.1582, 0, 0, 0
L -336.1702, -301.8052, 0.1582, -330.9087, -303.1191, 0.1582, 0, 0, 0
L -330.9087, -303.1191, 0.1582, -330.9089, -323.9726, 0.1582, 0, 0, 0
L -330.9089, -323.9726, 0.1582, -332.7767, -335.1775, 0.1582, 0, 0, 0
L -332.7767, -335.1775, 0.1582, -323.7108, -337.9094, 0.1582, 0, 0, 0
L -323.7108, -337.9094, 0.1582, -319.3104, -337.9076, 0.1582, 0, 0, 0
L -319.3104, -337.9076, 0.1582, -321.278, -341.8416, 0.1582, 0, 0, 0
L -321.278, -341.8416, 0.1582, -324.3779, -341.8412, 0.1582, 0, 0, 0
L -324.3779, -341.8412, 0.1582, -337.153, -337.5133, 0.1582, 0, 0, 0
L -337.153, -337.5133, 0.1582, -333.8423, -323.7748, 0.1582, 0, 0, 0
L -333.8423, -323.7748, 0.1582, -333.8462, -317.11, 0.1582, 0, 0, 0
L -333.8462, -317.11, 0.1582, -337.9701, -303.6025, 0.1582, 0, 0, 0
L -337.9701, -303.6025, 0.1582, -336.1702, -301.8052, 0.1582, 0, 0, 0
L -361.9279, -349.9073, 0.1582, -346.7443, -346.8632, 0.1582, 0, 0, 0
L -346.7443, -346.8632, 0.1582, -323.6707, -357.8713, 0.1582, 0, 0, 0
L -323.6707, -357.8713, 0.1582, -321.278, -357.8772, 0.1582, 0, 0, 0
L -321.278, -357.8772, 0.1582, -319.3113, -361.8075, 0.1582, 0, 0, 0
L -319.3113, -361.8075, 0.1592, -324.7959, -361.8109, 0.1582, 0, 0, 0
L -324.7959, -361.8109, 0.1582, -348.4769, -350.8747, 0.1582, 0, 0, 0
L -348.4769, -350.8747, 0.1582, -357.2259, -352.8091, 0.1582, 0, 0, 0
L -357.2259, -352.8091, 0.1582, -368.891, -352.8102, 0.1582, 0, 0, 0
L -368.891, -352.8102, 0.1582, -383.6603, -350.8865, 0.1582, 0, 0, 0
L -383.6603, -350.8865, 0.1582, -412.5812, -367.8115, 0.1582, 0, 0, 0
L -412.5812, -367.8115, 0.1582, -417.4057, -367.8093, 0.1582, 0, 0, 0
L -417.4057, -367.8093, 0.1582, -415.442, -363.8763, 0.1582, 0, 0, 0
L -413.1263, -363.8781, 0.1582, -415.442, -363.8763, 0.1582, 0, 0, 0
L -413.661, -363.8557, 0.1582, -384.1469, -346.8552, 0.1582, 0, 0, 0
L -384.1469, -346.8552, 0.1582, -368.7456, -349.9091, 0.1582, 0, 0, 0
L -368.7393, -349.9096, 0.1582, -361.935, -349.9089, 0.1582, 0, 0, 0
L -261.9402, -240.8718, 0.1582, -261.9395, -277.8414, 0.1582, 127, 64, 0
L -261.9395, -277.8414, 0.1582, -285.6501, -277.8421, 0.1582, 127, 64, 0
L -285.6501, -277.8421, 0.1582, -304.8419, -287.4415, 0.1582, 127, 64, 0
L -304.8419, -287.4415, 0.1582, -304.841, -249.9388, 0.1582, 127, 64, 0
L -304.841, -249.9388, 0.1582, -286.8405, -249.9404, 0.1582, 127, 64, 0
L -286.8407, -249.9404, 0.1582, -286.8423, -165.7032, 0.1582, 127, 64, 0
L -286.8423, -165.7032, 0.1582, -271.4956, -135.9712, 0.1582, 127, 64, 0
L -271.4956, -135.9712, 0.1582, -244.9238, -135.9696, 0.1582, 127, 64, 0
L -618.4957, 222.75, 1.1374, -629.5879, 229.9309, 3.616, 240, 127, 0
L -629.5879, 229.9309, 3.616, -640.9651, 230.502, 3.6503, 240, 127, 0
L -493.2479, 206.3759, 2.1802, -480.4399, 208.4139, 0.1591, 0, 64, 0
L -480.4399, 208.4139, 0.1591, -476.624, 208.2401, 0.1582, 0, 64, 0
L -476.624, 208.2401, 0.1582, -470.7038, 222.9097, 0.1582, 0, 64, 0
L -470.7038, 222.9097, 0.1582, -482.6985, 231.2246, 0.1582, 0, 64, 0
L -482.6985, 231.2246, 0.1593, -498.4547, 219.2442, 0.1582, 0, 64, 0
L -493.2479, 206.3759, 1.5436, -498.4547, 219.2442, 0.5371, 0, 64, 0
L -486.7774, 471.9519, 0.1582, -486.7778, 524.3673, 0.1582, 240, 240, 240
L -486.7778, 524.3673, 2.1581, -446.8471, 524.4085, 2.1581, 240, 240, 240
L -446.8471, 524.4085, 0.1583, -446.8453, 471.8901, 0.1582, 240, 240, 240
L -446.8453, 471.8901, 0.1582, -486.7774, 471.9519, 0.1583, 240, 240, 240
L -534.1059, 586.7826, 0.1582, -486.1897, 586.7729, 0.1582, 0, 0, 0
L -486.1897, 586.7729, 0.1582, -422.5437, 524.1154, 0.1582, 0, 0, 0
L -422.5437, 524.1154, 0.1582, -321.9098, 415.3602, 0.1582, 0, 0, 0
L -321.9098, 415.3602, 0.1582, -321.9048, 462.5538, 0.1582, 0, 0, 0
L -319.8188, 433.269, 0.1592, -313.9091, 425.6308, 0.1583, 0, 64, 0
L -313.9091, 425.6308, 0.1583, -312.932, 422.4404, 0.1593, 0, 64, 0
L -312.932, 422.4404, 0.1565, -296.273, 423.3383, 0.1577, 0, 64, 0
L -296.273, 423.3383, 0.1582, -294.1689, 438.2873, 0.1582, 0, 64, 0
L -294.1689, 438.2873, 0.1586, -311.8679, 446.9252, 0.1592, 0, 64, 0
L -311.8679, 446.9252, 0.1583, -320.3401, 438.6933, 0.1582, 0, 64, 0
L -320.3401, 438.6933, 0.1582, -319.8188, 433.269, 0.1582, 0, 64, 0
L -223.7532, 331.588, 0.1583, -235.3503, 344.8215, 0.1582, 0, 64, 0
L -235.3503, 344.8215, 0.1591, -225.762, 356.4569, 0.1582, 0, 64, 0
L -225.762, 356.4569, 0.1592, -207.6657, 348.55, 0.1582, 0, 64, 0
L -220.6174, 330.5335, 0.1582, -85.23, 426.1669, 0.1582, 127, 64, 0
L -85.23, 426.1669, 2.2997, -85.31, 308.7278, 22.4272, 127, 64, 0
L -85.31, 308.8407, 22.4272, 8.3126, 308.8417, 11.9695, 127, 64, 0
L 8.3126, 308.8417, 9.8978, 38.9673, 289.4051, 0.4617, 127, 64, 0
L 38.9673, 289.4051, 0.1582, 38.9688, 117.4787, 0.1582, 127, 64, 0
L 38.9688, 117.4787, 0.1582, -35.6734, 57.2, 0.1582, 127, 64, 0
L -35.6734, 57.2, 0.1582, -299.8426, 57.2, 0.1886, 127, 64, 0
L -299.8426, 57.2, 13.8193, -299.8426, 231.3129, 13.1074, 127, 64, 0
L -299.8426, 231.3129, 13.1586, -219.7369, 309.3883, 12.8712, 127, 64, 0
L -207.6657, 348.55, 0.1592, -208.2296, 339.2542, 0.1592, 0, 64, 0
L -223.7532, 331.588, 0.1582, -218.2067, 332.2475, 0.1563, 0, 64, 0
L -220.6174, 330.5335, 0.1582, -323.8607, 231.2994, 0.1582, 127, 64, 0
L -323.8607, 231.2994, 0.1582, -324.8786, 66.1769, 0.1582, 127, 64, 0
L -174.7427, 20.1029, 1.331, -127.7189, 25.2501, 1.186, 127, 64, 0
L -174.741, 19.9664, 9.1143, -290.2599, 19.9664, 23.9004, 127, 64, 0
L -290.4216, 19.9661, 23.9532, -295.6653, 24.1803, 24.385, 240, 127, 0
L -295.6653, 24.1803, 15.1582, -323.1521, 41.7674, 15.1582, 240, 127, 0
L -323.1521, 41.7674, 15.1582, -323.1802, 231.9523, 0.1582, 240, 127, 0
L -219.7369, 308.8407, 18.545, -97.1195, 308.6274, 45.8402, 127, 64, 0
L -95.5296, 307.5219, 48.2561, -219.9869, 307.4413, 48.2845, 240, 127, 0
L -219.9869, 307.4413, 48.2845, -298.3303, 230.7081, 45.3344, 240, 127, 0
L -298.3303, 230.7081, 45.3344, -298.3023, 59.335, 44.3513, 240, 127, 0
L -298.3023, 59.335, 44.3513, -36.8787, 59.2995, 48.13, 240, 127, 0
L -36.8787, 59.2995, 48.13, 35.6039, 117.8842, 48.2693, 240, 127, 0
L 35.6039, 117.8842, 48.2693, 35.5833, 288.5101, 48.6505, 240, 127, 0
L 35.5833, 288.5101, 48.6505, 6.2801, 306.555, 48.5812, 240, 127, 0
L 6.2801, 306.555, 48.5812, -85.31, 308.7278, 47.7244, 240, 127, 0
L -373.7284, 313.5919, 0.1582, -359.8145, 297.3093, 0.1582, 0, 64, 0
L -359.8145, 297.3093, 0.1583, -373.7259, 279.269, 0.1582, 0, 64, 0
L -373.7259, 279.269, 0.1582, -378.3575, 280.862, 0.1582, 0, 64, 0
L -378.3575, 280.862, 0.1582, -399.5267, 280.2366, 0.1587, 0, 64, 0
L -399.5267, 280.2366, 0.1582, -399.5149, 303.7157, 0.1582, 0, 64, 0
L -399.5149, 303.7157, 0.1582, -373.7284, 313.5919, 0.1582, 0, 64, 0
L -373.8063, 52.2599, 0.1582, -373.8091, 79.9338, 0.1582, 240, 240, 240
L -373.8091, 79.9338, 0.1585, -345.9101, 79.9351, 0.1582, 240, 240, 240
L -345.9101, 79.9351, 0.1583, -345.9005, 52.1099, 0.1582, 240, 240, 240
L -345.9005, 52.1099, 0.1582, -373.8063, 52.2599, 0.1582, 240, 240, 240
L 77.9437, 388.8106, 0.1582, 85.8803, 388.8093, 0.1582, 0, 0, 0
L 85.8803, 388.8093, 0.1582, 88.9453, 335.7631, 0.1582, 0, 0, 0
L 88.9453, 335.7631, 0.1582, 74.9338, 288.7149, 0.1582, 0, 0, 0
L 74.9338, 288.7149, 0.1582, 74.9342, 137.2031, 0.1582, 0, 0, 0
L 74.9342, 137.2031, 0.1582, 116.766, 58.5459, 0.1582, 0, 0, 0
L 116.766, 58.5459, 0.1582, 168.6868, 10.6227, 0.1582, 0, 0, 0
L 168.6868, 10.6227, 0.1582, 188.9036, -20.7122, 0.1582, 0, 0, 0
L 188.9036, -20.7122, 0.1582, 188.9079, -71.933, 0.1582, 0, 0, 0
L 188.9079, -71.933, 0.1582, 180.972, -71.9385, 0.1582, 0, 0, 0
L 180.972, -71.9385, 0.1582, 180.9517, -21.2924, 0.1582, 0, 0, 0
L 180.9517, -21.2924, 0.1582, 158.2066, 9.3636, 0.1582, 0, 0, 0
L 158.2066, 9.3636, 0.1582, 108.1791, 57.3838, 0.1582, 0, 0, 0
L 108.1791, 57.3838, 0.1582, 68.2699, 136.7042, 0.1582, 0, 0, 0
L 68.2699, 136.7042, 0.1592, 68.26, 289.56, 0.1582, 0, 0, 0
L 68.26, 289.56, 0.1582, 80.9953, 335.9927, 0.1582, 0, 0, 0
L 80.9953, 335.9927, 0.1582, 77.9437, 388.8106, 0.1582, 0, 0, 0
L 180.9718, -99.3405, 0.1582, 180.9711, -144.2691, 0.1582, 0, 0, 0
L 188.9053, -99.364, 0.1582, 180.9718, -99.3405, 0.1582, 0, 0, 0
L -237.8718, -238.9404, 7.8235, -237.8718, -222.3579, 18.5734, 127, 64, 0
L -237.8891, -222.3395, 18.567, -261.9413, -201.9866, 31.7775, 127, 127, 127
L -261.9413, -201.9866, 31.7775, -261.9406, -240.8719, 0.1582, 127, 64, 0
L -224.8802, -207.1707, -13.8729, -224.812, -139.7715, -13.8902, 0, 0, 240
L -224.812, -139.7715, -13.8902, -214.5347, -139.9713, -13.8453, 0, 0, 240
L -214.5347, -139.9713, -13.8453, -176.6699, -67.284, -13.8209, 0, 0, 240
L -176.6699, -67.284, -11.6319, -125.6911, -35.3318, -13.8261, 0, 0, 240
L -125.6911, -35.3318, -13.8261, -113.7412, -11.3885, -13.9097, 0, 0, 240
L -113.7412, -11.3885, -13.6302, -101.138, -0.1915, -13.7721, 0, 0, 240
L -101.138, -0.1915, -14.9909, -95.4445, 4.8688, -13.9167, 0, 0, 240
L -95.4445, 4.8688, -13.7702, -53.8909, 16.9709, -13.8119, 0, 0, 240
L -53.8909, 16.9709, -13.9101, -31.1776, 14.9969, -13.782, 0, 0, 240
L -31.1776, 14.9969, -13.782, -8.2387, 26.9646, -13.9882, 0, 0, 240
L -8.2387, 26.9646, -14.6379, 10.2402, 26.9679, -12.7888, 0, 0, 240
L 10.2402, 26.9679, -13.8841, 34.2993, 13.9381, -12.7507, 0, 0, 240
L 34.2993, 13.9381, -11.7829, 60.5439, 10.9047, -13.92, 0, 0, 240
L 60.5439, 10.9047, -11.106, 79.647, -20.2243, -12.9709, 0, 0, 240
L 79.6226, -20.2164, -13.8247, 105.5849, -30.2023, -13.8016, 0, 0, 240
L 105.5849, -30.2023, -13.7703, 118.7549, -48.4519, -13.9107, 0, 0, 240
L 118.7549, -48.4519, -13.8337, 131.8223, -70.5682, -13.9029, 0, 0, 240
L 131.8223, -70.5682, -13.8818, 136.9611, -86.9997, -11.8321, 0, 0, 240
L 136.9611, -86.9997, -11.5183, 131.7531, -100.5416, -10.3366, 0, 0, 240
L 131.7531, -100.5416, -10.6188, 79.4835, -145.77, -13.7866, 0, 0, 240
L 79.4835, -145.77, -13.487, 65.9526, -151.5665, -13.8443, 0, 0, 240
L 65.9526, -151.5665, -13.8443, 65.9321, -183.3443, -13.8323, 0, 0, 240
L 65.9321, -183.3443, -13.5458, 51.5093, -197.7329, -10.5419, 0, 0, 240
L 51.5093, -197.7329, -13.8369, -20.4418, -225.7254, -13.8925, 0, 0, 240
L -20.4418, -225.7254, -13.8925, -46.7653, -237.872, -13.7652, 0, 0, 240
L -46.7653, -237.872, -13.8053, -62.7327, -237.8718, -13.8238, 0, 0, 240
L -62.7327, -237.8718, -13.8238, -153.455, -272.9789, -13.8785, 0, 0, 240
L -153.455, -272.9789, -10.4466, -204.621, -240.5981, -13.8297, 0, 0, 240
L -204.621, -240.5981, -10.4261, -224.8802, -207.1707, -13.9146, 0, 0, 240
L -605.4958, 262.9363, 6.5541, -572.1393, 333.8414, 6.3075, 240, 127, 0
L -569.7947, 123.9698, -11.6593, -493.4286, 123.9697, -1.258, 240, 127, 0
L -479.7774, 94.3093, -9.9589, -479.7801, 43.2199, 64.2826, 240, 127, 0
L -463.7778, 43.2999, -18.2336, -463.7783, 13.9655, -0.974, 127, 64, 0
L -463.7783, 13.9655, -0.974, -531.7146, 13.9674, -0.975, 127, 64, 0
L -463.7782, 43.31, -18.2346, -479.7801, 43.2199, -18.2341, 127, 64, 0
L -481.2905, 44.253, -18.8414, -530.99, 66.4527, -18.8415, 127, 64, 0
L -530.7471, 66.3431, -22.9219, -530.7489, 108.9338, -8.1416, 127, 64, 0
L -530.7486, 41.1706, -22.6555, -530.7468, 13.9657, -30.6707, 240, 127, 0
L -530.7468, 13.9657, -30.6707, -562.5022, 13.9655, -20.2891, 240, 127, 0
L -562.5022, 13.9655, -20.2891, -574.1082, 20.469, -21.748, 240, 127, 0
L 275.2853, -132.2391, -1.8415, 223.8437, -140.9216, -1.8415, 240, 127, 0
L 223.8437, -140.9216, -1.8415, 191.4248, -145.2812, -1.8415, 240, 127, 0
L 157.972, -271.2694, -7.7937, 154.9773, -269.5792, -10.5814, 240, 240, 240
L 154.9773, -269.5792, -10.5814, 152.7411, -271.1949, -11.2318, 240, 240, 240
L 152.7411, -271.1949, -11.2318, 151.8856, -273.7823, -11.5624, 240, 240, 240
L 151.8856, -273.7823, -11.5624, 152.5946, -276.9012, -11.6126, 240, 240, 240
L -25.6148, -302.1093, 0.1582, -39.4241, -299.632, 0.1582, 0, 64, 0
L -25.6148, -302.1093, 0.1583, -24.7664, -305.9123, 0.1592, 0, 64, 0
L -24.7664, -305.9123, 0.1592, -18.9254, -318.2939, 0.1489, 0, 64, 0
L -18.9254, -318.2939, -0.114, -31.4239, -325.5328, 0.1712, 0, 64, 0
L -31.4239, -325.5328, 0.1712, -46.6377, -312.9664, 0.1592, 0, 64, 0
L -46.6377, -312.9664, 0.1582, -41.5615, -300.8666, 0.1582, 0, 64, 0
L 173.9028, -100.2699, 0.1582, 173.9045, -86.6474, 0.1582, 240, 240, 240
L 173.9045, -86.6474, 0.1582, 162.645, -70.8602, 0.1582, 240, 240, 240
L 129.9037, -70.8983, 0.1583, 134.914, -86.9294, 0.1583, 240, 240, 240
L 134.914, -86.9294, 0.1583, 129.8899, -100.2699, 0.1582, 240, 240, 240
L 173.9028, -100.2699, 0.1582, 129.8899, -100.2699, 0.1582, 240, 240, 240
L 162.645, -70.8602, 0.1582, 129.9037, -70.8983, 0.1582, 240, 240, 240
L 79.5027, -70.5999, 0.1582, 90.1453, -87.2579, 0.1582, 0, 0, 0
L 90.1453, -87.2579, 0.1582, 79.4462, -100.9351, 0.1582, 0, 0, 0
L 79.4462, -100.9351, 0.1582, 64.7013, -100.936, 0.1582, 0, 0, 0
L 64.7013, -100.936, 0.1582, 54.1599, -94.5173, 0.1582, 0, 0, 0
L 54.1599, -94.5173, 0.1582, 54.8999, -80.3888, 0.1582, 0, 0, 0
L 54.8999, -80.3888, 0.1582, 52.5195, -78.8113, 0.1582, 0, 0, 0
L 52.5195, -78.8113, 0.1582, 64.8622, -70.2699, 0.1582, 0, 0, 0
L 64.8622, -70.2699, 0.1582, 79.5027, -70.5999, 0.1582, 0, 0, 0
L 24.128, -98.9972, 0.1582, 33.1296, -113.9817, 0.1582, 0, 0, 0
L 33.1296, -113.9817, 0.1582, 27.9655, -122.2467, 0.1582, 0, 0, 0
L 27.9655, -122.2467, 0.1582, 28.1, -150.4293, 0.1582, 0, 0, 0
L 50.7691, -164.936, 0.1582, 27.983, -150.4184, 0.1582, 0, 0, 0
L 50.7691, -164.936, 0.1582, 23.4827, -183.9044, 0.1582, 0, 0, 0
L 23.4827, -183.9044, 0.1582, 10.6532, -183.9044, 0.1582, 0, 0, 0
L 10.6532, -183.9044, 0.1582, 4.6566, -178.9068, 0.1582, 0, 0, 0
L 4.6566, -178.9068, 0.1582, 2.5891, -178.9036, 0.1582, 0, 0, 0
L 2.5891, -178.9036, 0.1582, -9.4718, -197.9294, 0.1582, 0, 0, 0
L -9.4718, -197.9294, 1.158, -46.2599, -213.5963, 0.1582, 0, 0, 0
L -46.2599, -213.5963, 0.1582, -46.1599, -215.8721, 0.1582, 0, 0, 0
L -46.1599, -215.8721, 0.1582, -63.8464, -215.8728, 0.1582, 0, 0, 0
L -63.9767, -213.4478, 0.1582, -63.8464, -215.8728, 0.1582, 0, 0, 0
L -63.9585, -213.4577, 0.1582, -91.361, -197.7954, 0.1582, 0, 0, 0
L -91.361, -197.7954, 0.1582, -153.3677, -178.8186, 0.1582, 0, 0, 0
L -153.3677, -178.8186, 0.1582, -174.9037, -163.4347, 0.1582, 0, 0, 0
L -174.9037, -163.4347, 0.1582, -174.9061, -140.3951, 0.1582, 0, 0, 0
L -174.9061, -140.3951, 0.1582, -142.7076, -116.3147, 0.1582, 0, 0, 0
L -142.7076, -116.3147, 0.1582, -137.935, -103.1787, 0.1582, 0, 0, 0
L -137.935, -103.1787, 0.1582, -140.9028, -99.3704, 0.1582, 0, 0, 0
L -140.9028, -99.3704, 0.1582, -140.9053, -86.8014, 0.1582, 0, 0, 0
L -140.9053, -86.8014, 0.1582, -136.7476, -75.3615, 0.1582, 0, 0, 0
L -136.7476, -75.3615, 0.1582, -125.2561, -67.3299, 0.1582, 0, 0, 0
L -125.2561, -67.3299, 0.1582, -112.8036, -66.9997, 0.1582, 0, 0, 0
L -112.8036, -66.9997, 0.1582, -92.7963, -74.1099, 0.1582, 0, 0, 0
L -92.7963, -74.1099, 0.1582, -76.7827, -73.9997, 0.1582, 0, 0, 0
L -76.7827, -73.9997, 0.1583, -62.755, -80.3299, 0.1582, 0, 0, 0
L -62.755, -80.3299, 0.1582, -48.776, -80.3299, 0.1582, 0, 0, 0
L -48.776, -80.3299, 0.1582, -51.9365, -75.2544, 0.1582, 0, 0, 0
L -51.9365, -75.2544, 0.1582, -51.9346, -63.4444, 0.1582, 0, 0, 0
L -51.9346, -63.4444, 0.1582, -60.6073, -55.8038, 0.1582, 0, 0, 0
L -60.6073, -55.8038, 1.589, -40.2282, -44.1599, 4.4668, 0, 0, 0
L -40.2282, -44.1599, 4.5548, -22.7078, -44.35, 4.556, 0, 0, 0
L -27.9689, -34.6017, 4.556, -27.9736, -20.32, 0.4106, 0, 0, 0
L -27.9736, -20.32, 0.1582, -13.9656, -20.344, 0.1582, 0, 0, 0
L -13.9651, -20.5977, 0.1582, -13.967, -17.344, 0.1582, 0, 0, 0
L -13.9651, -20.5977, 7.1581, -28.2192, -34.8521, 7.1581, 0, 0, 0
L -22.7078, -44.35, 10.1582, -28.2192, -34.8521, 10.1582, 0, 0, 0
L -10.3279, -17.329, 0.1582, -13.967, -17.344, 0.1582, 0, 0, 0
L -13.9656, -20.335, 7.1581, -10.3339, -20.335, 7.1581, 0, 0, 0
L -10.336, -21.402, 1.158, -10.3279, -17.329, 1.158, 0, 0, 0
L -10.336, -21.402, 2.1581, -23.6342, -35.1, 8.1582, 0, 0, 0
L -23.6341, -34.9996, 8.1582, -8.1561, -50.4423, 15.1582, 0, 0, 0
L -7.8695, -51.3063, 16.1582, 10.951, -51.3051, 16.1582, 240, 127, 0
L 10.951, -51.3051, 16.1582, 15.2317, -57.5561, 16.1582, 0, 0, 0
L 15.2317, -57.5561, 16.1582, 20.1219, -65.3872, 16.1582, 0, 0, 0
L 20.1219, -65.3872, 16.1582, 22.329, -73.545, 16.1582, 0, 0, 0
L 22.329, -73.545, 16.1582, 22.335, -77.9341, 16.1582, 0, 0, 0
L 22.3369, -80.2686, 16.1582, 13.9656, -83.5425, 16.1582, 127, 0, 0
L 13.9588, -86.6019, 16.1582, 13.9656, -83.5425, 16.1582, 0, 0, 0
L -6.3339, -56.8153, 16.1582, -8.1561, -50.4423, 16.1582, 0, 0, 0
L 11.5266, -49.7479, 15.1582, 25.6341, -34.9998, 8.1582, 0, 0, 0
L 25.6341, -34.9998, 8.1582, 12.3269, -21.4018, 1.1584, 0, 0, 0
L 12.3439, -17.3429, 1.158, 12.3269, -21.4018, 1.158, 0, 0, 0
L 12.3439, -17.3429, 0.1582, 15.9619, -17.3309, 0.1582, 0, 0, 0
L 12.333, -20.344, 7.1581, 15.9658, -20.323, 7.1581, 0, 0, 0
L 15.9665, -20.601, 0.1582, 15.9619, -17.3309, 0.1572, 0, 0, 0
L 15.9665, -20.601, 7.1581, 30.2988, -34.9264, 7.1581, 0, 0, 0
L 21.8835, -45.4089, 0.1582, 30.2988, -34.9264, 0.1582, 0, 0, 0
L 21.8791, -45.4164, 0.1582, 19.3479, -55.9116, 0.1582, 0, 0, 0
L 19.3479, -55.9116, 0.1582, 23.9195, -66.6564, 0.1582, 0, 0, 0
L 23.9195, -66.6564, 0.1582, 24.9664, -70.8512, 0.1582, 0, 0, 0
L 24.9664, -70.8512, 0.1582, 24.9665, -81.6911, 0.1582, 0, 0, 0
L 24.9665, -81.6911, 0.1582, 13.2113, -86.9355, 0.1582, 0, 0, 0
L 13.2113, -86.9355, 0.1582, 2.9022, -86.9351, 0.1582, 0, 0, 0
L 2.9022, -86.9351, 0.1582, -20.5286, -82.602, 0.1582, 0, 0, 0
L -20.5286, -82.602, 0.1582, -26.2435, -91.5892, 0.1582, 0, 0, 0
L -26.2435, -91.5892, 0.1582, -32.5015, -98.875, 0.1582, 0, 0, 0
L -32.5015, -98.875, 0.1582, -46.9759, -100.9467, 0.1582, 0, 0, 0
L -46.9759, -100.9467, 0.1582, -53.4609, -99.9341, 0.1582, 0, 0, 0
L -53.4609, -99.9341, 0.1582, -67.2356, -99.9355, 0.1582, 0, 0, 0
L -67.2356, -99.9355, 0.1597, -77.2266, -93.9407, 0.2366, 0, 0, 0
L -77.2266, -93.9407, 0.2366, -92.5207, -93.9394, 0.2369, 0, 0, 0
L -92.528, -93.9484, 0.2369, -99.8472, -103.8359, 0.1582, 0, 0, 0
L -99.8472, -103.8359, 0.1582, -95.4017, -115.6152, 0.1582, 0, 0, 0
L -95.4017, -115.6152, 0.1582, -94.1359, -118.4461, 0.1582, 0, 0, 0
L -94.1359, -118.4461, 0.1582, -90.346, -124.977, 0.1582, 0, 0, 0
L -90.346, -124.977, 0.1582, -79.8449, -126.8944, 0.1582, 0, 0, 0
L -79.8449, -126.8944, 0.1582, -63.2235, -117.9706, 0.1582, 0, 0, 0
L -44.4335, -117.9719, 0.1582, -63.2235, -117.9706, 0.1582, 0, 0, 0
L -47.9346, -117.9505, 0.1582, -47.9335, -117.8747, 0.1582, 0, 0, 0
L -44.4335, -117.9719, 0.1582, -32.551, -123.768, 0.1582, 0, 0, 0
L -32.551, -123.768, 0.1582, -26.5018, -127.1075, 0.1582, 0, 0, 0
L -26.5018, -127.1075, 0.1582, -12.4297, -134.1382, 0.1582, 0, 0, 0
L -12.4297, -134.1382, 0.1582, -2.1545, -144.4163, 0.1582, 0, 0, 0
L -2.1545, -144.4163, 0.1582, -0.1552, -150.4166, 0.1582, 0, 0, 0
L -0.1552, -150.4166, 0.1582, 2.3769, -152.9484, 0.1582, 0, 0, 0
L 2.3769, -152.9484, 0.1582, 4.4896, -152.9619, 0.1582, 0, 0, 0
L 4.4896, -152.9619, 0.1582, 6.269, -150.6556, 0.1582, 0, 0, 0
L 6.269, -150.6556, 0.1582, 6.32, -121.6126, 0.1582, 0, 0, 0
L 6.32, -121.6126, 0.1582, 12.2978, -113.2926, 0.1582, 0, 0, 0
L 12.2978, -113.2926, 0.1582, 19.2484, -107.3371, 0.1582, 0, 0, 0
L 19.2484, -107.3371, 0.1582, 24.128, -98.9972, 0.1582, 0, 0, 0
L 62.1614, -24.7227, 0.1582, 62.8301, -39.6771, 0.1628, 0, 64, 0
L 62.8301, -39.6771, 0.1582, 48.4793, -43.2025, 0.1582, 0, 64, 0
L 48.4793, -43.2025, 0.1582, 34.9964, -31.7478, 0.1582, 0, 64, 0
L 34.9964, -31.7478, 0.1582, 43.1961, -19.4756, 0.3377, 0, 64, 0
L 43.1961, -19.4756, 0.1583, 62.1614, -24.7227, 0.1582, 0, 64, 0
L 29.9661, -34.5936, 0.1582, 29.9665, -20.3359, 0.1582, 0, 0, 0
L 29.9665, -20.3359, 0.1582, 15.9657, -20.341, 0.1582, 0, 0, 0
L -0.9642, -86.1307, 16.1582, -0.9656, -83.7651, 16.1582, 0, 0, 0
L -17.3329, -77.9347, 12.1593, -17.3339, -80.1123, 12.1561, 127, 0, 0
L -17.3339, -80.1123, 12.1561, -0.9656, -83.7651, 12.1586, 127, 0, 0
L -0.974, -81.6247, -3.4224, 3.1572, -83.3599, 13.297, 240, 0, 0
L 3.1572, -83.3599, 13.297, 9.8605, -82.9972, 12.8217, 240, 0, 0
L 9.8605, -82.9972, 12.8217, 13.9663, -81.6282, 9.1373, 240, 0, 0
L 22.335, -77.9341, 12.1592, -17.3429, -77.9342, 12.1593, 127, 0, 0
L -0.965, -83.7659, 10.5526, -0.974, -81.6247, 12.9169, 0, 0, 0
L 13.9657, -83.5421, 12.227, 13.9663, -81.6282, 12.1593, 0, 0, 0
L 22.8999, -80.3276, 12.16, 22.341, -77.9338, 12.1597, 127, 0, 0
L -6.3339, -56.8153, 16.1582, -6.336, -60.3081, 16.1582, 0, 0, 0
L -6.336, -60.3081, 16.1582, -10.2744, -68.9355, 16.1582, 0, 0, 0
L -10.2744, -68.9355, 16.1582, -15.9651, -68.9346, 16.1582, 0, 0, 0
L -15.9651, -68.9346, 16.1582, -15.9672, -62.7417, 16.1582, 0, 0, 0
L -15.9672, -62.7417, 16.1582, -12.2772, -55.3633, 16.1582, 0, 0, 0
L -12.2772, -55.3633, 16.1582, -25.2681, -47.9343, 16.1582, 0, 0, 0
L -25.2681, -47.9343, 16.1582, -38.7231, -47.9457, 16.1582, 0, 0, 0
L -38.7231, -47.9457, 16.1582, -49.5835, -55.2079, 16.1582, 0, 0, 0
L -49.5835, -55.2079, 16.1582, -44.28, -62.6602, 16.1582, 0, 0, 0
L -44.28, -62.6602, 16.1582, -44.24, -68.155, 16.1582, 0, 0, 0
L -44.24, -68.155, 16.1582, -45.762, -72.5531, 16.1582, 0, 0, 0
L -45.762, -72.5531, 16.1582, -35.7398, -78.6019, 16.1582, 0, 0, 0
L -35.7398, -78.6019, 16.1582, -40.591, -88.382, 16.1582, 0, 0, 0
L -40.591, -88.382, 16.1582, -47.2411, -83.9475, 16.1582, 0, 0, 0
L -47.2411, -83.9475, 16.1582, -67.2373, -83.9338, 16.1582, 0, 0, 0
L -67.2373, -83.9338, 16.1582, -77.2369, -77.9342, 16.1582, 0, 0, 0
L -77.2369, -77.9342, 16.1582, -103.2121, -77.935, 16.1582, 0, 0, 0
L -103.2121, -77.935, 16.1582, -114.2206, -71.9342, 16.1582, 0, 0, 0
L -114.2206, -71.9342, 16.1582, -123.6393, -71.9342, 16.1582, 0, 0, 0
L -123.6393, -71.9342, 16.1582, -132.165, -77.614, 16.1582, 0, 0, 0
L -132.165, -77.614, 16.1582, -136.9658, -88.1641, 16.1582, 0, 0, 0
L -136.9658, -88.1641, 16.1582, -136.9718, -97.5553, 16.1582, 0, 0, 0
L -136.9718, -97.5553, 16.1582, -131.7651, -102.7822, 16.1582, 0, 0, 0
L -131.7651, -102.7822, 16.1582, -135.972, -111.2133, 16.1582, 0, 0, 0
L -135.972, -111.2133, 16.1582, -135.9706, -115.1975, 16.1582, 0, 0, 0
L -135.9706, -115.1975, 16.1582, -138.2219, -119.6645, 16.1582, 0, 0, 0
L -138.2219, -119.6645, 16.1582, -152.3848, -127.7339, 16.1582, 0, 0, 0
L -152.3848, -127.7339, 16.1582, -170.9715, -143.4079, 16.1582, 0, 0, 0
L -170.9715, -143.4079, 16.1582, -170.9695, -160.4507, 16.1582, 0, 0, 0
L -170.9695, -160.4507, 16.1582, -152.4924, -174.6109, 16.1582, 0, 0, 0
L -152.4924, -174.6109, 16.1582, -90.6504, -192.1479, 16.1582, 0, 0, 0
L -90.6504, -192.1479, 16.1582, -61.6764, -210.9404, 16.1582, 0, 0, 0
L -61.6764, -210.9404, 16.1582, -48.2017, -210.9407, 16.1582, 0, 0, 0
L -48.2017, -210.9407, 16.1582, -11.5654, -192.1376, 16.3495, 0, 0, 0
L -11.5654, -192.1376, 16.3495, -7.8094, -188.3814, 17.1582, 0, 0, 0
L -7.8094, -188.3814, 17.1582, 0.3721, -169.9713, 16.1582, 0, 0, 0
L 0.3721, -169.9713, 16.1582, 3.5983, -169.971, 16.1582, 0, 0, 0
L 3.5983, -169.971, 16.1582, 5.7449, -174.2684, 16.1582, 0, 0, 0
L 5.7449, -174.2684, 16.1582, 11.2782, -177.9626, 16.1582, 0, 0, 0
L 11.2782, -177.9626, 16.1582, 22.6692, -177.972, 16.1582, 0, 0, 0
L 22.6692, -177.972, 16.1582, 30.4893, -172.1142, 16.1582, 0, 0, 0
L 30.4893, -172.1142, 16.1582, 43.1829, -164.9328, 16.1582, 0, 0, 0
L 43.1829, -164.9328, 16.1582, 30.4718, -157.7487, 16.1582, 0, 0, 0
L 30.4718, -157.7487, 16.1582, 22.338, -151.4208, 16.1582, 0, 0, 0
L 22.338, -151.4208, 16.1582, 22.3359, -148.7075, 16.1582, 0, 0, 0
L 22.3359, -148.7075, 16.1582, 24.1419, -144.7502, 16.2134, 0, 0, 0
L 24.1419, -144.7502, 16.2134, 21.9989, -120.5682, 21.5731, 0, 0, 0
L 21.9989, -120.5682, 24.1582, 26.1868, -116.4154, 25.1582, 0, 0, 0
L 26.1868, -116.4154, 25.1582, 28.261, -112.2925, 25.1582, 0, 0, 0
L 28.261, -112.2925, 26.1582, 34.3594, -108.2416, 26.1582, 0, 127, 127
L 55.2167, -81.9351, 30.1582, 47.3273, -81.9342, 30.1582, 0, 127, 127
L 33.654, -93.6791, 29.1582, 33.6542, -93.6791, 29.1582, 0, 0, 0
L 33.6542, -93.6791, 29.1582, 25.8058, -101.528, 27.1582, 0, 127, 127
L 25.8058, -101.528, 27.1582, 21.7926, -109.5417, 26.1582, 0, 127, 127
L 21.7926, -109.5417, 25.1582, 13.7888, -117.5484, 23.1582, 0, 0, 0
L 13.7888, -117.5484, 23.1582, 11.9478, -121.2014, 22.542, 0, 0, 0
L 11.9478, -121.2014, 22.542, 9.9855, -144.7343, 16.2086, 0, 0, 0
L 9.9855, -144.7343, 16.2086, 11.9657, -148.717, 16.1582, 0, 0, 0
L 11.9657, -148.717, 16.1582, 11.9661, -151.4542, 16.1582, 0, 0, 0
L 11.9661, -151.4542, 16.1582, 5.761, -155.5903, 16.1582, 0, 0, 0
L 5.761, -155.5903, 16.1582, 3.5918, -159.9039, 16.1582, 0, 0, 0
L -15.9658, -173.9028, 19.7983, -15.9677, -155.9687, 19.7981, 127, 127, 127
L -15.9677, -155.9687, 19.9098, -10.3269, -155.9704, 19.6123, 127, 127, 127
L -6.336, -157.9709, 16.1582, -6.3239, -171.9046, 16.1582, 127, 127, 127
L -10.335, -171.903, 17.1582, -6.3239, -171.9046, 17.1582, 127, 127, 127
L -10.4719, -173.9038, 19.6193, -15.9658, -173.9028, 19.7168, 127, 127, 127
L -10.358, -159.9026, 24.1585, -15.9672, -159.9026, 24.1582, 127, 127, 127
L -10.3559, -169.9358, 24.1583, -15.9663, -169.9902, 24.1582, 127, 127, 127
L -10.4719, -173.9038, 17.1582, -10.3269, -155.9704, 17.1582, 127, 127, 127
L -134.3573, -163.8163, 16.1582, -133.3368, -147.223, 16.1582, 127, 127, 127
L -133.3368, -147.223, 16.1582, -135.2158, -140.8857, 16.1582, 127, 127, 127
L -135.2158, -140.8857, 16.1582, -140.8041, -137.8232, 16.1582, 127, 127, 127
L -140.8041, -137.8232, 16.1582, -146.7247, -140.1792, 16.1582, 127, 127, 127
L -146.7247, -140.1792, 16.1582, -149.3642, -146.2351, 16.1582, 127, 127, 127
L -149.3642, -146.2351, 16.1582, -150.3847, -162.8229, 16.1582, 127, 127, 127
L -142.9182, -172.228, 16.1582, -136.9953, -169.8725, 16.1582, 127, 127, 127
L -134.3573, -163.8163, 16.1582, -136.9953, -169.8725, 16.1582, 127, 127, 127
L -150.3847, -162.8229, 16.1582, -148.5107, -169.1613, 16.1582, 127, 127, 127
L -148.5107, -169.1613, 16.1582, -142.9182, -172.228, 16.1582, 127, 127, 127
L 0.4039, -159.9035, 16.1582, 3.5918, -159.9039, 16.1582, 0, 0, 0
L 4.4946, -158.1057, 16.1582, 5.7747, -155.5816, 16.1582, 0, 0, 0
L 5.7747, -155.5816, 16.1582, 10.662, -152.3249, 16.1582, 0, 0, 0
L 0.4039, -159.9035, 16.1582, -7.8125, -143.4901, 17.1582, 0, 0, 0
L -7.8125, -143.4901, 17.1582, -11.595, -139.7193, 16.3826, 0, 0, 0
L -11.595, -139.7193, 16.3826, -48.2516, -121.9024, 16.1582, 0, 0, 0
L -48.2516, -121.9024, 16.1582, -60.7299, -121.909, 16.1582, 0, 0, 0
L -60.7299, -121.909, 16.1582, -79.5212, -132.3514, 17.1582, 0, 0, 0
L -79.5212, -132.3514, 16.1582, -91.6838, -127.5994, 16.1582, 0, 0, 0
L -91.6838, -127.5994, 16.1582, -97.7947, -119.4465, 16.1582, 0, 0, 0
L -97.7947, -119.4465, 16.1582, -99.9364, -115.1945, 16.1582, 0, 0, 0
L -99.9364, -115.1945, 16.1582, -99.9308, -111.1997, 16.1571, 0, 0, 0
L -99.9308, -111.1997, 16.1582, -104.1143, -102.8409, 16.1582, 0, 0, 0
L -104.1143, -102.8409, 16.1582, -93.4204, -90.14, 16.1582, 0, 0, 0
L -93.4204, -90.14, 16.1582, -76.7034, -90.14, 16.1582, 0, 0, 0
L -76.7034, -90.14, 16.1582, -66.7176, -95.9933, 16.1582, 0, 0, 0
L -66.7176, -95.9933, 16.1582, -52.801, -96.28, 16.1582, 0, 0, 0
L -52.801, -96.28, 16.1582, -46.8926, -97.9758, 16.1582, 0, 0, 0
L -46.8926, -97.9758, 16.1582, -33.5373, -96.331, 16.1582, 0, 0, 0
L -33.5373, -96.331, 16.1582, -21.268, -77.6286, 16.1582, 0, 0, 0
L -21.268, -77.6286, 16.1582, -17.6053, -80.674, 16.1582, 0, 0, 0
L -17.6053, -80.674, 16.1582, -0.9656, -83.7609, 16.1582, 0, 0, 0
L -10.3469, -157.9715, 17.1582, -6.336, -157.9709, 17.1582, 127, 127, 127
L 34.3594, -108.2416, 27.1582, 38.2299, -104.5794, 28.1582, 0, 127, 127
L 38.2299, -104.5794, 28.1582, 38.5009, -100.5387, 28.1582, 0, 127, 127
L 38.5009, -100.5387, 29.1582, 46.5673, -91.9985, 30.1582, 0, 127, 127
L 46.5673, -91.9985, 30.1582, 55.1334, -92.3599, 30.1582, 0, 127, 127
L 33.6554, -93.6778, 29.1582, 47.3273, -81.9342, 30.1582, 0, 127, 127
L 55.2167, -81.9351, 30.1582, 66.1948, -75.9453, 30.1582, 0, 0, 0
L 66.1948, -75.9453, 30.1582, 77.322, -75.935, 30.1582, 0, 0, 0
L 77.322, -75.935, 30.1582, 82.8532, -86.8957, 30.1582, 0, 0, 0
L 82.8532, -86.8957, 30.1582, 77.3914, -96.2699, 30.1582, 0, 0, 0
L 77.3914, -96.2699, 30.1582, 66.1653, -96.31, 30.1582, 0, 0, 0
L 66.1653, -96.31, 30.1582, 55.1334, -92.3599, 30.1582, 0, 0, 0
L -420.8514, -311.7558, 0.1592, -405.9361, -314.1553, 0.1582, 0, 64, 0
L -405.9361, -314.1553, 0.1582, -404.1668, -325.5076, 0.1593, 0, 64, 0
L -404.1668, -325.5076, 0.1582, -415.1915, -329.5944, 0.1545, 0, 64, 0
L -415.1915, -329.5944, 0.1582, -417.5663, -327.2327, 0.1582, 0, 64, 0
L -425.7384, -321.1743, 0.3396, -417.5663, -327.2327, 0.1592, 0, 64, 0
L -425.7384, -321.1743, 0.1582, -420.8514, -311.7558, 0.1582, 0, 64, 0
L -404.2262, -408.8498, 0.1582, -399.7142, -384.6326, 0.1762, 0, 64, 0
L -399.7142, -384.6326, 0.1582, -381.9166, -382.3007, 0.1582, 0, 64, 0
L -381.9166, -382.3007, 0.1582, -375.2801, -400.4096, 0.1582, 0, 64, 0
L -375.2801, -400.4096, 0.1582, -378.6657, -403.6206, 0.3152, 0, 64, 0
L -378.6657, -403.6206, 0.3152, -387.9182, -417.4698, 0.1582, 0, 64, 0
L -387.9182, -417.4698, 0.1582, -404.2262, -408.8498, 0.2667, 0, 64, 0
L -291.735, -320.1555, 0.1582, -301.9352, -321.5887, 1.5402, 0, 64, 0
L -301.9352, -321.5887, 0.1583, -309.4125, -309.432, 0.1582, 0, 64, 0
L -309.4125, -309.432, 0.1582, -302.1689, -300.7268, 0.1582, 0, 64, 0
L -302.1689, -300.7268, 0.1582, -291.5715, -306.4139, 0.1582, 0, 64, 0
L -291.5715, -306.4139, 0.1583, -292.1071, -310.446, 1.2178, 0, 64, 0
L -292.1071, -310.446, 1.2178, -291.735, -320.1555, 0.1804, 0, 64, 0
L -507.4802, -128.8101, -22.8219, -543.648, -125.162, -28.8415, 127, 64, 0
L -543.648, -125.162, -28.8415, -577.4252, -124.6843, -29.8044, 127, 64, 0
L -577.4252, -124.6843, -30.8415, -587.2186, -111.9467, -30.8415, 127, 64, 0
L -587.2186, -111.9467, -30.8415, -589.3671, -107.3239, -27.6499, 127, 64, 0
L -553.2318, -147.1846, -29.3058, -566.2336, -131.4764, -30.6789, 0, 64, 0
L -566.2336, -131.4764, -29.9558, -562.2129, -124.9025, -29.8022, 0, 64, 0
L -553.2318, -147.1846, -29.1587, -540.7077, -141.6747, -28.8415, 0, 64, 0
L -540.7077, -141.6747, -28.2147, -543.6846, -125.1573, -28.8415, 0, 64, 0
L -384.7509, 387.7411, 0.2, -395.8095, 372.7019, 0.2, 0, 64, 0
L -395.8095, 372.7019, 0.23, -409.6707, 377.7314, 0.2, 0, 64, 0
L -409.6707, 377.7314, 0.2, -407.6417, 393.5335, -0.11, 0, 64, 0
L -407.6417, 393.5335, 0.2, -403.5778, 394.3842, 0.47, 0, 64, 0
L -403.5778, 394.3842, 0.47, -391.9945, 401.1836, 0.2, 0, 64, 0
L -391.9945, 401.1836, 0.2, -384.7509, 387.7411, 1.5074, 0, 64, 0
L -405.9854, 141.5548, 0.2, -396.4202, 130.774, 0.2, 0, 64, 0
L -396.4202, 130.774, 0.2, -406.901, 117.8872, 0.2, 0, 64, 0
L -406.901, 117.8872, 0.2, -423.3451, 119.2686, 0.2, 0, 64, 0
L -423.3451, 119.2686, 0.2, -424.725, 134.5709, 0.2, 0, 64, 0
L -405.9854, 141.5548, 0.2, -424.725, 134.5709, 0.2, 0, 64, 0
L -384.723, -31.6604, 0.8895, -376.6591, -19.3097, 0.2, 0, 64, 0
L -376.6591, -19.3097, 0.2, -357.5681, -29.8339, 0.2, 0, 64, 0
L -357.5681, -29.8339, 0.2, -359.6367, -43.8085, 0.2, 0, 64, 0
L -359.6367, -43.8085, 0.2, -375.2631, -45.2939, 0.2, 0, 64, 0
L -375.2631, -45.2939, 0.2, -384.723, -31.6604, 4.8799, 0, 64, 0
L -597.45, 105.7964, -30.9577, -610.994, 91.5798, -30.998, 0, 64, 0
L -610.994, 91.5798, -30.3598, -603.8218, 78.5126, -30.1963, 0, 64, 0
L -603.8218, 78.5126, -30.998, -587.9465, 84.1791, -30.998, 0, 64, 0
L -587.9465, 84.1791, -30.998, -584.1281, 99.4149, -30.998, 0, 64, 0
L -584.1281, 99.4149, -30.998, -597.45, 105.7964, -30.998, 0, 64, 0
L 10.955, 52.9341, 0.1582, -8.9847, 52.9339, 0.1582, 240, 240, 240
L -8.964, 15.3499, 0.1582, 10.9688, 15.326, 0.1582, 240, 240, 240
L 10.9688, 15.326, 0.1582, 10.955, 52.9341, 0.1582, 240, 240, 240
L -8.964, 15.3499, 0.1582, -8.9847, 52.9339, 0.1582, 240, 240, 240
L 78.3545, 18.2669, -17.3607, 76.3559, 13.978, -18.102, 240, 240, 240
L 76.3559, 13.978, -18.102, 70.4929, 17.75, -15.1775, 240, 240, 240
L 70.4929, 17.75, -15.1775, 72.1157, 20.9781, 0.1582, 240, 240, 240
L 72.1157, 20.9781, 0.1582, 78.3545, 18.2669, 0.1582, 240, 240, 240
L -273.7791, -7.323, 0.1582, -227.1339, -75.6799, 0.1582, 127, 64, 0
L -575.7485, -44.3725, -14.8415, -573.177, -46.9365, -14.8415, 127, 64, 0
L -573.177, -46.9365, -14.8415, -550.4034, -46.9361, -16.795, 127, 64, 0
L -560.8146, -56.2999, -14.8415, -573.2214, -56.1799, -14.8415, 127, 64, 0
L -573.2214, -56.1799, -14.8415, -575.7477, -58.5551, -25.6228, 127, 64, 0
L -549.8152, -46.448, -22.8415, -549.8152, -72.662, -22.8415, 127, 64, 0
L -560.8143, -57.3688, -19.5247, -555.4447, -51.9986, -17.8447, 127, 64, 0
L -631.9664, -71.9429, -28.3112, -643.3519, -78.2839, -28.588, 0, 64, 0
L -643.3519, -78.2839, -27.8257, -653.4298, -69.9561, -27.1519, 0, 64, 0
L -653.4298, -69.9561, -27.1169, -648.9039, -56.95, -27.442, 0, 64, 0
L -648.9039, -56.95, -27.4409, -635.5846, -58.1614, -26.8033, 0, 64, 0
L -635.5846, -58.1614, -26.5443, -631.9664, -71.9429, -26.2754, 0, 64, 0
L -235.8497, -173.4809, 1.6949, -247.9077, -165.4421, 0.1582, 127, 64, 0
L -247.9077, -165.4421, 0.1582, -245.18, -136.4593, 1.6906, 127, 64, 0
L -298.6206, -131.1212, 1.6213, -286.1854, -140.526, 1.6762, 0, 64, 0
L -286.1854, -140.526, 1.6762, -292.5708, -156.8435, 1.6772, 0, 64, 0
L -292.5708, -156.8435, 2.2863, -307.4264, -156.2333, 4.5052, 0, 64, 0
L -307.4264, -156.2333, 4.5052, -313.7124, -144.531, 3.1023, 0, 64, 0
L -313.7124, -144.531, 3.1023, -298.6206, -131.1212, 2.1322, 0, 64, 0
L -227.1339, -75.6799, 0.1582, -173.9722, -7.309, 0.1582, 127, 64, 0
L -273.7791, -7.323, 54.7578, -173.9722, -7.309, 22.4019, 127, 64, 0
L 21.2417, 81.5096, 0.1582, 23.815, 70.486, 0.1582, 0, 64, 0
L 23.815, 70.486, 0.1582, 11.9078, 73.3656, 0.1582, 0, 64, 0
L 11.9078, 73.3656, 0.1582, 21.2417, 81.5096, 0.1582, 0, 64, 0
L 22.436, 76.1902, 0.1582, 23.3094, 72.3024, 0.1582, 0, 64, 0
L -89.5193, -66.2994, 0.52, -76.5687, -71.1299, 0.4732, 0, 64, 0
L -76.5687, -71.1299, 0.4732, -67.4633, -56.1912, 0.1582, 0, 64, 0
L -67.4633, -56.1912, 0.1582, -74.9518, -42.7668, 0.1582, 0, 64, 0
L -74.9518, -42.7668, 0.1582, -89.7399, -46.9585, 0.1582, 0, 64, 0
L -89.7399, -46.9585, 0.1583, -89.5193, -66.2994, 0.1583, 0, 64, 0
L -174.7855, -295.9157, -14.5874, -172.7341, -292.9422, -14.5672, 240, 240, 240
L -172.7341, -292.9422, -14.5672, -166.263, -296.7049, -14.6645, 240, 240, 240
L -166.263, -296.7049, -14.6645, -168.1419, -299.6116, 0.1582, 240, 240, 240
L -168.1419, -299.6116, 0.1582, -174.7855, -295.9157, 0.1582, 240, 240, 240
L -311.6942, -238.6374, 0.8866, -305.2758, -248.2179, 0.1583, 0, 64, 0
L -305.2758, -248.2179, 0.1583, -289.4325, -247.4089, 0.1592, 0, 64, 0
L -289.4325, -247.4089, 0.1592, -289.4236, -232.3003, 0.1586, 0, 64, 0
L -289.4236, -232.3003, 0.1586, -305.1709, -224.9681, 0.4936, 0, 64, 0
L -305.1709, -224.9681, 0.4936, -311.6942, -238.6374, 0.1582, 0, 64, 0
L 79.5404, 341.132, 0.1582, 67.3473, 339.2728, 0.1582, 0, 64, 0
L 67.3473, 339.2728, 0.2728, 74.1517, 330.5989, 0.1582, 0, 64, 0
L 74.1517, 330.5989, 0.1582, 79.5404, 341.132, 0.1582, 0, 64, 0
L 48.838, 345.7142, 0.1582, 51.4418, 334.1159, 0.1582, 0, 64, 0
L 51.4418, 334.1159, 0.1582, 39.6129, 337.4898, 0.1612, 0, 64, 0
L 39.6129, 337.4898, 0.1582, 48.838, 345.7142, 0.1582, 0, 64, 0
L 7.2171, 384.7273, 0.1582, 2.5775, 373.8976, 0.1582, 0, 64, 0
L 2.5775, 373.8976, 0.1582, -5.1961, 383.7198, 0.1606, 0, 64, 0
L -5.1961, 383.7198, 0.1582, 7.2171, 384.7273, 0.1582, 0, 64, 0
L 65.2757, 149.6288, 0.1582, 56.9838, 139.2392, 0.1582, 0, 64, 0
L 56.9838, 139.2392, 0.1582, 68.2699, 137.8665, 0.1582, 0, 64, 0
L 65.2757, 149.6288, 0.1582, 68.2699, 140.7624, 0.1582, 0, 64, 0
L 151.9624, -28.7988, 0.1583, 162.723, -34.7175, 0.1605, 0, 64, 0
L 162.723, -34.7175, 0.1582, 153.1425, -41.2969, 0.1582, 0, 64, 0
L 153.1425, -41.2969, 0.1592, 151.9624, -28.7988, 0.1582, 0, 64, 0
L -224.8463, -173.5346, 1.6836, -213.905, -161.5011, 1.3973, 127, 64, 0
L -213.905, -161.5011, 0.3401, -173.175, -206.3041, 0.4718, 127, 64, 0
L -173.175, -206.3041, 1.117, -151.9715, -239.6194, 1.1902, 127, 64, 0
L -151.9715, -239.6194, 1.5264, -151.967, -272.5613, 1.68, 127, 64, 0
L -267.55, -198.9381, 38.3783, -285.2142, -198.7412, 32.7068, 240, 127, 0
L -270.3014, -166.9045, 18.2698, -250.348, -166.9026, 5.8727, 240, 127, 0
L -253.5319, -174.6353, 13.3682, -250.3462, -166.9024, 5.1893, 240, 127, 0
L -178.819, -207.8728, 9.1814, -213.2366, -207.8718, 9.3495, 240, 127, 0
L -221.383, -209.7717, 10.5999, -214.7605, -220.1596, 17.4188, 240, 127, 0
L -196.7564, -238.7179, 29.6004, -191.3049, -238.9404, 29.7361, 240, 127, 0
L -174.968, 29.2002, 1.6952, -174.9723, 20.765, 2.866, 127, 64, 0
L -444.8432, -117.4163, 27.5381, -444.8432, 94.4586, 23.9566, 127, 127, 127
L -444.8471, -73.2999, 16.672, -304.9091, -72.9988, 14.4108, 127, 127, 127
L -304.9091, -72.9988, 16.5452, -304.9089, -101.1984, 24.9878, 127, 127, 127
L -309.2309, -120.9685, 35.8061, -315.615, -120.9689, 39.4558, 127, 127, 127
L -304.9087, -124.8589, 29.6204, -304.9082, -135.9917, 20.5248, 0, 0, 0
L -304.9082, -135.9917, 20.5248, -304.9082, -135.9917, 19.9333, 0, 0, 0
L -325.1016, -122.9042, 40.7327, -406.7502, -122.903, 19.7427, 127, 127, 127
L -423.208, -122.9063, 14.6638, -444.7805, -122.9029, 8.8064, 127, 127, 127
L -443.9354, -135.5451, 8.9463, -444.7803, -122.9029, 9.3605, 127, 127, 127
L -332.7629, -264.9411, 0.1582, -335.978, -264.9395, 0.1582, 0, 0, 0
L -335.978, -264.9395, 0.1582, -337.8408, -266.3072, 0.1582, 0, 0, 0
L -337.8423, -272.3063, 0.1582, -337.8408, -266.3072, 0.1582, 0, 0, 0
L -337.8423, -272.3063, 0.1582, -326.2753, -283.8414, 0.1582, 0, 0, 0
L -326.2753, -283.8414, 0.1582, -322.4456, -283.8412, 0.1582, 0, 0, 0
L -322.4456, -283.8412, 0.1582, -311.91, -272.2825, 0.1582, 0, 0, 0
L -311.9042, -268.5373, 0.1582, -311.91, -272.2825, 0.1582, 0, 0, 0
L -311.9042, -268.5373, 0.1582, -322.4461, -256.9406, 0.1582, 0, 0, 0
L -322.4461, -256.9406, 0.1582, -328.4723, -256.9393, 0.1582, 0, 0, 0
L -329.8442, -259.6856, 0.1582, -328.4723, -256.9393, 0.1582, 0, 0, 0
L -325.5722, -259.8711, 0.1582, -329.8365, -262.701, 0.1582, 0, 0, 0
L -325.5994, -259.8829, 0.1582, -323.2884, -259.8903, 0.1582, 0, 0, 0
L -323.2884, -259.8903, 0.1582, -314.8546, -269.261, 0.1582, 0, 0, 0
L -314.8546, -269.261, 0.1582, -314.855, -271.5507, 0.1582, 0, 0, 0
L -314.855, -271.5507, 0.1582, -323.3385, -280.9089, 0.1582, 0, 0, 0
L -323.3385, -280.9089, 0.1582, -325.4904, -280.8944, 0.1582, 0, 0, 0
L -325.4904, -280.8944, 0.1582, -334.9091, -271.4857, 0.1582, 0, 0, 0
L -334.9091, -271.4857, 0.1582, -334.9094, -269.2112, 0.1582, 0, 0, 0
L -334.9094, -269.2112, 0.1582, -332.7629, -264.9411, 0.1582, 0, 0, 0
L -329.8442, -259.6856, 0.1582, -329.8365, -262.701, 0.1582, 0, 0, 0
P -176.7589, 665.2251, 1.6724, 0, 127, 0, 3, to_Greater_Faydark
P -240, 700, 1.6806, 0, 0, 0, 2, Map_by_Goodurden
