P 257.9916, -116.2321, -20.484, 0, 0, 127, 2, slave
P 104.8465, -226.5568, -13.1844, 0, 0, 127, 2, slave
P 24.8384, -281.3498, -20.614, 0, 0, 127, 2, slave
P -505.9553, -217.8111, -21.6341, 0, 0, 127, 2, slave
P -491.4302, -122.5464, -16.8415, 0, 0, 127, 2, slave
P -375.2567, -79.1046, -16.8415, 0, 0, 127, 2, slave
P -386.8808, -4.362, -16.8415, 0, 0, 127, 2, slave
P -395.307, -0.343, -16.9939, 127, 0, 0, 2, Rondo_Dunfire(Q)
P -755.9587, -42.2749, -20.9987, 0, 0, 127, 2, Dwarven_Smith
P -751.57, -83.795, -20.9987, 0, 0, 127, 2, Elven_Priest
P 134.657, -270.2239, -31.6617, 0, 0, 127, 2, Retlon_Brenclog(Q)
P 21.1915, -78.6415, -46.4667, 99, 0, 255, 1, Blood_Suspension
P 164.3213, -256.9282, 1.5521, 0, 0, 0, 2, Retlon_Brenclog
P -153.1785, -154.891, 16.3, 127, 0, 0, 2, Orc_Messenger(Pal2.0)
