P 26.4629, 166.3508, -541.7788,  240, 0, 0,  2,  a_hollow_crystal
P 943.5502, 593.2410, -537.2532,  240, 0, 0,  2,  a_crystal_purifier
P 76.8131, 174.4122, -554.2169,  240, 0, 0,  2,  a_life_leech
P 296.8367, 201.9989, -556.2418,  240, 0, 0,  2,  a_terror_carver
P 181.1616, 208.9861, -556.2359,  240, 0, 0,  2,  a_hollow_crystal
P 118.4132, 205.1304, -556.2359,  240, 0, 0,  2,  a_life_leech
P 931.4588, 552.1792, -538.7780,  240, 0, 0,  2,  a_crystal_lurker
P -63.5561, 449.8270, -511.4871,  240, 0, 0,  2,  a_life_leech
P 64.1218, 598.9633, -200.6920,  240, 0, 0,  2,  a_gem_collector
P 88.9116, 374.1207, -460.2785,  240, 0, 0,  2,  a_focus_gem
