L -75, -12, 100,  56, -12, 100,  0, 0, 153
L 56, -12, 100,  57, -41, 100,  0, 0, 153
L 57, -41, 100,  70, -54, 100,  0, 0, 153
L 70, -54, 100,  111, -54, 100,  0, 0, 153
L 111, -54, 100,  124, -41, 100,  0, 0, 153
L 124, -41, 100,  125, -12, 100,  0, 0, 153
L 125, -12, 100,  169, -13, 100,  0, 0, 153
L 169, -13, 100,  169, -27, 100,  0, 0, 153
L 169, -27, 100,  180, -38, 100,  0, 0, 153
L 180, -38, 100,  196, -40, 100,  0, 0, 153
L 196, -40, 100,  197, -55, 100,  0, 0, 153
L 197, -55, 100,  210, -68, 100,  0, 0, 153
L 210, -68, 100,  239, -68, 100,  0, 0, 153
L 239, -68, 100,  238, -99, 100,  0, 0, 153
L 238, -99, 100,  223, -99, 100,  0, 0, 153
L 223, -99, 100,  182, -85, 100,  0, 0, 153
L 182, -85, 100,  168, -113, 100,  0, 0, 153
L 168, -113, 100,  132, -125, 100,  0, 0, 153
L 132, -125, 100,  113, -153, 100,  0, 0, 153
L 113, -153, 100,  154, -194, 100,  0, 0, 153
L 154, -194, 100,  167, -194, 100,  0, 0, 153
L 167, -194, 100,  182, -203, 100,  0, 0, 153
L 182, -203, 100,  184, -198, 100,  0, 0, 153
L 184, -198, 100,  192, -181, 100,  0, 0, 153
L 192, -181, 100,  199, -186, 100,  0, 0, 153
L 199, -186, 100,  212, -186, 100,  0, 0, 153
L 212, -186, 100,  208, -182, 100,  0, 0, 153
L 208, -182, 100,  208, -154, 100,  0, 0, 153
L 208, -154, 100,  194, -124, 100,  0, 0, 153
L 194, -124, 100,  209, -124, 100,  0, 0, 153
L 209, -124, 100,  223, -110, 100,  0, 0, 153
L 223, -110, 100,  239, -110, 100,  0, 0, 153
L 239, -110, 100,  239, -139, 100,  0, 0, 153
L 239, -139, 100,  252, -152, 100,  0, 0, 153
L 252, -152, 100,  267, -152, 100,  0, 0, 153
L 267, -152, 100,  280, -166, 100,  0, 0, 153
L 280, -166, 100,  294, -166, 100,  0, 0, 153
L 294, -166, 100,  309, -182, 100,  0, 0, 153
L 309, -182, 100,  294, -197, 100,  0, 0, 153
L 294, -197, 100,  252, -183, 100,  0, 0, 153
L 252, -183, 100,  224, -197, 100,  0, 0, 153
L 224, -197, 100,  213, -188, 100,  0, 0, 153
L 213, -188, 100,  220, -194, 100,  0, 0, 153
L 220, -194, 100,  211, -200, 100,  0, 0, 153
L 211, -200, 100,  202, -201, 100,  0, 0, 153
L 202, -201, 100,  196, -192, 100,  0, 0, 153
L 196, -192, 100,  203, -203, 100,  0, 0, 153
L 203, -203, 100,  200, -215, 100,  0, 0, 153
L 200, -215, 100,  192, -210, 100,  0, 0, 153
L 192, -210, 100,  210, -222, 100,  0, 0, 153
L 210, -222, 100,  238, -250, 100,  0, 0, 153
L 238, -250, 100,  251, -250, 100,  0, 0, 153
L 251, -250, 100,  278, -236, 100,  0, 0, 153
L 278, -236, 100,  294, -208, 100,  0, 0, 153
L 294, -208, 100,  308, -222, 100,  0, 0, 153
L 308, -222, 100,  321, -222, 100,  0, 0, 153
L 321, -222, 100,  335, -208, 100,  0, 0, 153
L 335, -208, 100,  365, -223, 100,  0, 0, 153
L 365, -223, 100,  351, -238, 100,  0, 0, 153
L 351, -238, 100,  351, -251, 100,  0, 0, 153
L 351, -251, 100,  364, -264, 100,  0, 0, 153
L 364, -264, 100,  377, -264, 100,  0, 0, 153
L 377, -264, 100,  391, -250, 100,  0, 0, 153
L 391, -250, 100,  420, -264, 100,  0, 0, 153
L 420, -264, 100,  435, -264, 100,  0, 0, 153
L 435, -264, 100,  445, -276, 100,  0, 0, 153
L 445, -276, 100,  463, -302, 100,  0, 0, 153
L 463, -302, 100,  488, -306, 100,  0, 0, 153
L 488, -306, 100,  503, -263, 100,  0, 0, 153
L 503, -263, 100,  518, -278, 100,  0, 0, 153
L 518, -278, 100,  545, -278, 100,  0, 0, 153
L 545, -278, 100,  558, -265, 100,  0, 0, 153
L 558, -265, 100,  558, -252, 100,  0, 0, 153
L 558, -252, 100,  545, -239, 100,  0, 0, 153
L 545, -239, 100,  518, -239, 100,  0, 0, 153
L 518, -239, 100,  504, -253, 100,  0, 0, 153
L 504, -253, 100,  475, -198, 100,  0, 0, 153
L 475, -198, 100,  447, -211, 100,  0, 0, 153
L 447, -211, 100,  420, -197, 100,  0, 0, 153
L 420, -197, 100,  393, -224, 100,  0, 0, 153
L 393, -224, 100,  392, -239, 100,  0, 0, 153
L 392, -239, 100,  376, -224, 100,  0, 0, 153
L 376, -224, 100,  388, -199, 100,  0, 0, 153
L 388, -199, 100,  363, -183, 100,  0, 0, 153
L 363, -183, 100,  335, -197, 100,  0, 0, 153
L 335, -197, 100,  320, -181, 100,  0, 0, 153
L 320, -181, 100,  348, -166, 100,  0, 0, 153
L 348, -166, 100,  362, -153, 100,  0, 0, 153
L 362, -153, 100,  362, -142, 100,  0, 0, 153
L 362, -142, 100,  350, -138, 100,  0, 0, 153
L 350, -138, 100,  343, -142, 100,  0, 0, 153
L 343, -142, 100,  322, -151, 100,  0, 0, 153
L 322, -151, 100,  303, -142, 100,  0, 0, 153
L 303, -142, 100,  284, -138, 100,  0, 0, 153
L 284, -138, 100,  276, -131, 100,  0, 0, 153
L 276, -131, 100,  266, -141, 100,  0, 0, 153
L 266, -141, 100,  250, -112, 100,  0, 0, 153
L 250, -112, 100,  250, -69, 100,  0, 0, 153
L 250, -69, 100,  265, -40, 100,  0, 0, 153
L 265, -40, 100,  295, -41, 100,  0, 0, 153
L 295, -41, 100,  295, -97, 100,  0, 0, 153
L 295, -97, 100,  308, -110, 100,  0, 0, 153
L 308, -110, 100,  348, -110, 100,  0, 0, 153
L 346, -157, 100,  350, -156, 100,  0, 0, 153
L 350, -156, 100,  352, -151, 100,  0, 0, 153
L 352, -151, 100,  348, -147, 100,  0, 0, 153
L 348, -147, 100,  344, -149, 100,  0, 0, 153
L 344, -149, 100,  343, -153, 100,  0, 0, 153
L 343, -153, 100,  346, -157, 100,  0, 0, 153
L 346, -155, 100,  348, -151, 100,  0, 0, 153
L 350, -152, 100,  344, -153, 100,  0, 0, 153
L 414, -116, 100,  419, -123, 100,  0, 0, 153
L 419, -123, 100,  424, -125, 100,  0, 0, 153
L 424, -125, 100,  430, -126, 100,  0, 0, 153
L 430, -126, 100,  437, -122, 100,  0, 0, 153
L 437, -122, 100,  439, -118, 100,  0, 0, 153
L 439, -118, 100,  438, -111, 100,  0, 0, 153
L 438, -111, 100,  427, -104, 100,  0, 0, 153
L 427, -104, 100,  417, -114, 100,  0, 0, 153
L 400, -91, 100,  402, -84, 100,  0, 0, 153
L 402, -84, 100,  399, -74, 100,  0, 0, 153
L 399, -74, 100,  391, -72, 100,  0, 0, 153
L 391, -72, 100,  384, -73, 100,  0, 0, 153
L 384, -73, 100,  382, -78, 100,  0, 0, 153
L 382, -78, 100,  382, -83, 100,  0, 0, 153
L 382, -83, 100,  386, -91, 100,  0, 0, 153
L 386, -91, 100,  390, -94, 100,  0, 0, 153
L 390, -94, 100,  397, -93, 100,  0, 0, 153
L 397, -93, 100,  401, -90, 100,  0, 0, 153
L 401, -90, 100,  404, -84, 100,  0, 0, 153
L 349, -99, 100,  306, -99, 100,  0, 0, 153
L 306, -99, 100,  306, -40, 100,  0, 0, 153
L 306, -40, 100,  321, -40, 100,  0, 0, 153
L 321, -40, 100,  333, -27, 100,  0, 0, 153
L 333, -27, 100,  320, 0, 100,  0, 0, 153
L 320, 0, 100,  335, 15, 100,  0, 0, 153
L 335, 15, 100,  350, 1, 100,  0, 0, 153
L 350, 1, 100,  363, 1, 100,  0, 0, 153
L 363, 1, 100,  376, 14, 100,  0, 0, 153
L 376, 14, 100,  376, 27, 100,  0, 0, 153
L 376, 27, 100,  362, 41, 100,  0, 0, 153
L 362, 41, 100,  378, 57, 100,  0, 0, 153
L 378, 57, 100,  393, 57, 100,  0, 0, 153
L 393, 57, 100,  406, 29, 100,  0, 0, 153
L 406, 29, 100,  420, 29, 100,  0, 0, 153
L 420, 29, 100,  434, 1, 100,  0, 0, 153
L 434, 1, 100,  447, 1, 100,  0, 0, 153
L 447, 1, 100,  460, 14, 100,  0, 0, 153
L 460, 14, 100,  460, 27, 100,  0, 0, 153
L 460, 27, 100,  432, 55, 100,  0, 0, 153
L 432, 55, 100,  432, 69, 100,  0, 0, 153
L 432, 69, 100,  418, 84, 100,  0, 0, 153
L 418, 84, 100,  432, 98, 100,  0, 0, 153
L 432, 98, 100,  432, 111, 100,  0, 0, 153
L 432, 111, 100,  419, 124, 100,  0, 0, 153
L 419, 124, 100,  406, 124, 100,  0, 0, 153
L 406, 124, 100,  391, 110, 100,  0, 0, 153
L 391, 110, 100,  349, 124, 100,  0, 0, 153
L 349, 124, 100,  335, 138, 100,  0, 0, 153
L 335, 138, 100,  322, 138, 100,  0, 0, 153
L 322, 138, 100,  307, 124, 100,  0, 0, 153
L 307, 124, 100,  292, 166, 100,  0, 0, 153
L 292, 166, 100,  280, 166, 100,  0, 0, 153
L 280, 166, 100,  253, 139, 100,  0, 0, 153
L 253, 139, 100,  253, 126, 100,  0, 0, 153
L 253, 126, 100,  281, 98, 100,  0, 0, 153
L 281, 98, 100,  267, 69, 100,  0, 0, 153
L 267, 69, 100,  267, 56, 100,  0, 0, 153
L 267, 56, 100,  280, 43, 100,  0, 0, 153
L 280, 43, 100,  293, 43, 100,  0, 0, 153
L 293, 43, 100,  303, 53, 100,  0, 0, 153
L 303, 53, 100,  299, 64, 100,  0, 0, 153
L 299, 64, 100,  307, 82, 100,  0, 0, 153
L 307, 82, 100,  292, 98, 100,  0, 0, 153
L 292, 98, 100,  306, 113, 100,  0, 0, 153
L 306, 113, 100,  322, 99, 100,  0, 0, 153
L 322, 99, 100,  335, 99, 100,  0, 0, 153
L 335, 99, 100,  349, 113, 100,  0, 0, 153
L 349, 113, 100,  364, 99, 100,  0, 0, 153
L 364, 99, 100,  393, 98, 100,  0, 0, 153
L 393, 98, 100,  407, 83, 100,  0, 0, 153
L 407, 83, 100,  393, 69, 100,  0, 0, 153
L 393, 69, 100,  377, 68, 100,  0, 0, 153
L 377, 68, 100,  363, 82, 100,  0, 0, 153
L 363, 82, 100,  350, 82, 100,  0, 0, 153
L 350, 82, 100,  336, 68, 100,  0, 0, 153
L 336, 68, 100,  327, 72, 100,  0, 0, 153
L 327, 72, 100,  321, 75, 100,  0, 0, 153
L 321, 75, 100,  322, 57, 100,  0, 0, 153
L 322, 57, 100,  337, 57, 100,  0, 0, 153
L 337, 57, 100,  351, 41, 100,  0, 0, 153
L 351, 41, 100,  335, 26, 100,  0, 0, 153
L 335, 26, 100,  321, 40, 100,  0, 0, 153
L 321, 40, 100,  308, 40, 100,  0, 0, 153
L 308, 40, 100,  295, 27, 100,  0, 0, 153
L 295, 27, 100,  295, 14, 100,  0, 0, 153
L 295, 14, 100,  309, 0, 100,  0, 0, 153
L 309, 0, 100,  294, -15, 100,  0, 0, 153
L 294, -15, 100,  279, -2, 100,  0, 0, 153
L 279, -2, 100,  267, -14, 100,  0, 0, 153
L 267, -14, 100,  267, -28, 100,  0, 0, 153
L 267, -28, 100,  264, -29, 100,  0, 0, 153
L 264, -29, 100,  262, -35, 100,  0, 0, 153
L 262, -35, 100,  254, -35, 100,  0, 0, 153
L 254, -35, 100,  250, -33, 100,  0, 0, 153
L 250, -33, 100,  238, -57, 100,  0, 0, 153
L 238, -57, 100,  208, -57, 100,  0, 0, 153
L 208, -57, 100,  208, -42, 100,  0, 0, 153
L 208, -42, 100,  195, -29, 100,  0, 0, 153
L 195, -29, 100,  181, -29, 100,  0, 0, 153
L 181, -29, 100,  180, -1, 100,  0, 0, 153
L 180, -1, 100,  160, -1, 100,  0, 0, 153
L 160, -1, 100,  157, -3, 100,  0, 0, 153
L 157, -3, 100,  153, -6, 100,  0, 0, 153
L 153, -6, 100,  147, -4, 100,  0, 0, 153
L 147, -4, 100,  143, -1, 100,  0, 0, 153
L 143, -1, 100,  113, -1, 100,  0, 0, 153
L 113, -1, 100,  112, -43, 100,  0, 0, 153
L 112, -43, 100,  68, -43, 100,  0, 0, 153
L 68, -43, 100,  68, -6, 100,  0, 0, 153
L 68, -6, 100,  62, -4, 100,  0, 0, 153
L 62, -4, 100,  62, -3, 100,  0, 0, 153
L 62, -3, 100,  57, -1, 100,  0, 0, 153
L 57, -1, 100,  12, -1, 100,  0, 0, 153
L 12, -1, 100,  12, 12, 100,  0, 0, 153
L 12, 12, 100,  -40, 12, 100,  0, 0, 153
L -40, 12, 100,  -41, -1, 100,  0, 0, 153
L -41, -1, 100,  -84, -1, 100,  0, 0, 153
L 348, -110, 100,  351, -108, 100,  0, 0, 153
L 351, -108, 100,  363, -109, 100,  0, 0, 153
L 363, -109, 100,  370, -124, 100,  0, 0, 153
L 370, -124, 100,  393, -125, 100,  0, 0, 153
L 393, -125, 100,  420, -180, 100,  0, 0, 153
L 420, -180, 100,  471, -180, 100,  0, 0, 153
L 471, -180, 100,  488, -138, 100,  0, 0, 153
L 488, -138, 100,  495, -138, 100,  0, 0, 153
L 495, -138, 100,  498, -131, 100,  0, 0, 153
L 498, -131, 100,  516, -122, 100,  0, 0, 153
L 516, -122, 100,  519, -130, 100,  0, 0, 153
L 519, -130, 100,  523, -127, 100,  0, 0, 153
L 523, -127, 100,  531, -132, 100,  0, 0, 153
L 531, -132, 100,  536, -129, 100,  0, 0, 153
L 536, -129, 100,  544, -121, 100,  0, 0, 153
L 544, -121, 100,  544, -110, 100,  0, 0, 153
L 544, -110, 100,  551, -110, 100,  0, 0, 153
L 551, -110, 100,  555, -106, 100,  0, 0, 153
L 555, -106, 100,  558, -106, 100,  0, 0, 153
L 558, -106, 100,  561, -111, 100,  0, 0, 153
L 561, -111, 100,  561, -125, 100,  0, 0, 153
L 561, -125, 100,  574, -138, 100,  0, 0, 153
L 574, -138, 100,  589, -139, 100,  0, 0, 153
L 589, -139, 100,  589, -152, 100,  0, 0, 153
L 589, -152, 100,  600, -152, 100,  0, 0, 153
L 600, -152, 100,  600, -139, 100,  0, 0, 153
L 600, -139, 100,  617, -140, 100,  0, 0, 153
L 617, -140, 100,  617, -152, 100,  0, 0, 153
L 617, -152, 100,  628, -152, 100,  0, 0, 153
L 628, -152, 100,  628, -140, 100,  0, 0, 153
L 628, -140, 100,  643, -138, 100,  0, 0, 153
L 643, -138, 100,  655, -125, 100,  0, 0, 153
L 655, -125, 100,  642, -113, 100,  0, 0, 153
L 642, -113, 100,  642, -83, 100,  0, 0, 153
L 642, -83, 100,  655, -69, 100,  0, 0, 153
L 655, -69, 100,  643, -57, 100,  0, 0, 153
L 643, -57, 100,  628, -55, 100,  0, 0, 153
L 628, -55, 100,  628, -43, 100,  0, 0, 153
L 628, -43, 100,  617, -43, 100,  0, 0, 153
L 617, -43, 100,  617, -56, 100,  0, 0, 153
L 617, -56, 100,  600, -56, 100,  0, 0, 153
L 600, -56, 100,  600, -43, 100,  0, 0, 153
L 600, -43, 100,  589, -43, 100,  0, 0, 153
L 589, -43, 100,  589, -55, 100,  0, 0, 153
L 589, -55, 100,  574, -57, 100,  0, 0, 153
L 574, -57, 100,  561, -70, 100,  0, 0, 153
L 561, -70, 100,  561, -84, 100,  0, 0, 153
L 561, -84, 100,  558, -89, 100,  0, 0, 153
L 558, -89, 100,  554, -89, 100,  0, 0, 153
L 554, -89, 100,  551, -85, 100,  0, 0, 153
L 551, -85, 100,  544, -84, 100,  0, 0, 153
L 544, -84, 100,  544, -75, 100,  0, 0, 153
L 544, -75, 100,  537, -73, 100,  0, 0, 153
L 537, -73, 100,  525, -60, 100,  0, 0, 153
L 525, -60, 100,  508, -63, 100,  0, 0, 153
L 508, -63, 100,  500, -45, 100,  0, 0, 153
L 500, -45, 100,  501, -34, 100,  0, 0, 153
L 501, -34, 100,  488, -15, 100,  0, 0, 153
L 488, -15, 100,  476, -15, 100,  0, 0, 153
L 476, -15, 100,  448, -29, 100,  0, 0, 153
L 448, -29, 100,  418, -29, 100,  0, 0, 153
L 418, -29, 100,  405, -15, 100,  0, 0, 153
L 405, -15, 100,  364, -29, 100,  0, 0, 153
L 364, -29, 100,  351, -55, 100,  0, 0, 153
L 351, -55, 100,  365, -83, 100,  0, 0, 153
L 365, -83, 100,  369, -93, 100,  0, 0, 153
L 369, -93, 100,  365, -99, 100,  0, 0, 153
L 365, -99, 100,  356, -103, 100,  0, 0, 153
L 356, -103, 100,  349, -99, 100,  0, 0, 153
L 516, -124, 100,  516, -110, 100,  0, 0, 153
L 516, -110, 100,  526, -110, 100,  0, 0, 153
L 526, -110, 100,  527, -109, 100,  0, 0, 153
L 527, -109, 100,  530, -105, 100,  0, 0, 153
L 530, -105, 100,  534, -103, 100,  0, 0, 153
L 534, -103, 100,  548, -103, 100,  0, 0, 153
L 548, -103, 100,  547, -91, 100,  0, 0, 153
L 547, -91, 100,  535, -92, 100,  0, 0, 153
L 535, -92, 100,  530, -90, 100,  0, 0, 153
L 530, -90, 100,  527, -87, 100,  0, 0, 153
L 527, -87, 100,  526, -85, 100,  0, 0, 153
L 526, -85, 100,  516, -84, 100,  0, 0, 153
L 516, -84, 100,  517, -60, 100,  0, 0, 153
L 588, -117, 100,  635, -117, 100,  0, 0, 153
L 635, -117, 100,  634, -78, 100,  0, 0, 153
L 634, -78, 100,  588, -78, 100,  0, 0, 153
L 588, -78, 100,  588, -83, 100,  0, 0, 153
L 588, -83, 100,  630, -83, 100,  0, 0, 153
L 630, -83, 100,  630, -112, 100,  0, 0, 153
L 630, -112, 100,  588, -112, 100,  0, 0, 153
L 588, -112, 100,  588, -117, 100,  0, 0, 153
L 588, -112, 100,  588, -83, 100,  0, 0, 153
L 614, -109, 100,  614, -86, 100,  0, 0, 153
L 589, -85, 100,  642, -86, 100,  0, 0, 153
L 642, -86, 100,  646, -90, 100,  0, 0, 153
L 646, -90, 100,  651, -89, 100,  0, 0, 153
L 651, -89, 100,  654, -86, 100,  0, 0, 153
L 654, -86, 100,  673, -85, 100,  0, 0, 153
L 673, -85, 100,  673, -56, 100,  0, 0, 153
L 673, -56, 100,  686, -44, 100,  0, 0, 153
L 686, -44, 100,  713, -44, 100,  0, 0, 153
L 713, -44, 100,  729, -28, 100,  0, 0, 153
L 729, -28, 100,  729, -16, 100,  0, 0, 153
L 729, -16, 100,  739, -16, 100,  0, 0, 153
L 739, -16, 100,  739, -29, 100,  0, 0, 153
L 739, -29, 100,  755, -44, 100,  0, 0, 153
L 755, -44, 100,  782, -44, 100,  0, 0, 153
L 782, -44, 100,  795, -56, 100,  0, 0, 153
L 795, -56, 100,  795, -70, 100,  0, 0, 153
L 795, -70, 100,  809, -84, 100,  0, 0, 153
L 809, -84, 100,  809, -111, 100,  0, 0, 153
L 809, -111, 100,  795, -125, 100,  0, 0, 153
L 795, -125, 100,  795, -139, 100,  0, 0, 153
L 795, -139, 100,  782, -151, 100,  0, 0, 153
L 782, -151, 100,  754, -152, 100,  0, 0, 153
L 754, -152, 100,  740, -166, 100,  0, 0, 153
L 740, -166, 100,  739, -179, 100,  0, 0, 153
L 739, -179, 100,  729, -179, 100,  0, 0, 153
L 729, -179, 100,  729, -166, 100,  0, 0, 153
L 729, -166, 100,  715, -152, 100,  0, 0, 153
L 715, -152, 100,  686, -151, 100,  0, 0, 153
L 686, -151, 100,  673, -139, 100,  0, 0, 153
L 673, -139, 100,  673, -110, 100,  0, 0, 153
L 673, -110, 100,  654, -109, 100,  0, 0, 153
L 654, -109, 100,  650, -105, 100,  0, 0, 153
L 650, -105, 100,  647, -105, 100,  0, 0, 153
L 647, -105, 100,  642, -109, 100,  0, 0, 153
L 642, -109, 100,  589, -109, 100,  0, 0, 153
L 684, -127, 100,  701, -127, 100,  0, 0, 153
L 701, -127, 100,  701, -68, 100,  0, 0, 153
L 701, -68, 100,  684, -68, 100,  0, 0, 153
L 684, -68, 100,  683, -127, 100,  0, 0, 153
L 731, -110, 100,  766, -109, 100,  0, 0, 153
L 766, -109, 100,  765, -86, 100,  0, 0, 153
L 765, -86, 100,  731, -85, 100,  0, 0, 153
L 731, -85, 100,  732, -109, 100,  0, 0, 153
L 523, -86, 100,  523, -109, 100,  0, 0, 153
L 720, -113, 100,  779, -113, 100,  0, 153, 0
L 779, -113, 100,  778, -82, 100,  0, 153, 0
L 778, -82, 100,  719, -83, 100,  0, 153, 0
L 719, -83, 100,  719, -113, 100,  0, 153, 0
L 824, -111, 100,  811, -124, 100,  0, 153, 0
L 811, -124, 100,  796, -124, 100,  0, 153, 0
L 796, -124, 100,  796, -138, 100,  0, 153, 0
L 796, -138, 100,  701, -138, 100,  0, 153, 0
L 701, -138, 100,  700, -124, 100,  0, 153, 0
L 700, -124, 100,  686, -124, 100,  0, 153, 0
L 686, -124, 100,  673, -111, 100,  0, 153, 0
L 673, -111, 100,  673, -84, 100,  0, 153, 0
L 673, -84, 100,  686, -71, 100,  0, 153, 0
L 686, -71, 100,  701, -70, 100,  0, 153, 0
L 701, -70, 100,  701, -31, 100,  0, 153, 0
L 701, -31, 100,  694, -20, 100,  0, 153, 0
L 694, -20, 100,  701, 19, 100,  0, 153, 0
L 701, 19, 100,  727, 26, 100,  0, 153, 0
L 727, 26, 100,  769, 26, 100,  0, 153, 0
L 769, 26, 100,  796, 19, 100,  0, 153, 0
L 796, 19, 100,  803, -20, 100,  0, 153, 0
L 803, -20, 100,  796, -31, 100,  0, 153, 0
L 796, -31, 100,  797, -45, 100,  0, 153, 0
L 797, -45, 100,  801, -43, 100,  0, 153, 0
L 801, -54, 100,  801, -51, 100,  0, 153, 0
L 801, -51, 100,  796, -54, 100,  0, 153, 0
L 796, -54, 100,  796, -70, 100,  0, 153, 0
L 796, -70, 100,  811, -71, 100,  0, 153, 0
L 811, -71, 100,  824, -84, 100,  0, 153, 0
L 824, -84, 100,  824, -91, 100,  0, 153, 0
L 824, -91, 100,  827, -91, 100,  0, 153, 0
L 827, -91, 100,  829, -85, 100,  0, 153, 0
L 829, -110, 100,  828, -102, 100,  0, 153, 0
L 828, -102, 100,  823, -103, 100,  0, 153, 0
L 823, -103, 100,  824, -111, 100,  0, 153, 0
L 694, -107, 100,  694, -87, 100,  0, 153, 0
L 694, -87, 100,  685, -88, 100,  0, 153, 0
L 685, -88, 100,  685, -107, 100,  0, 153, 0
L 685, -107, 100,  694, -107, 100,  0, 153, 0
L 739, -31, 100,  739, 15, 100,  0, 153, 0
L 739, 15, 100,  759, 15, 100,  0, 153, 0
L 759, 15, 100,  758, -31, 100,  0, 153, 0
L 755, -27, 100,  739, -27, 100,  0, 153, 0
L 829, -110, 100,  840, -110, 100,  0, 153, 0
L 840, -110, 100,  854, -124, 100,  0, 153, 0
L 854, -124, 100,  861, -124, 100,  0, 153, 0
L 861, -124, 100,  862, -120, 100,  0, 153, 0
L 862, -120, 100,  873, -110, 100,  0, 153, 0
L 873, -110, 100,  878, -108, 100,  0, 153, 0
L 878, -108, 100,  881, -110, 100,  0, 153, 0
L 881, -110, 100,  896, -110, 100,  0, 153, 0
L 896, -110, 100,  900, -121, 100,  0, 153, 0
L 900, -121, 100,  904, -118, 100,  0, 153, 0
L 904, -118, 100,  909, -118, 100,  0, 153, 0
L 909, -118, 100,  905, -123, 100,  0, 153, 0
L 905, -123, 100,  910, -125, 100,  0, 153, 0
L 910, -125, 100,  911, -140, 100,  0, 153, 0
L 911, -140, 100,  869, -141, 100,  0, 153, 0
L 869, -141, 100,  868, -155, 100,  0, 153, 0
L 868, -155, 100,  841, -155, 100,  0, 153, 0
L 841, -155, 100,  840, -183, 100,  0, 153, 0
L 840, -183, 100,  824, -183, 100,  0, 153, 0
L 824, -183, 100,  811, -169, 100,  0, 153, 0
L 811, -169, 100,  784, -169, 100,  0, 153, 0
L 784, -169, 100,  770, -183, 100,  0, 153, 0
L 770, -183, 100,  755, -183, 100,  0, 153, 0
L 755, -183, 100,  740, -169, 100,  0, 153, 0
L 740, -169, 100,  740, -155, 100,  0, 153, 0
L 740, -155, 100,  729, -155, 100,  0, 153, 0
L 729, -155, 100,  729, -168, 100,  0, 153, 0
L 729, -168, 100,  714, -183, 100,  0, 153, 0
L 714, -183, 100,  687, -183, 100,  0, 153, 0
L 687, -183, 100,  687, -194, 100,  0, 153, 0
L 687, -194, 100,  714, -194, 100,  0, 153, 0
L 714, -194, 100,  729, -209, 100,  0, 153, 0
L 729, -209, 100,  728, -225, 100,  0, 153, 0
L 728, -225, 100,  715, -225, 100,  0, 153, 0
L 715, -225, 100,  715, -236, 100,  0, 153, 0
L 715, -236, 100,  728, -236, 100,  0, 153, 0
L 728, -236, 100,  728, -266, 100,  0, 153, 0
L 728, -266, 100,  715, -267, 100,  0, 153, 0
L 715, -267, 100,  715, -279, 100,  0, 153, 0
L 715, -279, 100,  729, -293, 100,  0, 153, 0
L 729, -293, 100,  729, -298, 100,  0, 153, 0
L 740, -298, 100,  740, -293, 100,  0, 153, 0
L 740, -293, 100,  754, -279, 100,  0, 153, 0
L 754, -279, 100,  754, -267, 100,  0, 153, 0
L 754, -267, 100,  740, -266, 100,  0, 153, 0
L 740, -266, 100,  740, -236, 100,  0, 153, 0
L 740, -236, 100,  754, -236, 100,  0, 153, 0
L 754, -236, 100,  754, -225, 100,  0, 153, 0
L 754, -225, 100,  740, -224, 100,  0, 153, 0
L 740, -224, 100,  740, -210, 100,  0, 153, 0
L 740, -210, 100,  755, -194, 100,  0, 153, 0
L 755, -194, 100,  770, -194, 100,  0, 153, 0
L 770, -194, 100,  784, -208, 100,  0, 153, 0
L 784, -208, 100,  811, -208, 100,  0, 153, 0
L 811, -208, 100,  824, -194, 100,  0, 153, 0
L 824, -194, 100,  852, -194, 100,  0, 153, 0
L 852, -194, 100,  852, -166, 100,  0, 153, 0
L 852, -166, 100,  880, -166, 100,  0, 153, 0
L 880, -166, 100,  880, -152, 100,  0, 153, 0
L 880, -152, 100,  924, -152, 100,  0, 153, 0
L 924, -152, 100,  923, -170, 100,  0, 153, 0
L 923, -170, 100,  919, -171, 100,  0, 153, 0
L 919, -171, 100,  918, -169, 100,  0, 153, 0
L 918, -169, 100,  897, -169, 100,  0, 153, 0
L 897, -169, 100,  896, -182, 100,  0, 153, 0
L 896, -182, 100,  882, -183, 100,  0, 153, 0
L 882, -183, 100,  881, -184, 100,  0, 153, 0
L 881, -184, 100,  881, -193, 100,  0, 153, 0
L 881, -193, 100,  882, -194, 100,  0, 153, 0
L 882, -194, 100,  896, -194, 100,  0, 153, 0
L 896, -194, 100,  897, -208, 100,  0, 153, 0
L 897, -208, 100,  911, -209, 100,  0, 153, 0
L 911, -209, 100,  911, -228, 100,  0, 153, 0
L 911, -228, 100,  913, -229, 100,  0, 153, 0
L 913, -229, 100,  912, -232, 100,  0, 153, 0
L 912, -232, 100,  911, -233, 100,  0, 153, 0
L 911, -233, 100,  910, -239, 100,  0, 153, 0
L 910, -239, 100,  897, -239, 100,  0, 153, 0
L 897, -239, 100,  896, -253, 100,  0, 153, 0
L 896, -253, 100,  883, -253, 100,  0, 153, 0
L 883, -253, 100,  883, -264, 100,  0, 153, 0
L 883, -264, 100,  896, -264, 100,  0, 153, 0
L 896, -264, 100,  897, -278, 100,  0, 153, 0
L 897, -278, 100,  936, -278, 100,  0, 153, 0
L 936, -278, 100,  936, -239, 100,  0, 153, 0
L 936, -239, 100,  922, -239, 100,  0, 153, 0
L 922, -239, 100,  922, -233, 100,  0, 153, 0
L 922, -233, 100,  920, -233, 100,  0, 153, 0
L 920, -233, 100,  920, -227, 100,  0, 153, 0
L 920, -227, 100,  922, -228, 100,  0, 153, 0
L 922, -228, 100,  922, -222, 100,  0, 153, 0
L 922, -222, 100,  936, -222, 100,  0, 153, 0
L 936, -222, 100,  938, -221, 100,  0, 153, 0
L 938, -221, 100,  938, -212, 100,  0, 153, 0
L 938, -212, 100,  936, -211, 100,  0, 153, 0
L 936, -211, 100,  922, -210, 100,  0, 153, 0
L 922, -210, 100,  922, -197, 100,  0, 153, 0
L 922, -197, 100,  908, -197, 100,  0, 153, 0
L 908, -197, 100,  908, -180, 100,  0, 153, 0
L 908, -180, 100,  918, -180, 100,  0, 153, 0
L 918, -180, 100,  918, -179, 100,  0, 153, 0
L 918, -179, 100,  921, -178, 100,  0, 153, 0
L 921, -178, 100,  923, -180, 100,  0, 153, 0
L 923, -180, 100,  938, -180, 100,  0, 153, 0
L 938, -180, 100,  938, -178, 100,  0, 153, 0
L 938, -178, 100,  942, -178, 100,  0, 153, 0
L 942, -178, 100,  943, -180, 100,  0, 153, 0
L 943, -180, 100,  952, -180, 100,  0, 153, 0
L 952, -180, 100,  953, -194, 100,  0, 153, 0
L 953, -194, 100,  966, -194, 100,  0, 153, 0
L 966, -194, 100,  967, -222, 100,  0, 153, 0
L 967, -222, 100,  992, -222, 100,  0, 153, 0
L 992, -222, 100,  992, -208, 100,  0, 153, 0
L 992, -208, 100,  1006, -208, 100,  0, 153, 0
L 1006, -208, 100,  1006, -139, 100,  0, 153, 0
L 1006, -139, 100,  1020, -138, 100,  0, 153, 0
L 1020, -138, 100,  1034, -125, 100,  0, 153, 0
L 1034, -125, 100,  1034, -112, 100,  0, 153, 0
L 1034, -112, 100,  1020, -99, 100,  0, 153, 0
L 1020, -99, 100,  1008, -99, 100,  0, 153, 0
L 1008, -99, 100,  995, -112, 100,  0, 153, 0
L 995, -112, 100,  994, -127, 100,  0, 153, 0
L 994, -127, 100,  981, -127, 100,  0, 153, 0
L 981, -127, 100,  981, -139, 100,  0, 153, 0
L 981, -139, 100,  995, -154, 100,  0, 153, 0
L 995, -154, 100,  994, -183, 100,  0, 153, 0
L 994, -183, 100,  978, -182, 100,  0, 153, 0
L 978, -182, 100,  978, -155, 100,  0, 153, 0
L 978, -155, 100,  964, -154, 100,  0, 153, 0
L 964, -154, 100,  964, -141, 100,  0, 153, 0
L 964, -141, 100,  953, -141, 100,  0, 153, 0
L 953, -141, 100,  952, -169, 100,  0, 153, 0
L 952, -169, 100,  943, -169, 100,  0, 153, 0
L 943, -169, 100,  943, -170, 100,  0, 153, 0
L 943, -170, 100,  939, -171, 100,  0, 153, 0
L 939, -171, 100,  938, -169, 100,  0, 153, 0
L 938, -169, 100,  936, -169, 100,  0, 153, 0
L 936, -169, 100,  936, -141, 100,  0, 153, 0
L 936, -141, 100,  922, -141, 100,  0, 153, 0
L 922, -141, 100,  922, -112, 100,  0, 153, 0
L 922, -112, 100,  919, -109, 100,  0, 153, 0
L 919, -109, 100,  914, -111, 100,  0, 153, 0
L 914, -111, 100,  913, -108, 100,  0, 153, 0
L 913, -108, 100,  915, -105, 100,  0, 153, 0
L 915, -105, 100,  908, -98, 100,  0, 153, 0
L 908, -98, 100,  908, -84, 100,  0, 153, 0
L 908, -84, 100,  880, -69, 100,  0, 153, 0
L 880, -69, 100,  890, -62, 100,  0, 153, 0
L 890, -62, 100,  900, -52, 100,  0, 153, 0
L 900, -52, 100,  904, -60, 100,  0, 153, 0
L 904, -60, 100,  914, -66, 100,  0, 153, 0
L 914, -66, 100,  922, -66, 100,  0, 153, 0
L 922, -66, 100,  933, -55, 100,  0, 153, 0
L 933, -55, 100,  928, -45, 100,  0, 153, 0
L 928, -45, 100,  922, -39, 100,  0, 153, 0
L 922, -39, 100,  934, -31, 100,  0, 153, 0
L 934, -31, 100,  935, -22, 100,  0, 153, 0
L 935, -22, 100,  924, -7, 100,  0, 153, 0
L 924, -7, 100,  916, -2, 100,  0, 153, 0
L 916, -2, 100,  917, 11, 100,  0, 153, 0
L 917, 11, 100,  910, 20, 100,  0, 153, 0
L 910, 20, 100,  896, 18, 100,  0, 153, 0
L 896, 18, 100,  888, 8, 100,  0, 153, 0
L 888, 8, 100,  878, 20, 100,  0, 153, 0
L 878, 20, 100,  868, 20, 100,  0, 153, 0
L 868, 20, 100,  860, 11, 100,  0, 153, 0
L 860, 11, 100,  863, 4, 100,  0, 153, 0
L 863, 4, 100,  862, -1, 100,  0, 153, 0
L 862, -1, 100,  858, -4, 100,  0, 153, 0
L 858, -4, 100,  859, -5, 100,  0, 153, 0
L 859, -5, 100,  868, -18, 100,  0, 153, 0
L 868, -18, 100,  868, -28, 100,  0, 153, 0
L 868, -28, 100,  852, -43, 100,  0, 153, 0
L 852, -43, 100,  838, -15, 100,  0, 153, 0
L 838, -15, 100,  831, -16, 100,  0, 153, 0
L 831, -16, 100,  832, -21, 100,  0, 153, 0
L 832, -21, 100,  827, -29, 100,  0, 153, 0
L 827, -29, 100,  822, -32, 100,  0, 153, 0
L 822, -32, 100,  816, -31, 100,  0, 153, 0
L 816, -31, 100,  815, -31, 100,  0, 153, 0
L 815, -31, 100,  813, -42, 100,  0, 153, 0
L 813, -42, 100,  801, -43, 100,  0, 153, 0
L 801, -54, 100,  812, -54, 100,  0, 153, 0
L 812, -54, 100,  826, -68, 100,  0, 153, 0
L 826, -68, 100,  839, -68, 100,  0, 153, 0
L 839, -68, 100,  853, -54, 100,  0, 153, 0
L 853, -54, 100,  869, -69, 100,  0, 153, 0
L 869, -69, 100,  868, -99, 100,  0, 153, 0
L 868, -99, 100,  853, -99, 100,  0, 153, 0
L 853, -99, 100,  839, -85, 100,  0, 153, 0
L 839, -85, 100,  829, -85, 100,  0, 153, 0
L 775, -15, 100,  785, -14, 100,  0, 153, 0
L 785, -14, 100,  784, -4, 100,  0, 153, 0
L 784, -4, 100,  775, -4, 100,  0, 153, 0
L 775, -4, 100,  776, -16, 100,  0, 153, 0
L 721, -16, 100,  721, -4, 100,  0, 153, 0
L 721, -4, 100,  713, -4, 100,  0, 153, 0
L 713, -4, 100,  712, -15, 100,  0, 153, 0
L 712, -15, 100,  722, -15, 100,  0, 153, 0
L 729, -298, 100,  731, -299, 100,  0, 153, 0
L 731, -299, 100,  730, -303, 100,  0, 153, 0
L 730, -303, 100,  729, -303, 100,  0, 153, 0
L 729, -303, 100,  729, -320, 100,  0, 153, 0
L 729, -320, 100,  740, -320, 100,  0, 153, 0
L 740, -320, 100,  740, -303, 100,  0, 153, 0
L 740, -303, 100,  738, -302, 100,  0, 153, 0
L 738, -302, 100,  738, -298, 100,  0, 153, 0
L 738, -298, 100,  740, -298, 100,  0, 153, 0
L 754, 12, 100,  754, -26, 100,  0, 0, 0
L 754, -26, 100,  743, -26, 100,  0, 0, 0
L 743, -26, 100,  743, 12, 100,  0, 0, 0
L 743, 12, 100,  744, 12, 100,  0, 0, 0
L 744, 12, 100,  745, 18, 100,  0, 0, 0
L 745, 18, 100,  743, 19, 100,  0, 0, 0
L 743, 19, 100,  743, 28, 100,  0, 0, 0
L 743, 28, 100,  729, 29, 100,  0, 0, 0
L 729, 29, 100,  729, 68, 100,  0, 0, 0
L 729, 68, 100,  768, 65, 100,  0, 0, 0
L 768, 65, 100,  768, 29, 100,  0, 0, 0
L 768, 29, 100,  754, 28, 100,  0, 0, 0
L 754, 28, 100,  754, 19, 100,  0, 0, 0
L 754, 19, 100,  752, 19, 100,  0, 0, 0
L 752, 19, 100,  751, 13, 100,  0, 0, 0
L 751, 13, 100,  754, 12, 100,  0, 0, 0
L 744, 19, 100,  744, 12, 100,  0, 0, 0
L 744, 12, 100,  737, 10, 100,  0, 0, 0
L 737, 10, 100,  737, 1, 100,  0, 0, 0
L 737, 1, 100,  743, 2, 100,  0, 0, 0
L 743, 2, 100,  744, -5, 100,  0, 0, 0
L 744, -5, 100,  753, -4, 100,  0, 0, 0
L 753, -4, 100,  752, 3, 100,  0, 0, 0
L 752, 3, 100,  759, 3, 100,  0, 0, 0
L 759, 3, 100,  759, 10, 100,  0, 0, 0
L 759, 10, 100,  753, 11, 100,  0, 0, 0
L 753, 11, 100,  752, 19, 100,  0, 0, 0
L 743, 28, 100,  743, 27, 100,  0, 0, 0
L 743, 27, 100,  729, 13, 100,  0, 0, 0
L 729, 13, 100,  727, 12, 100,  0, 0, 0
L 727, 12, 100,  726, 10, 100,  0, 0, 0
L 726, 10, 100,  722, 10, 100,  0, 0, 0
L 722, 10, 100,  722, 12, 100,  0, 0, 0
L 722, 12, 100,  713, 12, 100,  0, 0, 0
L 713, 12, 100,  699, 26, 100,  0, 0, 0
L 699, 26, 100,  686, 26, 100,  0, 0, 0
L 686, 26, 100,  672, 12, 100,  0, 0, 0
L 672, 12, 100,  629, 12, 100,  0, 0, 0
L 629, 12, 100,  628, 54, 100,  0, 0, 0
L 628, 54, 100,  589, 54, 100,  0, 0, 0
L 589, 54, 100,  588, 40, 100,  0, 0, 0
L 588, 40, 100,  574, 40, 100,  0, 0, 0
L 574, 40, 100,  560, 26, 100,  0, 0, 0
L 560, 26, 100,  547, 26, 100,  0, 0, 0
L 547, 26, 100,  547, 15, 100,  0, 0, 0
L 547, 15, 100,  561, 15, 100,  0, 0, 0
L 561, 15, 100,  561, -1, 100,  0, 0, 0
L 561, -1, 100,  547, -1, 100,  0, 0, 0
L 547, -1, 100,  546, -12, 100,  0, 0, 0
L 546, -12, 100,  560, -12, 100,  0, 0, 0
L 560, -12, 100,  574, -26, 100,  0, 0, 0
L 574, -26, 100,  589, -27, 100,  0, 0, 0
L 589, -27, 100,  589, -40, 100,  0, 0, 0
L 589, -40, 100,  629, -40, 100,  0, 0, 0
L 629, -40, 100,  631, -56, 100,  0, 0, 0
L 631, -56, 100,  603, -57, 100,  0, 0, 0
L 603, -57, 100,  602, -85, 100,  0, 0, 0
L 602, -85, 100,  588, -85, 100,  0, 0, 0
L 588, -85, 100,  575, -98, 100,  0, 0, 0
L 575, -98, 100,  574, -113, 100,  0, 0, 0
L 574, -113, 100,  561, -113, 100,  0, 0, 0
L 561, -113, 100,  561, -124, 100,  0, 0, 0
L 561, -124, 100,  574, -124, 100,  0, 0, 0
L 574, -124, 100,  575, -140, 100,  0, 0, 0
L 575, -140, 100,  561, -141, 100,  0, 0, 0
L 561, -141, 100,  561, -152, 100,  0, 0, 0
L 561, -152, 100,  574, -152, 100,  0, 0, 0
L 574, -152, 100,  588, -166, 100,  0, 0, 0
L 588, -166, 100,  575, -196, 100,  0, 0, 0
L 575, -196, 100,  575, -222, 100,  0, 0, 0
L 575, -222, 100,  602, -236, 100,  0, 0, 0
L 602, -236, 100,  615, -236, 100,  0, 0, 0
L 615, -236, 100,  642, -222, 100,  0, 0, 0
L 642, -222, 100,  642, -196, 100,  0, 0, 0
L 642, -196, 100,  628, -168, 100,  0, 0, 0
L 628, -168, 100,  642, -152, 100,  0, 0, 0
L 642, -152, 100,  656, -152, 100,  0, 0, 0
L 656, -152, 100,  656, -141, 100,  0, 0, 0
L 656, -141, 100,  642, -140, 100,  0, 0, 0
L 642, -140, 100,  642, -125, 100,  0, 0, 0
L 642, -125, 100,  656, -124, 100,  0, 0, 0
L 656, -124, 100,  656, -113, 100,  0, 0, 0
L 656, -113, 100,  642, -113, 100,  0, 0, 0
L 642, -113, 100,  642, -98, 100,  0, 0, 0
L 642, -98, 100,  629, -85, 100,  0, 0, 0
L 629, -85, 100,  614, -84, 100,  0, 0, 0
L 614, -84, 100,  615, -68, 100,  0, 0, 0
L 615, -68, 100,  658, -68, 100,  0, 0, 0
L 658, -68, 100,  672, -82, 100,  0, 0, 0
L 672, -82, 100,  685, -82, 100,  0, 0, 0
L 685, -82, 100,  698, -69, 100,  0, 0, 0
L 698, -69, 100,  698, -56, 100,  0, 0, 0
L 698, -56, 100,  685, -43, 100,  0, 0, 0
L 685, -43, 100,  672, -43, 100,  0, 0, 0
L 672, -43, 100,  657, -57, 100,  0, 0, 0
L 657, -57, 100,  642, -56, 100,  0, 0, 0
L 642, -56, 100,  642, -29, 100,  0, 0, 0
L 642, -29, 100,  600, -28, 100,  0, 0, 0
L 600, -28, 100,  600, 42, 100,  0, 0, 0
L 600, 42, 100,  616, 43, 100,  0, 0, 0
L 616, 43, 100,  617, 1, 100,  0, 0, 0
L 617, 1, 100,  672, 1, 100,  0, 0, 0
L 672, 1, 100,  686, -12, 100,  0, 0, 0
L 686, -12, 100,  699, -12, 100,  0, 0, 0
L 699, -12, 100,  713, 1, 100,  0, 0, 0
L 713, 1, 100,  722, 1, 100,  0, 0, 0
L 722, 1, 100,  722, 3, 100,  0, 0, 0
L 722, 3, 100,  726, 3, 100,  0, 0, 0
L 726, 3, 100,  727, 1, 100,  0, 0, 0
L 727, 1, 100,  728, 1, 100,  0, 0, 0
L 728, 1, 100,  743, -13, 100,  0, 0, 0
L 743, -13, 100,  743, -14, 100,  0, 0, 0
L 743, -14, 100,  744, -14, 100,  0, 0, 0
L 744, -14, 100,  744, -19, 100,  0, 0, 0
L 744, -19, 100,  743, -19, 100,  0, 0, 0
L 743, -19, 100,  743, -28, 100,  0, 0, 0
L 743, -28, 100,  729, -42, 100,  0, 0, 0
L 729, -42, 100,  729, -55, 100,  0, 0, 0
L 729, -55, 100,  742, -68, 100,  0, 0, 0
L 742, -68, 100,  755, -68, 100,  0, 0, 0
L 755, -68, 100,  769, -54, 100,  0, 0, 0
L 769, -54, 100,  810, -54, 100,  0, 0, 0
L 810, -54, 100,  810, -13, 100,  0, 0, 0
L 810, -13, 100,  824, -1, 100,  0, 0, 0
L 824, -1, 100,  824, 13, 100,  0, 0, 0
L 824, 13, 100,  811, 26, 100,  0, 0, 0
L 811, 26, 100,  798, 26, 100,  0, 0, 0
L 798, 26, 100,  784, 12, 100,  0, 0, 0
L 784, 12, 100,  775, 12, 100,  0, 0, 0
L 754, -19, 100,  752, -19, 100,  0, 0, 0
L 752, -19, 100,  752, -15, 100,  0, 0, 0
L 752, -15, 100,  754, -14, 100,  0, 0, 0
L 754, -14, 100,  754, -13, 100,  0, 0, 0
L 754, -13, 100,  768, -1, 100,  0, 0, 0
L 768, -1, 100,  770, 1, 100,  0, 0, 0
L 770, 1, 100,  770, 3, 100,  0, 0, 0
L 770, 3, 100,  774, 2, 100,  0, 0, 0
L 774, 2, 100,  775, 1, 100,  0, 0, 0
L 775, 1, 100,  784, 1, 100,  0, 0, 0
L 784, 1, 100,  799, -13, 100,  0, 0, 0
L 799, -13, 100,  798, -43, 100,  0, 0, 0
L 798, -43, 100,  769, -43, 100,  0, 0, 0
L 769, -43, 100,  754, -27, 100,  0, 0, 0
L 754, -27, 100,  754, -19, 100,  0, 0, 0
L 775, 12, 100,  774, 10, 100,  0, 0, 0
L 774, 10, 100,  770, 10, 100,  0, 0, 0
L 770, 10, 100,  770, 12, 100,  0, 0, 0
L 770, 12, 100,  769, 12, 100,  0, 0, 0
L 769, 12, 100,  754, 26, 100,  0, 0, 0
L 754, 26, 100,  754, 28, 100,  0, 0, 0
L 754, 28, 100,  752, 29, 100,  0, 0, 0
L 752, 29, 100,  752, 32, 100,  0, 0, 0
L 752, 32, 100,  754, 33, 100,  0, 0, 0
L 754, 33, 100,  754, 42, 100,  0, 0, 0
L 754, 42, 100,  768, 56, 100,  0, 0, 0
L 768, 56, 100,  768, 69, 100,  0, 0, 0
L 768, 69, 100,  754, 83, 100,  0, 0, 0
L 754, 83, 100,  754, 124, 100,  0, 0, 0
L 754, 124, 100,  687, 124, 100,  0, 0, 0
L 687, 124, 100,  687, 103, 100,  0, 0, 0
L 687, 103, 100,  688, 103, 100,  0, 0, 0
L 688, 103, 100,  688, 98, 100,  0, 0, 0
L 688, 98, 100,  687, 98, 100,  0, 0, 0
L 687, 98, 100,  687, 97, 100,  0, 0, 0
L 687, 97, 100,  658, 96, 100,  0, 0, 0
L 658, 96, 100,  645, 83, 100,  0, 0, 0
L 645, 83, 100,  645, 56, 100,  0, 0, 0
L 645, 56, 100,  658, 43, 100,  0, 0, 0
L 658, 43, 100,  699, 43, 100,  0, 0, 0
L 699, 43, 100,  712, 56, 100,  0, 0, 0
L 712, 56, 100,  712, 83, 100,  0, 0, 0
L 712, 83, 100,  699, 96, 100,  0, 0, 0
L 699, 96, 100,  698, 98, 100,  0, 0, 0
L 698, 98, 100,  697, 98, 100,  0, 0, 0
L 697, 98, 100,  695, 101, 100,  0, 0, 0
L 695, 101, 100,  698, 103, 100,  0, 0, 0
L 698, 103, 100,  699, 113, 100,  0, 0, 0
L 699, 113, 100,  742, 113, 100,  0, 0, 0
L 742, 113, 100,  743, 84, 100,  0, 0, 0
L 743, 84, 100,  729, 69, 100,  0, 0, 0
L 729, 69, 100,  729, 56, 100,  0, 0, 0
L 729, 56, 100,  743, 42, 100,  0, 0, 0
L 743, 42, 100,  743, 33, 100,  0, 0, 0
L 743, 33, 100,  745, 32, 100,  0, 0, 0
L 745, 32, 100,  745, 29, 100,  0, 0, 0
L 745, 29, 100,  743, 28, 100,  0, 0, 0
L 566, 3, 100,  570, -1, 100,  0, 0, 0
L 570, -1, 100,  559, -10, 100,  0, 0, 0
L 559, -10, 100,  555, -5, 100,  0, 0, 0
L 555, -5, 100,  567, 5, 100,  0, 0, 0
L 546, -8, 100,  536, -8, 100,  0, 0, 0
L 536, -8, 100,  536, -12, 100,  0, 0, 0
L 536, -12, 100,  545, -12, 100,  0, 0, 0
L 534, -12, 100,  534, -1, 100,  0, 0, 0
L 534, -1, 100,  479, -1, 100,  0, 0, 0
L 479, -1, 100,  478, -3, 100,  0, 0, 0
L 478, -3, 100,  475, -3, 100,  0, 0, 0
L 475, -3, 100,  474, 13, 100,  0, 0, 0
L 474, 13, 100,  461, 26, 100,  0, 0, 0
L 461, 26, 100,  378, 26, 100,  0, 0, 0
L 378, 26, 100,  365, -1, 100,  0, 0, 0
L 365, -1, 100,  365, -27, 100,  0, 0, 0
L 365, -27, 100,  378, -40, 100,  0, 0, 0
L 378, -40, 100,  390, -40, 100,  0, 0, 0
L 390, -40, 100,  390, -1, 100,  0, 0, 0
L 390, -1, 100,  433, -1, 100,  0, 0, 0
L 433, -1, 100,  422, -40, 100,  0, 0, 0
L 422, -40, 100,  461, -40, 100,  0, 0, 0
L 461, -40, 100,  474, -27, 100,  0, 0, 0
L 474, -27, 100,  475, -10, 100,  0, 0, 0
L 475, -10, 100,  478, -10, 100,  0, 0, 0
L 478, -10, 100,  479, -12, 100,  0, 0, 0
L 479, -12, 100,  534, -12, 100,  0, 0, 0
L 421, -42, 100,  435, -1, 100,  0, 0, 0
L 435, -1, 100,  443, 2, 100,  0, 0, 0
L 443, 2, 100,  446, 10, 100,  0, 0, 0
L 446, 10, 100,  441, 16, 100,  0, 0, 0
L 441, 16, 100,  432, 17, 100,  0, 0, 0
L 432, 17, 100,  423, 23, 100,  0, 0, 0
L 423, 23, 100,  414, 23, 100,  0, 0, 0
L 414, 23, 100,  408, 17, 100,  0, 0, 0
L 408, 17, 100,  397, 17, 100,  0, 0, 0
L 397, 17, 100,  392, 3, 100,  0, 0, 0
L 392, 3, 100,  389, -1, 100,  0, 0, 0
L 389, -1, 100,  391, -40, 100,  0, 0, 0
L 378, -40, 100,  392, -40, 100,  0, 0, 0
L 392, -40, 100,  393, -83, 100,  0, 0, 0
L 393, -83, 100,  407, -97, 100,  0, 0, 0
L 407, -97, 100,  407, -126, 100,  0, 0, 0
L 407, -126, 100,  389, -127, 100,  0, 0, 0
L 389, -127, 100,  388, -129, 100,  0, 0, 0
L 388, -129, 100,  385, -129, 100,  0, 0, 0
L 385, -129, 100,  384, -127, 100,  0, 0, 0
L 384, -127, 100,  376, -126, 100,  0, 0, 0
L 376, -126, 100,  376, -113, 100,  0, 0, 0
L 376, -113, 100,  337, -113, 100,  0, 0, 0
L 337, -113, 100,  337, -152, 100,  0, 0, 0
L 337, -152, 100,  352, -152, 100,  0, 0, 0
L 361, -152, 100,  376, -152, 100,  0, 0, 0
L 376, -152, 100,  376, -138, 100,  0, 0, 0
L 376, -138, 100,  384, -138, 100,  0, 0, 0
L 384, -138, 100,  384, -136, 100,  0, 0, 0
L 384, -136, 100,  387, -136, 100,  0, 0, 0
L 387, -136, 100,  389, -138, 100,  0, 0, 0
L 389, -138, 100,  407, -139, 100,  0, 0, 0
L 407, -139, 100,  407, -156, 100,  0, 0, 0
L 407, -156, 100,  410, -156, 100,  0, 0, 0
L 410, -156, 100,  411, -160, 100,  0, 0, 0
L 411, -160, 100,  415, -159, 100,  0, 0, 0
L 415, -159, 100,  419, -158, 100,  0, 0, 0
L 419, -158, 100,  424, -160, 100,  0, 0, 0
L 424, -160, 100,  428, -160, 100,  0, 0, 0
L 428, -160, 100,  428, -156, 100,  0, 0, 0
L 428, -156, 100,  432, -156, 100,  0, 0, 0
L 432, -156, 100,  432, -138, 100,  0, 0, 0
L 432, -138, 100,  446, -138, 100,  0, 0, 0
L 446, -138, 100,  446, -127, 100,  0, 0, 0
L 446, -127, 100,  432, -127, 100,  0, 0, 0
L 432, -127, 100,  432, -98, 100,  0, 0, 0
L 432, -98, 100,  446, -83, 100,  0, 0, 0
L 446, -83, 100,  447, -40, 100,  0, 0, 0
L 447, -40, 100,  461, -40, 100,  0, 0, 0
L 461, -40, 100,  474, -27, 100,  0, 0, 0
L 474, -27, 100,  474, 13, 100,  0, 0, 0
L 474, 13, 100,  461, 26, 100,  0, 0, 0
L 461, 26, 100,  378, 26, 100,  0, 0, 0
L 378, 26, 100,  365, -1, 100,  0, 0, 0
L 365, -1, 100,  365, -27, 100,  0, 0, 0
L 365, -27, 100,  378, -40, 100,  0, 0, 0
L 389, -39, 100,  419, -42, 100,  0, 0, 0
L 353, -153, 100,  353, -155, 100,  0, 0, 0
L 353, -155, 100,  340, -158, 100,  0, 0, 0
L 340, -158, 100,  342, -165, 100,  0, 0, 0
L 342, -165, 100,  338, -173, 100,  0, 0, 0
L 338, -173, 100,  326, -176, 100,  0, 0, 0
L 326, -176, 100,  323, -189, 100,  0, 0, 0
L 323, -189, 100,  327, -201, 100,  0, 0, 0
L 327, -201, 100,  335, -209, 100,  0, 0, 0
L 335, -209, 100,  335, -226, 100,  0, 0, 0
L 335, -226, 100,  308, -239, 100,  0, 0, 0
L 308, -239, 100,  280, -239, 100,  0, 0, 0
L 280, -239, 100,  265, -253, 100,  0, 0, 0
L 265, -253, 100,  251, -239, 100,  0, 0, 0
L 251, -239, 100,  223, -239, 100,  0, 0, 0
L 223, -239, 100,  196, -225, 100,  0, 0, 0
L 196, -225, 100,  183, -238, 100,  0, 0, 0
L 183, -238, 100,  183, -252, 100,  0, 0, 0
L 183, -252, 100,  169, -280, 100,  0, 0, 0
L 169, -280, 100,  152, -281, 100,  0, 0, 0
L 152, -281, 100,  124, -266, 100,  0, 0, 0
L 124, -266, 100,  110, -237, 100,  0, 0, 0
L 110, -237, 100,  110, -209, 100,  0, 0, 0
L 110, -209, 100,  124, -195, 100,  0, 0, 0
L 124, -195, 100,  100, -147, 100,  0, 0, 0
L 100, -147, 100,  96, -148, 100,  0, 0, 0
L 96, -148, 100,  89, -146, 100,  0, 0, 0
L 89, -146, 100,  86, -141, 100,  0, 0, 0
L 86, -141, 100,  82, -139, 100,  0, 0, 0
L 71, -139, 100,  71, -141, 100,  0, 0, 0
L 71, -141, 100,  65, -141, 100,  0, 0, 0
L 65, -141, 100,  63, -146, 100,  0, 0, 0
L 63, -146, 100,  57, -152, 100,  0, 0, 0
L 57, -152, 100,  57, -181, 100,  0, 0, 0
L 57, -181, 100,  85, -208, 100,  0, 0, 0
L 85, -208, 100,  85, -266, 100,  0, 0, 0
L 85, -266, 100,  27, -239, 100,  0, 0, 0
L 27, -239, 100,  17, -229, 100,  0, 0, 0
L 17, -229, 100,  9, -237, 100,  0, 0, 0
L 9, -237, 100,  3, -237, 100,  0, 0, 0
L 3, -237, 100,  -4, -231, 100,  0, 0, 0
L -4, -231, 100,  -3, -231, 100,  0, 0, 0
L -3, -231, 100,  -26, -239, 100,  0, 0, 0
L -26, -239, 100,  -40, -266, 100,  0, 0, 0
L -40, -266, 100,  -40, -279, 100,  0, 0, 0
L -40, -279, 100,  -1, -320, 100,  0, 0, 0
L -1, -320, 100,  13, -320, 100,  0, 0, 0
L 13, -320, 100,  41, -306, 100,  0, 0, 0
L 41, -306, 100,  57, -307, 100,  0, 0, 0
L 57, -307, 100,  70, -334, 100,  0, 0, 0
L 70, -334, 100,  83, -334, 100,  0, 0, 0
L 83, -334, 100,  123, -321, 100,  0, 0, 0
L 123, -321, 100,  140, -313, 100,  0, 0, 0
L 140, -313, 100,  144, -315, 100,  0, 0, 0
L 144, -315, 100,  147, -322, 100,  0, 0, 0
L 147, -322, 100,  151, -327, 100,  0, 0, 0
L 151, -327, 100,  147, -334, 100,  0, 0, 0
L 147, -334, 100,  153, -334, 100,  0, 0, 0
L 153, -334, 100,  182, -320, 100,  0, 0, 0
L 182, -320, 100,  210, -348, 100,  0, 0, 0
L 210, -348, 100,  228, -348, 100,  0, 0, 0
L 228, -348, 100,  230, -346, 100,  0, 0, 0
L 230, -346, 100,  238, -341, 100,  0, 0, 0
L 238, -341, 100,  244, -346, 100,  0, 0, 0
L 244, -346, 100,  249, -350, 100,  0, 0, 0
L 249, -350, 100,  245, -354, 100,  0, 0, 0
L 245, -354, 100,  248, -358, 100,  0, 0, 0
L 248, -358, 100,  252, -362, 100,  0, 0, 0
L 252, -362, 100,  253, -390, 100,  0, 0, 0
L 253, -390, 100,  280, -390, 100,  0, 0, 0
L 280, -390, 100,  295, -432, 100,  0, 0, 0
L 295, -432, 100,  334, -432, 100,  0, 0, 0
L 334, -432, 100,  334, -364, 100,  0, 0, 0
L 334, -364, 100,  308, -351, 100,  0, 0, 0
L 308, -351, 100,  280, -379, 100,  0, 0, 0
L 280, -379, 100,  264, -378, 100,  0, 0, 0
L 264, -378, 100,  264, -367, 100,  0, 0, 0
L 264, -367, 100,  258, -363, 100,  0, 0, 0
L 258, -363, 100,  256, -358, 100,  0, 0, 0
L 256, -358, 100,  259, -354, 100,  0, 0, 0
L 259, -354, 100,  263, -350, 100,  0, 0, 0
L 263, -350, 100,  267, -346, 100,  0, 0, 0
L 267, -346, 100,  269, -348, 100,  0, 0, 0
L 269, -348, 100,  278, -321, 100,  0, 0, 0
L 278, -321, 100,  292, -306, 100,  0, 0, 0
L 292, -306, 100,  306, -306, 100,  0, 0, 0
L 306, -306, 100,  321, -278, 100,  0, 0, 0
L 321, -278, 100,  335, -278, 100,  0, 0, 0
L 335, -278, 100,  348, -265, 100,  0, 0, 0
L 348, -265, 100,  349, -242, 100,  0, 0, 0
L 349, -242, 100,  389, -242, 100,  0, 0, 0
L 389, -242, 100,  402, -227, 100,  0, 0, 0
L 402, -227, 100,  398, -210, 100,  0, 0, 0
L 398, -210, 100,  378, -192, 100,  0, 0, 0
L 378, -192, 100,  390, -181, 100,  0, 0, 0
L 390, -181, 100,  390, -173, 100,  0, 0, 0
L 390, -173, 100,  385, -173, 100,  0, 0, 0
L 385, -173, 100,  380, -172, 100,  0, 0, 0
L 380, -172, 100,  375, -168, 100,  0, 0, 0
L 375, -168, 100,  374, -160, 100,  0, 0, 0
L 374, -160, 100,  375, -158, 100,  0, 0, 0
L 375, -158, 100,  361, -157, 100,  0, 0, 0
L 361, -157, 100,  361, -152, 100,  0, 0, 0
L 335, -225, 100,  337, -240, 100,  0, 0, 0
L 337, -240, 100,  323, -250, 100,  0, 0, 0
L 323, -250, 100,  306, -252, 100,  0, 0, 0
L 306, -252, 100,  293, -264, 100,  0, 0, 0
L 293, -264, 100,  263, -265, 100,  0, 0, 0
L 263, -265, 100,  237, -277, 100,  0, 0, 0
L 237, -277, 100,  226, -278, 100,  0, 0, 0
L 226, -278, 100,  210, -250, 100,  0, 0, 0
L 210, -250, 100,  194, -251, 100,  0, 0, 0
L 194, -251, 100,  192, -278, 100,  0, 0, 0
L 192, -278, 100,  181, -293, 100,  0, 0, 0
L 181, -293, 100,  100, -292, 100,  0, 0, 0
L 100, -292, 100,  84, -267, 100,  0, 0, 0
L 27, -239, 100,  15, -264, 100,  0, 0, 0
L 15, -264, 100,  13, -280, 100,  0, 0, 0
L 13, -280, 100,  41, -306, 100,  0, 0, 0
L 82, -139, 100,  80, -138, 100,  0, 0, 0
L 80, -138, 100,  80, -134, 100,  0, 0, 0
L 80, -134, 100,  82, -134, 100,  0, 0, 0
L 82, -134, 100,  82, -125, 100,  0, 0, 0
L 82, -125, 100,  96, -124, 100,  0, 0, 0
L 96, -124, 100,  96, -110, 100,  0, 0, 0
L 96, -110, 100,  102, -110, 100,  0, 0, 0
L 102, -110, 100,  102, -109, 100,  0, 0, 0
L 102, -109, 100,  106, -108, 100,  0, 0, 0
L 106, -108, 100,  107, -110, 100,  0, 0, 0
L 107, -110, 100,  112, -110, 100,  0, 0, 0
L 112, -110, 100,  113, -124, 100,  0, 0, 0
L 113, -124, 100,  138, -124, 100,  0, 0, 0
L 138, -124, 100,  138, -99, 100,  0, 0, 0
L 138, -99, 100,  107, -99, 100,  0, 0, 0
L 107, -99, 100,  107, -101, 100,  0, 0, 0
L 107, -101, 100,  102, -101, 100,  0, 0, 0
L 102, -101, 100,  102, -99, 100,  0, 0, 0
L 102, -99, 100,  96, -98, 100,  0, 0, 0
L 96, -98, 100,  96, -83, 100,  0, 0, 0
L 96, -83, 100,  102, -82, 100,  0, 0, 0
L 102, -82, 100,  102, -81, 100,  0, 0, 0
L 102, -81, 100,  106, -80, 100,  0, 0, 0
L 106, -80, 100,  107, -82, 100,  0, 0, 0
L 107, -82, 100,  138, -82, 100,  0, 0, 0
L 138, -82, 100,  138, -57, 100,  0, 0, 0
L 138, -57, 100,  113, -57, 100,  0, 0, 0
L 113, -57, 100,  112, -71, 100,  0, 0, 0
L 112, -71, 100,  107, -71, 100,  0, 0, 0
L 107, -71, 100,  107, -72, 100,  0, 0, 0
L 107, -72, 100,  103, -73, 100,  0, 0, 0
L 103, -73, 100,  102, -71, 100,  0, 0, 0
L 102, -71, 100,  96, -70, 100,  0, 0, 0
L 96, -70, 100,  96, -57, 100,  0, 0, 0
L 96, -57, 100,  83, -57, 100,  0, 0, 0
L 83, -57, 100,  82, -55, 100,  0, 0, 0
L 82, -55, 100,  80, -55, 100,  0, 0, 0
L 80, -55, 100,  80, -51, 100,  0, 0, 0
L 80, -51, 100,  82, -50, 100,  0, 0, 0
L 82, -50, 100,  82, -41, 100,  0, 0, 0
L 82, -41, 100,  97, -26, 100,  0, 0, 0
L 97, -26, 100,  115, -28, 100,  0, 0, 0
L 115, -28, 100,  115, -40, 100,  0, 0, 0
L 115, -40, 100,  166, -40, 100,  0, 0, 0
L 166, -40, 100,  166, -1, 100,  0, 0, 0
L 166, -1, 100,  113, -1, 100,  0, 0, 0
L 113, -1, 100,  112, -15, 100,  0, 0, 0
L 112, -15, 100,  97, -15, 100,  0, 0, 0
L 97, -15, 100,  82, -1, 100,  0, 0, 0
L 82, -1, 100,  82, 13, 100,  0, 0, 0
L 82, 13, 100,  96, 28, 100,  0, 0, 0
L 96, 28, 100,  97, 57, 100,  0, 0, 0
L 97, 57, 100,  127, 56, 100,  0, 0, 0
L 127, 56, 100,  127, 40, 100,  0, 0, 0
L 127, 40, 100,  113, 40, 100,  0, 0, 0
L 113, 40, 100,  113, 15, 100,  0, 0, 0
L 113, 15, 100,  152, 15, 100,  0, 0, 0
L 152, 15, 100,  152, 40, 100,  0, 0, 0
L 152, 40, 100,  139, 40, 100,  0, 0, 0
L 139, 40, 100,  139, 71, 100,  0, 0, 0
L 139, 71, 100,  183, 70, 100,  0, 0, 0
L 183, 70, 100,  183, 40, 100,  0, 0, 0
L 183, 40, 100,  169, 40, 100,  0, 0, 0
L 169, 40, 100,  169, 15, 100,  0, 0, 0
L 169, 15, 100,  208, 15, 100,  0, 0, 0
L 208, 15, 100,  208, 40, 100,  0, 0, 0
L 208, 40, 100,  194, 40, 100,  0, 0, 0
L 194, 40, 100,  194, 82, 100,  0, 0, 0
L 194, 82, 100,  168, 82, 100,  0, 0, 0
L 168, 82, 100,  125, 110, 100,  0, 0, 0
L 125, 110, 100,  97, 124, 100,  0, 0, 0
L 97, 124, 100,  82, 138, 100,  0, 0, 0
L 82, 138, 100,  82, 154, 100,  0, 0, 0
L 82, 154, 100,  97, 169, 100,  0, 0, 0
L 97, 169, 100,  152, 169, 100,  0, 0, 0
L 152, 169, 100,  153, 211, 100,  0, 0, 0
L 153, 211, 100,  168, 211, 100,  0, 0, 0
L 168, 211, 100,  169, 197, 100,  0, 0, 0
L 169, 197, 100,  208, 197, 100,  0, 0, 0
L 208, 197, 100,  208, 207, 100,  0, 0, 0
L 208, 207, 100,  207, 226, 100,  0, 0, 0
L 207, 226, 100,  208, 236, 100,  0, 0, 0
L 208, 236, 100,  169, 236, 100,  0, 0, 0
L 169, 236, 100,  168, 222, 100,  0, 0, 0
L 168, 222, 100,  141, 222, 100,  0, 0, 0
L 141, 222, 100,  140, 180, 100,  0, 0, 0
L 140, 180, 100,  97, 180, 100,  0, 0, 0
L 97, 180, 100,  82, 194, 100,  0, 0, 0
L 82, 194, 100,  82, 200, 100,  0, 0, 0
L 82, 200, 100,  81, 200, 100,  0, 0, 0
L 81, 200, 100,  80, 204, 100,  0, 0, 0
L 80, 204, 100,  82, 205, 100,  0, 0, 0
L 82, 205, 100,  83, 211, 100,  0, 0, 0
L 83, 211, 100,  124, 211, 100,  0, 0, 0
L 124, 211, 100,  124, 279, 100,  0, 0, 0
L 124, 279, 100,  82, 306, 100,  0, 0, 0
L 82, 306, 100,  82, 326, 100,  0, 0, 0
L 82, 326, 100,  80, 327, 100,  0, 0, 0
L 80, 327, 100,  80, 330, 100,  0, 0, 0
L 80, 330, 100,  82, 331, 100,  0, 0, 0
L 82, 331, 100,  82, 348, 100,  0, 0, 0
L 82, 348, 100,  71, 348, 100,  0, 0, 0
L 71, 348, 100,  71, 331, 100,  0, 0, 0
L 71, 331, 100,  73, 330, 100,  0, 0, 0
L 73, 330, 100,  73, 327, 100,  0, 0, 0
L 73, 327, 100,  71, 326, 100,  0, 0, 0
L 71, 326, 100,  71, 307, 100,  0, 0, 0
L 71, 307, 100,  30, 279, 100,  0, 0, 0
L 30, 279, 100,  29, 211, 100,  0, 0, 0
L 29, 211, 100,  70, 211, 100,  0, 0, 0
L 70, 211, 100,  71, 205, 100,  0, 0, 0
L 71, 205, 100,  72, 205, 100,  0, 0, 0
L 72, 205, 100,  72, 200, 100,  0, 0, 0
L 72, 200, 100,  71, 200, 100,  0, 0, 0
L 71, 200, 100,  71, 195, 100,  0, 0, 0
L 71, 195, 100,  56, 180, 100,  0, 0, 0
L 56, 180, 100,  13, 180, 100,  0, 0, 0
L 13, 180, 100,  12, 222, 100,  0, 0, 0
L 12, 222, 100,  -15, 222, 100,  0, 0, 0
L -15, 222, 100,  -15, 236, 100,  0, 0, 0
L -15, 236, 100,  -54, 236, 100,  0, 0, 0
L -54, 236, 100,  -54, 197, 100,  0, 0, 0
L -54, 197, 100,  -15, 197, 100,  0, 0, 0
L -15, 197, 100,  -14, 211, 100,  0, 0, 0
L -14, 211, 100,  -1, 211, 100,  0, 0, 0
L -1, 211, 100,  1, 169, 100,  0, 0, 0
L 1, 169, 100,  56, 169, 100,  0, 0, 0
L 56, 169, 100,  71, 154, 100,  0, 0, 0
L 71, 154, 100,  71, 138, 100,  0, 0, 0
L 71, 138, 100,  57, 125, 100,  0, 0, 0
L 57, 125, 100,  28, 110, 100,  0, 0, 0
L 28, 110, 100,  -12, 82, 100,  0, 0, 0
L -12, 82, 100,  -40, 82, 100,  0, 0, 0
L -40, 82, 100,  -40, 41, 100,  0, 0, 0
L -40, 41, 100,  -54, 40, 100,  0, 0, 0
L -54, 40, 100,  -54, 15, 100,  0, 0, 0
L -54, 15, 100,  -18, 15, 100,  0, 0, 0
L -18, 15, 100,  -18, 28, 100,  0, 0, 0
L -18, 28, 100,  -15, 28, 100,  0, 0, 0
L -15, 28, 100,  -15, 40, 100,  0, 0, 0
L -15, 40, 100,  -29, 41, 100,  0, 0, 0
L -29, 41, 100,  -28, 71, 100,  0, 0, 0
L -28, 71, 100,  15, 70, 100,  0, 0, 0
L 15, 70, 100,  15, 41, 100,  0, 0, 0
L 15, 41, 100,  1, 40, 100,  0, 0, 0
L 1, 40, 100,  1, 15, 100,  0, 0, 0
L 1, 15, 100,  40, 15, 100,  0, 0, 0
L 40, 15, 100,  40, 40, 100,  0, 0, 0
L 40, 40, 100,  27, 40, 100,  0, 0, 0
L 27, 40, 100,  26, 57, 100,  0, 0, 0
L 26, 57, 100,  57, 57, 100,  0, 0, 0
L 57, 57, 100,  57, 28, 100,  0, 0, 0
L 57, 28, 100,  71, 14, 100,  0, 0, 0
L 71, 14, 100,  71, -1, 100,  0, 0, 0
L 71, -1, 100,  56, -15, 100,  0, 0, 0
L 56, -15, 100,  40, -14, 100,  0, 0, 0
L 40, -14, 100,  40, -1, 100,  0, 0, 0
L 40, -1, 100,  -12, -1, 100,  0, 0, 0
L -12, -1, 100,  -12, -40, 100,  0, 0, 0
L -12, -40, 100,  40, -40, 100,  0, 0, 0
L 40, -40, 100,  41, -26, 100,  0, 0, 0
L 41, -26, 100,  56, -26, 100,  0, 0, 0
L 56, -26, 100,  71, -40, 100,  0, 0, 0
L 71, -40, 100,  71, -50, 100,  0, 0, 0
L 71, -50, 100,  73, -51, 100,  0, 0, 0
L 73, -51, 100,  73, -53, 100,  0, 0, 0
L 73, -53, 100,  71, -55, 100,  0, 0, 0
L 71, -55, 100,  70, -57, 100,  0, 0, 0
L 70, -57, 100,  57, -57, 100,  0, 0, 0
L 57, -57, 100,  57, -71, 100,  0, 0, 0
L 57, -71, 100,  51, -71, 100,  0, 0, 0
L 51, -71, 100,  51, -72, 100,  0, 0, 0
L 51, -72, 100,  46, -73, 100,  0, 0, 0
L 46, -73, 100,  46, -71, 100,  0, 0, 0
L 46, -71, 100,  41, -71, 100,  0, 0, 0
L 41, -71, 100,  40, -57, 100,  0, 0, 0
L 40, -57, 100,  15, -57, 100,  0, 0, 0
L 15, -57, 100,  15, -82, 100,  0, 0, 0
L 15, -82, 100,  46, -82, 100,  0, 0, 0
L 46, -82, 100,  46, -81, 100,  0, 0, 0
L 46, -81, 100,  50, -80, 100,  0, 0, 0
L 50, -80, 100,  51, -82, 100,  0, 0, 0
L 51, -82, 100,  57, -82, 100,  0, 0, 0
L 57, -82, 100,  57, -98, 100,  0, 0, 0
L 57, -98, 100,  51, -99, 100,  0, 0, 0
L 51, -99, 100,  51, -101, 100,  0, 0, 0
L 51, -101, 100,  47, -101, 100,  0, 0, 0
L 47, -101, 100,  46, -99, 100,  0, 0, 0
L 46, -99, 100,  15, -99, 100,  0, 0, 0
L 15, -99, 100,  15, -124, 100,  0, 0, 0
L 15, -124, 100,  40, -124, 100,  0, 0, 0
L 40, -124, 100,  40, -111, 100,  0, 0, 0
L 40, -111, 100,  46, -110, 100,  0, 0, 0
L 46, -110, 100,  47, -108, 100,  0, 0, 0
L 47, -108, 100,  51, -108, 100,  0, 0, 0
L 51, -108, 100,  51, -110, 100,  0, 0, 0
L 51, -110, 100,  56, -110, 100,  0, 0, 0
L 56, -110, 100,  57, -124, 100,  0, 0, 0
L 57, -124, 100,  71, -125, 100,  0, 0, 0
L 71, -125, 100,  71, -134, 100,  0, 0, 0
L 71, -134, 100,  72, -134, 100,  0, 0, 0
L 72, -134, 100,  71, -140, 100,  0, 0, 0
L 71, -140, 100,  65, -141, 100,  0, 0, 0
