L 876.2377, -25.4956, -83.8624,  891.3551, -7.3487, -83.8624,  0, 127, 0
L 891.3551, -7.3487, -83.8624,  912.5212, -7.3550, -83.8624,  0, 127, 0
L 912.5212, -7.3550, -83.8624,  908.3320, -19.9131, -83.8624,  0, 127, 0
L 908.3320, -19.9131, -83.8624,  916.5299, -40.5159, -83.8624,  0, 127, 0
L 916.5299, -40.5159, -83.8624,  899.3872, -42.6458, -83.8624,  0, 127, 0
L 899.3872, -42.6458, -83.8624,  891.2747, -34.5289, -83.8624,  0, 127, 0
L 891.2747, -34.5289, -83.8624,  876.2377, -25.4956, -83.8624,  0, 127, 0
L 208.3317, 236.2957, -174.7896,  208.2951, 197.4715, -175.6809,  127, 64, 0
L 113.5504, -15.5801, -181.9353,  113.5460, -1.5799, -181.9354,  127, 64, 0
L 113.5427, -26.4136, -181.9353,  113.5427, -40.3894, -181.9353,  127, 64, 0
L 166.3940, -40.3768, -181.9354,  166.3194, -1.5841, -181.9354,  127, 64, 0
L 107.5451, -82.3742, -181.9353,  107.5400, -80.3931, -181.9353,  127, 64, 0
L 107.5400, -80.3931, -181.9353,  102.3832, -80.3919, -181.9353,  127, 64, 0
L 102.3943, -82.3961, -181.9353,  102.3832, -80.3919, -181.9354,  127, 64, 0
L 102.3943, -82.3961, -181.9353,  96.3930, -82.3860, -181.9353,  127, 64, 0
L 96.3863, -99.5464, -181.9353,  96.3930, -82.3860, -181.9353,  127, 64, 0
L 102.3923, -99.5481, -181.9353,  96.3863, -99.5464, -181.9354,  127, 64, 0
L 102.3923, -99.5481, -181.9353,  102.3997, -101.5602, -181.9353,  127, 64, 0
L 107.5409, -101.5290, -181.9353,  102.3997, -101.5602, -181.9354,  127, 64, 0
L 107.5457, -99.5442, -181.9353,  107.5409, -101.5290, -181.9353,  127, 64, 0
L 138.3507, -99.5512, -181.9354,  107.5457, -99.5442, -181.9354,  127, 64, 0
L 138.3652, -124.3619, -181.9353,  138.3507, -99.5512, -181.9354,  127, 64, 0
L 113.5564, -124.3580, -181.9353,  138.3652, -124.3619, -181.9354,  127, 64, 0
L 113.5416, -110.3850, -181.9353,  113.5564, -124.3580, -181.9353,  127, 64, 0
L 107.5417, -110.3971, -181.9353,  113.5416, -110.3850, -181.9354,  127, 64, 0
L 107.5417, -110.3971, -181.9353,  107.5605, -108.3867, -181.9353,  127, 64, 0
L 102.3872, -108.3974, -181.9353,  107.5605, -108.3867, -181.9354,  127, 64, 0
L 102.3927, -110.3944, -181.9353,  102.3872, -108.3974, -181.9353,  127, 64, 0
L 102.3927, -110.3944, -181.9353,  96.3845, -110.3780, -181.9353,  127, 64, 0
L 96.3906, -124.3485, -181.9353,  96.3845, -110.3780, -181.9354,  127, 64, 0
L 82.3763, -124.3663, -181.9353,  96.3906, -124.3485, -181.9353,  127, 64, 0
L 82.3965, -134.3623, -181.9353,  82.3763, -124.3663, -181.9354,  127, 64, 0
L 82.3965, -134.3623, -181.9353,  80.4021, -134.3554, -181.9353,  127, 64, 0
L 80.3854, -139.5220, -181.9353,  80.4021, -134.3554, -181.9353,  127, 64, 0
L 82.3924, -139.5118, -181.9353,  80.3854, -139.5220, -181.9353,  127, 64, 0
L 82.3914, -139.5118, -181.9353,  82.3927, -141.5300, -181.9353,  127, 64, 0
L 96.9630, -141.4551, -181.9353,  82.3927, -141.5300, -181.9353,  127, 64, 0
L 71.5425, -55.6015, -181.9353,  71.5575, -57.5499, -181.9353,  127, 64, 0
L 71.5430, -55.5643, -181.9353,  73.5464, -55.4782, -181.9353,  127, 64, 0
L 73.5435, -50.4656, -181.9353,  73.5464, -55.4782, -181.9354,  127, 64, 0
L 71.5444, -50.3691, -181.9353,  73.5435, -50.4656, -181.9353,  127, 64, 0
L 82.3933, -55.5429, -181.9353,  82.3949, -57.5420, -181.9353,  127, 64, 0
L 82.3596, -55.5431, -181.9353,  80.3500, -55.5519, -181.9353,  127, 64, 0
L 80.3500, -55.5519, -181.9353,  80.4257, -50.4251, -181.9353,  127, 64, 0
L 82.3888, -50.3920, -181.9353,  80.4257, -50.4251, -181.9353,  127, 64, 0
L 102.3918, -71.5418, -181.9353,  96.3871, -71.5580, -181.9354,  127, 64, 0
L 102.3918, -71.5418, -181.9353,  102.4086, -73.5472, -181.9353,  127, 64, 0
L 107.5615, -73.5378, -181.9353,  102.4086, -73.5472, -181.9353,  127, 64, 0
L 107.5431, -71.5473, -181.9353,  107.5615, -73.5378, -181.9353,  127, 64, 0
L 107.5431, -71.5473, -181.9353,  113.5472, -71.5498, -181.9353,  127, 64, 0
L 138.3548, -82.4000, -181.9354,  107.5451, -82.3742, -181.9354,  127, 64, 0
L 138.3639, -57.5459, -181.9353,  138.3548, -82.4000, -181.9354,  127, 64, 0
L 113.5502, -57.5491, -181.9354,  138.3639, -57.5459, -181.9354,  127, 64, 0
L 113.5472, -71.5498, -181.9353,  113.5502, -57.5491, -181.9354,  127, 64, 0
L 96.3914, -57.5516, -181.9354,  96.3871, -71.5580, -181.9354,  127, 64, 0
L 82.3949, -57.5420, -181.9353,  96.3914, -57.5516, -181.9354,  127, 64, 0
L 82.3858, -41.3055, -181.9353,  82.3888, -50.3920, -181.9354,  127, 64, 0
L 97.3186, -26.4263, -181.9353,  82.3858, -41.3055, -181.9354,  127, 64, 0
L 97.3186, -26.4263, -181.9353,  113.5427, -26.4136, -181.9354,  127, 64, 0
L 166.3940, -40.3768, -181.9353,  113.5427, -40.3894, -181.9354,  127, 64, 0
L 113.5460, -1.5799, -181.9354,  166.3194, -1.5841, -181.9354,  127, 64, 0
L 97.2879, -15.5754, -181.9353,  113.5504, -15.5801, -181.9354,  127, 64, 0
L 82.3812, -0.6346, -181.9353,  97.2879, -15.5754, -181.9354,  127, 64, 0
L 82.3936, 14.6539, -181.9353,  82.3812, -0.6346, -181.9354,  127, 64, 0
L 96.3803, 28.6558, -181.9354,  82.3936, 14.6539, -181.9354,  127, 64, 0
L 96.3897, 57.5548, -181.9354,  96.3803, 28.6558, -181.9354,  127, 64, 0
L 127.5144, 57.5426, -181.9353,  96.3897, 57.5548, -181.9353,  127, 64, 0
L 127.5280, 40.3896, -181.9354,  127.5144, 57.5426, -181.9354,  127, 64, 0
L 113.5531, 40.3937, -181.9353,  127.5280, 40.3896, -181.9353,  127, 64, 0
L 113.5477, 15.5836, -181.9354,  113.5531, 40.3937, -181.9354,  127, 64, 0
L 152.3599, 15.5815, -181.9354,  113.5477, 15.5836, -181.9354,  127, 64, 0
L 152.3530, 40.3913, -181.9353,  152.3599, 15.5815, -181.9354,  127, 64, 0
L 138.3615, 40.3935, -181.9353,  152.3530, 40.3913, -181.9354,  127, 64, 0
L 138.3513, 71.5485, -181.9353,  138.3615, 40.3935, -181.9354,  127, 64, 0
L 183.5149, 71.5553, -181.9353,  138.3513, 71.5485, -181.9353,  127, 64, 0
L 183.5232, 40.3864, -181.9354,  183.5149, 71.5553, -181.9354,  127, 64, 0
L 169.5201, 40.3881, -181.9354,  183.5232, 40.3864, -181.9354,  127, 64, 0
L 169.5130, 15.5759, -181.9354,  169.5201, 40.3881, -181.9354,  127, 64, 0
L 208.3372, 15.5899, -181.9354,  169.5130, 15.5759, -181.9354,  127, 64, 0
L 208.3224, 40.3877, -181.9353,  208.3372, 15.5899, -181.9353,  127, 64, 0
L 194.3262, 40.3887, -181.9353,  208.3224, 40.3877, -181.9354,  127, 64, 0
L 194.3249, 82.3667, -181.9353,  194.3262, 40.3887, -181.9354,  127, 64, 0
L 167.4904, 82.4021, -181.9353,  194.3249, 82.3667, -181.9354,  127, 64, 0
L 124.9213, 110.7329, -181.9353,  167.4904, 82.4021, -181.9353,  127, 64, 0
L 97.6990, 124.6062, -181.9353,  124.9213, 110.7329, -181.9354,  127, 64, 0
L 82.3793, 139.2914, -181.9353,  97.6990, 124.6062, -181.9353,  127, 64, 0
L 82.3907, 154.5903, -181.9353,  82.3793, 139.2914, -181.9354,  127, 64, 0
L 97.3404, 169.5504, -181.9353,  82.3907, 154.5903, -181.9354,  127, 64, 0
L 152.3485, 169.5046, -181.9353,  97.3404, 169.5504, -181.9353,  127, 64, 0
L 152.3706, 211.4800, -181.9353,  152.3485, 169.5046, -181.9354,  127, 64, 0
L 169.5091, 211.4869, -181.9353,  152.3706, 211.4800, -181.9354,  127, 64, 0
L 169.5201, 197.4895, -181.9353,  169.5091, 211.4869, -181.9354,  127, 64, 0
L 208.2951, 197.4715, -181.9353,  169.5201, 197.4895, -181.9354,  127, 64, 0
L 169.5109, 236.3428, -181.9354,  208.3317, 236.2957, -181.9354,  127, 64, 0
L 169.5482, 222.3149, -181.9353,  169.5109, 236.3428, -181.9354,  127, 64, 0
L 141.5285, 222.3264, -181.9353,  169.5482, 222.3149, -181.4919,  127, 64, 0
L 141.5175, 180.3521, -181.9353,  141.5285, 222.3264, -181.9353,  127, 64, 0
L 97.3239, 180.3463, -181.9354,  141.5175, 180.3521, -181.9354,  127, 64, 0
L 82.3885, 195.2544, -181.9353,  97.3239, 180.3463, -181.9354,  127, 64, 0
L 56.6212, 180.3572, -181.9353,  71.5507, 195.2565, -181.9353,  127, 64, 0
L 12.4223, 180.3514, -181.9353,  56.6212, 180.3572, -181.9354,  127, 64, 0
L 12.4199, 222.3309, -181.9353,  12.4223, 180.3514, -181.9353,  127, 64, 0
L -15.5808, 222.3188, -181.9353,  12.4199, 222.3309, -181.9354,  127, 64, 0
L -15.5800, 236.3353, -181.9353,  -15.5808, 222.3188, -181.9354,  127, 64, 0
L -54.3939, 236.3242, -181.9353,  -15.5800, 236.3353, -181.9354,  127, 64, 0
L -54.3881, 197.4815, -181.9353,  -54.3939, 236.3242, -181.9354,  127, 64, 0
L -15.5772, 197.4967, -181.9354,  -54.3881, 197.4815, -181.9354,  127, 64, 0
L -15.5913, 211.4790, -181.9353,  -15.5772, 197.4967, -181.9354,  127, 64, 0
L 1.5678, 211.5022, -181.9353,  -15.5913, 211.4790, -181.9354,  127, 64, 0
L 1.5849, 169.4816, -181.9353,  1.5678, 211.5022, -181.9354,  127, 64, 0
L 56.5855, 169.5417, -181.9353,  1.5849, 169.4816, -181.9354,  127, 64, 0
L 71.5446, 154.5988, -181.9353,  56.5855, 169.5417, -181.9354,  127, 64, 0
L 71.5510, 139.2651, -181.9353,  71.5446, 154.5988, -181.9354,  127, 64, 0
L 56.8151, 124.5724, -181.9353,  71.5510, 139.2651, -181.9353,  127, 64, 0
L 28.8165, 110.6270, -181.9353,  56.8151, 124.5724, -181.9353,  127, 64, 0
L -13.4954, 82.3931, -181.9353,  28.8165, 110.6270, -181.9354,  127, 64, 0
L -40.4097, 82.3833, -181.9353,  -13.4954, 82.3931, -181.9354,  127, 64, 0
L -40.3770, 40.3887, -181.9353,  -40.4097, 82.3833, -181.9353,  127, 64, 0
L -54.3939, 40.3892, -181.9353,  -40.3770, 40.3887, -181.6615,  127, 64, 0
L -54.3890, 15.5609, -181.9353,  -54.3939, 40.3892, -181.9354,  127, 64, 0
L -15.5940, 15.5957, -181.9353,  -54.3890, 15.5609, -181.9354,  127, 64, 0
L -15.5721, 40.3885, -181.9353,  -15.5940, 15.5957, -181.9354,  127, 64, 0
L -29.5847, 40.3858, -181.9353,  -15.5721, 40.3885, -181.9354,  127, 64, 0
L -29.5783, 71.5375, -181.9353,  -29.5847, 40.3858, -181.9354,  127, 64, 0
L 15.5813, 71.5524, -181.9353,  -29.5783, 71.5375, -181.9354,  127, 64, 0
L 15.5783, 40.3785, -181.9353,  15.5813, 71.5524, -181.9353,  127, 64, 0
L 1.5860, 40.3917, -181.9353,  15.5783, 40.3785, -181.4918,  127, 64, 0
L 1.5686, 15.5739, -181.9353,  1.5860, 40.3917, -181.9354,  127, 64, 0
L 40.3881, 15.5899, -181.9353,  1.5686, 15.5739, -181.9354,  127, 64, 0
L 40.3875, 40.3864, -181.9353,  40.3881, 15.5899, -181.9354,  127, 64, 0
L 26.4285, 40.3950, -181.9353,  40.3875, 40.3864, -181.9354,  127, 64, 0
L 26.4089, 57.5343, -181.9353,  26.4285, 40.3950, -181.9353,  127, 64, 0
L 57.5510, 57.5591, -181.9353,  26.4089, 57.5343, -181.9353,  127, 64, 0
L 57.5561, 28.6539, -181.9354,  57.5510, 57.5591, -181.9354,  127, 64, 0
L 71.5473, 14.6653, -181.9353,  57.5561, 28.6539, -181.9354,  127, 64, 0
L 71.5429, -0.6603, -181.9353,  71.5473, 14.6653, -181.9354,  127, 64, 0
L 56.6223, -15.5839, -181.9353,  71.5429, -0.6603, -181.9354,  127, 64, 0
L 71.5545, -41.3141, -181.9353,  71.5444, -50.3691, -181.9353,  127, 64, 0
L 56.6169, -26.4146, -181.9353,  71.5545, -41.3141, -181.9354,  127, 64, 0
L 40.3864, -40.3753, -181.9353,  40.3894, -26.4307, -181.9353,  127, 64, 0
L 40.3894, -26.4307, -181.9353,  56.6169, -26.4146, -181.9353,  127, 64, 0
L 40.3883, -15.5744, -181.9353,  56.6223, -15.5839, -181.9354,  127, 64, 0
L 40.3892, -1.5785, -181.9353,  40.3883, -15.5744, -181.3549,  127, 64, 0
L -12.4014, -1.5783, -181.9353,  40.3892, -1.5785, -181.9353,  127, 64, 0
L -12.4306, -40.3870, -181.9353,  -12.4014, -1.5783, -181.9353,  127, 64, 0
L 40.3864, -40.3753, -181.9353,  -12.4306, -40.3870, -181.9354,  127, 64, 0
L 57.5563, -57.5478, -181.9353,  71.5575, -57.5499, -181.9354,  127, 64, 0
L 57.5388, -71.5494, -181.9353,  57.5563, -57.5478, -181.9354,  127, 64, 0
L 51.5431, -71.5434, -181.9353,  57.5388, -71.5494, -181.9354,  127, 64, 0
L 51.5431, -71.5434, -181.9353,  51.5488, -73.5528, -181.9353,  127, 64, 0
L 51.5488, -73.5528, -181.9353,  46.3896, -73.5366, -181.9353,  127, 64, 0
L 46.3945, -71.5533, -181.9353,  46.3896, -73.5366, -181.9353,  127, 64, 0
L 46.3945, -71.5533, -181.9353,  40.3858, -71.5495, -181.9354,  127, 64, 0
L 40.3903, -57.5429, -181.9353,  40.3858, -71.5495, -181.9353,  127, 64, 0
L 15.5808, -57.5696, -180.9809,  40.3903, -57.5429, -181.9354,  127, 64, 0
L 15.5782, -82.4111, -181.9353,  15.5808, -57.5696, -181.9354,  127, 64, 0
L 46.3941, -82.3833, -181.9353,  15.5782, -82.4111, -181.9353,  127, 64, 0
L 46.3941, -82.3833, -181.9353,  46.3838, -80.2634, -181.9353,  127, 64, 0
L 46.3838, -80.2634, -181.9353,  51.5615, -80.4361, -181.9353,  127, 64, 0
L 51.5422, -82.4129, -181.9353,  51.5615, -80.4361, -181.9353,  127, 64, 0
L 57.5236, -82.2694, -181.9353,  51.5422, -82.4129, -181.9353,  127, 64, 0
L 57.5919, -99.5515, -181.9353,  57.5236, -82.2694, -181.9353,  127, 64, 0
L 51.6028, -99.5433, -181.9353,  57.5919, -99.5515, -181.9354,  127, 64, 0
L 51.6028, -99.5433, -181.9353,  51.3958, -101.5553, -181.9353,  127, 64, 0
L 46.3853, -101.5318, -181.9353,  51.3958, -101.5553, -181.9354,  127, 64, 0
L 46.3943, -99.5427, -181.9353,  46.3853, -101.5318, -181.9353,  127, 64, 0
L 15.5763, -99.5614, -181.9353,  46.3943, -99.5427, -181.9354,  127, 64, 0
L 15.5899, -124.3645, -181.9353,  15.5763, -99.5614, -181.9354,  127, 64, 0
L 40.3890, -124.3462, -181.9353,  15.5899, -124.3645, -181.9354,  127, 64, 0
L 40.3763, -110.3980, -181.9353,  40.3890, -124.3462, -181.9354,  127, 64, 0
L 46.3943, -110.3896, -181.9353,  40.3763, -110.3980, -181.9353,  127, 64, 0
L 46.3943, -110.3896, -181.9353,  46.3849, -108.3936, -181.9353,  127, 64, 0
L 51.5544, -108.3893, -181.9353,  46.3849, -108.3936, -181.9354,  127, 64, 0
L 51.5427, -110.3880, -181.9353,  51.5544, -108.3893, -181.9353,  127, 64, 0
L 57.5403, -110.3872, -181.9353,  51.5427, -110.3880, -181.9353,  127, 64, 0
L 71.5559, -141.5743, -181.9353,  57.5546, -141.4163, -181.9353,  127, 64, 0
L 71.5431, -139.5118, -181.9353,  71.7245, -139.5126, -181.9353,  127, 64, 0
L 71.5430, -139.5116, -181.9346,  71.5559, -141.5743, -181.9353,  127, 64, 0
L 71.5771, -139.5120, -181.9353,  73.5473, -139.5204, -181.9353,  127, 64, 0
L 73.5379, -134.3615, -181.9353,  73.5473, -139.5204, -181.9353,  127, 64, 0
L 71.5431, -134.3618, -181.9353,  73.5379, -134.3615, -181.9353,  127, 64, 0
L 71.5401, -124.3650, -181.9353,  71.5516, -133.7394, -181.9354,  127, 64, 0
L 57.5514, -124.3586, -181.9353,  71.5401, -124.3650, -181.9354,  127, 64, 0
L 57.5403, -110.3872, -181.9353,  57.5514, -124.3586, -181.9353,  127, 64, 0
L 547.3447, -8.5771, -193.9354,  534.1983, -8.5685, -193.9354,  127, 64, 0
L 547.3704, -1.5814, -195.9040,  547.3447, -8.5771, -195.9042,  127, 64, 0
L 561.3627, -1.5855, -195.9042,  547.3704, -1.5814, -195.9042,  127, 64, 0
L 560.4325, -12.4198, -195.9042,  479.3888, -12.4181, -195.9042,  127, 64, 0
L 574.4176, -26.4052, -195.9040,  560.4325, -12.4198, -195.9042,  127, 64, 0
L 589.3284, -26.4351, -195.9042,  574.4176, -26.4052, -195.9042,  127, 64, 0
L 589.3260, -40.3943, -195.9042,  589.3284, -26.4351, -195.9042,  127, 64, 0
L 631.3227, -40.3849, -195.9042,  589.3260, -40.3943, -195.9042,  127, 64, 0
L 631.3259, -57.5551, -195.9040,  631.3227, -40.3849, -195.9042,  127, 64, 0
L 603.3355, -57.5394, -195.9042,  631.3259, -57.5551, -195.9042,  127, 64, 0
L 603.3297, -85.5463, -195.9042,  603.3355, -57.5394, -195.9042,  127, 64, 0
L 588.4156, -85.5459, -195.9040,  603.3297, -85.5463, -195.9042,  127, 64, 0
L 575.3582, -98.6170, -195.9042,  588.4156, -85.5459, -195.9042,  127, 64, 0
L 575.3642, -113.5488, -195.9042,  575.3582, -98.6170, -195.9042,  127, 64, 0
L 561.3651, -113.5576, -195.9042,  575.3642, -113.5488, -195.9042,  127, 64, 0
L 561.3601, -124.3516, -195.9042,  561.3651, -113.5576, -195.9042,  127, 64, 0
L 575.3635, -124.3667, -195.9042,  561.3601, -124.3516, -195.9042,  127, 64, 0
L 575.3609, -141.5190, -195.9040,  575.3635, -124.3667, -195.9042,  127, 64, 0
L 561.3520, -141.5173, -195.9042,  575.3609, -141.5190, -195.9042,  127, 64, 0
L 561.3645, -152.3653, -195.9040,  561.3520, -141.5173, -195.9042,  127, 64, 0
L 574.4165, -152.3420, -195.9040,  561.3645, -152.3653, -195.9042,  127, 64, 0
L 589.6698, -167.6228, -195.9040,  574.4165, -152.3420, -195.9042,  127, 64, 0
L 575.3517, -196.3119, -195.9042,  589.6698, -167.6228, -195.9042,  127, 64, 0
L 575.3658, -222.9320, -193.9353,  575.3517, -196.3119, -193.9354,  127, 64, 0
L 602.1305, -236.3254, -193.9353,  575.3658, -222.9320, -193.9354,  127, 64, 0
L 602.1305, -236.3254, -193.9353,  615.3799, -236.3243, -193.9353,  127, 64, 0
L 642.1793, -222.9225, -193.9353,  615.3799, -236.3243, -193.9353,  127, 64, 0
L 642.1580, -196.2862, -193.9353,  642.1793, -222.9225, -193.9354,  127, 64, 0
L 627.8280, -167.6151, -195.9040,  642.1580, -196.2862, -195.9040,  127, 64, 0
L 643.9150, -152.3582, -195.9042,  627.8280, -167.6151, -195.9040,  127, 64, 0
L 656.1719, -152.3498, -195.9042,  643.9150, -152.3582, -195.9042,  127, 64, 0
L 656.1702, -141.5213, -195.9040,  656.1719, -152.3498, -195.9042,  127, 64, 0
L 642.1666, -141.5183, -195.9040,  656.1702, -141.5213, -195.9042,  127, 64, 0
L 642.1762, -124.3581, -195.9042,  642.1666, -141.5183, -195.9042,  127, 64, 0
L 656.1713, -124.3576, -195.9042,  642.1762, -124.3581, -195.9042,  127, 64, 0
L 656.1710, -113.5441, -195.9040,  656.1713, -124.3576, -195.9042,  127, 64, 0
L 642.1770, -113.5511, -195.9042,  656.1710, -113.5441, -195.9042,  127, 64, 0
L 642.1708, -98.6184, -195.9040,  642.1770, -113.5511, -195.9042,  127, 64, 0
L 629.8920, -85.5416, -195.9042,  642.1708, -98.6184, -195.9042,  127, 64, 0
L 614.1612, -85.5645, -195.9042,  629.8920, -85.5416, -195.9042,  127, 64, 0
L 614.1730, -68.4005, -195.9042,  614.1612, -85.5645, -195.9042,  127, 64, 0
L 685.5290, -82.3830, -195.9042,  672.3763, -82.3978, -195.9042,  127, 64, 0
L 698.1350, -69.3242, -195.9042,  685.5290, -82.3830, -195.9042,  127, 64, 0
L 658.3854, -68.3662, -195.9042,  614.1730, -68.4005, -195.9042,  127, 64, 0
L 672.3763, -82.3978, -195.9042,  658.3854, -68.3662, -195.9042,  127, 64, 0
L 698.1458, -56.6418, -195.9042,  698.1350, -69.3242, -195.9042,  127, 64, 0
L 753.1506, 12.7302, -97.9667,  744.4100, 12.7302, -97.9667,  127, 64, 0
L 753.1506, 0.8893, -97.9667,  744.1580, 0.7790, -97.9667,  127, 64, 0
L 744.1580, 0.7790, -97.9667,  744.4100, 12.7302, -97.9667,  127, 64, 0
L 743.3176, 29.5810, -97.9667,  743.2945, 19.5744, -97.9667,  0, 127, 0
L 729.2988, 29.5753, -97.9667,  743.3176, 29.5810, -97.9667,  0, 127, 0
L 768.1110, 29.5868, -97.9667,  754.1136, 29.5689, -97.9667,  0, 127, 0
L 768.9810, 68.4048, -97.9667,  768.1110, 29.5868, -97.9667,  0, 127, 0
L 729.2983, 68.3714, -97.9667,  768.9810, 68.4048, -97.9667,  0, 127, 0
L 729.2988, 29.5753, -97.9667,  729.2983, 68.3714, -97.9667,  0, 127, 0
L 376.2708, -127.5173, -181.9353,  376.2567, -113.5169, -181.9353,  127, 64, 0
L 389.3777, -129.5379, -181.9353,  384.2739, -129.4944, -181.9353,  127, 64, 0
L 389.4743, -127.5109, -181.9353,  407.4295, -127.5310, -181.9353,  127, 64, 0
L 389.4743, -127.5109, -181.9353,  389.3777, -129.5379, -181.9353,  127, 64, 0
L 384.2674, -127.5133, -181.9353,  384.2739, -129.4944, -181.9353,  127, 64, 0
L 384.2674, -127.5133, -181.9353,  376.2708, -127.5173, -181.9353,  127, 64, 0
L 376.2567, -113.5169, -181.9353,  337.4485, -113.5764, -181.9353,  127, 64, 0
L 337.4560, -152.3491, -181.9354,  337.4485, -113.5764, -181.9354,  127, 64, 0
L 353.4227, -152.3716, -181.9353,  337.4560, -152.3491, -181.9354,  127, 64, 0
L 376.2667, -152.3660, -181.9353,  360.2619, -152.3497, -181.9353,  127, 64, 0
L 376.2651, -138.3612, -181.9353,  376.2667, -152.3660, -181.9354,  127, 64, 0
L 384.2651, -138.3625, -181.9353,  376.2651, -138.3612, -181.9353,  127, 64, 0
L 384.2651, -138.3625, -181.9353,  384.2876, -136.3832, -181.9353,  127, 64, 0
L 384.2876, -136.3832, -181.9353,  389.4354, -136.3417, -181.9353,  127, 64, 0
L 389.4182, -138.3530, -181.9353,  389.4354, -136.3417, -181.9353,  127, 64, 0
L 393.4214, -83.3106, -181.9353,  393.4341, -40.3843, -181.9353,  127, 64, 0
L 407.4184, -97.3088, -181.9353,  393.4214, -83.3106, -181.9354,  127, 64, 0
L 407.4295, -127.5310, -181.9354,  407.4184, -97.3088, -181.9354,  127, 64, 0
L 407.4175, -138.3641, -181.9353,  389.4182, -138.3530, -181.9353,  127, 64, 0
L 407.4295, -156.3733, -181.9353,  407.4175, -138.3641, -181.9353,  127, 64, 0
L 432.2277, -156.3593, -181.9353,  407.4295, -156.3733, -181.9353,  127, 64, 0
L 432.2305, -138.3521, -181.9353,  432.2277, -156.3593, -181.9353,  127, 64, 0
L 446.2413, -138.3633, -181.9353,  432.2305, -138.3521, -181.9354,  127, 64, 0
L 446.2189, -127.5150, -181.9353,  446.2413, -138.3633, -181.9354,  127, 64, 0
L 432.2318, -127.5173, -181.9353,  446.2189, -127.5150, -181.9354,  127, 64, 0
L 432.2296, -97.3139, -181.9353,  432.2318, -127.5173, -181.9353,  127, 64, 0
L 446.2339, -83.3260, -181.9353,  432.2296, -97.3139, -181.9353,  127, 64, 0
L 446.2386, -40.3992, -181.9353,  446.2339, -83.3260, -181.9354,  127, 64, 0
L 461.1530, -40.3738, -181.9353,  446.2386, -40.3992, -181.9354,  127, 64, 0
L 474.2346, -27.3463, -181.9353,  461.1530, -40.3738, -181.9354,  127, 64, 0
L 474.2198, 13.3771, -181.9353,  474.2346, -27.3463, -181.9354,  127, 64, 0
L 461.1696, 26.3938, -181.9353,  474.2198, 13.3771, -181.9353,  127, 64, 0
L 378.8195, 26.4164, -181.9353,  461.1696, 26.3938, -181.9353,  127, 64, 0
L 365.4325, -0.3543, -181.9353,  378.8195, 26.4164, -181.9354,  127, 64, 0
L 365.4243, -27.3420, -181.9353,  365.4325, -0.3543, -181.9354,  127, 64, 0
L 378.4950, -40.3930, -181.9353,  365.4243, -27.3420, -181.9354,  127, 64, 0
L 393.4341, -40.3843, -181.9353,  378.4950, -40.3930, -181.9353,  127, 64, 0
L 390.2674, -16.6600, -196.9042,  390.2103, -40.3892, -196.9042,  127, 64, 0
L 430.5770, -16.5009, -196.9042,  421.6503, -40.3817, -196.9042,  127, 64, 0
L 461.1431, -40.3947, -195.9042,  421.6503, -40.3817, -195.9042,  127, 64, 0
L 474.2361, -27.3425, -195.9042,  461.1431, -40.3947, -195.9042,  127, 64, 0
L 378.4771, -40.3721, -195.9040,  390.2103, -40.3892, -195.9042,  127, 64, 0
L 365.4125, -27.3430, -195.9040,  378.4771, -40.3721, -195.9042,  127, 64, 0
L 365.4306, -0.3688, -195.9040,  365.4125, -27.3430, -195.9042,  127, 64, 0
L 378.8256, 26.4360, -195.9042,  365.4306, -0.3688, -195.9042,  127, 64, 0
L 461.1689, 26.4128, -195.9042,  378.8256, 26.4360, -195.9042,  127, 64, 0
L 474.2302, 13.3476, -195.9042,  461.1689, 26.4128, -195.9042,  127, 64, 0
L 474.2429, -3.5830, -195.9042,  474.2302, 13.3476, -195.9042,  127, 64, 0
L 479.2946, -3.5672, -195.9042,  474.2429, -3.5830, -195.9042,  127, 64, 0
L 479.4336, -1.5886, -195.9040,  479.2946, -3.5672, -195.9042,  127, 64, 0
L 534.2073, -1.5750, -195.9042,  479.4336, -1.5886, -195.9042,  127, 64, 0
L 474.2361, -10.4289, -195.9040,  479.3682, -10.4201, -195.9040,  127, 64, 0
L 474.2361, -10.4289, -195.9040,  474.2361, -27.3425, -195.9042,  127, 64, 0
L 479.3888, -12.4181, -195.9040,  479.3682, -10.4201, -195.9042,  127, 64, 0
L 534.2073, -1.5750, -195.9040,  534.1983, -8.5685, -195.9042,  127, 64, 0
L 687.3082, 103.5433, -195.9040,  689.2714, 103.5495, -195.9042,  127, 64, 0
L 689.2714, 103.5495, -195.9042,  689.3087, 98.3890, -195.9042,  127, 64, 0
L 687.2931, 98.3944, -195.9040,  689.3087, 98.3890, -195.9042,  127, 64, 0
L 687.2931, 98.3944, -195.9040,  687.3011, 96.3764, -195.9042,  127, 64, 0
L 658.3944, 96.3937, -195.9040,  687.3011, 96.3764, -195.9042,  127, 64, 0
L 645.3405, 83.3238, -195.9040,  658.3944, 96.3937, -195.9040,  127, 64, 0
L 645.3270, 56.6321, -195.9040,  645.3405, 83.3238, -195.9042,  127, 64, 0
L 658.4102, 43.5484, -195.9042,  645.3270, 56.6321, -195.9042,  127, 64, 0
L 699.5870, 43.5463, -195.9042,  658.4102, 43.5484, -195.9042,  127, 64, 0
L 712.1416, 56.6270, -195.9040,  699.5870, 43.5463, -195.9042,  127, 64, 0
L 712.1259, 83.3089, -195.9040,  712.1416, 56.6270, -195.9042,  127, 64, 0
L 698.1411, 97.3337, -195.9042,  712.1259, 83.3089, -195.9042,  127, 64, 0
L 698.1429, 98.3943, -195.9040,  698.1411, 97.3337, -195.9042,  127, 64, 0
L 698.1441, 98.3944, -195.9040,  696.1249, 98.3736, -195.9040,  127, 64, 0
L 696.1249, 98.3736, -195.9040,  696.1553, 103.5538, -195.9042,  127, 64, 0
L 698.1312, 103.5431, -195.9040,  696.1553, 103.5538, -195.9042,  127, 64, 0
L 561.3501, 15.5771, -195.9042,  561.3627, -1.5855, -195.9042,  127, 64, 0
L 547.3637, 15.5756, -195.9040,  561.3501, 15.5771, -195.9042,  127, 64, 0
L 547.3546, 26.4150, -195.9042,  547.3637, 15.5756, -195.9040,  127, 64, 0
L 560.4561, 26.4388, -195.9042,  547.3546, 26.4150, -195.9040,  127, 64, 0
L 574.4145, 40.3793, -195.9042,  560.4561, 26.4388, -195.9042,  127, 64, 0
L 589.3372, 40.4020, -195.9040,  574.4145, 40.3793, -195.9042,  127, 64, 0
L 589.3101, 54.3947, -195.9042,  589.3372, 40.4020, -195.9042,  127, 64, 0
L 628.1711, 54.3887, -195.9040,  589.3101, 54.3947, -195.9042,  127, 64, 0
L 628.1616, 12.4143, -195.9040,  628.1711, 54.3887, -195.9042,  127, 64, 0
L 672.3591, 12.4265, -195.9040,  628.1616, 12.4143, -195.9040,  127, 64, 0
L 686.3935, 26.4228, -195.9042,  672.3591, 12.4265, -195.9042,  127, 64, 0
L 699.6150, 26.4253, -195.9042,  686.3935, 26.4228, -195.9042,  127, 64, 0
L 713.6750, 12.4109, -195.9040,  699.6150, 26.4253, -195.9042,  127, 64, 0
L 722.1438, 12.4257, -195.9042,  713.6750, 12.4109, -195.9042,  127, 64, 0
L 722.1438, 12.4257, -195.9042,  722.1353, 10.4231, -195.9042,  127, 64, 0
L 727.3070, 10.4271, -195.9040,  722.1353, 10.4231, -195.9040,  127, 64, 0
L 727.2931, 12.4260, -195.9040,  727.3070, 10.4271, -195.9040,  127, 64, 0
L 727.2931, 12.4260, -195.9040,  728.4012, 12.4184, -195.9040,  127, 64, 0
L 754.9690, -19.5740, -195.9040,  752.8460, -19.5812, -195.9042,  127, 64, 0
L 752.8460, -19.5812, -195.9040,  752.1335, -14.4183, -195.9042,  127, 64, 0
L 754.1133, -14.4253, -195.9031,  752.1335, -14.4183, -195.9040,  127, 64, 0
L 754.1109, -14.4254, -195.9040,  754.1264, -13.3337, -195.9040,  127, 64, 0
L 775.3328, 1.5881, -195.9042,  775.7560, 3.5878, -195.9042,  127, 64, 0
L 769.1700, 1.5609, -195.9042,  754.1264, -13.3337, -195.9040,  127, 64, 0
L 770.1127, 1.5921, -195.9042,  769.1700, 1.5609, -195.9042,  127, 64, 0
L 770.1127, 1.5921, -195.9040,  770.1009, 3.5644, -195.9040,  127, 64, 0
L 775.7560, 3.5878, -195.9042,  770.1009, 3.5644, -195.9042,  127, 64, 0
L 754.9690, -19.5740, -195.9040,  754.1267, -28.6718, -195.9042,  127, 64, 0
L 769.2580, -43.5478, -195.9042,  754.1267, -28.6718, -195.9042,  127, 64, 0
L 799.2782, -43.5527, -195.9040,  769.2580, -43.5478, -195.9042,  127, 64, 0
L 799.2613, -13.3400, -195.9042,  799.2782, -43.5527, -195.9042,  127, 64, 0
L 784.3359, 1.5752, -195.9042,  799.2613, -13.3400, -195.9042,  127, 64, 0
L 775.3328, 1.5881, -195.9042,  784.3359, 1.5752, -195.9040,  127, 64, 0
L 743.2957, 27.3644, -195.9042,  728.4012, 12.4184, -195.9042,  127, 64, 0
L 743.2933, 28.3871, -195.9040,  743.2957, 27.3644, -195.9042,  127, 64, 0
L 743.2933, 28.3871, -195.9040,  745.2372, 28.5567, -195.9040,  127, 64, 0
L 745.2997, 33.5724, -195.9040,  745.2372, 28.5567, -195.9040,  127, 64, 0
L 743.2989, 33.5771, -195.9040,  745.2997, 33.5724, -195.9042,  127, 64, 0
L 743.2925, 42.6377, -195.9042,  743.2989, 33.5771, -195.9042,  127, 64, 0
L 729.3015, 56.6159, -195.9042,  743.2925, 42.6377, -195.9042,  127, 64, 0
L 729.3010, 69.3155, -195.9042,  729.3015, 56.6159, -195.9042,  127, 64, 0
L 743.3006, 83.3231, -195.9042,  729.3010, 69.3155, -195.9042,  127, 64, 0
L 743.3001, 113.5474, -195.9042,  743.3006, 83.3231, -195.9042,  127, 64, 0
L 698.1481, 113.5610, -195.9042,  743.3001, 113.5474, -195.9042,  127, 64, 0
L 698.1312, 103.5431, -195.9042,  698.1481, 113.5610, -195.9042,  127, 64, 0
L 687.2889, 124.3594, -195.9040,  687.3082, 103.5433, -195.9040,  127, 64, 0
L 754.1180, 124.3516, -195.9040,  687.2889, 124.3594, -195.9042,  127, 64, 0
L 754.1029, 83.3281, -195.9042,  754.1180, 124.3516, -195.9042,  127, 64, 0
L 768.1132, 69.2986, -195.9042,  754.1029, 83.3281, -195.9042,  127, 64, 0
L 768.1069, 56.6165, -195.9040,  768.1132, 69.2986, -195.9042,  127, 64, 0
L 754.1163, 42.6456, -195.9040,  768.1069, 56.6165, -195.9042,  127, 64, 0
L 754.1056, 33.5745, -195.9042,  754.1163, 42.6456, -195.9042,  127, 64, 0
L 754.1056, 33.5745, -195.9040,  752.1226, 33.5844, -195.9042,  127, 64, 0
L 752.9270, 28.4226, -195.9042,  752.1226, 33.5844, -195.9042,  127, 64, 0
L 754.1109, 28.4238, -195.9040,  752.9270, 28.4226, -195.9042,  127, 64, 0
L 754.1109, 28.4238, -195.9040,  754.1109, 27.3338, -195.9042,  127, 64, 0
L 769.4040, 12.4197, -195.9040,  754.1109, 27.3338, -195.9042,  127, 64, 0
L 770.6470, 12.4253, -195.9040,  770.2096, 10.4387, -195.9042,  127, 64, 0
L 770.6470, 12.4253, -195.9040,  769.4040, 12.4197, -195.9042,  127, 64, 0
L 775.2164, 10.3932, -195.9042,  770.2096, 10.4387, -195.9042,  127, 64, 0
L 775.2641, 12.4227, -195.9040,  775.2164, 10.3932, -195.9040,  127, 64, 0
L 784.3215, 12.4036, -195.9042,  775.2641, 12.4227, -195.9042,  127, 64, 0
L 798.3467, 26.4186, -195.9042,  784.3215, 12.4036, -195.9042,  127, 64, 0
L 811.4210, 26.4227, -195.9042,  798.3467, 26.4186, -195.9042,  127, 64, 0
L 824.6610, 13.3318, -195.9042,  811.4210, 26.4227, -195.9042,  127, 64, 0
L 824.9240, 0.6490, -195.9042,  824.6610, 13.3318, -195.9042,  127, 64, 0
L 810.8500, -13.3323, -195.9042,  824.9240, 0.6490, -195.9042,  127, 64, 0
L 810.1185, -54.4091, -195.9040,  810.8500, -13.3323, -195.9042,  127, 64, 0
L 769.3710, -54.3804, -195.9040,  810.1185, -54.4091, -195.9042,  127, 64, 0
L 755.5190, -68.3738, -195.9042,  769.3710, -54.3804, -195.9042,  127, 64, 0
L 742.4008, -68.4061, -195.9042,  755.5190, -68.3738, -195.9042,  127, 64, 0
L 729.2993, -55.3220, -195.9042,  742.4008, -68.4061, -195.9042,  127, 64, 0
L 729.2980, -42.6242, -195.9042,  729.2993, -55.3220, -195.9042,  127, 64, 0
L 743.2993, -28.6553, -195.9042,  729.2980, -42.6242, -195.9042,  127, 64, 0
L 743.2948, -19.5731, -195.9040,  743.2993, -28.6553, -195.9040,  127, 64, 0
L 743.2948, -19.5731, -195.9040,  745.2689, -19.5929, -195.9042,  127, 64, 0
L 745.2575, -14.4187, -195.9040,  745.2689, -19.5929, -195.9042,  127, 64, 0
L 743.2931, -14.4227, -195.9040,  745.2575, -14.4187, -195.9042,  127, 64, 0
L 743.3162, -14.4254, -195.9042,  743.2441, -13.2829, -195.9040,  127, 64, 0
L 728.3676, 1.5790, -195.9042,  743.2441, -13.2829, -195.9042,  127, 64, 0
L 727.2963, 1.5744, -195.9040,  728.3676, 1.5790, -195.9042,  127, 64, 0
L 727.2925, 1.6135, -195.9042,  727.3015, 3.5880, -195.9042,  127, 64, 0
L 722.1321, 3.5605, -195.9042,  727.3015, 3.5880, -195.9042,  127, 64, 0
L 722.1441, 1.5845, -195.9040,  722.1321, 3.5605, -195.9042,  127, 64, 0
L 713.3560, 1.5649, -195.9040,  722.1441, 1.5845, -195.9040,  127, 64, 0
L 699.7920, -12.4108, -195.9042,  713.3560, 1.5649, -195.9042,  127, 64, 0
L 686.3876, -12.4271, -195.9042,  699.7920, -12.4108, -195.9042,  127, 64, 0
L 672.3790, 1.5642, -195.9040,  686.3876, -12.4271, -195.9042,  127, 64, 0
L 617.3352, 1.5838, -195.9042,  672.3790, 1.5642, -195.9042,  127, 64, 0
L 617.3253, 43.5474, -195.9042,  617.3352, 1.5838, -195.9042,  127, 64, 0
L 600.1820, 43.5486, -195.9042,  617.3253, 43.5474, -195.9042,  127, 64, 0
L 600.1683, -29.5912, -195.9042,  600.1820, 43.5486, -195.9042,  127, 64, 0
L 642.1680, -29.5768, -195.9042,  600.1683, -29.5912, -195.9042,  127, 64, 0
L 642.1706, -57.5510, -195.9042,  642.1680, -29.5768, -195.9042,  127, 64, 0
L 658.4193, -57.5441, -195.9040,  642.1706, -57.5510, -195.9042,  127, 64, 0
L 672.3630, -43.5510, -195.9042,  658.4193, -57.5441, -195.9042,  127, 64, 0
L 685.7190, -43.5450, -195.9042,  672.3630, -43.5510, -195.9042,  127, 64, 0
L 698.1458, -56.6418, -195.9040,  685.7190, -43.5450, -195.9042,  127, 64, 0
L 754.1544, 12.4257, -97.9667,  752.1027, 12.4156, -97.9667,  0, 127, 0
L 752.1146, 19.5551, -97.9667,  752.1027, 12.4156, -97.9667,  0, 127, 0
L 754.1017, 19.5776, -97.9667,  752.1146, 19.5551, -97.9667,  0, 127, 0
L 754.1017, 19.5776, -97.9667,  754.1136, 29.5689, -97.9667,  0, 127, 0
L 953.2128, -141.5158, -83.9667,  953.1950, -169.5209, -83.9667,  0, 127, 0
L 964.5460, -141.5095, -83.9667,  953.2128, -141.5158, -83.9667,  0, 127, 0
L 964.3980, -155.5144, -83.9667,  964.5460, -141.5095, -83.9667,  0, 127, 0
L 978.4900, -155.5210, -83.9667,  964.3980, -155.5144, -83.9667,  0, 127, 0
L 978.1840, -183.5249, -83.9667,  978.4900, -155.5210, -83.9667,  0, 127, 0
L 995.1781, -183.5084, -83.9667,  978.1840, -183.5249, -83.9667,  0, 127, 0
L 995.1711, -153.2889, -83.9667,  995.1781, -183.5084, -83.9667,  0, 127, 0
L 981.1689, -139.2678, -83.9667,  995.1711, -153.2889, -83.9667,  0, 127, 0
L 981.1719, -127.5258, -83.9667,  981.1689, -139.2678, -83.9667,  0, 127, 0
L 995.1749, -127.5096, -83.9667,  981.1719, -127.5258, -83.9667,  0, 127, 0
L 995.1656, -112.6417, -83.9667,  995.1749, -127.5096, -83.9667,  0, 127, 0
L 995.1767, -117.6808, -83.9667,  995.1767, -117.6808, -83.9665,  0, 127, 0
L 1008.2464, -99.5568, -83.9667,  995.1656, -112.6417, -83.9667,  0, 127, 0
L 1020.9484, -99.5545, -83.9667,  1008.2464, -99.5568, -83.9667,  0, 127, 0
L 1034.8199, -112.6248, -83.9667,  1020.9484, -99.5545, -83.9667,  0, 127, 0
L 1034.6000, -125.3061, -83.9667,  1034.8199, -112.6248, -83.9667,  0, 127, 0
L 1020.9238, -138.3576, -83.9667,  1034.6000, -125.3061, -83.9667,  0, 127, 0
L 1006.4500, -138.3643, -83.9667,  1020.9238, -138.3576, -83.9667,  0, 127, 0
L 1006.1490, -208.3223, -83.9667,  1006.4500, -138.3643, -83.9667,  0, 127, 0
L 992.1580, -208.3351, -83.9667,  1006.1490, -208.3223, -83.9667,  0, 127, 0
L 992.1720, -222.3240, -83.9667,  992.1580, -208.3351, -83.9667,  0, 127, 0
L 967.2029, -222.3216, -83.9667,  992.1720, -222.3240, -83.9667,  0, 127, 0
L 967.2071, -194.3303, -83.9667,  967.2029, -222.3216, -83.9667,  0, 127, 0
L 953.2060, -194.3223, -83.9667,  967.2071, -194.3303, -83.9667,  0, 127, 0
L 953.2074, -180.3631, -83.9667,  953.2060, -194.3223, -83.9667,  0, 127, 0
L 943.1994, -180.3545, -83.9667,  953.2074, -180.3631, -83.9667,  0, 127, 0
L 943.1994, -180.3545, -83.9667,  943.2100, -178.4045, -83.9667,  0, 127, 0
L 938.1038, -178.3215, -83.9667,  943.2100, -178.4045, -83.9667,  0, 127, 0
L 938.2500, -180.3572, -83.9667,  938.1038, -178.3215, -83.9667,  0, 127, 0
L 923.2083, -180.3588, -83.9667,  938.2500, -180.3572, -83.9667,  0, 127, 0
L 923.2083, -180.3588, -83.9667,  923.1717, -178.3529, -83.9667,  0, 127, 0
L 918.3890, -178.3720, -83.9667,  923.1717, -178.3529, -83.9667,  0, 127, 0
L 918.5030, -180.3556, -83.9667,  918.3890, -178.3720, -83.9667,  0, 127, 0
L 908.4280, -180.3483, -83.9667,  918.5030, -180.3556, -83.9667,  0, 127, 0
L 908.4030, -197.4830, -83.9667,  908.4280, -180.3483, -83.9667,  0, 127, 0
L 922.4210, -197.4886, -83.9667,  908.4030, -197.4830, -83.9667,  0, 127, 0
L 922.5010, -211.4819, -83.9667,  922.4210, -197.4886, -83.9667,  0, 127, 0
L 938.3770, -211.4893, -83.9667,  922.5010, -211.4819, -83.9667,  0, 127, 0
L 938.5530, -222.3179, -83.9667,  938.3770, -211.4893, -83.9667,  0, 127, 0
L 922.4830, -222.3406, -83.9667,  938.5530, -222.3179, -83.9667,  0, 127, 0
L 922.4850, -228.3317, -83.9667,  922.4830, -222.3406, -83.9667,  0, 127, 0
L 922.4850, -228.3317, -83.9667,  920.4480, -228.3232, -83.9667,  0, 127, 0
L 920.5580, -233.4877, -83.9667,  920.4480, -228.3232, -83.9667,  0, 127, 0
L 922.4670, -233.4807, -83.9667,  920.5580, -233.4877, -83.9667,  0, 127, 0
L 922.5240, -239.4835, -83.9667,  922.4670, -233.4807, -83.9667,  0, 127, 0
L 936.4420, -239.4818, -83.9667,  922.5240, -239.4835, -83.9667,  0, 127, 0
L 936.4110, -278.2919, -83.9667,  936.4420, -239.4818, -83.9667,  0, 127, 0
L 897.2396, -239.4825, -83.9667,  897.2251, -253.4755, -83.9667,  0, 127, 0
L 897.2336, -278.2943, -83.9667,  936.4110, -278.2919, -83.9667,  0, 127, 0
L 897.2337, -264.3254, -83.9667,  897.2336, -278.2943, -83.9667,  0, 127, 0
L 883.2332, -264.3292, -83.9667,  897.2337, -264.3254, -83.9667,  0, 127, 0
L 883.2454, -253.4927, -83.9667,  883.2332, -264.3292, -83.9667,  0, 127, 0
L 897.2251, -253.4755, -83.9667,  883.2454, -253.4927, -83.9667,  0, 127, 0
L 911.1953, -239.4933, -83.9667,  897.2396, -239.4825, -83.9667,  0, 127, 0
L 911.2039, -233.4818, -83.9667,  911.1953, -239.4933, -83.9667,  0, 127, 0
L 911.2039, -233.4818, -83.9667,  913.1988, -233.4873, -83.9667,  0, 127, 0
L 913.2023, -228.3166, -83.9667,  913.1988, -233.4873, -83.9667,  0, 127, 0
L 911.2183, -228.3320, -83.9667,  913.2023, -228.3166, -83.9667,  0, 127, 0
L 911.1891, -208.3209, -83.9667,  911.2183, -228.3320, -83.9667,  0, 127, 0
L 897.2406, -208.3154, -83.9667,  911.1891, -208.3209, -83.9667,  0, 127, 0
L 897.2290, -194.3319, -83.9667,  897.2406, -208.3154, -83.9667,  0, 127, 0
L 881.2282, -194.3284, -83.9667,  897.2290, -194.3319, -83.9667,  0, 127, 0
L 881.2400, -183.5141, -83.9667,  881.2282, -194.3284, -83.9667,  0, 127, 0
L 897.2309, -183.5294, -83.9667,  881.2400, -183.5141, -83.9667,  0, 127, 0
L 897.2380, -169.5244, -83.9667,  897.2309, -183.5294, -83.9667,  0, 127, 0
L 943.1994, -169.5129, -83.9667,  953.1950, -169.5209, -83.9667,  0, 127, 0
L 943.1994, -169.5129, -83.9665,  943.2056, -171.5230, -83.9667,  0, 127, 0
L 943.2056, -171.5230, -83.9667,  938.2890, -171.5057, -83.9667,  0, 127, 0
L 938.5050, -169.5149, -83.9667,  938.2890, -171.5057, -83.9667,  0, 127, 0
L 938.4980, -169.5545, -83.9667,  936.4930, -169.4093, -83.9667,  0, 127, 0
L 936.4280, -141.5257, -83.9667,  936.4930, -169.4093, -83.9667,  0, 127, 0
L 922.3530, -141.5104, -83.9667,  936.4280, -141.5257, -83.9667,  0, 127, 0
L 919.3499, -109.1458, -83.9667,  915.4815, -112.5230, -83.9667,  0, 127, 0
L 922.4740, -112.5344, -83.9667,  922.3530, -141.5104, -83.9667,  0, 127, 0
L 919.3499, -109.1458, -83.9667,  922.4740, -112.5344, -83.9667,  0, 127, 0
L 918.3710, -169.5176, -83.9667,  897.2380, -169.5244, -83.9667,  0, 127, 0
L 918.3710, -169.5176, -83.9667,  918.5840, -171.5182, -83.9667,  0, 127, 0
L 923.2065, -171.5074, -83.9667,  918.5840, -171.5182, -83.9667,  0, 127, 0
L 923.1994, -169.5147, -83.9667,  923.2065, -171.5074, -83.9667,  0, 127, 0
L 923.1994, -169.5698, -83.9667,  925.2133, -169.4389, -83.9667,  0, 127, 0
L 925.1933, -152.3397, -83.9667,  925.2133, -169.4389, -83.9667,  0, 127, 0
L 880.8460, -152.3617, -83.9667,  925.1933, -152.3397, -83.9667,  0, 127, 0
L 880.6880, -166.3568, -83.9667,  880.8460, -152.3617, -83.9667,  0, 127, 0
L 852.8300, -166.3559, -83.9667,  880.6880, -166.3568, -83.9667,  0, 127, 0
L 852.7390, -194.3157, -83.9667,  852.8300, -166.3559, -83.9667,  0, 127, 0
L 825.2600, -194.3259, -83.9667,  852.7390, -194.3157, -83.9667,  0, 127, 0
L 811.3160, -208.3256, -83.9667,  825.2600, -194.3259, -83.9667,  0, 127, 0
L 784.3432, -208.3308, -83.9667,  811.3160, -208.3256, -83.9667,  0, 127, 0
L 770.3532, -194.3254, -83.9667,  784.3432, -208.3308, -83.9667,  0, 127, 0
L 755.3620, -194.3215, -83.9667,  770.3532, -194.3254, -83.9667,  0, 127, 0
L 740.1391, -209.2407, -83.9667,  755.3620, -194.3215, -83.9667,  0, 127, 0
L 740.1384, -225.4838, -83.9667,  740.1391, -209.2407, -83.9667,  0, 127, 0
L 754.1079, -225.4865, -83.9667,  740.1384, -225.4838, -83.9667,  0, 127, 0
L 754.1096, -236.3290, -83.9667,  754.1079, -225.4865, -83.9667,  0, 127, 0
L 740.1446, -236.3309, -83.9667,  754.1096, -236.3290, -83.9667,  0, 127, 0
L 729.2933, -298.3004, -83.9667,  740.1386, -298.2604, -83.9667,  110, 22, 190
L 715.2960, -267.4560, -83.9667,  715.2929, -279.2051, -83.9667,  0, 127, 0
L 729.3087, -267.5402, -83.9667,  715.2960, -267.4560, -83.9667,  0, 127, 0
L 729.2826, -236.3303, -83.9667,  729.3087, -267.5402, -83.9667,  0, 127, 0
L 715.3002, -236.3252, -83.9667,  729.2826, -236.3303, -83.9667,  0, 127, 0
L 715.2874, -225.4851, -83.9667,  715.3002, -236.3252, -83.9667,  0, 127, 0
L 729.3052, -225.4949, -83.9667,  715.2874, -225.4851, -83.9667,  0, 127, 0
L 729.2972, -209.2537, -83.9667,  729.3052, -225.4949, -83.9667,  0, 127, 0
L 714.3898, -194.3276, -83.9667,  729.2972, -209.2537, -83.9667,  0, 127, 0
L 691.1086, -194.3221, -83.9667,  714.3898, -194.3276, -83.9667,  0, 127, 0
L 693.6707, -183.5132, -83.5232,  691.1086, -194.3221, -83.5232,  0, 127, 0
L 714.3704, -183.5173, -83.5232,  693.6707, -183.5132, -83.9667,  0, 127, 0
L 729.2996, -168.5971, -83.9667,  714.3704, -183.5173, -83.9667,  0, 127, 0
L 729.2917, -155.5199, -83.5232,  729.2996, -168.5971, -83.9667,  0, 127, 0
L 740.1438, -155.5249, -83.9667,  729.2917, -155.5199, -83.9667,  0, 127, 0
L 736.6672, -155.5109, -83.9667,  736.6671, -155.5109, -83.9665,  0, 127, 0
L 740.1082, -168.5551, -83.9667,  740.1438, -155.5249, -83.9667,  0, 127, 0
L 755.2200, -183.5229, -83.9667,  740.1082, -168.5551, -83.9667,  0, 127, 0
L 770.3396, -183.5211, -83.9667,  755.2200, -183.5229, -83.9667,  0, 127, 0
L 784.3451, -169.5148, -83.9667,  770.3396, -183.5211, -83.9667,  0, 127, 0
L 811.3510, -169.5178, -83.9667,  784.3451, -169.5148, -83.9667,  0, 127, 0
L 824.9878, -183.5236, -83.9667,  811.3510, -169.5178, -83.9667,  0, 127, 0
L 841.2422, -183.5131, -83.9667,  824.9878, -183.5236, -83.9667,  0, 127, 0
L 841.2422, -155.5203, -83.9667,  841.2422, -183.5131, -83.9667,  0, 127, 0
L 869.2333, -155.5146, -83.9667,  841.2422, -155.5203, -83.9667,  0, 127, 0
L 869.2327, -141.5318, -83.9667,  869.2333, -155.5146, -83.9667,  0, 127, 0
L 911.2005, -141.5074, -83.9667,  869.2327, -141.5318, -83.9667,  0, 127, 0
L 911.2042, -124.7543, -83.9667,  911.2005, -141.5074, -83.9667,  0, 127, 0
L 905.6384, -123.1501, -83.9667,  911.2042, -124.7543, -83.9667,  0, 127, 0
L 911.4838, -117.3439, -83.9667,  905.6384, -123.1501, -83.9667,  0, 127, 0
L 801.3038, -43.5339, -83.9667,  812.9524, -43.5609, -83.9667,  0, 127, 0
L 801.2636, -54.3813, -83.9667,  812.3546, -54.4005, -83.9667,  0, 127, 0
L 801.2636, -54.3813, -83.9667,  801.2713, -48.1341, -83.9667,  0, 127, 0
L 801.3038, -43.5339, -83.9667,  801.2269, -45.5518, -83.9667,  0, 127, 0
L 796.1096, -45.5382, -82.4432,  801.2269, -45.5518, -82.4437,  0, 127, 0
L 796.1156, -53.3230, -82.4393,  801.2713, -48.1341, -82.4428,  0, 127, 0
L 796.1096, -45.5382, -83.9667,  796.1001, -31.5351, -83.9667,  0, 127, 0
L 829.2804, -91.5365, -83.9667,  829.2078, -85.5457, -83.9667,  0, 127, 0
L 829.2309, -102.3863, -83.9667,  829.2404, -110.3832, -83.9667,  0, 127, 0
L 824.8150, -102.4010, -82.1848,  829.2309, -102.3863, -82.1850,  0, 127, 0
L 829.2804, -91.5365, -82.1850,  824.7920, -91.5515, -82.1850,  0, 127, 0
L 701.1127, 19.7064, -83.9667,  694.3597, -20.6297, -83.9667,  0, 127, 0
L 803.2580, -20.6474, -83.9667,  796.2661, 19.7237, -83.9667,  0, 127, 0
L 796.1213, -124.3594, -83.9667,  796.1035, -138.3538, -83.9667,  0, 127, 0
L 811.4250, -124.3498, -83.9667,  796.1213, -124.3594, -83.9667,  0, 127, 0
L 824.7200, -111.3045, -83.9667,  811.4250, -124.3498, -83.9667,  0, 127, 0
L 824.8150, -102.4010, -83.9667,  824.7200, -111.3045, -83.9667,  0, 127, 0
L 824.7190, -84.6226, -83.9667,  824.7920, -91.5515, -83.9667,  0, 127, 0
L 811.1412, -71.6560, -83.9667,  824.7190, -84.6226, -83.9667,  0, 127, 0
L 796.1005, -71.1405, -83.9667,  811.1412, -71.6560, -83.9667,  0, 127, 0
L 796.1156, -53.3230, -83.9667,  796.1005, -71.1405, -83.9667,  0, 127, 0
L 803.2580, -20.6474, -83.9667,  796.1001, -31.5351, -83.9667,  0, 127, 0
L 769.4171, 26.4241, -83.9667,  796.2661, 19.7237, -83.9667,  0, 127, 0
L 727.8831, 26.4119, -83.9667,  769.4171, 26.4241, -83.9667,  0, 127, 0
L 701.1127, 19.7064, -83.9667,  727.8831, 26.4119, -83.9667,  0, 127, 0
L 701.3040, -31.5604, -83.9667,  694.3597, -20.6297, -83.9667,  0, 127, 0
L 701.2966, -71.5534, -83.9667,  701.3040, -31.5604, -83.9667,  0, 127, 0
L 686.3748, -71.5524, -83.9667,  701.2966, -71.5534, -83.9667,  0, 127, 0
L 673.2821, -84.6326, -83.9667,  686.3748, -71.5524, -83.9667,  0, 127, 0
L 673.3161, -111.3396, -83.9667,  673.2821, -84.6326, -83.9667,  0, 127, 0
L 686.3845, -124.3572, -83.9667,  673.3161, -111.3396, -83.9667,  0, 127, 0
L 701.2972, -124.3512, -83.9667,  686.3845, -124.3572, -83.9667,  0, 127, 0
L 701.2957, -138.3555, -83.9667,  701.2972, -124.3512, -83.9667,  0, 127, 0
L 796.1035, -138.3538, -83.9667,  701.2957, -138.3555, -83.9667,  0, 127, 0
L 737.6920, -107.5504, 2.1900,  734.1412, -104.6165, 2.1900,  0, 127, 0
L 734.1391, -91.3127, 1.2000,  734.1412, -104.6165, 1.2000,  0, 127, 0
L 737.6290, -88.3963, 2.1700,  734.1391, -91.3127, 2.1900,  0, 127, 0
L 760.3355, -88.3837, 1.2000,  737.6290, -88.3963, 1.2000,  0, 127, 0
L 763.2657, -91.3255, 2.1900,  760.3355, -88.3837, 2.1900,  0, 127, 0
L 763.2659, -104.6020, 1.2000,  763.2657, -91.3255, 1.2000,  0, 127, 0
L 763.2659, -104.6020, 2.1900,  760.3510, -107.5461, 2.1900,  0, 127, 0
L 737.6920, -107.5504, 1.2000,  760.3510, -107.5461, 1.2000,  0, 127, 0
L 701.3026, -127.5163, 0.2000,  684.1455, -127.5172, 0.2000,  0, 0, 0
L 701.3011, -68.3751, 0.2000,  701.3026, -127.5163, 0.2000,  0, 0, 0
L 684.1226, -68.4072, 0.2000,  701.3011, -68.3751, 0.2000,  0, 0, 0
L 684.1455, -127.5172, 0.2000,  684.1226, -68.4072, 0.2000,  0, 0, 0
L 642.1558, -83.3319, 14.2000,  642.1792, -112.6423, 14.2000,  0, 0, 0
L 589.3332, -57.5467, 14.2000,  574.4225, -57.5525, 14.2000,  0, 0, 0
L 589.3316, -43.5504, 14.2000,  589.3332, -57.5467, 14.2000,  0, 0, 0
L 600.1706, -43.5602, 14.2000,  589.3316, -43.5504, 14.2000,  0, 0, 0
L 600.1470, -57.5521, 14.2000,  600.1706, -43.5602, 14.2000,  0, 0, 0
L 617.3301, -57.5508, 14.2000,  600.1470, -57.5521, 14.2000,  0, 0, 0
L 617.3314, -43.5518, 14.2000,  617.3301, -57.5508, 14.2000,  0, 0, 0
L 628.1689, -43.5375, 14.2000,  617.3314, -43.5518, 14.2000,  0, 0, 0
L 628.1675, -57.5307, 14.2000,  628.1689, -43.5375, 14.2000,  0, 0, 0
L 643.1281, -57.5722, 14.2000,  628.1675, -57.5307, 14.2000,  0, 0, 0
L 655.4932, -69.9792, 14.2000,  643.1281, -57.5722, 14.2000,  0, 0, 0
L 642.1558, -83.3319, 14.2000,  655.4932, -69.9792, 14.2000,  0, 0, 0
L 461.2151, -171.9125, 0.2000,  399.6526, -138.2880, 0.2000,  0, 0, 0
L 470.9852, -158.4300, 0.2000,  461.2151, -171.9125, 0.1986,  0, 0, 0
L 470.9852, -158.4300, 0.2000,  481.3654, -160.2401, 0.2000,  0, 0, 0
L 488.6662, -138.3634, 0.2000,  495.5833, -138.3532, 0.2000,  0, 0, 0
L 488.6662, -138.3634, 0.2000,  481.3654, -160.2401, 0.2000,  0, 0, 0
L 392.8303, -124.3545, 0.2000,  399.6526, -138.2880, 0.2000,  0, 0, 0
L 365.9570, -110.3958, 0.2000,  370.2832, -124.3559, 0.2000,  0, 0, 0
L 392.8303, -124.3545, 0.2000,  370.2832, -124.3559, 0.2000,  0, 0, 0
L 308.5265, -110.3803, 0.2000,  365.9570, -110.3958, 0.2000,  0, 0, 0
L 295.4830, -97.3439, 0.2000,  308.5265, -110.3803, 0.2000,  0, 0, 0
L 295.4474, -40.3913, 0.2000,  295.4830, -97.3439, 0.2000,  0, 0, 0
L 264.9246, -40.3840, 0.2000,  295.4474, -40.3913, 0.2000,  0, 0, 0
L 250.3322, -69.5848, 0.2000,  264.9246, -40.3840, 0.2000,  0, 0, 0
L 250.3213, -112.4052, 0.2000,  250.3322, -69.5848, 0.2000,  0, 0, 0
L 265.4798, -142.5997, 0.2000,  250.3213, -112.4052, 0.2000,  0, 0, 0
L 276.5849, -131.4887, 0.2000,  265.4798, -142.5997, 0.2000,  0, 0, 0
L 284.6005, -138.5759, 0.2000,  276.5849, -131.4887, 0.2000,  0, 0, 0
L 302.5615, -141.4665, 0.2000,  284.6005, -138.5759, 0.6400,  0, 0, 0
L 322.9968, -151.7529, 0.2000,  302.5615, -141.4665, 0.2000,  0, 0, 0
L 350.7166, -140.2728, 0.2000,  322.9968, -151.7529, 0.2000,  0, 0, 0
L 362.2379, -141.6820, 0.2000,  362.2756, -153.2761, 0.2000,  0, 0, 0
L 348.9499, -166.6186, 0.2000,  362.2756, -153.2761, 0.2000,  0, 0, 0
L 319.2026, -181.5163, 0.2000,  348.9499, -166.6186, 0.2000,  0, 0, 0
L 335.5591, -197.8341, 0.2000,  319.2026, -181.5163, 0.2000,  0, 0, 0
L 363.8430, -183.7027, 0.2000,  335.5591, -197.8341, 0.2000,  0, 0, 0
L 389.7266, -196.6140, 0.2000,  363.8430, -183.7027, 0.2000,  0, 0, 0
L 375.9187, -224.2109, 0.2000,  389.7266, -196.6140, 0.2000,  0, 0, 0
L 393.4329, -241.7238, 0.2000,  375.9187, -224.2109, 0.2000,  0, 0, 0
L 393.4270, -224.5466, 0.2000,  393.4329, -241.7238, 0.2000,  0, 0, 0
L 420.1573, -197.8280, 0.2000,  393.4270, -224.5466, 0.2000,  0, 0, 0
L 447.8100, -211.6758, 0.2000,  420.1573, -197.8280, 0.2000,  0, 0, 0
L 475.1129, -198.3430, 0.2000,  447.8100, -211.6758, 0.2000,  0, 0, 0
L 503.3808, -254.5721, 0.2000,  475.1129, -198.3430, 0.2000,  0, 0, 0
L 518.4220, -239.4978, 0.2000,  503.3808, -254.5721, 0.2000,  0, 0, 0
L 545.1077, -239.4773, 0.2000,  518.4220, -239.4978, 0.2000,  0, 0, 0
L 558.1980, -252.5481, 0.2000,  545.1077, -239.4773, 0.2000,  0, 0, 0
L 558.1973, -265.2552, 0.2000,  558.1980, -252.5481, 0.2000,  0, 0, 0
L 545.1212, -278.3075, 0.2000,  558.1973, -265.2552, 0.2000,  0, 0, 0
L 518.4248, -278.2844, 0.2000,  545.1212, -278.3075, 0.2000,  0, 0, 0
L 503.1259, -262.9893, 0.2000,  518.4248, -278.2844, 0.2000,  0, 0, 0
L 492.9907, -293.3251, 0.2000,  503.1259, -262.9893, 0.2000,  0, 0, 0
L 484.5299, -296.7097, 0.2000,  492.9907, -293.3251, 0.2000,  0, 0, 0
L 466.5896, -282.3516, 0.2000,  484.5299, -296.7097, 0.2000,  0, 0, 0
L 457.7510, -250.9823, 0.2000,  466.5896, -282.3516, 0.2000,  0, 0, 0
L 424.8670, -244.5758, 0.2000,  457.7510, -250.9823, 0.2000,  0, 0, 0
L 406.4524, -249.6725, 0.2000,  424.8670, -244.5758, 0.2000,  0, 0, 0
L 403.7903, -256.1012, 0.2800,  406.4524, -249.6725, 0.2000,  0, 0, 0
L 364.5140, -264.3322, 0.2000,  377.1818, -264.3204, 0.2000,  0, 0, 0
L 351.4503, -251.2531, 0.2000,  364.5140, -264.3322, 0.2000,  0, 0, 0
L 391.5359, -249.9944, 0.2000,  403.7903, -256.1012, 0.2000,  0, 0, 0
L 377.1818, -264.3204, 0.2000,  391.5359, -249.9944, 0.2000,  0, 0, 0
L 351.4621, -238.5432, 0.2000,  351.4503, -251.2531, 0.2000,  0, 0, 0
L 366.5332, -223.4685, 0.2000,  351.4621, -238.5432, 0.2000,  0, 0, 0
L 335.5572, -207.9841, 0.2000,  366.5332, -223.4685, 0.2000,  0, 0, 0
L 321.2244, -222.3252, 0.2000,  335.5572, -207.9841, 0.2000,  0, 0, 0
L 321.2244, -222.3252, 0.2000,  308.5622, -222.3533, 0.2000,  0, 0, 0
L 293.4418, -207.2400, 0.2000,  308.5622, -222.3533, 0.2000,  0, 0, 0
L 278.6836, -236.7490, 0.2000,  293.4418, -207.2400, 0.2000,  0, 0, 0
L 251.5519, -250.3211, 0.2000,  278.6836, -236.7490, 0.2000,  0, 0, 0
L 238.5772, -250.3263, 0.2000,  251.5519, -250.3211, 0.2000,  0, 0, 0
L 210.9226, -222.6876, 0.2000,  238.5772, -250.3263, 0.2000,  0, 0, 0
L 203.8868, -218.1130, 0.2000,  210.9226, -222.6876, 0.2000,  0, 0, 0
L 203.6862, -201.5757, 0.2000,  203.8868, -218.1130, 0.2000,  0, 0, 0
L 211.5686, -201.7700, 0.2000,  203.6862, -201.5757, 0.2000,  0, 0, 0
L 211.5686, -201.7700, 0.2000,  220.2423, -194.4704, 0.2000,  0, 0, 0
L 220.2423, -194.4704, 0.2000,  223.5968, -197.8362, 0.2000,  0, 0, 0
L 252.2690, -183.6387, 0.2000,  223.5968, -197.8362, 0.2000,  0, 0, 0
L 294.3150, -197.7069, 0.2000,  252.2690, -183.6387, 0.2000,  0, 0, 0
L 310.1095, -181.9270, 0.2000,  294.3150, -197.7069, 0.2000,  0, 0, 0
L 280.3292, -166.1448, 0.2100,  294.5616, -166.3951, 0.2000,  0, 0, 0
L 294.5616, -166.3951, 0.2000,  310.1095, -181.9270, 0.2000,  0, 0, 0
L 266.5582, -152.3580, 0.2000,  280.3292, -166.1448, 0.2000,  0, 0, 0
L 252.5586, -152.3541, 0.2000,  266.5582, -152.3580, 0.2000,  0, 0, 0
L 239.4951, -139.2977, 0.2000,  252.5586, -152.3541, 0.2000,  0, 0, 0
L 239.4898, -110.3888, 0.2000,  239.4951, -139.2977, 0.2000,  0, 0, 0
L 223.2218, -110.3884, 0.2000,  239.4898, -110.3888, 0.2000,  0, 0, 0
L 209.2746, -124.3552, 0.2000,  223.2218, -110.3884, 0.2000,  0, 0, 0
L 193.3591, -124.3460, 0.2000,  209.2746, -124.3552, 0.2000,  0, 0, 0
L 208.3218, -154.3317, 0.2000,  193.3591, -124.3460, 0.2000,  0, 0, 0
L 208.3292, -178.3300, 0.2000,  208.3218, -154.3317, 0.2000,  0, 0, 0
L 189.6656, -175.5621, 0.2000,  208.3292, -178.3300, 0.2000,  0, 0, 0
L 177.3727, -184.6800, 0.2000,  189.6656, -175.5621, 0.2000,  0, 0, 0
L 176.5893, -193.7736, 0.2000,  176.5664, -194.3530, 0.2000,  0, 0, 0
L 177.3727, -184.6800, 0.2000,  176.9900, -199.4635, 0.2000,  0, 0, 0
L 168.4276, -194.3262, 0.2000,  176.9900, -199.4635, 0.2000,  0, 0, 0
L 154.5286, -194.3218, 0.2000,  168.4276, -194.3262, 0.2000,  0, 0, 0
L 137.6144, -166.3659, 0.2000,  133.8710, -172.7927, 0.2000,  0, 0, 0
L 128.9977, -151.1544, 0.2000,  137.6144, -166.3659, 0.2000,  0, 0, 0
L 138.8914, -137.8152, 0.2000,  140.3727, -122.7720, 0.2000,  0, 0, 0
L 138.8914, -137.8152, 0.4900,  128.9977, -151.1544, 0.2000,  0, 0, 0
L 68.3726, -43.5615, 0.2000,  68.3948, -1.5892, 0.2000,  0, 0, 0
L 57.5478, -12.4697, 0.2000,  57.5658, -41.3106, 0.2000,  0, 0, 0
L -96.3871, -12.4038, 0.2000,  57.5478, -12.4697, 0.2000,  0, 0, 0
L -96.3906, -3.3195, 0.2000,  -96.3871, -12.4038, 0.2000,  0, 0, 0
L 12.4245, -1.5778, 0.2000,  68.3948, -1.5892, 0.2000,  0, 0, 0
L 12.4161, 12.3934, 0.2000,  12.4245, -1.5778, 0.2000,  0, 0, 0
L -40.3808, 12.4328, 0.2000,  12.4161, 12.3934, 0.2000,  0, 0, 0
L -40.3902, -1.5716, 0.2000,  -40.3808, 12.4328, 0.2000,  0, 0, 0
L -85.5446, -1.5848, 0.2000,  -40.3902, -1.5716, 0.2000,  0, 0, 0
L -85.5536, 12.4214, 0.2000,  -85.5446, -1.5848, 0.2000,  0, 0, 0
L -94.5741, 12.4253, 0.2000,  -85.5536, 12.4214, 0.2000,  0, 0, 0
L 68.3726, -43.5615, 0.2000,  113.5413, -43.5337, 0.2000,  0, 0, 0
L 70.6280, -54.3945, 0.2000,  57.5658, -41.3106, 0.2000,  0, 0, 0
L 111.3064, -54.3826, 0.2000,  124.3627, -41.3111, 0.2000,  0, 0, 0
L 111.3064, -54.3826, 0.2000,  70.6280, -54.3945, 0.2000,  0, 0, 0
L 113.5413, -43.5337, 0.2000,  113.5504, -1.5903, 0.2000,  0, 0, 0
L 124.3627, -41.3111, 0.2000,  124.3546, -12.4053, 0.2000,  0, 0, 0
L 113.5504, -1.5903, 0.2000,  180.3716, -1.5539, 0.2000,  0, 0, 0
L 124.3546, -12.4053, 0.2000,  169.5070, -12.4194, 0.2000,  0, 0, 0
L 180.3716, -1.5539, 0.2000,  180.3519, -29.5994, 0.2000,  0, 0, 0
L 169.5070, -12.4194, 0.2000,  169.5252, -27.3290, 0.2000,  0, 0, 0
L 169.5252, -27.3290, 0.2000,  182.5994, -40.4221, 0.2000,  0, 0, 0
L 180.3519, -29.5994, 0.2000,  195.2389, -29.5658, 0.2000,  0, 0, 0
L 195.2389, -29.5658, 0.2000,  208.3415, -42.6353, 0.2000,  0, 0, 0
L 208.3415, -42.6353, 0.2000,  208.3080, -57.5504, 0.2000,  0, 0, 0
L 182.5994, -40.4221, 0.2000,  197.4712, -40.3830, 0.2000,  0, 0, 0
L 197.4712, -40.3830, 0.2000,  197.4992, -55.3222, 0.2000,  0, 0, 0
L 197.4992, -55.3222, 0.2000,  210.5781, -68.3851, 0.2000,  0, 0, 0
L 208.3080, -57.5504, 0.2000,  238.8656, -57.5435, 0.2000,  0, 0, 0
L 238.8656, -57.5435, 0.2000,  251.1860, -33.1180, 0.2000,  0, 0, 0
L 239.4900, -99.5521, 0.2000,  223.5894, -99.5467, 0.2000,  0, 0, 0
L 223.5894, -99.5467, 0.2000,  182.7506, -85.8662, 0.2000,  0, 0, 0
L 182.7506, -85.8662, 0.2000,  169.6890, -113.2763, 0.2000,  0, 0, 0
L 210.5781, -68.3851, 0.2000,  239.4791, -68.3924, 0.2000,  0, 0, 0
L 239.4791, -68.3924, 0.2000,  239.4900, -99.5521, 0.2000,  0, 0, 0
L 169.6890, -113.2763, 0.2000,  140.3727, -122.7720, 0.2000,  0, 0, 0
L 154.5286, -194.3218, 0.2000,  133.8710, -172.7927, 0.2000,  0, 0, 0
L 251.1860, -33.1180, 0.2000,  267.4841, -28.9920, 0.2000,  0, 0, 0
L 267.4841, -28.9920, 0.2000,  267.4909, -14.6615, 0.2000,  0, 0, 0
L 267.4909, -14.6615, 0.2000,  279.8747, -2.2273, 0.2000,  0, 0, 0
L 279.8747, -2.2273, 0.2000,  293.8756, -16.2389, 0.2000,  0, 0, 0
L 293.8756, -16.2389, 0.2000,  310.1118, -0.2800, 0.2000,  0, 0, 0
L 310.1118, -0.2800, 0.2000,  295.4572, 14.6504, 0.2000,  0, 0, 0
L 295.4572, 14.6504, 0.2000,  295.4560, 27.3402, 0.2000,  0, 0, 0
L 295.4560, 27.3402, 0.2000,  308.4972, 40.3532, 0.2000,  0, 0, 0
L 308.4972, 40.3532, 0.2000,  321.2176, 40.3971, 0.2000,  0, 0, 0
L 321.2176, 40.3971, 0.2000,  335.8815, 25.7671, 0.2000,  0, 0, 0
L 335.8815, 25.7671, 0.2000,  352.1104, 41.9784, 0.2000,  0, 0, 0
L 352.1104, 41.9784, 0.2000,  336.5206, 57.5677, 0.2000,  0, 0, 0
L 336.5206, 57.5677, 0.2000,  330.6822, 57.5499, 0.2000,  0, 0, 0
L 336.1841, 68.4440, 0.2000,  330.5799, 70.8299, 0.2000,  0, 0, 0
L 330.1650, 71.1320, 0.2000,  330.6822, 57.5499, 0.2000,  0, 0, 0
L 336.1841, 68.4440, 0.2000,  350.5015, 82.3580, 0.2000,  0, 0, 0
L 350.5015, 82.3580, 0.2000,  363.1784, 82.4009, 0.2000,  0, 0, 0
L 363.1784, 82.4009, 0.2000,  377.1881, 68.3807, 0.2000,  0, 0, 0
L 377.1881, 68.3807, 0.2000,  392.4889, 68.3884, 0.2000,  0, 0, 0
L 392.4889, 68.3884, 0.2000,  408.8560, 83.9698, 0.2000,  0, 0, 0
L 408.8560, 83.9698, 0.2000,  392.4793, 99.5665, 0.2000,  0, 0, 0
L 392.4793, 99.5665, 0.2000,  364.5307, 99.5289, 0.2000,  0, 0, 0
L 364.5307, 99.5289, 0.2000,  349.8686, 114.2014, 0.2000,  0, 0, 0
L 349.8686, 114.2014, 0.2000,  335.2099, 99.5451, 0.2000,  0, 0, 0
L 335.2099, 99.5451, 0.2000,  322.5264, 99.5524, 0.2000,  0, 0, 0
L 322.5264, 99.5524, 0.2000,  307.8711, 114.2163, 0.2000,  0, 0, 0
L 307.8711, 114.2163, 0.2000,  291.6424, 97.9615, 0.2000,  0, 0, 0
L 291.6424, 97.9615, 0.2000,  319.6376, 69.9668, 0.2000,  0, 0, 0
L 293.2273, 43.5538, 0.2000,  319.6376, 69.9668, 0.2000,  0, 0, 0
L 293.2273, 43.5538, 0.2000,  280.5108, 43.5454, 0.2000,  0, 0, 0
L 280.5108, 43.5454, 0.2000,  267.4866, 56.6392, 0.2000,  0, 0, 0
L 267.4866, 56.6392, 0.2000,  267.4886, 69.5896, 0.2000,  0, 0, 0
L 267.4886, 69.5896, 0.2000,  281.8029, 98.3012, 0.2000,  0, 0, 0
L 281.8029, 98.3012, 0.2000,  253.4782, 126.6146, 0.2000,  0, 0, 0
L 253.5217, 139.3259, 0.2000,  253.4782, 126.6146, 0.2000,  0, 0, 0
L 253.5217, 139.3259, 0.2000,  280.5577, 166.3470, 0.2000,  0, 0, 0
L 280.5577, 166.3470, 0.2000,  292.7361, 166.3557, 0.2000,  0, 0, 0
L 292.7361, 166.3557, 0.2000,  307.1961, 122.9812, 0.2000,  0, 0, 0
L 307.1961, 122.9812, 0.2000,  322.4889, 138.3374, 0.2000,  0, 0, 0
L 322.4889, 138.3374, 0.2000,  335.2194, 138.3666, 0.2000,  0, 0, 0
L 335.2194, 138.3666, 0.2000,  349.2260, 124.5550, 0.2000,  0, 0, 0
L 349.2260, 124.5550, 0.2000,  392.2651, 110.1668, 0.2000,  0, 0, 0
L 392.2651, 110.1668, 0.2000,  406.5054, 124.3656, 0.2000,  0, 0, 0
L 406.5054, 124.3656, 0.2000,  419.1738, 124.3559, 0.2000,  0, 0, 0
L 419.1738, 124.3559, 0.2000,  432.2427, 111.3151, 0.2000,  0, 0, 0
L 432.2427, 111.3151, 0.2000,  432.2106, 98.6034, 0.2000,  0, 0, 0
L 432.2106, 98.6034, 0.2000,  417.6077, 83.9578, 0.2000,  0, 0, 0
L 417.6077, 83.9578, 0.2000,  428.7312, 72.8499, 0.2000,  0, 0, 0
L 460.2425, 27.3402, 0.2000,  425.3448, 62.1585, 0.1559,  0, 0, 0
L 460.2425, 27.3402, 0.2000,  460.2217, 14.6480, 0.2000,  0, 0, 0
L 460.2217, 14.6480, 0.2000,  447.1662, 1.5837, 0.2000,  0, 0, 0
L 447.1662, 1.5837, 0.2000,  434.7939, 1.5730, 0.2000,  0, 0, 0
L 434.7939, 1.5730, 0.2000,  420.8104, 29.5713, 0.2000,  0, 0, 0
L 420.8104, 29.5713, 0.2000,  406.8190, 29.5847, 0.2000,  0, 0, 0
L 406.8190, 29.5847, 0.2000,  392.8265, 57.5397, 0.2000,  0, 0, 0
L 392.8265, 57.5397, 0.2000,  377.1897, 57.5581, 0.2000,  0, 0, 0
L 377.1897, 57.5581, 0.2000,  361.5822, 41.9393, 0.2000,  0, 0, 0
L 361.5822, 41.9393, 0.2000,  376.2654, 27.3563, 0.2000,  0, 0, 0
L 376.2654, 27.3563, 0.2000,  376.2624, 14.6534, 0.2000,  0, 0, 0
L 376.2624, 14.6534, 0.2000,  363.2056, 1.5912, 0.2000,  0, 0, 0
L 363.2056, 1.5912, 0.2000,  350.5307, 1.5668, 0.2000,  0, 0, 0
L 350.5307, 1.5668, 0.2000,  335.8716, 16.2378, 0.2000,  0, 0, 0
L 335.8716, 16.2378, 0.2000,  319.9492, 0.3114, 0.2000,  0, 0, 0
L 319.9492, 0.3114, 0.2000,  333.9454, -27.6957, 0.2000,  0, 0, 0
L 333.9454, -27.6957, 0.2000,  321.2130, -40.3896, 0.2000,  0, 0, 0
L 321.2130, -40.3896, 0.2000,  306.2794, -40.3855, 0.2000,  0, 0, 0
L 306.2794, -40.3855, 0.2000,  306.3104, -99.5506, 0.2000,  0, 0, 0
L 306.3104, -99.5506, 0.2000,  373.4015, -99.5478, 0.2000,  0, 0, 0
L 373.4015, -99.5478, 0.2000,  356.7844, -66.3104, 0.2000,  0, 0, 0
L 396.5600, -6.9734, 0.2000,  419.1906, -29.5794, 0.2000,  0, 0, 0
L 419.1906, -29.5794, 0.2000,  448.1816, -29.5819, 0.2000,  0, 0, 0
L 448.1816, -29.5819, 0.2000,  476.1750, -15.5776, 0.2000,  0, 0, 0
L 396.5600, -25.3647, 0.2000,  396.5600, -6.9734, 0.2000,  0, 0, 0
L 396.5600, -25.3647, 0.2000,  381.7701, -37.1998, 0.2000,  0, 0, 0
L 381.7701, -37.1998, 0.2000,  366.1995, -61.1296, 0.2000,  0, 0, 0
L 366.1995, -61.1296, 0.1722,  356.7844, -66.3104, 0.1331,  0, 0, 0
L 476.1750, -15.5776, 0.2000,  488.9585, -15.5885, 0.2000,  0, 0, 0
L 488.9585, -15.5885, 0.2000,  500.5020, -32.8950, 0.2000,  0, 0, 0
L 516.1987, -85.5448, 0.2000,  516.1956, -65.7741, 0.2000,  0, 0, 0
L 516.1987, -85.5448, 1.2000,  526.6704, -85.5618, 1.2000,  0, 0, 0
L 526.7020, -110.3910, 1.2000,  516.1765, -110.3905, 1.2000,  0, 0, 0
L 516.1765, -110.3905, 0.2000,  516.2255, -131.9027, 0.2000,  0, 0, 0
L 497.2008, -132.7775, 0.2000,  495.5833, -138.3532, 0.2000,  0, 0, 0
L 497.2008, -132.7775, 0.2000,  516.2114, -125.7094, 0.2000,  0, 0, 0
L 500.5022, -50.5991, 0.2000,  500.5020, -32.8950, 0.2000,  0, 0, 0
L 508.3360, -66.6462, 0.2000,  500.5022, -50.5991, 0.2000,  0, 0, 0
L 508.3360, -66.6462, 0.2000,  516.1956, -65.7741, 0.2000,  0, 0, 0
L 544.2021, -121.2801, 14.2000,  544.1930, -110.3880, 14.2000,  0, 0, 0
L 544.1930, -110.3880, 14.2000,  551.1313, -110.3898, 14.2000,  0, 0, 0
L 551.1313, -110.3898, 14.2000,  555.1177, -106.3996, 14.2000,  0, 0, 0
L 555.1177, -106.3996, 14.2000,  558.7604, -106.3842, 14.2000,  0, 0, 0
L 558.7604, -106.3842, 14.2000,  561.3513, -111.5889, 14.2000,  0, 0, 0
L 561.3513, -111.5889, 14.2000,  561.3721, -125.2916, 14.2000,  0, 0, 0
L 561.3721, -125.2916, 14.2000,  574.4332, -138.3649, 14.2000,  0, 0, 0
L 526.7020, -110.3910, 3.1900,  527.6222, -108.8896, 3.1900,  0, 0, 0
L 527.6222, -108.8896, 4.1900,  530.8826, -105.6343, 5.1900,  0, 0, 0
L 530.8826, -105.6343, 6.9782,  536.2273, -102.9840, 7.1900,  0, 0, 0
L 536.2273, -102.9840, 9.2000,  541.2159, -103.2485, 10.2000,  0, 0, 0
L 526.6704, -85.5618, 3.1900,  528.7238, -88.1393, 3.1900,  0, 0, 0
L 528.7238, -88.1393, 4.1900,  530.8458, -90.2693, 4.1900,  0, 0, 0
L 530.8458, -90.2693, 6.1900,  535.3665, -92.5307, 6.9409,  0, 0, 0
L 535.3665, -92.5307, 8.2000,  540.3913, -92.9266, 10.2000,  0, 0, 0
L 544.2047, -76.2109, 14.2000,  544.1992, -85.5377, 14.2000,  0, 0, 0
L 544.1992, -85.5377, 14.2000,  551.1285, -85.5489, 14.2000,  0, 0, 0
L 551.1285, -85.5489, 14.2000,  555.2219, -89.6363, 14.2000,  0, 0, 0
L 555.2219, -89.6363, 14.2000,  558.7771, -89.4851, 14.2000,  0, 0, 0
L 558.7771, -89.4851, 14.2000,  561.3605, -84.3486, 14.2000,  0, 0, 0
L 561.3605, -84.3486, 14.2000,  561.3721, -70.6291, 14.2000,  0, 0, 0
L 561.3721, -70.6291, 14.2000,  574.4225, -57.5525, 14.2000,  0, 0, 0
L 544.2047, -76.2109, 14.2000,  538.4240, -74.5871, 14.2000,  0, 0, 0
L 538.4240, -74.5871, 14.2000,  525.6610, -61.9292, 14.2000,  0, 0, 0
L 525.6610, -61.9292, 14.2000,  505.8023, -61.4562, 14.2000,  0, 0, 0
L 516.2255, -131.9027, 14.7480,  523.5943, -126.2896, 14.2000,  0, 0, 0
L 533.8645, -131.6188, 14.2000,  544.2021, -121.2801, 14.2000,  0, 0, 0
L 523.5943, -126.2896, 14.2000,  533.8645, -131.6188, 14.2000,  0, 0, 0
L 574.4332, -138.3649, 14.2000,  589.3337, -138.3482, 14.2000,  0, 0, 0
L 589.3337, -138.3482, 14.2000,  589.3319, -152.3627, 14.2000,  0, 0, 0
L 589.3319, -152.3627, 14.2000,  600.1647, -152.3569, 14.2000,  0, 0, 0
L 600.1647, -152.3569, 14.2000,  600.1752, -138.3480, 14.2000,  0, 0, 0
L 600.1752, -138.3480, 14.2000,  617.3418, -138.3660, 14.2000,  0, 0, 0
L 617.3418, -138.3660, 14.2000,  617.3211, -152.3552, 14.2000,  0, 0, 0
L 617.3211, -152.3552, 14.2000,  628.1728, -152.3565, 14.2000,  0, 0, 0
L 628.1728, -152.3565, 14.2000,  628.1702, -138.3625, 14.2000,  0, 0, 0
L 628.1702, -138.3625, 14.2000,  643.9690, -138.3523, 14.2000,  0, 0, 0
L 643.9690, -138.3523, 14.2000,  655.5135, -125.9304, 14.2000,  0, 0, 0
L 655.5135, -125.9304, 14.2000,  642.1792, -112.6423, 14.2000,  0, 0, 0
L 635.3351, -78.4359, 15.2000,  635.2232, -117.5353, 15.2000,  0, 0, 0
L 588.1642, -78.3909, 15.2000,  635.3351, -78.4359, 15.2000,  0, 0, 0
L 588.1864, -117.5260, 15.2000,  635.2232, -117.5353, 15.2000,  0, 0, 0
L 643.1059, -110.3823, 0.2000,  588.1535, -110.3855, 0.2000,  0, 0, 0
L 588.1911, -85.5477, 0.2000,  643.8860, -85.5529, 0.2000,  0, 0, 0
L 643.8860, -85.5529, 0.2000,  647.1091, -89.5480, 0.2000,  0, 0, 0
L 650.4157, -89.5412, 0.2000,  647.1091, -89.5480, 0.2000,  0, 0, 0
L 650.4157, -89.5412, 0.2000,  654.3926, -85.5608, 0.2000,  0, 0, 0
L 654.3926, -85.5608, 0.2000,  673.3138, -85.5400, 0.2000,  0, 0, 0
L 673.3138, -85.5400, 0.2000,  673.2930, -56.6077, 0.2000,  0, 0, 0
L 673.2930, -56.6077, 0.2000,  686.3708, -43.5686, 0.2000,  0, 0, 0
L 686.3708, -43.5686, 0.2000,  714.3935, -43.5311, 0.2000,  0, 0, 0
L 714.3935, -43.5311, 0.2000,  729.2978, -28.6588, 0.2000,  0, 0, 0
L 729.2978, -28.6588, 0.2000,  729.3010, -15.5775, 0.2000,  0, 0, 0
L 740.1253, -28.6585, 0.2000,  755.1640, -43.5337, 0.2000,  0, 0, 0
L 740.1253, -28.6585, 0.2000,  740.1477, -15.6012, 0.2000,  0, 0, 0
L 740.1477, -15.6012, 0.2000,  729.3010, -15.5775, 0.2000,  0, 0, 0
L 796.1042, -56.6227, 0.2000,  796.9810, -70.6126, 0.2000,  0, 0, 0
L 796.9810, -70.6126, 0.2000,  810.1072, -84.6398, 0.2000,  0, 0, 0
L 810.1072, -84.6398, 0.2000,  810.1005, -111.3208, 0.2000,  0, 0, 0
L 755.1640, -43.5337, 0.2000,  783.4970, -43.5671, 0.2000,  0, 0, 0
L 783.4970, -43.5671, 0.2000,  796.1042, -56.6227, 0.2000,  0, 0, 0
L 810.1005, -111.3208, 0.2000,  796.1074, -125.2643, 0.2000,  0, 0, 0
L 796.1074, -125.2643, 0.2000,  796.1004, -139.2802, 0.2000,  0, 0, 0
L 796.1004, -139.2802, 0.2000,  783.3470, -152.3460, 0.2000,  0, 0, 0
L 783.3470, -152.3460, 0.2000,  755.3260, -152.3608, 0.2000,  0, 0, 0
L 755.3260, -152.3608, 0.2000,  740.1403, -167.2762, 0.2000,  0, 0, 0
L 740.1403, -167.2762, 0.2000,  740.1431, -180.3583, 0.2000,  0, 0, 0
L 740.1431, -180.3583, 0.2000,  729.3019, -180.3574, 0.2000,  0, 0, 0
L 729.3019, -180.3574, 0.2000,  729.2948, -167.3014, 0.2000,  0, 0, 0
L 729.2948, -167.3014, 0.2000,  714.3975, -152.3676, 0.2000,  0, 0, 0
L 714.3975, -152.3676, 0.2000,  686.3491, -152.3483, 0.2000,  0, 0, 0
L 686.3491, -152.3483, 0.2000,  673.2880, -139.2521, 0.2000,  0, 0, 0
L 673.2880, -139.2521, 0.2000,  673.3087, -110.3867, 0.2000,  0, 0, 0
L 673.3087, -110.3867, 0.2000,  654.4025, -110.3867, 0.2000,  0, 0, 0
L 650.4103, -106.4017, 0.2000,  654.4025, -110.3867, 0.2000,  0, 0, 0
L 647.9590, -106.3813, 0.2000,  650.4103, -106.4017, 0.2000,  0, 0, 0
L 647.9590, -106.3813, 0.2000,  643.1059, -110.3823, 0.2000,  0, 0, 0
L 588.1864, -117.5260, 15.2000,  588.1535, -110.3855, 15.2000,  0, 0, 0
L 588.1911, -85.5477, 15.2000,  588.1642, -78.3909, 15.2000,  0, 0, 0
L 812.9524, -43.5609, -83.9667,  818.6647, -17.9327, -83.9667,  0, 127, 0
L 853.2218, -44.6437, -83.9667,  838.7356, -15.6867, -83.9667,  0, 127, 0
L 838.7356, -15.6867, -83.9667,  818.6647, -17.9327, -83.9667,  0, 127, 0
L 853.2218, -44.6437, -83.9667,  869.2423, -28.6506, -83.9667,  0, 127, 0
L 869.2423, -28.6506, -83.9667,  869.2342, -19.4444, -83.9667,  0, 127, 0
L 869.2342, -19.4444, -83.9667,  859.1575, -5.3771, -83.9667,  0, 127, 0
L 857.3274, 7.5453, -83.9667,  859.1575, -5.3771, -83.9667,  0, 127, 0
L 868.3715, 20.4068, -83.9667,  857.3274, 7.5453, -83.9667,  0, 127, 0
L 868.3715, 20.4068, -83.9667,  878.8079, 20.4240, -83.9667,  0, 127, 0
L 878.8079, 20.4240, -83.9667,  887.5258, 7.3365, -83.9667,  0, 127, 0
L 887.5258, 7.3365, -83.9667,  896.4910, 18.5125, -83.9667,  0, 127, 0
L 896.4910, 18.5125, -83.9667,  910.9497, 20.3216, -83.9667,  0, 127, 0
L 917.9709, 11.5427, -83.9667,  910.9497, 20.3216, -83.9667,  0, 127, 0
L 915.8982, -2.9146, -83.9667,  917.9709, 11.5427, -83.9667,  0, 127, 0
L 915.8982, -2.9146, -83.9667,  924.5620, -7.2196, -83.9667,  0, 127, 0
L 924.5620, -7.2196, -83.9667,  935.9337, -22.3896, -83.9667,  0, 127, 0
L 935.9337, -22.3896, -83.9667,  934.2089, -31.3890, -83.9667,  0, 127, 0
L 934.2089, -31.3890, -83.9667,  920.7658, -39.9761, -83.9667,  0, 127, 0
L 928.4008, -45.4180, -83.9667,  920.7658, -39.9761, -83.9667,  0, 127, 0
L 928.4008, -45.4180, -83.9667,  933.6966, -55.6627, -83.9667,  0, 127, 0
L 933.6966, -55.6627, -83.9667,  922.9501, -66.4026, -83.9667,  0, 127, 0
L 922.9501, -66.4026, -83.9667,  914.3170, -66.3812, -83.9667,  0, 127, 0
L 914.3170, -66.3812, -83.9667,  904.8459, -60.8451, -83.9667,  0, 127, 0
L 904.8459, -60.8451, -83.9667,  899.9262, -51.5850, -83.9667,  0, 127, 0
L 899.9262, -51.5850, -83.9667,  890.6612, -62.6886, -83.9667,  0, 127, 0
L 890.6612, -62.6886, -83.9667,  878.4125, -70.1106, -83.9667,  0, 127, 0
L 908.4470, -84.9470, -84.9667,  908.4540, -98.7798, -84.9667,  0, 127, 0
L 908.4540, -98.7798, -82.9667,  915.4945, -105.1629, -82.9667,  0, 127, 0
L 878.4125, -70.1106, -84.9667,  908.4470, -84.9470, -84.9667,  0, 127, 0
L 869.2314, -69.3161, -83.9667,  853.6562, -53.7235, -83.9667,  0, 127, 0
L 853.6562, -53.7235, -83.9667,  838.9986, -68.3889, -83.9667,  0, 127, 0
L 838.9986, -68.3889, -83.9667,  826.3304, -68.3913, -83.9667,  0, 127, 0
L 826.3304, -68.3913, -83.9667,  812.3546, -54.4005, -83.9667,  0, 127, 0
L 869.2314, -69.3161, -84.9667,  869.2415, -99.5546, -84.9667,  0, 127, 0
L 869.2415, -99.5546, -83.9667,  853.8500, -99.5480, -83.9667,  0, 127, 0
L 853.8500, -99.5480, -83.9667,  839.9000, -85.5541, -83.9667,  0, 127, 0
L 839.9000, -85.5541, -83.9667,  829.2078, -85.5457, -83.9667,  0, 127, 0
L 829.2404, -110.3832, -83.9667,  840.2952, -110.3859, -83.9667,  0, 127, 0
L 840.2952, -110.3859, -83.9667,  854.3088, -124.3550, -83.9667,  0, 127, 0
L 854.3088, -124.3550, -83.9667,  861.7450, -124.3550, -83.9667,  0, 127, 0
L 872.8674, -110.4277, -84.9667,  896.7349, -110.3519, -82.9667,  0, 127, 0
L 861.7450, -124.3550, -83.9667,  860.3304, -118.6988, -83.9667,  0, 127, 0
L 860.3304, -118.6988, -83.9667,  872.8674, -110.4277, -83.9667,  0, 127, 0
L 896.7349, -110.3519, -84.9667,  900.8191, -121.5167, -82.9813,  0, 127, 0
L 900.8191, -121.5167, -82.9667,  904.9568, -117.3722, -82.9667,  0, 127, 0
L 915.4945, -105.1629, -82.9667,  912.5471, -109.1208, -82.9667,  0, 127, 0
L 915.4815, -112.5230, -81.6825,  912.5471, -109.1208, -81.6150,  0, 127, 0
L 904.9568, -117.3722, -82.7537,  911.4838, -117.3439, -82.7159,  0, 127, 0
L 425.3448, 62.1585, 0.2000,  428.7312, 72.8499, 0.2000,  0, 0, 0
L 351.2000, -138.3663, 0.2000,  350.7166, -140.2728, 0.2000,  0, 0, 0
L 362.2379, -141.6820, 0.1000,  351.2000, -138.3663, 0.2000,  0, 0, 0
L 715.2929, -279.2051, -83.9667,  729.2935, -293.2323, -83.9667,  0, 127, 0
L 729.2935, -293.2323, -83.9667,  729.2933, -298.3004, -83.9667,  0, 240, 240
L 740.1386, -298.2604, -83.9667,  740.1516, -293.2198, -83.9667,  0, 240, 240
L 740.1516, -293.2198, -83.9667,  754.9190, -279.2384, -83.9667,  0, 127, 0
L 754.9190, -279.2384, -83.9667,  754.1156, -267.4913, -83.9667,  0, 127, 0
L 754.1156, -267.4913, -83.9667,  740.1326, -267.4875, -83.9667,  0, 127, 0
L 740.1326, -267.4875, -83.9667,  740.1446, -236.3309, -83.9667,  0, 127, 0
L 360.2730, -157.3699, -180.4350,  360.2619, -152.3497, -180.4400,  127, 64, 0
L 353.4175, -157.3675, -179.3247,  353.4227, -152.3716, -179.3249,  127, 64, 0
L 329.4877, -159.9885, -184.9353,  353.4175, -157.3675, -184.9353,  127, 64, 0
L 390.2577, -160.3521, -184.9353,  360.2730, -157.3699, -184.9354,  127, 64, 0
L 390.2705, -181.1973, -184.9353,  390.2577, -160.3521, -184.9353,  127, 64, 0
L 390.2705, -181.1973, -184.9353,  377.4298, -191.8943, -184.9353,  127, 64, 0
L 377.4298, -191.8943, -184.9353,  398.3998, -210.7228, -184.9353,  127, 64, 0
L 398.3998, -210.7228, -184.9353,  402.1311, -227.4704, -184.9353,  127, 64, 0
L 402.1311, -227.4704, -184.9353,  389.1254, -242.3337, -184.9354,  127, 64, 0
L 389.1254, -242.3337, -184.9353,  348.2986, -242.3217, -184.9353,  127, 64, 0
L 348.2986, -242.3217, -184.9353,  348.2966, -265.2522, -184.9353,  127, 64, 0
L 348.2966, -265.2522, -184.9353,  335.2425, -278.2762, -184.9353,  127, 64, 0
L 335.2425, -278.2762, -184.9353,  320.8978, -278.3030, -184.9353,  127, 64, 0
L 320.8978, -278.3030, -184.9353,  306.9028, -306.2887, -184.9354,  127, 64, 0
L 306.9028, -306.2887, -184.9353,  293.2133, -306.2928, -184.9354,  127, 64, 0
L 293.2133, -306.2928, -184.9353,  278.4895, -321.1940, -184.9353,  127, 64, 0
L 278.4895, -321.1940, -181.9353,  264.3330, -363.5586, -181.9353,  127, 64, 0
L 264.3240, -379.3937, -181.9353,  264.3330, -363.5586, -181.9353,  127, 64, 0
L 264.3240, -379.3937, -181.9353,  280.5056, -379.4438, -181.9353,  127, 64, 0
L 280.5056, -379.4438, -181.9353,  308.1832, -351.7869, -181.9354,  127, 64, 0
L 308.1832, -351.7869, -181.9353,  334.2964, -364.8398, -181.9353,  127, 64, 0
L 334.2964, -364.8398, -181.9353,  334.2968, -432.2375, -181.9353,  127, 64, 0
L 334.2968, -432.2375, -181.9353,  295.1240, -432.2140, -181.9353,  127, 64, 0
L 295.1240, -432.2140, -181.9353,  281.2000, -390.2640, -181.9353,  127, 64, 0
L 281.2000, -390.2640, -181.9353,  253.4775, -390.2647, -181.9354,  127, 64, 0
L 253.4775, -390.2647, -181.9353,  253.4994, -363.2022, -181.9353,  127, 64, 0
L 238.6479, -348.2900, -181.9353,  253.4994, -363.2022, -181.9353,  127, 64, 0
L 210.5640, -348.2996, -184.9353,  238.6479, -348.2900, -184.9354,  127, 64, 0
L 182.2554, -319.9533, -184.9353,  154.7767, -333.6909, -184.9353,  127, 64, 0
L 182.2554, -319.9533, -184.9353,  210.5640, -348.2996, -184.9353,  127, 64, 0
L 329.4877, -159.9885, -184.9353,  323.4993, -189.8322, -184.9354,  127, 64, 0
L 335.4511, -209.2649, -184.9353,  335.4560, -226.9045, -184.9353,  127, 64, 0
L 335.4511, -209.2649, -184.9353,  327.2534, -201.4460, -184.9353,  127, 64, 0
L 327.2534, -201.4460, -184.9353,  323.4993, -189.8322, -184.9353,  127, 64, 0
L 335.4560, -226.9045, -181.9353,  308.2540, -239.4838, -181.9354,  127, 64, 0
L 308.2540, -239.4838, -181.9353,  280.5070, -239.4924, -181.9353,  127, 64, 0
L 280.5070, -239.4924, -181.9353,  265.9207, -254.1468, -181.9353,  127, 64, 0
L 265.9207, -254.1468, -181.9353,  251.2527, -239.4846, -181.9353,  127, 64, 0
L 251.2527, -239.4846, -181.9353,  223.5091, -239.4815, -181.9354,  127, 64, 0
L 223.5091, -239.4815, -181.9353,  196.2232, -225.8152, -181.9354,  127, 64, 0
L 196.2232, -225.8152, -181.9353,  183.5137, -238.5652, -181.9354,  127, 64, 0
L 183.5137, -238.5652, -181.9353,  183.5141, -252.2960, -181.9354,  127, 64, 0
L 183.5141, -252.2960, -181.9354,  168.9026, -281.4513, -181.9353,  127, 64, 0
L 168.9026, -281.4513, -181.9353,  153.5703, -281.4528, -181.9354,  127, 64, 0
L 153.5703, -281.4528, -181.9353,  124.7774, -267.1039, -181.9354,  127, 64, 0
L 124.7774, -267.1039, -181.9353,  110.3736, -238.2562, -181.9353,  127, 64, 0
L 110.3736, -238.2562, -181.9353,  110.3997, -209.2486, -181.9354,  127, 64, 0
L 85.5467, -209.2444, -181.9353,  85.5383, -268.4499, -181.9353,  127, 64, 0
L 85.5383, -268.4499, -184.9353,  27.5780, -239.2133, -184.9354,  127, 64, 0
L 27.5780, -239.2133, -181.9353,  13.5754, -225.7033, -181.9353,  127, 64, 0
L 13.5754, -225.7033, -181.9353,  -26.8782, -239.1973, -181.9354,  127, 64, 0
L -26.8782, -239.1973, -181.9353,  -40.3843, -266.2660, -181.9353,  127, 64, 0
L -40.3759, -279.2407, -181.9353,  -40.3843, -266.2660, -181.9353,  127, 64, 0
L -40.3759, -279.2407, -181.9353,  0.6568, -320.2975, -181.9353,  127, 64, 0
L 0.6568, -320.2975, -181.9353,  13.6402, -320.3014, -181.9354,  127, 64, 0
L 13.6402, -320.3014, -181.9353,  41.5339, -306.3091, -181.9354,  127, 64, 0
L 41.5339, -306.3091, -184.9353,  56.9388, -306.2894, -184.9353,  127, 64, 0
L 56.9388, -306.2894, -184.9353,  70.9431, -334.3000, -184.9353,  127, 64, 0
L 70.9431, -334.3000, -184.9353,  83.7617, -334.2973, -184.9353,  127, 64, 0
L 83.7617, -334.2973, -184.9353,  143.7512, -314.2269, -184.9354,  127, 64, 0
L 154.7767, -333.6909, -184.9353,  143.7512, -314.2269, -184.9353,  127, 64, 0
L 85.5467, -209.2444, -181.9353,  57.5467, -181.2872, -181.9354,  127, 64, 0
L 57.5467, -181.2872, -181.9353,  57.5546, -141.4163, -181.9353,  127, 64, 0
L 110.3997, -209.2486, -181.9353,  124.1870, -195.5908, -181.9354,  127, 64, 0
L 124.1870, -195.5908, -181.9353,  96.9630, -141.4551, -181.9354,  127, 64, 0
L 743.3390, 12.4251, -97.9667,  745.2650, 12.4145, -97.9667,  0, 127, 0
L 745.2650, 19.5844, -97.9667,  745.2650, 12.4145, -97.9667,  0, 127, 0
L 743.2945, 19.5744, -97.9667,  745.2650, 19.5844, -97.9667,  0, 127, 0
L 754.9670, -15.4108, -90.9667,  754.1544, 12.4257, -92.9667,  0, 127, 0
L 743.2943, -14.8360, -90.9667,  743.3390, 12.4251, -91.9667,  0, 127, 0
L 753.1506, 12.7302, -97.9667,  753.1506, 0.8893, -96.9715,  127, 64, 0
L 71.5468, 200.3317, -181.9353,  71.5507, 195.2565, -181.9353,  127, 64, 0
L 71.5468, 200.3317, -181.9353,  73.5271, 200.3209, -181.9353,  127, 64, 0
L 73.5669, 205.4823, -181.9353,  73.5271, 200.3209, -181.9353,  127, 64, 0
L 71.5455, 205.4830, -181.9353,  73.5669, 205.4823, -181.9353,  127, 64, 0
L 71.5455, 205.4830, -181.9353,  71.5401, 211.4916, -181.9353,  127, 64, 0
L 71.5401, 211.4916, -181.9353,  29.5802, 211.4601, -181.9353,  127, 64, 0
L 124.3575, 211.4707, -181.9353,  82.3880, 211.4881, -181.9354,  127, 64, 0
L 82.3880, 211.4881, -181.9353,  82.3914, 205.4829, -181.9354,  127, 64, 0
L 82.3914, 205.4829, -181.9353,  80.3906, 205.4766, -181.9353,  127, 64, 0
L 80.3953, 200.3355, -181.9353,  80.3906, 205.4766, -181.9353,  127, 64, 0
L 82.3940, 200.3277, -181.9353,  80.3953, 200.3355, -181.9353,  127, 64, 0
L 82.3940, 200.3277, -181.9353,  82.3885, 195.2544, -181.9353,  127, 64, 0
L 29.5730, 279.2460, -181.9353,  29.5802, 211.4601, -181.9353,  127, 64, 0
L 29.5730, 279.2460, -181.9353,  71.5430, 307.1790, -181.9354,  127, 64, 0
L 82.3821, 307.1200, -181.9353,  124.3987, 278.9911, -181.9353,  127, 64, 0
L 124.3575, 211.4707, -181.9353,  124.3987, 278.9911, -181.9353,  127, 64, 0
L 71.5430, 307.1790, -181.9353,  71.5507, 326.1827, -181.9354,  127, 64, 0
L 82.3903, 326.3013, -181.9353,  82.3821, 307.1200, -181.9354,  127, 64, 0
L 82.3903, 326.3013, -181.9353,  71.5507, 326.1827, -181.9353,  127, 64, 0
P -95.0000, 6.0000, 0.3000,  0, 127, 0,  3,  to_Warsliks_Woods
P 77.4226, 320.3235, -181.9353,  0, 127, 0,  3,  to_Warsliks_Woods
P 734.8867, -294.5810, -83.9667,  0, 127, 0,  3,  to_Warsliks_Woods
