P 5009, -1766, 0, 127, 64, 0, 2, Spiders
P 5394, -1272, 0, 127, 64, 0, 2, Skels
P 4874, 1420, 0, 127, 64, 0, 2, Spiders
P 2983, 2206, 0, 127, 64, 0, 2, Spiders
P -1818, 507, 0, 127, 64, 0, 2, Giant_Fort
P -8738.661, -778.2809, 1060.9399, 0, 0, 0, 1, Furious_Jailor/Trapped_Spirit
P -7698.4399, -2497.3018, 1046.945, 127, 64, 0, 3, Druid_Circle
P -4590.5068, -2435.5653, 1041.592, 0, 0, 0, 1, Frozen_Soulstone
P -9791.8925, -775.3328, 1064.2509, 127, 64, 0, 3, Bard_Retelling
P -10098.673, -1847.7505, 1006.7202, 0, 0, 0, 1, Remnant_Spirit*Time_Torn_Acolyte
P -6776.4771, -19.758, 1048.8788, 127, 0, 0, 2, a_loyal_follower
P -9658, -776.4596, 1064.2509, 0, 0, 127, 2, Baldric_Slezaf(Brd1.0)
P -8881.1152, -373.8299, 1157.9764, 127, 0, 0, 2, Chaos_Elemental(Mag2.0)
P -9054.4307, -973.3492, 1099.8906, 127, 0, 0, 2, Brother_Balatin(Mnk1.0)
