P 4937.2974, -265.1931, -12.8496, 0, 0, 240, 2, Hoobert_Flinkl(T)
P 4359.9673, -274.7375, 17.9057, 127, 0, 0, 2, Veltar
P -9632.8672, -499.9909, 1061.9539, 0, 0, 240, 2, Loremaster_Yoakum_(Q)
P -9659.2178, -3069.551, 1045.4697, 0, 0, 240, 2, Nexus_Scion
P -9140, -780, 1064.634, 0, 0, 240, 2, Klok_(M)
P -8876.2227, -364.305, 1064.7829, 0, 0, 127, 2, Raobez_Kraykru
P -8930.706, -389.8179, 1064.782, 0, 0, 127, 2, Korriz_Stillripple
P -8892, -1123.1596, 1061.3761, 0, 0, 127, 2, Fallstan_Mythmoor
P -8908.5166, -1223.2324, 1061.3761, 0, 0, 127, 2, Bosellana_Skyspeed
P 1809.4435, -301.9458, 24.6104, 0, 0, 127, 2, Matranisu_Slad
