P -161.8728, 7410.7935, 157.8144,  0, 0, 240,  2,  Garath_the_Trader
P -77.3121, 7455.4854, 157.8144,  0, 0, 240,  2,  Nelef_the_Trader
P -3230.0000, 8083.0000, 0.0000,  0, 0, 240,  2,  Icefang
P 2158.5161, 7863.3096, 147.2376,  0, 0, 240,  2,  Loremaster_Derrin
P -1565.4149, 2461.1179, 304.9510,  0, 0, 240,  2,  Boridain
P -3476.8821, 6335.1108, 144.3629,  0, 0, 0,  2,  Tanik
P 2623.9258, 4926.7100, 142.9379,  0, 0, 240,  2,  Tain_Hammerfrost
P -3285.1189, 7938.1699, 142.9389,  0, 0, 240,  2,  Korrigan
P 1899.3900, 539.9869, 159.8400,  0, 0, 0,  1,  Corbin_1
P 3175.8721, 573.6349, 154.6490,  0, 0, 0,  1,  Corbin_2
P -78.5300, -215.4300, 29.8359,  0, 0, 240,  2,  Corbin
P 388.4470, 2708.9917, 178.9390,  0, 0, 240,  2,  Garadain
P 443.8690, 2631.2930, 174.7839,  0, 0, 240,  2,  Coldheart
P -2746.6160, 6412.2529, 142.9399,  0, 0, 0,  1,  Shinnng_Rock
P -3285.8521, 6151.1279, 169.3480,  127, 64, 0,  3,  Giant_Hill
P 3208.3049, 548.8659, 154.4819,  127, 64, 0,  2,  Coldain_Huts
P -4728.9502, 9133.8330, 258.4279,  127, 64, 0,  3,  Man_O_War_Hill
P -4213.4341, 9593.1191, 148.5589,  0, 0, 0,  1,  Walrus_Safe_Camp
P -2175.7124, 6386.6455, 179.7407,  0, 0, 0,  1,  Skinning_Rock
P -4625.0000, 4200.0000, 0.0000,  0, 0, 0,  1,  War_Epic1
P -4525.0000, 4700.0000, 0.0000,  0, 0, 0,  1,  War_Epic2
P -2725.0000, 6400.0000, 0.0000,  0, 0, 0,  1,  War_Epic3
P -3325.0000, 7575.0000, 0.0000,  0, 0, 0,  1,  War_Epic4
P -4600.0000, 8350.0000, 0.0000,  0, 0, 0,  1,  War_Epic5
P -4900.0000, 8100.0000, 0.0000,  0, 0, 0,  1,  War_Epic6
P -3757.5110, 7762.7051, 162.9187,  127, 0, 0,  2,  Ulthork_Raider*(Druid1.5)
P -3366.3887, 1476.6642, 160.9937,  127, 0, 0,  2,  Peffin_Ambersnow
P -3444.5684, 1503.2860, 160.9853,  0, 0, 127,  2,  Fjloarin_Icebane
P -2364.8196, 61.1936, 148.5201,  127, 0, 0,  2,  Captain_Berradin
