L 1595, -577, 0,  1064, -574, 0,  153, 153, 153
L 1064, -574, 0,  1029, -574, 0,  153, 153, 153
L 1029, -574, 0,  894, -732, 0,  153, 153, 153
L 894, -732, 0,  782, -924, 0,  153, 153, 153
L 782, -924, 0,  639, -1171, 0,  153, 153, 153
L 639, -1171, 0,  608, -1202, 0,  153, 153, 153
L 608, -1202, 0,  498, -1204, 0,  153, 153, 153
L 498, -1204, 0,  419, -1206, 0,  153, 153, 153
L 419, -1206, 0,  248, -1209, 0,  153, 153, 153
L 248, -1209, 0,  173, -1210, 0,  153, 153, 153
L 173, -1210, 0,  31, -1212, 0,  153, 153, 153
L 31, -1212, 0,  8, -1213, 0,  153, 153, 153
L 8, -1213, 0,  -47, -1214, 0,  153, 153, 153
L -47, -1214, 0,  -93, -1215, 0,  153, 153, 153
L -93, -1215, 0,  -204, -1217, 0,  153, 153, 153
L -204, -1217, 0,  -284, -1218, 0,  153, 153, 153
L -284, -1218, 0,  -680, -1225, 0,  153, 153, 153
L -680, -1225, 0,  -730, -1248, 0,  153, 153, 153
L -730, -1248, 0,  -792, -1298, 0,  153, 153, 153
L -792, -1298, 0,  -797, -1334, 0,  153, 153, 153
L -797, -1334, 0,  -682, -1381, 0,  153, 153, 153
L -682, -1381, 0,  -612, -1433, 0,  153, 153, 153
L -612, -1433, 0,  -584, -1527, 0,  153, 153, 153
L -640, -1536, 0,  -628, -1526, 0,  153, 153, 153
L -628, -1526, 0,  -646, -1451, 0,  153, 153, 153
L -646, -1451, 0,  -704, -1407, 0,  153, 153, 153
L -704, -1407, 0,  -764, -1391, 0,  153, 153, 153
L -764, -1391, 0,  -824, -1363, 0,  153, 153, 153
L -824, -1363, 0,  -872, -1328, 0,  153, 153, 153
L -872, -1328, 0,  -920, -1287, 0,  153, 153, 153
L -920, -1287, 0,  -974, -1232, 0,  153, 153, 153
L -974, -1232, 0,  -1003, -1226, 0,  153, 153, 153
L -1003, -1226, 0,  -1065, -1225, 0,  153, 153, 153
L -1065, -1225, 0,  -1196, -1224, 0,  153, 153, 153
L -1196, -1224, 0,  -1266, -1224, 0,  153, 153, 153
L -1266, -1224, 0,  -1297, -1224, 0,  153, 153, 153
L -1297, -1224, 0,  -1395, -1223, 0,  153, 153, 153
L -1395, -1223, 0,  -1462, -1222, 0,  153, 153, 153
L -1462, -1222, 0,  -1540, -1222, 0,  153, 153, 153
L -1540, -1222, 0,  -1790, -1220, 0,  153, 153, 153
L -1790, -1220, 0,  -1864, -1220, 0,  153, 153, 153
L -1864, -1220, 0,  -1899, -1219, 0,  153, 153, 153
L -1899, -1219, 0,  -1970, -1219, 0,  153, 153, 153
L -1970, -1219, 0,  -2210, -1217, 0,  153, 153, 153
L -2210, -1217, 0,  -2351, -1216, 0,  153, 153, 153
L -2351, -1216, 0,  -2490, -1215, 0,  153, 153, 153
L -2490, -1215, 0,  -2553, -1214, 0,  153, 153, 153
L -2553, -1214, 0,  -2580, -1214, 0,  153, 153, 153
L -2580, -1214, 0,  -2735, -1213, 0,  153, 153, 153
L -2735, -1213, 0,  -2809, -1213, 0,  153, 153, 153
L -2809, -1213, 0,  -2870, -1212, 0,  153, 153, 153
L -2870, -1212, 0,  -3154, -1210, 0,  153, 153, 153
L -3154, -1210, 0,  -3199, -1210, 0,  153, 153, 153
L -3199, -1210, 0,  -3230, -1209, 0,  153, 153, 153
L -3230, -1209, 0,  -3283, -1209, 0,  153, 153, 153
L -3283, -1209, 0,  -3349, -1209, 0,  153, 153, 153
L -3349, -1209, 0,  -3404, -1208, 0,  153, 153, 153
L -3404, -1208, 0,  -3448, -1208, 0,  153, 153, 153
L -3448, -1208, 0,  -3493, -1208, 0,  153, 153, 153
L -3493, -1208, 0,  -3558, -1207, 0,  153, 153, 153
L -3558, -1207, 0,  -3695, -1206, 0,  153, 153, 153
L -3695, -1206, 0,  -3743, -1206, 0,  153, 153, 153
L -3743, -1206, 0,  -3884, -1205, 0,  153, 153, 153
L -3884, -1205, 0,  -3997, -1204, 0,  153, 153, 153
L -3997, -1204, 0,  -4046, -1203, 0,  153, 153, 153
L -4046, -1203, 0,  -4103, -1203, 0,  153, 153, 153
L -4103, -1203, 0,  -4302, -1202, 0,  153, 153, 153
L -4302, -1202, 0,  -4440, -1201, 0,  153, 153, 153
L -4440, -1201, 0,  -4700, -1199, 0,  153, 153, 153
L -4700, -1199, 0,  -4809, -1198, 0,  153, 153, 153
L -4809, -1198, 0,  -4833, -1198, 0,  153, 153, 153
L -4833, -1198, 0,  -4936, -1197, 0,  153, 153, 153
L -4936, -1197, 0,  -5014, -1196, 0,  153, 153, 153
L -5014, -1196, 0,  -5041, -1196, 0,  153, 153, 153
L -5048, 1176, 0,  -4313, 1175, 0,  153, 153, 153
L -4313, 1175, 0,  -3444, 1174, 0,  153, 153, 153
L -3444, 1174, 0,  -2204, 1173, 0,  153, 153, 153
L -2204, 1173, 0,  -1504, 1172, 0,  153, 153, 153
L -1504, 1172, 0,  -900, 1171, 0,  153, 153, 153
L -900, 1171, 0,  -899, 1243, 0,  153, 153, 153
L -899, 1243, 0,  -796, 1386, 0,  153, 153, 153
L -796, 1386, 0,  -772, 1512, 0,  153, 153, 153
L -772, 1512, 0,  -771, 1571, 0,  153, 153, 153
L -771, 1571, 0,  -677, 1697, 0,  153, 153, 153
L -677, 1697, 0,  -454, 1721, 0,  153, 153, 153
L -454, 1721, 0,  -295, 1689, 0,  153, 153, 153
L -295, 1689, 0,  -103, 1777, 0,  153, 153, 153
L -103, 1777, 0,  -37, 1882, 0,  153, 153, 153
L -37, 1882, 0,  -45, 1992, 0,  153, 153, 153
L -45, 1992, 0,  -167, 2305, 0,  153, 153, 153
L -167, 2305, 0,  -46, 2432, 0,  153, 153, 153
L -46, 2432, 0,  46, 2470, 0,  153, 153, 153
L 46, 2470, 0,  120, 2485, 0,  153, 153, 153
L 156, 2427, 0,  48, 2412, 0,  153, 153, 153
L 48, 2412, 0,  -27, 2337, 0,  153, 153, 153
L -27, 2337, 0,  -84, 2275, 0,  153, 153, 153
L -84, 2275, 0,  14, 2114, 0,  153, 153, 153
L 14, 2114, 0,  22, 2005, 0,  153, 153, 153
L 22, 2005, 0,  54, 1882, 0,  153, 153, 153
L 54, 1882, 0,  94, 1841, 0,  153, 153, 153
L 94, 1841, 0,  166, 1862, 0,  153, 153, 153
L 166, 1862, 0,  176, 1865, 0,  153, 153, 153
L 176, 1865, 0,  200, 1873, 0,  153, 153, 153
L 200, 1873, 0,  242, 1875, 0,  153, 153, 153
L 242, 1875, 0,  252, 1876, 0,  153, 153, 153
L 252, 1876, 0,  327, 1880, 0,  153, 153, 153
L 327, 1880, 0,  329, 1878, 0,  153, 153, 153
L 329, 1878, 0,  336, 1871, 0,  153, 153, 153
L 336, 1871, 0,  405, 1802, 0,  153, 153, 153
L 405, 1802, 0,  409, 1759, 0,  153, 153, 153
L 409, 1759, 0,  409, 1749, 0,  153, 153, 153
L 409, 1749, 0,  418, 1652, 0,  153, 153, 153
L 418, 1652, 0,  418, 1643, 0,  153, 153, 153
L 418, 1643, 0,  421, 1612, 0,  153, 153, 153
L 421, 1612, 0,  366, 1558, 0,  153, 153, 153
L 366, 1558, 0,  360, 1551, 0,  153, 153, 153
L 360, 1551, 0,  318, 1510, 0,  153, 153, 153
L 318, 1510, 0,  244, 1506, 0,  153, 153, 153
L 244, 1506, 0,  234, 1505, 0,  153, 153, 153
L 234, 1505, 0,  160, 1502, 0,  153, 153, 153
L 160, 1502, 0,  99, 1515, 0,  153, 153, 153
L 99, 1515, 0,  90, 1518, 0,  153, 153, 153
L 90, 1518, 0,  9, 1536, 0,  153, 153, 153
L 9, 1536, 0,  0, 1538, 0,  153, 153, 153
L 0, 1538, 0,  -13, 1541, 0,  153, 153, 153
L -13, 1541, 0,  -13, 1715, 0,  153, 153, 153
L -13, 1715, 0,  -13, 1740, 0,  153, 153, 153
L -13, 1740, 0,  -70, 1733, 0,  153, 153, 153
L -70, 1733, 0,  -255, 1622, 0,  153, 153, 153
L -255, 1622, 0,  -445, 1645, 0,  153, 153, 153
L -445, 1645, 0,  -629, 1645, 0,  153, 153, 153
L -629, 1645, 0,  -679, 1581, 0,  153, 153, 153
L -679, 1581, 0,  -680, 1508, 0,  153, 153, 153
L -680, 1508, 0,  -727, 1350, 0,  153, 153, 153
L -727, 1350, 0,  -799, 1245, 0,  153, 153, 153
L -799, 1245, 0,  -801, 1172, 0,  153, 153, 153
L -801, 1172, 0,  -699, 1172, 0,  153, 153, 153
L -699, 1172, 0,  -436, 1171, 0,  153, 153, 153
L -436, 1171, 0,  -125, 1171, 0,  153, 153, 153
L -125, 1171, 0,  468, 1170, 0,  153, 153, 153
L 468, 1170, 0,  544, 1170, 0,  153, 153, 153
L 544, 1170, 0,  558, 1137, 0,  153, 153, 153
L 558, 1137, 0,  572, 1104, 0,  153, 153, 153
L 572, 1104, 0,  588, 1068, 0,  153, 153, 153
L 588, 1068, 0,  606, 1027, 0,  153, 153, 153
L 606, 1027, 0,  620, 995, 0,  153, 153, 153
L 620, 995, 0,  637, 956, 0,  153, 153, 153
L 637, 956, 0,  646, 934, 0,  153, 153, 153
L 646, 934, 0,  657, 909, 0,  153, 153, 153
L 657, 909, 0,  675, 869, 0,  153, 153, 153
L 675, 869, 0,  693, 838, 0,  153, 153, 153
L 693, 838, 0,  738, 762, 0,  153, 153, 153
L 738, 762, 0,  773, 720, 0,  153, 153, 153
L 773, 720, 0,  827, 669, 0,  153, 153, 153
L 827, 669, 0,  862, 644, 0,  153, 153, 153
L 862, 644, 0,  895, 620, 0,  153, 153, 153
L 895, 620, 0,  917, 605, 0,  153, 153, 153
L 917, 605, 0,  949, 590, 0,  153, 153, 153
L 949, 590, 0,  980, 575, 0,  153, 153, 153
L 980, 575, 0,  1014, 572, 0,  153, 153, 153
L 1014, 572, 0,  1108, 573, 0,  153, 153, 153
L 1108, 573, 0,  1241, 574, 0,  153, 153, 153
L 1241, 574, 0,  1456, 575, 0,  153, 153, 153
L 1456, 575, 0,  1594, 576, 0,  153, 153, 153
L 329, -19, 0,  -367, -12, 0,  153, 0, 0
L -367, -12, 0,  -418, 53, 0,  153, 0, 0
L -418, 53, 0,  -460, 66, 0,  153, 0, 0
L -460, 66, 0,  -468, 120, 0,  153, 0, 0
L -468, 120, 0,  -514, 151, 0,  153, 0, 0
L -514, 151, 0,  -561, 166, 0,  153, 0, 0
L -561, 166, 0,  -565, 215, 0,  153, 0, 0
L -565, 215, 0,  -606, 242, 0,  153, 0, 0
L -606, 242, 0,  -637, 292, 0,  153, 0, 0
L -637, 292, 0,  -1170, 290, 0,  153, 0, 0
L -1170, 290, 0,  -1228, 180, 0,  153, 0, 0
L -1228, 180, 0,  -1275, 177, 0,  153, 0, 0
L -1275, 177, 0,  -1313, 127, 0,  153, 0, 0
L -1313, 127, 0,  -1329, 81, 0,  153, 0, 0
L -1329, 81, 0,  -1376, 75, 0,  153, 0, 0
L -1376, 75, 0,  -1438, -14, 0,  153, 0, 0
L -1438, -14, 0,  -1565, -11, 0,  153, 0, 0
L -1565, -11, 0,  -1866, -14, 0,  153, 0, 0
L -1866, -14, 0,  -1911, 43, 0,  153, 0, 0
L -1911, 43, 0,  -1940, 65, 0,  153, 0, 0
L -1940, 65, 0,  -1944, 108, 0,  153, 0, 0
L -1944, 108, 0,  -2055, 173, 0,  153, 0, 0
L -2055, 173, 0,  -2048, 298, 0,  153, 0, 0
L -2048, 298, 0,  -2098, 339, 0,  153, 0, 0
L -2098, 339, 0,  -2134, 388, 0,  153, 0, 0
L -2134, 388, 0,  -2170, 392, 0,  153, 0, 0
L -2170, 392, 0,  -2356, 393, 0,  153, 0, 0
L -2356, 393, 0,  -2378, 377, 0,  153, 0, 0
L -2378, 377, 0,  -2440, 284, 0,  153, 0, 0
L -2440, 284, 0,  -2968, 290, 0,  153, 0, 0
L -2968, 290, 0,  -3001, 239, 0,  153, 0, 0
L -3001, 239, 0,  -3053, 205, 0,  153, 0, 0
L -3053, 205, 0,  -3052, 148, 0,  153, 0, 0
L -3052, 148, 0,  -3048, -24, 0,  153, 0, 0
L -3048, -24, 0,  -3078, -47, 0,  153, 0, 0
L -3078, -47, 0,  -3136, -113, 0,  153, 0, 0
L -3136, -113, 0,  -3332, -112, 0,  153, 0, 0
L -3332, -112, 0,  -3767, -112, 0,  153, 0, 0
L -3767, -112, 0,  -3840, -5, 0,  153, 0, 0
L -3840, -5, 0,  -3912, -11, 0,  153, 0, 0
L -3912, -11, 0,  -4447, -12, 0,  153, 0, 0
L -4447, -12, 0,  -4454, -427, 0,  153, 0, 0
L -4454, -427, 0,  -4392, -472, 0,  153, 0, 0
L -4392, -472, 0,  -4344, -487, 0,  153, 0, 0
L -4344, -487, 0,  -4337, -537, 0,  153, 0, 0
L -4337, -537, 0,  -4292, -570, 0,  153, 0, 0
L -4292, -570, 0,  -4243, -588, 0,  153, 0, 0
L -4243, -588, 0,  -4238, -636, 0,  153, 0, 0
L -4238, -636, 0,  -4204, -661, 0,  153, 0, 0
L -4204, -661, 0,  -4167, -711, 0,  153, 0, 0
L -4167, -711, 0,  -4069, -712, 0,  153, 0, 0
L 937, -7, 0,  353, -12, 0,  153, 0, 0
L 353, -12, 0,  329, -19, 0,  153, 0, 0
L 329, -19, 0,  320, -32, 0,  153, 0, 0
L 320, -32, 0,  243, -100, 0,  153, 0, 0
L 243, -100, 0,  247, -137, 0,  153, 0, 0
L 247, -137, 0,  249, -176, 0,  153, 0, 0
L 249, -176, 0,  257, -192, 0,  153, 0, 0
L 257, -192, 0,  243, -221, 0,  153, 0, 0
L 243, -221, 0,  252, -246, 0,  153, 0, 0
L 252, -246, 0,  248, -274, 0,  153, 0, 0
L 248, -274, 0,  257, -293, 0,  153, 0, 0
L 257, -293, 0,  244, -318, 0,  153, 0, 0
L 244, -318, 0,  253, -345, 0,  153, 0, 0
L 253, -345, 0,  250, -389, 0,  153, 0, 0
L 250, -389, 0,  255, -404, 0,  153, 0, 0
L 255, -404, 0,  253, -420, 0,  153, 0, 0
L 253, -420, 0,  230, -436, 0,  153, 0, 0
L 230, -436, 0,  187, -469, 0,  153, 0, 0
L 187, -469, 0,  182, -496, 0,  153, 0, 0
L 182, -496, 0,  171, -517, 0,  153, 0, 0
L 171, -517, 0,  150, -514, 0,  153, 0, 0
L 150, -514, 0,  123, -521, 0,  153, 0, 0
L 123, -521, 0,  81, -585, 0,  153, 0, 0
L 81, -585, 0,  63, -613, 0,  153, 0, 0
L 63, -613, 0,  -19, -610, 0,  153, 0, 0
L -19, -610, 0,  -49, -611, 0,  153, 0, 0
L -49, -611, 0,  -366, -610, 0,  153, 0, 0
L -366, -610, 0,  -402, -660, 0,  153, 0, 0
L -402, -660, 0,  -454, -697, 0,  153, 0, 0
L -454, -697, 0,  -452, -767, 0,  153, 0, 0
L -452, -767, 0,  -450, -869, 0,  153, 0, 0
L -450, -869, 0,  -446, -910, 0,  153, 0, 0
L -446, -910, 0,  -458, -932, 0,  153, 0, 0
L -458, -932, 0,  -502, -963, 0,  153, 0, 0
L -502, -963, 0,  -518, -986, 0,  153, 0, 0
L -518, -986, 0,  -541, -1014, 0,  153, 0, 0
L -541, -1014, 0,  -555, -1017, 0,  153, 0, 0
L -555, -1017, 0,  -578, -1011, 0,  153, 0, 0
L -578, -1011, 0,  -745, -1011, 0,  153, 0, 0
L -745, -1011, 0,  -770, -1004, 0,  153, 0, 0
L -770, -1004, 0,  -816, -1015, 0,  153, 0, 0
L -816, -1015, 0,  -852, -1031, 0,  153, 0, 0
L -852, -1031, 0,  -851, -1098, 0,  153, 0, 0
L -4456, -11, 0,  -4914, -8, 0,  153, 0, 0
L -4914, -8, 0,  -5021, -9, 0,  153, 0, 0
L -4722, 96, 0,  -4709, 108, 0,  153, 153, 153
L -4709, 108, 0,  -4714, 132, 0,  153, 153, 153
L -4714, 132, 0,  -4739, 140, 0,  153, 153, 153
L -4739, 140, 0,  -4739, 140, 0,  153, 153, 153
L -4739, 140, 0,  -4752, 112, 0,  153, 153, 153
L -4752, 112, 0,  -4752, 112, 0,  153, 153, 153
L -4752, 112, 0,  -4742, 98, 0,  153, 153, 153
L -4742, 98, 0,  -4724, 96, 0,  153, 153, 153
L -1663, 75, 0,  -1649, 87, 0,  153, 153, 153
L -1649, 87, 0,  -1648, 104, 0,  153, 153, 153
L -1648, 104, 0,  -1660, 118, 0,  153, 153, 153
L -1660, 118, 0,  -1677, 118, 0,  153, 153, 153
L -1677, 118, 0,  -1681, 116, 0,  153, 153, 153
L -1681, 116, 0,  -1684, 119, 0,  153, 153, 153
L -1684, 119, 0,  -1690, 115, 0,  153, 153, 153
L -1690, 115, 0,  -1689, 109, 0,  153, 153, 153
L -1689, 109, 0,  -1692, 102, 0,  153, 153, 153
L -1692, 102, 0,  -1692, 89, 0,  153, 153, 153
L -1692, 89, 0,  -1680, 76, 0,  153, 153, 153
L -1680, 76, 0,  -1662, 75, 0,  153, 153, 153
L -4054, -315, 0,  -4041, -331, 0,  153, 153, 153
L -4041, -331, 0,  -4055, -361, 0,  153, 153, 153
L -4055, -361, 0,  -4072, -361, 0,  153, 153, 153
L -4072, -361, 0,  -4086, -348, 0,  153, 153, 153
L -4086, -348, 0,  -4086, -329, 0,  153, 153, 153
L -4086, -329, 0,  -4071, -315, 0,  153, 153, 153
L -4071, -315, 0,  -4054, -315, 0,  153, 153, 153
L 807, 112, 0,  795, 100, 0,  153, 153, 153
L 795, 100, 0,  777, 100, 0,  153, 153, 153
L 777, 100, 0,  774, 102, 0,  153, 153, 153
L 774, 102, 0,  771, 100, 0,  153, 153, 153
L 771, 100, 0,  764, 106, 0,  153, 153, 153
L 764, 106, 0,  766, 110, 0,  153, 153, 153
L 766, 110, 0,  764, 113, 0,  153, 153, 153
L 764, 113, 0,  764, 129, 0,  153, 153, 153
L 764, 129, 0,  776, 143, 0,  153, 153, 153
L 776, 143, 0,  795, 143, 0,  153, 153, 153
L 795, 143, 0,  807, 131, 0,  153, 153, 153
L 807, 131, 0,  807, 112, 0,  153, 153, 153
L 863, -164, 0,  876, -177, 0,  153, 153, 153
L 876, -177, 0,  876, -194, 0,  153, 153, 153
L 876, -194, 0,  873, -198, 0,  153, 153, 153
L 873, -198, 0,  876, -201, 0,  153, 153, 153
L 876, -201, 0,  869, -208, 0,  153, 153, 153
L 869, -208, 0,  866, -205, 0,  153, 153, 153
L 866, -205, 0,  864, -207, 0,  153, 153, 153
L 864, -207, 0,  845, -207, 0,  153, 153, 153
L 845, -207, 0,  833, -195, 0,  153, 153, 153
L 833, -195, 0,  833, -178, 0,  153, 153, 153
L 833, -178, 0,  846, -164, 0,  153, 153, 153
L 846, -164, 0,  862, -164, 0,  153, 153, 153
L 854, 155, 0,  867, 168, 0,  153, 153, 153
L 867, 168, 0,  867, 186, 0,  153, 153, 153
L 867, 186, 0,  854, 199, 0,  153, 153, 153
L 854, 199, 0,  837, 199, 0,  153, 153, 153
L 837, 199, 0,  834, 197, 0,  153, 153, 153
L 834, 197, 0,  830, 199, 0,  153, 153, 153
L 830, 199, 0,  824, 193, 0,  153, 153, 153
L 824, 193, 0,  827, 189, 0,  153, 153, 153
L 827, 189, 0,  824, 186, 0,  153, 153, 153
L 824, 186, 0,  824, 168, 0,  153, 153, 153
L 824, 168, 0,  837, 155, 0,  153, 153, 153
L 837, 155, 0,  855, 156, 0,  153, 153, 153
L -209, 126, 0,  -221, 140, 0,  153, 153, 153
L -221, 140, 0,  -239, 140, 0,  153, 153, 153
L -239, 140, 0,  -252, 128, 0,  153, 153, 153
L -252, 128, 0,  -252, 111, 0,  153, 153, 153
L -252, 111, 0,  -239, 97, 0,  153, 153, 153
L -239, 97, 0,  -224, 97, 0,  153, 153, 153
L -224, 97, 0,  -209, 111, 0,  153, 153, 153
L -209, 111, 0,  -209, 125, 0,  153, 153, 153
L -135, 170, 0,  -145, 161, 0,  153, 153, 153
L -145, 161, 0,  -163, 161, 0,  153, 153, 153
L -163, 161, 0,  -176, 173, 0,  153, 153, 153
L -176, 173, 0,  -176, 191, 0,  153, 153, 153
L -176, 191, 0,  -164, 203, 0,  153, 153, 153
L -164, 203, 0,  -146, 204, 0,  153, 153, 153
L -146, 204, 0,  -135, 194, 0,  153, 153, 153
L -135, 194, 0,  -126, 203, 0,  153, 153, 153
L -126, 203, 0,  -108, 204, 0,  153, 153, 153
L -108, 204, 0,  -98, 194, 0,  153, 153, 153
L -98, 194, 0,  -86, 204, 0,  153, 153, 153
L -86, 204, 0,  -71, 204, 0,  153, 153, 153
L -71, 204, 0,  -57, 189, 0,  153, 153, 153
L -57, 189, 0,  -57, 174, 0,  153, 153, 153
L -57, 174, 0,  -70, 161, 0,  153, 153, 153
L -70, 161, 0,  -87, 160, 0,  153, 153, 153
L -87, 160, 0,  -98, 170, 0,  153, 153, 153
L -98, 170, 0,  -108, 160, 0,  153, 153, 153
L -108, 160, 0,  -124, 160, 0,  153, 153, 153
L -124, 160, 0,  -135, 170, 0,  153, 153, 153
L -53, 125, 0,  -42, 114, 0,  153, 153, 153
L -42, 114, 0,  -21, 113, 0,  153, 153, 153
L -21, 113, 0,  -11, 124, 0,  153, 153, 153
L -11, 124, 0,  -10, 140, 0,  153, 153, 153
L -10, 140, 0,  -23, 156, 0,  153, 153, 153
L -23, 156, 0,  -39, 156, 0,  153, 153, 153
L -39, 156, 0,  -52, 143, 0,  153, 153, 153
L -52, 143, 0,  -53, 125, 0,  153, 153, 153
L -3109, 275, 0,  -3120, 286, 0,  153, 153, 153
L -3120, 286, 0,  -3137, 288, 0,  153, 153, 153
L -3137, 288, 0,  -3152, 276, 0,  153, 153, 153
L -3152, 276, 0,  -3152, 260, 0,  153, 153, 153
L -3152, 260, 0,  -3140, 245, 0,  153, 153, 153
L -3140, 245, 0,  -3124, 245, 0,  153, 153, 153
L -3124, 245, 0,  -3109, 258, 0,  153, 153, 153
L -3109, 258, 0,  -3109, 275, 0,  153, 153, 153
L -3096, 343, 0,  -3116, 344, 0,  153, 153, 153
L -3116, 344, 0,  -3118, 322, 0,  153, 153, 153
L -3118, 322, 0,  -3098, 320, 0,  153, 153, 153
L -3098, 320, 0,  -3095, 340, 0,  153, 153, 153
L -3095, 340, 0,  -3096, 343, 0,  153, 153, 153
L -3017, 295, 0,  -3005, 305, 0,  153, 153, 153
L -3005, 305, 0,  -2995, 296, 0,  153, 153, 153
L -2995, 296, 0,  -2978, 295, 0,  153, 153, 153
L -2978, 295, 0,  -2965, 307, 0,  153, 153, 153
L -2965, 307, 0,  -2965, 324, 0,  153, 153, 153
L -2965, 324, 0,  -2979, 339, 0,  153, 153, 153
L -2979, 339, 0,  -2992, 339, 0,  153, 153, 153
L -2992, 339, 0,  -3005, 329, 0,  153, 153, 153
L -3005, 329, 0,  -3015, 339, 0,  153, 153, 153
L -3015, 339, 0,  -3031, 339, 0,  153, 153, 153
L -3031, 339, 0,  -3043, 329, 0,  153, 153, 153
L -3043, 329, 0,  -3051, 338, 0,  153, 153, 153
L -3051, 338, 0,  -3071, 338, 0,  153, 153, 153
L -3071, 338, 0,  -3082, 327, 0,  153, 153, 153
L -3082, 327, 0,  -3083, 308, 0,  153, 153, 153
L -3083, 308, 0,  -3070, 295, 0,  153, 153, 153
L -3070, 295, 0,  -3054, 295, 0,  153, 153, 153
L -3054, 295, 0,  -3043, 305, 0,  153, 153, 153
L -3043, 305, 0,  -3034, 296, 0,  153, 153, 153
L -3034, 296, 0,  -3017, 295, 0,  153, 153, 153
L -4861, -304, 0,  -4871, -294, 0,  153, 153, 153
L -4871, -294, 0,  -4886, -294, 0,  153, 153, 153
L -4886, -294, 0,  -4902, -307, 0,  153, 153, 153
L -4902, -307, 0,  -4902, -323, 0,  153, 153, 153
L -4902, -323, 0,  -4888, -338, 0,  153, 153, 153
L -4888, -338, 0,  -4873, -338, 0,  153, 153, 153
L -4873, -338, 0,  -4861, -328, 0,  153, 153, 153
L -4861, -328, 0,  -4851, -338, 0,  153, 153, 153
L -4851, -338, 0,  -4835, -338, 0,  153, 153, 153
L -4835, -338, 0,  -4824, -328, 0,  153, 153, 153
L -4824, -328, 0,  -4815, -337, 0,  153, 153, 153
L -4815, -337, 0,  -4797, -338, 0,  153, 153, 153
L -4797, -338, 0,  -4782, -323, 0,  153, 153, 153
L -4782, -323, 0,  -4783, -310, 0,  153, 153, 153
L -4783, -310, 0,  -4795, -294, 0,  153, 153, 153
L -4795, -294, 0,  -4811, -294, 0,  153, 153, 153
L -4811, -294, 0,  -4824, -304, 0,  153, 153, 153
L -4824, -304, 0,  -4833, -295, 0,  153, 153, 153
L -4833, -295, 0,  -4849, -294, 0,  153, 153, 153
L -4849, -294, 0,  -4861, -304, 0,  153, 153, 153
L -4758, -331, 0,  -4770, -311, 0,  153, 153, 153
L -4770, -311, 0,  -4749, -301, 0,  153, 153, 153
L -4749, -301, 0,  -4739, -317, 0,  153, 153, 153
L -4739, -317, 0,  -4757, -332, 0,  153, 153, 153
L -4746, -257, 0,  -4759, -244, 0,  153, 153, 153
L -4759, -244, 0,  -4759, -228, 0,  153, 153, 153
L -4759, -228, 0,  -4747, -215, 0,  153, 153, 153
L -4747, -215, 0,  -4728, -214, 0,  153, 153, 153
L -4728, -214, 0,  -4716, -227, 0,  153, 153, 153
L -4716, -227, 0,  -4717, -245, 0,  153, 153, 153
L -4717, -245, 0,  -4729, -257, 0,  153, 153, 153
L -4729, -257, 0,  -4746, -257, 0,  153, 153, 153
L -4886, -260, 0,  -4886, -276, 0,  153, 153, 153
L -4886, -276, 0,  -4898, -289, 0,  153, 153, 153
L -4898, -289, 0,  -4916, -290, 0,  153, 153, 153
L -4916, -290, 0,  -4929, -277, 0,  153, 153, 153
L -4929, -277, 0,  -4930, -260, 0,  153, 153, 153
L -4930, -260, 0,  -4917, -247, 0,  153, 153, 153
L -4917, -247, 0,  -4900, -246, 0,  153, 153, 153
L -4900, -246, 0,  -4886, -259, 0,  153, 153, 153
L -3737, -987, 0,  -3749, -998, 0,  153, 153, 153
L -3749, -998, 0,  -3767, -999, 0,  153, 153, 153
L -3767, -999, 0,  -3771, -996, 0,  153, 153, 153
L -3771, -996, 0,  -3773, -999, 0,  153, 153, 153
L -3773, -999, 0,  -3781, -992, 0,  153, 153, 153
L -3781, -992, 0,  -3778, -989, 0,  153, 153, 153
L -3778, -989, 0,  -3780, -987, 0,  153, 153, 153
L -3780, -987, 0,  -3780, -969, 0,  153, 153, 153
L -3780, -969, 0,  -3768, -956, 0,  153, 153, 153
L -3768, -956, 0,  -3751, -956, 0,  153, 153, 153
L -3751, -956, 0,  -3737, -968, 0,  153, 153, 153
L -3737, -968, 0,  -3738, -987, 0,  153, 153, 153
L -3673, -999, 0,  -3664, -1009, 0,  153, 153, 153
L -3664, -1009, 0,  -3653, -999, 0,  153, 153, 153
L -3653, -999, 0,  -3636, -999, 0,  153, 153, 153
L -3636, -999, 0,  -3633, -1002, 0,  153, 153, 153
L -3633, -1002, 0,  -3630, -999, 0,  153, 153, 153
L -3630, -999, 0,  -3623, -1004, 0,  153, 153, 153
L -3623, -1004, 0,  -3625, -1009, 0,  153, 153, 153
L -3625, -1009, 0,  -3623, -1012, 0,  153, 153, 153
L -3623, -1012, 0,  -3623, -1029, 0,  153, 153, 153
L -3623, -1029, 0,  -3635, -1041, 0,  153, 153, 153
L -3635, -1041, 0,  -3652, -1042, 0,  153, 153, 153
L -3652, -1042, 0,  -3664, -1032, 0,  153, 153, 153
L -3664, -1032, 0,  -3664, -1032, 0,  153, 153, 153
L -3664, -1032, 0,  -3661, -1036, 0,  153, 153, 153
L -3661, -1036, 0,  -3667, -1042, 0,  153, 153, 153
L -3667, -1042, 0,  -3671, -1040, 0,  153, 153, 153
L -3671, -1040, 0,  -3673, -1041, 0,  153, 153, 153
L -3673, -1041, 0,  -3689, -1042, 0,  153, 153, 153
L -3689, -1042, 0,  -3701, -1032, 0,  153, 153, 153
L -3701, -1032, 0,  -3710, -1042, 0,  153, 153, 153
L -3710, -1042, 0,  -3728, -1042, 0,  153, 153, 153
L -3728, -1042, 0,  -3732, -1039, 0,  153, 153, 153
L -3732, -1039, 0,  -3736, -1042, 0,  153, 153, 153
L -3736, -1042, 0,  -3742, -1036, 0,  153, 153, 153
L -3742, -1036, 0,  -3739, -1032, 0,  153, 153, 153
L -3739, -1032, 0,  -3742, -1029, 0,  153, 153, 153
L -3742, -1029, 0,  -3741, -1011, 0,  153, 153, 153
L -3741, -1011, 0,  -3729, -999, 0,  153, 153, 153
L -3729, -999, 0,  -3712, -999, 0,  153, 153, 153
L -3712, -999, 0,  -3701, -1008, 0,  153, 153, 153
L -3701, -1008, 0,  -3692, -999, 0,  153, 153, 153
L -3692, -999, 0,  -3674, -999, 0,  153, 153, 153
L -1004, -629, 0,  -1015, -617, 0,  153, 153, 153
L -1015, -617, 0,  -1033, -616, 0,  153, 153, 153
L -1033, -616, 0,  -1046, -627, 0,  153, 153, 153
L -1046, -627, 0,  -1047, -645, 0,  153, 153, 153
L -1047, -645, 0,  -1036, -659, 0,  153, 153, 153
L -1036, -659, 0,  -1019, -659, 0,  153, 153, 153
L -1019, -659, 0,  -1004, -647, 0,  153, 153, 153
L -1004, -647, 0,  -1004, -633, 0,  153, 153, 153
L -1041, -571, 0,  -1024, -558, 0,  153, 153, 153
L -1024, -558, 0,  -1009, -575, 0,  153, 153, 153
L -1009, -575, 0,  -1022, -587, 0,  153, 153, 153
L -1022, -587, 0,  -1040, -573, 0,  153, 153, 153
L -950, -575, 0,  -949, -560, 0,  153, 153, 153
L -949, -560, 0,  -958, -548, 0,  153, 153, 153
L -958, -548, 0,  -977, -544, 0,  153, 153, 153
L -977, -544, 0,  -992, -556, 0,  153, 153, 153
L -992, -556, 0,  -992, -572, 0,  153, 153, 153
L -992, -572, 0,  -985, -582, 0,  153, 153, 153
L -985, -582, 0,  -964, -588, 0,  153, 153, 153
L -964, -588, 0,  -950, -575, 0,  153, 153, 153
L -897, -553, 0,  -884, -565, 0,  153, 153, 153
L -884, -565, 0,  -883, -582, 0,  153, 153, 153
L -883, -582, 0,  -896, -596, 0,  153, 153, 153
L -896, -596, 0,  -912, -597, 0,  153, 153, 153
L -912, -597, 0,  -926, -584, 0,  153, 153, 153
L -926, -584, 0,  -927, -569, 0,  153, 153, 153
L -927, -569, 0,  -913, -553, 0,  153, 153, 153
L -913, -553, 0,  -898, -553, 0,  153, 153, 153
L -3809, -451, 0,  -3789, -453, 0,  255, 0, 0
L -3789, -453, 0,  -3790, -471, 0,  255, 0, 0
L -3790, -471, 0,  -3810, -470, 0,  255, 0, 0
L -3810, -470, 0,  -3809, -451, 0,  255, 0, 0
L -2584, -977, 0,  -2582, -989, 0,  255, 0, 0
L -2582, -989, 0,  -2587, -996, 0,  255, 0, 0
L -2587, -996, 0,  -2606, -991, 0,  255, 0, 0
L -2606, -991, 0,  -2606, -991, 0,  255, 0, 0
L -2606, -991, 0,  -2600, -971, 0,  255, 0, 0
L -2600, -971, 0,  -2600, -971, 0,  255, 0, 0
L -2600, -971, 0,  -2600, -971, 0,  255, 0, 0
L -2600, -971, 0,  -2591, -972, 0,  255, 0, 0
L -2591, -972, 0,  -2581, -981, 0,  255, 0, 0
L -2626, -1009, 0,  -2618, -1008, 0,  255, 0, 0
L -2618, -1008, 0,  -2597, -1017, 0,  255, 0, 0
L -2597, -1017, 0,  -2597, -1031, 0,  255, 0, 0
L -2597, -1031, 0,  -2608, -1043, 0,  255, 0, 0
L -2608, -1043, 0,  -2621, -1049, 0,  255, 0, 0
L -2621, -1049, 0,  -2634, -1038, 0,  255, 0, 0
L -2634, -1038, 0,  -2638, -1020, 0,  255, 0, 0
L -2638, -1020, 0,  -2627, -1008, 0,  255, 0, 0
L -2670, -1011, 0,  -2664, -1023, 0,  255, 0, 0
L -2664, -1023, 0,  -2669, -1043, 0,  255, 0, 0
L -2669, -1043, 0,  -2669, -1043, 0,  255, 0, 0
L -2669, -1043, 0,  -2683, -1048, 0,  255, 0, 0
L -2683, -1048, 0,  -2694, -1044, 0,  255, 0, 0
L -2694, -1044, 0,  -2704, -1027, 0,  255, 0, 0
L -2704, -1027, 0,  -2699, -1013, 0,  255, 0, 0
L -2699, -1013, 0,  -2685, -1008, 0,  255, 0, 0
L -2685, -1008, 0,  -2670, -1013, 0,  255, 0, 0
L -4609, -996, 0,  -4610, -1018, 0,  255, 0, 0
L -4610, -1018, 0,  -4631, -1018, 0,  255, 0, 0
L -4631, -1018, 0,  -4631, -997, 0,  255, 0, 0
L -4631, -997, 0,  -4612, -996, 0,  255, 0, 0
L -4656, -1014, 0,  -4674, -1000, 0,  255, 0, 0
L -4674, -1000, 0,  -4662, -982, 0,  255, 0, 0
L -4662, -982, 0,  -4643, -996, 0,  255, 0, 0
L -4643, -996, 0,  -4658, -1013, 0,  255, 0, 0
L -4672, -931, 0,  -4650, -938, 0,  255, 0, 0
L -4650, -938, 0,  -4655, -958, 0,  255, 0, 0
L -4655, -958, 0,  -4675, -954, 0,  255, 0, 0
L -4675, -954, 0,  -4672, -935, 0,  255, 0, 0
L -2831, 967, 0,  -2814, 972, 0,  255, 0, 0
L -2814, 972, 0,  -2807, 954, 0,  255, 0, 0
L -2807, 954, 0,  -2826, 949, 0,  255, 0, 0
L -2826, 949, 0,  -2831, 967, 0,  255, 0, 0
L -2813, 994, 0,  -2817, 1006, 0,  255, 0, 0
L -2817, 1006, 0,  -2846, 997, 0,  255, 0, 0
L -2846, 997, 0,  -2843, 985, 0,  255, 0, 0
L -2843, 985, 0,  -2813, 994, 0,  255, 0, 0
L -2853, 971, 0,  -2867, 965, 0,  255, 0, 0
L -2867, 965, 0,  -2856, 937, 0,  255, 0, 0
L -2856, 937, 0,  -2843, 940, 0,  255, 0, 0
L -2843, 940, 0,  -2853, 971, 0,  255, 0, 0
L -2801, 944, 0,  -2825, 938, 0,  255, 0, 0
L -2825, 938, 0,  -2823, 927, 0,  255, 0, 0
L -2823, 927, 0,  -2799, 934, 0,  255, 0, 0
L -2799, 934, 0,  -2801, 944, 0,  255, 0, 0
L -2800, 925, 0,  -2802, 918, 0,  255, 0, 0
L -2802, 918, 0,  -2825, 918, 0,  255, 0, 0
L -2825, 918, 0,  -2823, 927, 0,  255, 0, 0
L -2823, 927, 0,  -2800, 925, 0,  255, 0, 0
L -2798, 971, 0,  -2795, 960, 0,  255, 0, 0
L -2795, 960, 0,  -2783, 963, 0,  255, 0, 0
L -2783, 963, 0,  -2786, 974, 0,  255, 0, 0
L -2786, 974, 0,  -2798, 971, 0,  255, 0, 0
L -5000, 550, 0,  -4977, 565, 0,  255, 255, 0
L -4977, 565, 0,  -4936, 617, 0,  255, 255, 0
L -4936, 617, 0,  -4914, 633, 0,  255, 255, 0
L -4914, 633, 0,  -4867, 677, 0,  255, 255, 0
L -4867, 677, 0,  -4851, 705, 0,  255, 255, 0
L -4851, 705, 0,  -4827, 723, 0,  255, 255, 0
L -4827, 723, 0,  -4810, 737, 0,  255, 255, 0
L -4810, 737, 0,  -4790, 765, 0,  255, 255, 0
L -4790, 765, 0,  -4771, 789, 0,  255, 255, 0
L -4771, 789, 0,  -4730, 823, 0,  255, 255, 0
L -4730, 823, 0,  -4690, 849, 0,  255, 255, 0
L -4690, 849, 0,  -4674, 861, 0,  255, 255, 0
L -4674, 861, 0,  -4653, 868, 0,  255, 255, 0
L -4653, 868, 0,  -4634, 872, 0,  255, 255, 0
L -4634, 872, 0,  -4606, 885, 0,  255, 255, 0
L -4606, 885, 0,  -4582, 874, 0,  255, 255, 0
L -4582, 874, 0,  -4582, 874, 0,  255, 255, 0
L -4582, 874, 0,  -4549, 879, 0,  255, 255, 0
L -4549, 879, 0,  -4549, 879, 0,  255, 255, 0
L -4549, 879, 0,  -4525, 882, 0,  255, 255, 0
L -4525, 882, 0,  -4507, 884, 0,  255, 255, 0
L -4507, 884, 0,  -4483, 882, 0,  255, 255, 0
L -4483, 882, 0,  -4474, 883, 0,  255, 255, 0
L -4474, 883, 0,  -4454, 889, 0,  255, 255, 0
L -4454, 889, 0,  -4424, 888, 0,  255, 255, 0
L -4424, 888, 0,  -4383, 888, 0,  255, 255, 0
L -4383, 888, 0,  -4327, 894, 0,  255, 255, 0
L -4327, 894, 0,  -4301, 883, 0,  255, 255, 0
L -4301, 883, 0,  -4275, 876, 0,  255, 255, 0
L -4275, 876, 0,  -4251, 883, 0,  255, 255, 0
L -4251, 883, 0,  -4207, 874, 0,  255, 255, 0
L -4207, 874, 0,  -4151, 887, 0,  255, 255, 0
L -4151, 887, 0,  -4132, 888, 0,  255, 255, 0
L -4132, 888, 0,  -4100, 885, 0,  255, 255, 0
L -4100, 885, 0,  -4079, 880, 0,  255, 255, 0
L -4079, 880, 0,  -4060, 883, 0,  255, 255, 0
L -4060, 883, 0,  -4041, 882, 0,  255, 255, 0
L -4041, 882, 0,  -3991, 882, 0,  255, 255, 0
L -3991, 882, 0,  -3991, 882, 0,  255, 255, 0
L -3991, 882, 0,  -3952, 871, 0,  255, 255, 0
L -3952, 871, 0,  -3934, 862, 0,  255, 255, 0
L -3934, 862, 0,  -3918, 852, 0,  255, 255, 0
L -3918, 852, 0,  -3895, 835, 0,  255, 255, 0
L -3895, 835, 0,  -3884, 828, 0,  255, 255, 0
L -3884, 828, 0,  -3863, 812, 0,  255, 255, 0
L -3863, 812, 0,  -3851, 791, 0,  255, 255, 0
L -3851, 791, 0,  -3835, 781, 0,  255, 255, 0
L -3835, 781, 0,  -3823, 770, 0,  255, 255, 0
L -3823, 770, 0,  -3777, 722, 0,  255, 255, 0
L -3777, 722, 0,  -3743, 689, 0,  255, 255, 0
L -3743, 689, 0,  -3678, 628, 0,  255, 255, 0
L -3678, 628, 0,  -3639, 585, 0,  255, 255, 0
L -3639, 585, 0,  -3621, 581, 0,  255, 255, 0
L -3621, 581, 0,  -3588, 576, 0,  255, 255, 0
L -3588, 576, 0,  -3544, 575, 0,  255, 255, 0
L -3544, 575, 0,  -3475, 572, 0,  255, 255, 0
L -3475, 572, 0,  -3446, 581, 0,  255, 255, 0
L -3446, 581, 0,  -3405, 579, 0,  255, 255, 0
L -3405, 579, 0,  -3395, 579, 0,  255, 255, 0
L -3395, 579, 0,  -3367, 580, 0,  255, 255, 0
L -3367, 580, 0,  -3337, 585, 0,  255, 255, 0
L -3337, 585, 0,  -3288, 575, 0,  255, 255, 0
L -3288, 575, 0,  -3288, 575, 0,  255, 255, 0
L -3288, 575, 0,  -3192, 584, 0,  255, 255, 0
L -3192, 584, 0,  -3192, 584, 0,  255, 255, 0
L -3192, 584, 0,  -3192, 584, 0,  255, 255, 0
L -3192, 584, 0,  -3192, 584, 0,  255, 255, 0
L -3192, 584, 0,  -3192, 584, 0,  255, 255, 0
L -3192, 584, 0,  -3192, 584, 0,  255, 255, 0
L -3192, 584, 0,  -3192, 584, 0,  255, 255, 0
L -3192, 584, 0,  -3111, 590, 0,  255, 255, 0
L -3111, 590, 0,  -3111, 590, 0,  255, 255, 0
L -3111, 590, 0,  -3111, 590, 0,  255, 255, 0
L -3111, 590, 0,  -3111, 590, 0,  255, 255, 0
L -3111, 590, 0,  -3111, 590, 0,  255, 255, 0
L -3111, 590, 0,  -3000, 639, 0,  255, 255, 0
L -3000, 639, 0,  -3000, 639, 0,  255, 255, 0
L -3000, 639, 0,  -3000, 639, 0,  255, 255, 0
L -3000, 639, 0,  -3000, 639, 0,  255, 255, 0
L -3000, 639, 0,  -3000, 639, 0,  255, 255, 0
L -3000, 639, 0,  -3000, 639, 0,  255, 255, 0
L -3000, 639, 0,  -2904, 636, 0,  255, 255, 0
L -2904, 636, 0,  -2904, 636, 0,  255, 255, 0
L -2904, 636, 0,  -2904, 636, 0,  255, 255, 0
L -2904, 636, 0,  -2904, 636, 0,  255, 255, 0
L -2904, 636, 0,  -2904, 636, 0,  255, 255, 0
L -2904, 636, 0,  -2904, 636, 0,  255, 255, 0
L -2904, 636, 0,  -2904, 636, 0,  255, 255, 0
L -2904, 636, 0,  -2904, 636, 0,  255, 255, 0
L -2904, 636, 0,  -2776, 573, 0,  255, 255, 0
L -2776, 573, 0,  -2776, 573, 0,  255, 255, 0
L -2776, 573, 0,  -2776, 573, 0,  255, 255, 0
L -2776, 573, 0,  -2776, 573, 0,  255, 255, 0
L -2776, 573, 0,  -2776, 573, 0,  255, 255, 0
L -2776, 573, 0,  -2776, 573, 0,  255, 255, 0
L -2776, 573, 0,  -2776, 573, 0,  255, 255, 0
L -2776, 573, 0,  -2776, 573, 0,  255, 255, 0
L -2776, 573, 0,  -2776, 573, 0,  255, 255, 0
L -2776, 573, 0,  -2776, 573, 0,  255, 255, 0
L -2776, 573, 0,  -2776, 573, 0,  255, 255, 0
L -2776, 573, 0,  -2632, 491, 0,  255, 255, 0
L -2632, 491, 0,  -2632, 491, 0,  255, 255, 0
L -2632, 491, 0,  -2632, 491, 0,  255, 255, 0
L -2632, 491, 0,  -2632, 491, 0,  255, 255, 0
L -2632, 491, 0,  -2632, 491, 0,  255, 255, 0
L -2632, 491, 0,  -2632, 491, 0,  255, 255, 0
L -2632, 491, 0,  -2632, 491, 0,  255, 255, 0
L -2632, 491, 0,  -2632, 491, 0,  255, 255, 0
L -2632, 491, 0,  -2632, 491, 0,  255, 255, 0
L -2632, 491, 0,  -2632, 491, 0,  255, 255, 0
L -2632, 491, 0,  -2632, 491, 0,  255, 255, 0
L -2632, 491, 0,  -2554, 393, 0,  255, 255, 0
L -2554, 393, 0,  -2554, 393, 0,  255, 255, 0
L -2554, 393, 0,  -2554, 393, 0,  255, 255, 0
L -2554, 393, 0,  -2554, 393, 0,  255, 255, 0
L -2554, 393, 0,  -2554, 393, 0,  255, 255, 0
L -2554, 393, 0,  -2554, 393, 0,  255, 255, 0
L -2554, 393, 0,  -2496, 445, 0,  255, 255, 0
L -2496, 445, 0,  -2496, 445, 0,  255, 255, 0
L -2496, 445, 0,  -2496, 445, 0,  255, 255, 0
L -2496, 445, 0,  -2496, 445, 0,  255, 255, 0
L -2496, 445, 0,  -2496, 445, 0,  255, 255, 0
L -2496, 445, 0,  -2463, 510, 0,  255, 255, 0
L -2463, 510, 0,  -2463, 510, 0,  255, 255, 0
L -2463, 510, 0,  -2463, 510, 0,  255, 255, 0
L -2463, 510, 0,  -2463, 510, 0,  255, 255, 0
L -2463, 510, 0,  -2463, 510, 0,  255, 255, 0
L -2463, 510, 0,  -2463, 510, 0,  255, 255, 0
L -2463, 510, 0,  -2463, 510, 0,  255, 255, 0
L -2463, 510, 0,  -2362, 574, 0,  255, 255, 0
L -2362, 574, 0,  -2362, 574, 0,  255, 255, 0
L -2362, 574, 0,  -2362, 574, 0,  255, 255, 0
L -2362, 574, 0,  -2362, 574, 0,  255, 255, 0
L -2362, 574, 0,  -2362, 574, 0,  255, 255, 0
L -2362, 574, 0,  -2362, 574, 0,  255, 255, 0
L -2362, 574, 0,  -2362, 574, 0,  255, 255, 0
L -2362, 574, 0,  -2362, 574, 0,  255, 255, 0
L -2362, 574, 0,  -2362, 574, 0,  255, 255, 0
L -2362, 574, 0,  -2230, 679, 0,  255, 255, 0
L -2230, 679, 0,  -2230, 679, 0,  255, 255, 0
L -2230, 679, 0,  -2230, 679, 0,  255, 255, 0
L -2230, 679, 0,  -2230, 679, 0,  255, 255, 0
L -2230, 679, 0,  -2230, 679, 0,  255, 255, 0
L -2230, 679, 0,  -2230, 679, 0,  255, 255, 0
L -2230, 679, 0,  -2230, 679, 0,  255, 255, 0
L -2230, 679, 0,  -2230, 679, 0,  255, 255, 0
L -2230, 679, 0,  -2230, 679, 0,  255, 255, 0
L -2230, 679, 0,  -2230, 679, 0,  255, 255, 0
L -2230, 679, 0,  -2230, 679, 0,  255, 255, 0
L -2230, 679, 0,  -2230, 679, 0,  255, 255, 0
L -2230, 679, 0,  -2230, 679, 0,  255, 255, 0
L -2230, 679, 0,  -2230, 679, 0,  255, 255, 0
L -2230, 679, 0,  -2230, 679, 0,  255, 255, 0
L -2230, 679, 0,  -2230, 679, 0,  255, 255, 0
L -2230, 679, 0,  -2230, 679, 0,  255, 255, 0
L -2230, 679, 0,  -2056, 564, 0,  255, 255, 0
L -2056, 564, 0,  -2056, 564, 0,  255, 255, 0
L -2056, 564, 0,  -2056, 564, 0,  255, 255, 0
L -2056, 564, 0,  -2056, 564, 0,  255, 255, 0
L -2056, 564, 0,  -2056, 564, 0,  255, 255, 0
L -2056, 564, 0,  -2056, 564, 0,  255, 255, 0
L -2056, 564, 0,  -2056, 564, 0,  255, 255, 0
L -2056, 564, 0,  -2056, 564, 0,  255, 255, 0
L -2056, 564, 0,  -2056, 564, 0,  255, 255, 0
L -2056, 564, 0,  -2056, 564, 0,  255, 255, 0
L -2056, 564, 0,  -2088, 540, 0,  255, 255, 0
L -2088, 540, 0,  -2067, 479, 0,  255, 255, 0
L -2067, 479, 0,  -2052, 443, 0,  255, 255, 0
L -2052, 443, 0,  -2056, 414, 0,  255, 255, 0
L -2056, 414, 0,  -2027, 366, 0,  255, 255, 0
L -2027, 366, 0,  -2010, 353, 0,  255, 255, 0
L -2010, 353, 0,  -1982, 314, 0,  255, 255, 0
L -1982, 314, 0,  -1974, 283, 0,  255, 255, 0
L -1974, 283, 0,  -1964, 267, 0,  255, 255, 0
L -1964, 267, 0,  -1960, 259, 0,  255, 255, 0
L -1960, 259, 0,  -1939, 220, 0,  255, 255, 0
L -1939, 220, 0,  -1920, 202, 0,  255, 255, 0
L -1920, 202, 0,  -1902, 187, 0,  255, 255, 0
L -1902, 187, 0,  -1866, 178, 0,  255, 255, 0
L -1866, 178, 0,  -1838, 176, 0,  255, 255, 0
L -1838, 176, 0,  -1838, 176, 0,  255, 255, 0
L -1838, 176, 0,  -1818, 200, 0,  255, 255, 0
L -1818, 200, 0,  -1818, 200, 0,  255, 255, 0
L -1818, 200, 0,  -1798, 191, 0,  255, 255, 0
L -1798, 191, 0,  -1760, 185, 0,  255, 255, 0
L -1760, 185, 0,  -1729, 190, 0,  255, 255, 0
L -1729, 190, 0,  -1688, 203, 0,  255, 255, 0
L -1688, 203, 0,  -1673, 214, 0,  255, 255, 0
L -1673, 214, 0,  -1655, 237, 0,  255, 255, 0
L -1655, 237, 0,  -1637, 265, 0,  255, 255, 0
L -1637, 265, 0,  -1630, 283, 0,  255, 255, 0
L -1630, 283, 0,  -1623, 301, 0,  255, 255, 0
L -1623, 301, 0,  -1609, 329, 0,  255, 255, 0
L -1609, 329, 0,  -1593, 353, 0,  255, 255, 0
L -1593, 353, 0,  -1577, 395, 0,  255, 255, 0
L -1577, 395, 0,  -1577, 395, 0,  255, 255, 0
L -1577, 395, 0,  -1536, 482, 0,  255, 255, 0
L -1536, 482, 0,  -1536, 482, 0,  255, 255, 0
L -1536, 482, 0,  -1536, 482, 0,  255, 255, 0
L -1536, 482, 0,  -1536, 482, 0,  255, 255, 0
L -1536, 482, 0,  -1536, 482, 0,  255, 255, 0
L -1536, 482, 0,  -1536, 482, 0,  255, 255, 0
L -1536, 482, 0,  -1476, 593, 0,  255, 255, 0
L -1476, 593, 0,  -1476, 593, 0,  255, 255, 0
L -1476, 593, 0,  -1476, 593, 0,  255, 255, 0
L -1476, 593, 0,  -1476, 593, 0,  255, 255, 0
L -1476, 593, 0,  -1476, 593, 0,  255, 255, 0
L -1476, 593, 0,  -1476, 593, 0,  255, 255, 0
L -1476, 593, 0,  -1455, 604, 0,  255, 255, 0
L -1455, 604, 0,  -1421, 627, 0,  255, 255, 0
L -1421, 627, 0,  -1397, 647, 0,  255, 255, 0
L -1397, 647, 0,  -1341, 682, 0,  255, 255, 0
L -1341, 682, 0,  -1323, 686, 0,  255, 255, 0
L -1323, 686, 0,  -1317, 659, 0,  255, 255, 0
L -1317, 659, 0,  -1305, 638, 0,  255, 255, 0
L -1305, 638, 0,  -1293, 629, 0,  255, 255, 0
L -1293, 629, 0,  -1239, 620, 0,  255, 255, 0
L -1239, 620, 0,  -1240, 598, 0,  255, 255, 0
L -1240, 598, 0,  -1225, 584, 0,  255, 255, 0
L -1225, 584, 0,  -1182, 587, 0,  255, 255, 0
L -1182, 587, 0,  -1182, 587, 0,  255, 255, 0
L -1182, 587, 0,  -1149, 587, 0,  255, 255, 0
L -1149, 587, 0,  -1122, 588, 0,  255, 255, 0
L -1122, 588, 0,  -1094, 570, 0,  255, 255, 0
L -1094, 570, 0,  -1063, 581, 0,  255, 255, 0
L -1063, 581, 0,  -1062, 580, 0,  255, 255, 0
L -1062, 580, 0,  -1042, 569, 0,  255, 255, 0
L -1042, 569, 0,  -1027, 592, 0,  255, 255, 0
L -1027, 592, 0,  -1010, 583, 0,  255, 255, 0
L -1010, 583, 0,  -969, 590, 0,  255, 255, 0
L -969, 590, 0,  -930, 606, 0,  255, 255, 0
L -930, 606, 0,  -907, 632, 0,  255, 255, 0
L -907, 632, 0,  -883, 670, 0,  255, 255, 0
L -883, 670, 0,  -870, 687, 0,  255, 255, 0
L -870, 687, 0,  -854, 708, 0,  255, 255, 0
L -854, 709, 0,  -834, 712, 0,  255, 255, 0
L -834, 712, 0,  -814, 729, 0,  255, 255, 0
L -814, 729, 0,  -789, 756, 0,  255, 255, 0
L -789, 756, 0,  -777, 782, 0,  255, 255, 0
L -777, 782, 0,  -757, 791, 0,  255, 255, 0
L -757, 791, 0,  -757, 791, 0,  255, 255, 0
L -757, 791, 0,  -741, 806, 0,  255, 255, 0
L -741, 806, 0,  -741, 806, 0,  255, 255, 0
L -741, 806, 0,  -741, 806, 0,  255, 255, 0
L -741, 806, 0,  -715, 829, 0,  255, 255, 0
L -715, 829, 0,  -696, 853, 0,  255, 255, 0
L -696, 853, 0,  -688, 859, 0,  255, 255, 0
L -688, 859, 0,  -664, 878, 0,  255, 255, 0
L -664, 878, 0,  -664, 878, 0,  255, 255, 0
L -664, 878, 0,  -638, 885, 0,  255, 255, 0
L -638, 885, 0,  -631, 865, 0,  255, 255, 0
L -631, 865, 0,  -627, 845, 0,  255, 255, 0
L -627, 845, 0,  -592, 845, 0,  255, 255, 0
L -592, 845, 0,  -580, 858, 0,  255, 255, 0
L -580, 858, 0,  -563, 867, 0,  255, 255, 0
L -563, 867, 0,  -535, 881, 0,  255, 255, 0
L -535, 881, 0,  -521, 883, 0,  255, 255, 0
L -521, 883, 0,  -517, 858, 0,  255, 255, 0
L -517, 858, 0,  -508, 842, 0,  255, 255, 0
L -508, 842, 0,  -471, 793, 0,  255, 255, 0
L -471, 793, 0,  -461, 766, 0,  255, 255, 0
L -461, 766, 0,  -456, 745, 0,  255, 255, 0
L -456, 745, 0,  -449, 717, 0,  255, 255, 0
L -449, 717, 0,  -445, 698, 0,  255, 255, 0
L -445, 698, 0,  -439, 689, 0,  255, 255, 0
L -439, 689, 0,  -439, 666, 0,  255, 255, 0
L -439, 666, 0,  -439, 666, 0,  255, 255, 0
L -439, 666, 0,  -407, 648, 0,  255, 255, 0
L -407, 648, 0,  -393, 630, 0,  255, 255, 0
L -393, 630, 0,  -379, 607, 0,  255, 255, 0
L -379, 607, 0,  -369, 579, 0,  255, 255, 0
L -369, 579, 0,  -359, 555, 0,  255, 255, 0
L -359, 555, 0,  -348, 536, 0,  255, 255, 0
L -348, 536, 0,  -335, 522, 0,  255, 255, 0
L -335, 522, 0,  -312, 503, 0,  255, 255, 0
L -312, 503, 0,  -284, 501, 0,  255, 255, 0
L -284, 501, 0,  -260, 519, 0,  255, 255, 0
L -260, 519, 0,  -260, 519, 0,  255, 255, 0
L -260, 519, 0,  -242, 557, 0,  255, 255, 0
L -242, 557, 0,  -230, 595, 0,  255, 255, 0
L -230, 595, 0,  -226, 604, 0,  255, 255, 0
L -226, 604, 0,  -212, 630, 0,  255, 255, 0
L -212, 630, 0,  -211, 656, 0,  255, 255, 0
L -211, 656, 0,  -222, 670, 0,  255, 255, 0
L -222, 670, 0,  -247, 724, 0,  255, 255, 0
L -247, 724, 0,  -256, 748, 0,  255, 255, 0
L -256, 748, 0,  -254, 758, 0,  255, 255, 0
L -254, 758, 0,  -258, 777, 0,  255, 255, 0
L -258, 777, 0,  -261, 802, 0,  255, 255, 0
L -261, 802, 0,  -269, 813, 0,  255, 255, 0
L -269, 813, 0,  -282, 818, 0,  255, 255, 0
L -282, 818, 0,  -296, 828, 0,  255, 255, 0
L -296, 828, 0,  -277, 852, 0,  255, 255, 0
L -277, 852, 0,  -258, 862, 0,  255, 255, 0
L -258, 862, 0,  -233, 874, 0,  255, 255, 0
L -233, 874, 0,  -193, 882, 0,  255, 255, 0
L -193, 882, 0,  -193, 882, 0,  255, 255, 0
L -193, 882, 0,  -145, 862, 0,  255, 255, 0
L -145, 862, 0,  -145, 862, 0,  255, 255, 0
L -145, 862, 0,  -145, 862, 0,  255, 255, 0
L -145, 862, 0,  -95, 836, 0,  255, 255, 0
L -95, 836, 0,  -95, 836, 0,  255, 255, 0
L -95, 836, 0,  -95, 836, 0,  255, 255, 0
L -95, 836, 0,  -95, 836, 0,  255, 255, 0
L -95, 836, 0,  -43, 820, 0,  255, 255, 0
L -43, 820, 0,  -43, 820, 0,  255, 255, 0
L -43, 820, 0,  -15, 783, 0,  255, 255, 0
L -15, 783, 0,  -15, 783, 0,  255, 255, 0
L -15, 783, 0,  -15, 783, 0,  255, 255, 0
L -15, 783, 0,  -15, 783, 0,  255, 255, 0
L -15, 783, 0,  47, 804, 0,  255, 255, 0
L 47, 804, 0,  47, 804, 0,  255, 255, 0
L 47, 804, 0,  47, 804, 0,  255, 255, 0
L 47, 804, 0,  47, 804, 0,  255, 255, 0
L 47, 804, 0,  93, 840, 0,  255, 255, 0
L 93, 840, 0,  93, 840, 0,  255, 255, 0
L 93, 840, 0,  93, 840, 0,  255, 255, 0
L 93, 840, 0,  121, 876, 0,  255, 255, 0
L 121, 876, 0,  121, 876, 0,  255, 255, 0
L 121, 876, 0,  135, 888, 0,  255, 255, 0
L 135, 888, 0,  145, 904, 0,  255, 255, 0
L 145, 904, 0,  163, 910, 0,  255, 255, 0
L 163, 910, 0,  192, 934, 0,  255, 255, 0
L 192, 934, 0,  192, 934, 0,  255, 255, 0
L 192, 934, 0,  206, 947, 0,  255, 255, 0
L 206, 947, 0,  222, 971, 0,  255, 255, 0
L 222, 971, 0,  234, 985, 0,  255, 255, 0
L 234, 985, 0,  246, 1000, 0,  255, 255, 0
L 246, 1000, 0,  246, 1000, 0,  255, 255, 0
L 246, 1000, 0,  295, 1037, 0,  255, 255, 0
L 977, 577, 0,  974, 261, 0,  255, 255, 0
L 974, 261, 0,  978, -488, 0,  255, 255, 0
L 978, -488, 0,  986, -512, 0,  255, 255, 0
L 986, -512, 0,  915, -644, 0,  255, 255, 0
P -2639, -1063, 0, 255, 255, 255, 2, Orc 1
P -4594, -1019, 0, 255, 255, 255, 2, Orc 2
P -140, 101, 0, 255, 255, 255, 2, Inn 1
P -2948, 402, 0, 255, 255, 255, 2, Inn 2
P -4887, -363, 0, 255, 255, 255, 2, Inn 3
P -3721, -1075, 0, 255, 255, 255, 2, Hidden Inn
P -945, -642, 0, 255, 255, 255, 2, Guard Post
P -655, 1127, 0, 255, 255, 255, 2, Tunnel
P 266, 1653, 0, 255, 255, 255, 2, Shady
P -3827, -426, 0, 255, 255, 255, 2, Druids
P -2853, 883, 0, 255, 255, 255, 2, Undead
P -700, -1203, 0, 255, 255, 0, 2, Nektulos Forest
P 22, 2396, 0, 255, 255, 0, 2, Northern Ro
P 1000, -11, 0, 255, 255, 0, 2, West Freeport
P -5000, -589, 0, 255, 255, 0, 2, West Commons
P -4947, -8, 0, 255, 255, 255, 2, Succor Point
