P 77.0000, 621.0000, 67.7197,  0, 0, 240,  2,  Stella_(Weapons)
P 55.9114, 715.8038, 67.7197,  0, 0, 240,  2,  Spell_Merchants
P 330.0000, 1176.0000, 51.7197,  0, 0, 240,  2,  Geoard_(Bar)
P 333.0000, 1186.0000, 51.7197,  0, 0, 240,  2,  Helia_(Baking)
P 159.0000, 899.0000, 51.7197,  0, 0, 240,  2,  Monita_(Tailor)
P 286.0000, 709.0000, 51.7197,  0, 0, 240,  2,  Jagen_(Armor)
P 246.0000, 683.0000, 52.7197,  0, 0, 240,  2,  Shinan_(Smith)
P 101.0000, 689.0000, 52.7197,  0, 0, 240,  2,  Demicla_(Tailor)
P 106.0000, 754.0000, 52.7197,  0, 0, 240,  2,  Galbasi_(Tailor)
P 55.0000, 115.0000, 39.7509,  0, 0, 240,  2,  Soulbinder
P -109.0000, -136.0000, 19.7510,  0, 0, 240,  2,  Beth_(Baking)
P -96.0000, -232.0000, 19.7510,  0, 0, 240,  2,  Nerth_(M)
P 5.0000, -230.0000, 20.3760,  0, 0, 240,  2,  Kisrin_(M)
P 241.5016, 1070.9728, 52.3447,  0, 0, 240,  2,  Spell_Merchants
P 78.0000, 994.0000, 51.7197,  0, 0, 240,  2,  Borge_(M)
P 88.0000, 906.0000, 51.7197,  0, 0, 240,  2,  Reihan_(M)
P 61.0000, 1156.0000, 67.7197,  0, 0, 240,  2,  Luren_(M)
P 374.0000, 1031.0000, 67.7197,  0, 0, 240,  2,  Issibla_(Spells)
P 417.0000, 1066.0000, 51.7197,  0, 0, 240,  2,  Kathar_(Spells)
P 398.0000, 1070.0000, 51.7197,  0, 0, 240,  2,  Ghemna_(Weapons)
