P -857, 1479, 13.4652, 0, 0, 240, 3, Renna_(Merchant)
P -956.1345, 1595.703, 31.1522, 0, 0, 240, 3, Nifta
P -856.874, 1484.8423, 11.8687, 0, 0, 240, 3, Renna
P -754.5172, 1307.5408, -17.3916, 0, 0, 240, 3, Kala
P -780.5737, 723.8614, -17.4982, 0, 0, 240, 3, Tolo
P -2128.9834, 1286.2793, -43.6227, 0, 0, 240, 3, Yun_Assistant_Maklok
P -1702.9513, 1183.5688, 51.2308, 0, 0, 240, 3, Raldoria_Deacon
P -1821.1387, 1673.7516, -14.304, 0, 0, 240, 3, Doria_Dawncrest
P -1794.5769, 1691.174, -12.4908, 0, 0, 240, 3, Bellorrana_Hanthan
P -1132.7424, 1781.6406, -0.3554, 0, 0, 240, 3, Nomala
P -1401.9855, 1305.8389, 127.3804, 0, 0, 240, 3, Hojo
P -1633.234, 922.4375, 56.8494, 0, 0, 240, 3, Ooglyn
P -1241.9773, 990.1233, 109.1572, 0, 0, 240, 3, Canrield_Starbourne
P -1246.4761, 1178.4851, 49.2267, 0, 0, 240, 3, Yelesom_Paust
P -836.7151, 1540.4929, 2.9737, 0, 0, 240, 3, Nomala_(roam)
P -688.1334, 1776.8913, 1.5649, 0, 0, 240, 3, Monala_(roam)
