P 6350.0000, -3200.0000, 0.0000,  127, 64, 0,  2,  Secret_Tunnel
P 3900.0000, -3900.0000, 0.0000,  127, 64, 0,  2,  Lich's_Cave
P 2293.0000, -3126.0000, 0.0000,  127, 64, 0,  2,  Ice_Comet_Quest_Npc
P 5392.0000, -557.0000, 0.0000,  127, 64, 0,  2,  Giant_Statue
P 5275.0000, -1122.0000, 0.0000,  127, 0, 0,  2,  Redwind
P 5054.0000, -1840.0000, 0.0000,  127, 64, 0,  2,  Wayfarer_Camp
P 4594.0000, -1350.0000, 0.0000,  0, 0, 0,  2,  Ice_hole
P 4178.9771, -4749.7461, -99.9430,  0, 0, 0,  1,  Ice_boned
P 5094.9170, -4970.7505, -87.9398,  0, 0, 0,  1,  ice_boned
P 5093.6826, -5001.3535, -87.9389,  0, 0, 0,  1,  rod(Wiz_epic)
P 5091.9551, -4999.1963, -87.9718,  0, 0, 0,  1,  Rod(Spoke_of_Tarton's_Wheel_Beza)
P 2394.1133, -3031.2703, -63.8106,  0, 0, 240,  2,  Sulgar_(Q)
P -586.2500, -3565.1165, -1.3735,  0, 0, 127,  2,  Kimber_Whitefoot*(War1.5)7am/7pm
P 7016.9028, -2022.7439, -63.5292,  0, 0, 127,  2,  Kimber_Whitefoot*(War1.5)7am/7pm
P 5033.9282, -1902.9253, -63.5917,  0, 0, 127,  2,  Rombus(Pal_Pre-Q)
P 5030.0752, -1869.3887, -62.3952,  0, 0, 127,  2,  Teria_Grinntli(LDoN)
