L 615.322, 476.5797, -7, 611.8867, 470.3962, 0, 0, 0, 0
L 614.373, 431.5647, 2, 620, 425, 0, 0, 0, 0
L 620, 425, 0, 611, 417, 0, 0, 0, 0
L 611, 417, 0, 604.6631, 423.3365, 0, 0, 0, 0
L 588.163, 454.1802, 2, 584, 459, 0, 0, 0, 0
L 584, 459, 0, 588.8999, 463.8999, 0, 0, 0, 0
L 611, 418, 266, 614, 420, 26, 127, 127, 127
L 614, 420, 26, 615, 451, 29, 127, 127, 127
L 615, 451, 29, 614, 463, 31, 127, 127, 127
L 614, 463, 31, 611.5836, 471.4572, 31, 127, 127, 127
L 596.3337, 476.9173, 33, 589, 465, 31, 127, 127, 127
L 589, 465, 31, 588, 454, 30, 127, 127, 127
L 588, 454, 30, 592, 442, 29, 127, 127, 127
L 592, 442, 29, 607, 421, 27, 127, 127, 127
L 607, 421, 27, 611, 418, 26, 127, 127, 127
L -1387.856, 1394.6995, 132.9335, -1387.8557, -1396.4807, 96.601, 0, 0, 0
L -1387.8557, -1396.4807, 96.601, 1427.6995, -1396.4806, 136.9378, 0, 0, 0
L 1427.6995, -1396.4806, 136.9378, 1427.6995, 1394.6995, 135.4158, 0, 0, 0
L 1427.6995, 1394.6995, 135.4158, -1387.8557, 1394.6994, 132.9328, 0, 0, 0
L -1050.5144, 802.1128, 106.481, -1015.7993, 802.1171, 106.481, 0, 0, 0
L -1015.7993, 802.1171, 106.481, -1015.7985, 792.6056, 106.481, 0, 0, 0
L -1015.7985, 792.6056, 106.481, -1050.516, 792.6032, 106.481, 0, 0, 0
L -1050.516, 792.6032, 106.4809, -1050.5144, 802.1128, 106.481, 0, 0, 0
L -1061.3614, 809.1554, 99.2733, -1061.3843, 786.71, 100.1877, 0, 0, 0
L -1005.3917, 786.854, 102.3787, -1061.3843, 786.71, 103.424, 0, 0, 0
L -1005.3917, 809.5105, 100.335, -1005.3917, 786.854, 102.765, 0, 0, 0
L -1023.6671, 809.3821, 101.622, -1019.8253, 830.334, 97.7957, 127, 127, 127
L -1019.8253, 830.334, 97.7957, -1048.7655, 836.1332, 95.4775, 127, 127, 127
L -1048.7655, 836.1332, 95.4775, -1042.481, 809.4949, 101.1948, 127, 127, 127
L -1005.3917, 809.4919, 100.1556, -1061.3614, 809.1554, 100.423, 0, 0, 0
L -974.6644, 1007.7958, 1.8248, -946.5725, 990.5226, 2.8428, 0, 0, 0
L -943.7005, 995.2243, 2.8428, -947.2833, 989.3591, 3.192, 0, 0, 0
L -947.2833, 989.3591, 3.5114, -941.625, 985.524, 4.3308, 0, 0, 0
L -941.625, 985.524, 4.625, -937.451, 991.3786, 2.7999, 0, 0, 0
L -943.7005, 995.2243, 1.9272, -937.451, 991.3786, 2.34, 0, 0, 0
L -938.8266, 992.2251, 1.9272, -921.4255, 1020.4652, -0.547, 0, 0, 0
L -920.1942, 1019.7061, -0.674, -916.5873, 1025.5579, -1.86, 0, 0, 0
L -916.5873, 1025.5579, -1.659, -922.8137, 1029.3949, -1.726, 0, 0, 0
L -922.8137, 1029.3949, -0.9628, -926.4199, 1023.5416, -0.699, 0, 0, 0
L -924.94, 1022.6263, -0.5536, -942.3393, 994.3898, 1.9351, 0, 0, 0
L -944.4035, 994.403, 2.405, -972.4837, 1011.3351, 1.5527, 0, 0, 0
L -971.7684, 1012.5241, 1.4473, -977.9824, 1016.3502, 1.427, 0, 0, 0
L -973.4742, 1013.5746, 1.427, -956.73, 1041.8145, -0.32, 0, 0, 0
L -954.3446, 1040.7705, -0.3615, -950.7482, 1046.6081, -0.4822, 0, 0, 0
L -950.7482, 1046.6081, -0.3555, -956.9743, 1050.4445, 0.2416, 0, 0, 0
L -956.9743, 1050.4445, 0.4384, -960.5815, 1044.5885, 0.56, 0, 0, 0
L -960.5815, 1044.5885, 0.5182, -954.3446, 1040.7705, 0.4744, 0, 0, 0
L -959.5859, 1043.9791, 0.4744, -976.9872, 1015.739, 1.5358, 0, 0, 0
L -977.9824, 1016.3502, 1.7277, -981.5886, 1010.4977, 1.8844, 0, 0, 0
L -981.5886, 1010.4977, 1.8111, -975.3617, 1006.6592, 1.8631, 0, 0, 0
L -971.7684, 1012.5241, 1.8229, -975.3617, 1006.6592, 1.8533, 0, 0, 0
L -920.1942, 1019.7061, -0.5538, -926.4199, 1023.5416, -0.5546, 0, 0, 0
L -938.1942, 1023.5869, -0.235, -949.4, 1006.3246, 1.1428, 0, 0, 0
L -949.4, 1006.3246, 1.3754, -958.9473, 1012.3618, 1.2377, 0, 0, 0
L -958.9473, 1012.3618, 1.29, -948.341, 1029.839, 0.1605, 0, 0, 0
L -948.341, 1029.839, -0.1269, -938.1942, 1023.5869, -0.1154, 0, 0, 0
L -596.719, 1380.9719, -9.3894, -596.6092, 1340.3046, -11.406, 0, 0, 0
L -596.6092, 1340.3046, -11.359, -613.8189, 1340.3766, -9.9322, 0, 0, 0
L -613.8189, 1340.3766, -8.6732, -613.82, 1343.2871, -8.6732, 0, 0, 0
L -620.1688, 1340.406, -8.6732, -620.1616, 1343.3358, -8.933, 0, 0, 0
L -620.1616, 1343.3358, -8.6403, -634.2965, 1343.4003, -7.3169, 0, 0, 0
L -634.2925, 1343.4, -7.3173, -634.1994, 1377.8865, -4.9184, 0, 0, 0
L -634.1953, 1377.8795, -4.9175, -599.6462, 1377.9, -9.9, 0, 0, 0
L -599.6462, 1377.9, -8.9922, -599.597, 1343.2849, -10.2134, 0, 0, 0
L -599.597, 1343.2849, -10.2134, -613.82, 1343.2871, -10.1593, 0, 0, 0
L -620.1688, 1340.406, -8.7279, -637.2137, 1340.4843, -7.413, 0, 0, 0
L -637.2137, 1340.4843, -7.422, -637.1031, 1381.29, -4.5311, 0, 0, 0
L -596.719, 1380.9719, -8.9298, -637.1031, 1381.29, -4.2571, 0, 0, 0
L -287.206, 1288.7809, -15.8007, -287.2001, 1235.8169, -19.1085, 0, 0, 0
L -287.2001, 1235.8169, -19.3824, -266.8942, 1235.8079, -20.5958, 0, 0, 0
L -266.8942, 1235.8079, -20.7981, -266.8924, 1241.2029, -20.9919, 0, 0, 0
L -266.8924, 1241.2029, -20.9442, -281.8009, 1241.2327, -19.7295, 0, 0, 0
L -281.8009, 1241.2327, -19.7295, -281.8206, 1283.3912, -16.2954, 0, 0, 0
L -281.8206, 1283.3912, -16.2954, -239.561, 1283.3988, -18.2456, 0, 0, 0
L -239.561, 1283.3988, -18.2456, -239.5822, 1241.2253, -21.9087, 0, 0, 0
L -239.5822, 1241.2253, -21.9087, -255.9079, 1241.1959, -22.3248, 0, 0, 0
L -255.9079, 1241.1959, -21.9803, -255.9104, 1235.8113, -21.8746, 0, 0, 0
L -255.9104, 1235.8113, -22.869, -234.194, 1235.8313, -21.517, 0, 0, 0
L -234.194, 1235.8313, -21.2931, -234.1597, 1288.8187, -17.8357, 0, 0, 0
L -234.1597, 1288.8187, -17.5507, -287.206, 1288.7809, -16.425, 0, 0, 0
L -388.6909, 1032.7634, -2.8001, -396.9821, 1032.557, -2.8001, 0, 0, 0
L -396.9821, 1032.557, -2.8001, -397.1883, 1040.8357, -2.8001, 0, 0, 0
L -397.1883, 1040.8357, -2.8001, -388.8962, 1041.391, -2.8001, 0, 0, 0
L -388.8962, 1041.391, -2.8001, -388.6909, 1032.7634, -2.8001, 0, 0, 0
L -373.3919, 972.8437, -2.8001, -373.608, 1016.3343, -2.8001, 0, 0, 0
L -373.608, 1016.3343, -2.8001, -465.6073, 1016.3949, 1.2532, 0, 0, 0
L -465.6073, 1016.3949, 1.2837, -465.4794, 943.195, -2.8001, 0, 0, 0
L -465.4794, 943.195, -2.7997, -372.7126, 943.1105, -2.4114, 0, 0, 0
L -372.7126, 943.1105, -2.2568, -372.7178, 953.5422, -2.4962, 0, 0, 0
L -372.7178, 953.5422, -2.4506, -376.1224, 953.5667, -2.5192, 0, 0, 0
L -376.1224, 953.5667, -2.4689, -376.1313, 948.4194, -2.3792, 0, 0, 0
L -376.1313, 948.4194, -2.3792, -460.7756, 948.4537, -2.8001, 0, 0, 0
L -460.7756, 948.4537, -2.8001, -460.8666, 1011.706, 0.7634, 0, 0, 0
L -460.8666, 1011.706, 0.7634, -377.5749, 1011.48, -2.8001, 0, 0, 0
L -377.5749, 1011.48, -2.8001, -377.6639, 972.8488, -2.8001, 0, 0, 0
L -377.6639, 972.8488, -2.8001, -373.3919, 972.8437, -2.8001, 0, 0, 0
L -649.6472, 554.8441, 14.1022, -648.3301, 549.8314, 14.2573, 0, 0, 0
L -649.6472, 554.8441, 14.6, -654.2286, 553.1308, 15.21, 0, 0, 0
L -691.8731, 541.2842, 18.9984, -696.5999, 540.2936, 19.5036, 0, 0, 0
L -696.5999, 540.2936, 19.7992, -697.6837, 545.2966, 19.4895, 0, 0, 0
L -708.9475, 564.556, 16.3373, -696.629, 574.4067, 16.7452, 0, 0, 0
L -765.426, 474.8326, 6.2777, -664.1358, 474.834, 8.2647, 0, 0, 0
L -664.1358, 474.834, 6.5083, -664.1353, 409.7502, -1.3277, 0, 0, 0
L -664.1353, 409.7502, -1.7984, -685.426, 409.6949, -1.746, 0, 0, 0
L -685.426, 409.6949, -0.9888, -685.4255, 453.5434, 4.6986, 0, 0, 0
L -685.4252, 453.5432, 4.6986, -744.1371, 453.5427, 2.9952, 0, 0, 0
L -744.1371, 453.5427, 2.9952, -744.1371, 394.8315, -2.4573, 0, 0, 0
L -744.1371, 394.8315, -2.4573, -670.6108, 394.8192, -1.921, 0, 0, 0
L -677.9648, 537.7753, 47.1557, -652.8115, 541.533, 45.1251, 127, 127, 127
L -652.8115, 541.533, 45.1251, -646.8932, 543.8242, 44.5292, 127, 127, 127
L -646.8932, 543.8242, 44.5292, -647.1826, 549.1896, 44.6854, 127, 127, 127
L -647.1826, 549.1896, 44.6854, -671.7291, 562.9202, 47.439, 127, 127, 127
L -671.7291, 562.9202, 47.439, -682.5158, 567.4565, 48.2362, 127, 127, 127
L -682.5158, 567.4565, 48.2362, -692.6621, 569.5999, 49.8096, 127, 127, 127
L -692.6621, 569.5999, 49.8096, -701.836, 567.3452, 50.6099, 127, 127, 127
L -701.836, 567.3452, 50.6099, -708.1284, 559.3565, 50.6632, 127, 127, 127
L -708.1284, 559.3565, 50.6632, -701.333, 547.6097, 49.383, 127, 127, 127
L -701.333, 547.6097, 49.383, -691.1734, 540.8011, 48.6293, 127, 127, 127
L -691.1734, 540.8011, 48.6293, -677.9648, 537.7753, 47.6229, 127, 127, 127
L -708.9475, 564.556, 17.8725, -706.9097, 560.7385, 18.1999, 0, 0, 0
L -696.629, 574.4067, 17.9238, -692.2822, 569.7015, 17.7709, 0, 0, 0
L -765.426, 474.8326, 2.8201, -765.4279, 373.543, -2.8001, 0, 0, 0
L -765.4279, 373.543, -2.8001, -670.61, 373.5407, -2.5141, 0, 0, 0
L -409.5283, 439.7418, 31.5494, -404.1104, 426.7135, 32.9641, 127, 127, 127
L -404.1104, 426.7135, 32.9641, -397.6003, 421.8793, 32.6448, 127, 127, 127
L -397.6003, 421.8793, 32.6448, -386.5111, 433.2975, 31.9476, 127, 127, 127
L -386.5111, 433.2975, 31.9476, -379.6791, 446.7547, 31.438, 127, 127, 127
L -379.6791, 446.7547, 31.438, -380.6494, 459.1121, 30.2948, 127, 127, 127
L -380.6494, 459.1121, 30.2948, -379.2667, 470.889, 29.6475, 127, 127, 127
L -379.2667, 470.889, 29.6475, -382.7703, 477.9329, 30.2537, 127, 127, 127
L -382.7703, 477.9329, 30.2537, -390.4685, 483.2311, 30.6551, 127, 127, 127
L -390.4685, 483.2311, 30.6551, -402.3783, 475.3131, 30.4846, 127, 127, 127
L -402.3783, 475.3131, 30.4846, -408.1643, 464.9683, 30.2301, 127, 127, 127
L -408.1643, 464.9683, 30.2301, -410.2078, 450.7715, 30.753, 127, 127, 127
L -410.2078, 450.7715, 30.753, -409.5283, 439.7418, 31.9919, 127, 127, 127
L -386.586, 426.7004, 3.8788, -393.224, 418.4295, 4.6554, 0, 0, 0
L -386.586, 426.7004, 3.5116, -390.6209, 429.656, 2.9283, 0, 0, 0
L -405.5683, 430.2196, 0.9464, -407.3489, 426.8172, 1.4426, 0, 0, 0
L -407.3489, 426.8172, 2.3222, -393.224, 418.4295, 4.8276, 0, 0, 0
L -409.9667, 446.858, -0.6929, -414.637, 447.5144, -0.969, 0, 0, 0
L -414.637, 447.5144, -1.1755, -414.2547, 455.2561, -1.4262, 0, 0, 0
L -414.2547, 455.2561, -1.4278, -409.5917, 455.525, -1.2093, 0, 0, 0
L -379.4567, 469.2708, -0.7738, -375.2651, 473.3863, -0.8677, 0, 0, 0
L -375.2651, 473.3863, -1.161, -386.3147, 484.9515, -1.622, 0, 0, 0
L -386.3147, 484.9515, -1.9269, -389.4234, 482.5117, -1.9035, 0, 0, 0
L -469.7271, 209.6649, 26.511, -462.6421, 201.2455, 25.4301, 127, 127, 127
L -462.6421, 201.2455, 25.4301, -450.1967, 194.4094, 23.9399, 127, 127, 127
L -450.1967, 194.4094, 23.9399, -425.7294, 190.1229, 21.2106, 127, 127, 127
L -425.7294, 190.1229, 21.2106, -419.2029, 191.905, 20.7014, 127, 127, 127
L -419.2029, 191.905, 20.7014, -418.9259, 195.7752, 21.1322, 127, 127, 127
L -418.9259, 195.7752, 21.1322, -438.7262, 216.6625, 24.106, 127, 127, 127
L -438.7262, 216.6625, 24.106, -448.38, 224.7305, 25.2579, 127, 127, 127
L -448.38, 224.7305, 25.2579, -456.4377, 229.6194, 26.637, 127, 127, 127
L -456.4377, 229.6194, 26.637, -464.4993, 229.6812, 26.972, 127, 127, 127
L -464.4993, 229.6812, 26.972, -473.9169, 224.17, 27.413, 127, 127, 127
L -473.9169, 224.17, 27.413, -469.5636, 209.1, 26.436, 127, 127, 127
L -468.6609, 202.497, -5.5518, -462.9717, 201.6374, -5.3628, 0, 0, 0
L -468.6609, 202.497, -5.5548, -468.166, 207.81, -5.4645, 0, 0, 0
L -471.8758, 225.2446, -5.7156, -472.8593, 229.175, -6.688, 0, 0, 0
L -472.8593, 229.175, -6.994, -457.9746, 234.792, -4.9459, 0, 0, 0
L -457.9746, 234.792, -4.4992, -455.7142, 229.1999, -4.5208, 0, 0, 0
L -425.9465, 203.1811, -6.3692, -419.5265, 201.9294, -6.7134, 0, 0, 0
L -419.5265, 201.9294, -7.2492, -419.7825, 196.6787, -7.5117, 0, 0, 0
L -337.7798, 121.4539, -7.6443, -336.9716, 130.6089, -8.1327, 0, 0, 0
L -336.9716, 130.6089, -8.2047, -327.2232, 130.562, -8.1129, 0, 0, 0
L -332.8793, 130.3769, -8.1129, -346.8686, 153.114, -9.4489, 0, 0, 0
L -346.8686, 153.114, -10.992, -338.9597, 157.9002, -9.9978, 0, 0, 0
L -338.9597, 157.9002, -9.9222, -324.704, 134.5499, -8.2165, 0, 0, 0
L -326.7026, 137.8233, -8.4321, -319.1698, 132.8087, -7.9368, 0, 0, 0
L -319.1698, 132.8087, -7.9398, -314.495, 140.4481, -8.3336, 0, 0, 0
L -314.495, 140.4481, -8.5241, -321.7108, 145.581, -8.851, 0, 0, 0
L -326.7898, 137.9661, -8.667, -321.7108, 145.581, -8.88, 0, 0, 0
L -337.446, 129.7205, -8.2019, -337.607, 123.5452, -7.6571, 0, 0, 0
L -337.7798, 121.4539, -7.3966, -328.321, 121.2171, -7.1189, 0, 0, 0
L -328.321, 121.2171, -7.1696, -327.2232, 130.562, -7.8594, 0, 0, 0
L -324.704, 134.5499, -8.1864, -331.579, 130.3032, -8.1062, 0, 0, 0
L -326.7724, 100.9909, -5.2389, -331.8394, 93.3759, -4.9781, 0, 0, 0
L -331.8394, 93.3759, -4.7817, -324.2422, 88.3165, -4.5586, 0, 0, 0
L -324.2422, 88.3165, -4.4755, -319.1711, 95.9034, -4.7099, 0, 0, 0
L -319.1711, 95.9034, -4.9894, -326.7724, 100.9909, -5.2836, 0, 0, 0
L -313.5135, 92.1638, -4.271, -306.5599, 87.5191, -4.419, 0, 0, 0
L -306.5599, 87.5191, -3.7597, -310.786, 79.4795, -3.7418, 0, 0, 0
L -310.786, 79.4795, -3.721, -318.5658, 84.5739, -4.56, 0, 0, 0
L -318.5658, 84.5739, -4.1379, -313.5135, 92.1638, -4.2976, 0, 0, 0
L -281.1007, 89.1059, -3.4716, -273.6232, 84.1145, -3.2458, 0, 0, 0
L -273.6232, 84.1145, -3.221, -268.6301, 91.5799, -3.2587, 0, 0, 0
L -268.6301, 91.5799, -3.3252, -276.978, 96.5811, -3.4946, 0, 0, 0
L -276.978, 96.5811, -3.568, -281.1007, 89.1059, -3.5286, 0, 0, 0
L -313.5611, 113.645, -6.2362, -302.8702, 128.6202, -6.8483, 0, 0, 0
L -302.8702, 128.6202, -6.8886, -288.3842, 119.6085, -5.4001, 0, 0, 0
L -288.3842, 119.6085, -5.2629, -298.7203, 103.6396, -5.41, 0, 0, 0
L -298.7203, 103.6396, -4.9813, -313.5611, 113.645, -5.8472, 0, 0, 0
L -297.7581, 145.9396, -7.8863, -288.646, 139.8807, -7.1957, 0, 0, 0
L -288.646, 139.8807, -7.53, -283.7762, 147.5464, -6.9825, 0, 0, 0
L -283.7762, 147.5464, -7.843, -292.6055, 153.5001, -7.6056, 0, 0, 0
L -292.6055, 153.5001, -7.8963, -297.7581, 145.9396, -8.5, 0, 0, 0
L -283.7653, 136.7626, -6.2038, -276.1198, 131.6765, -5.4805, 0, 0, 0
L -276.1198, 131.6765, -5.3856, -271.3106, 138.86, -5.5197, 0, 0, 0
L -270.2733, 137.1814, -5.2817, -262.3725, 142.629, -5.1165, 0, 0, 0
L -262.3725, 142.629, -5.3968, -276.7497, 165.3351, -6.5705, 0, 0, 0
L -276.7497, 165.3351, -6.8788, -284.6551, 160.4527, -7.1872, 0, 0, 0
L -284.6551, 160.4527, -7.1742, -270.2733, 137.1814, -5.856, 0, 0, 0
L -271.9734, 139.9325, -5.9477, -278.6514, 144.413, -6.3319, 0, 0, 0
L -283.7653, 136.7626, -6.4177, -278.6514, 144.413, -6.4992, 0, 0, 0
L -272.3543, 102.3349, -3.6318, -267.3066, 109.891, -3.669, 0, 0, 0
L -267.3066, 109.891, -3.6093, -259.7631, 104.8461, -3.4769, 0, 0, 0
L -259.7631, 104.8461, -3.3719, -264.7988, 97.3032, -3.3288, 0, 0, 0
L -264.7988, 97.3032, -3.3927, -272.3543, 102.3349, -3.5253, 0, 0, 0
L -214.6194, 60.1364, 1.8403, -212.24, 55.4451, 1.7568, 0, 0, 0
L -214.6194, 60.1364, 0.986, -230.9515, 51.1938, -0.922, 0, 0, 0
L -230.9515, 51.1938, -0.4018, -227.9809, 46.6375, -0.4383, 0, 0, 0
L -227.9809, 46.6375, -0.3037, -212.24, 55.4451, 0.9147, 0, 0, 0
L -638.6676, 198.3492, -24.415, -638.6675, 189.6031, -23.561, 0, 0, 0
L -638.6675, 189.6031, -22.6136, -646.2471, 185.221, -21.8393, 0, 0, 0
L -646.2471, 185.221, -21.5001, -653.8314, 189.6005, -22.4597, 0, 0, 0
L -653.8314, 189.6005, -22.3816, -653.8337, 198.3448, -22.6509, 0, 0, 0
L -653.8337, 198.3448, -22.789, -646.2327, 202.7343, -23.3611, 0, 0, 0
L -646.2327, 202.7343, -23.911, -638.6676, 198.3492, -24.2467, 0, 0, 0
L -662.407, 186.7572, -21.8199, -674.9347, 179.3223, -21.2085, 0, 0, 0
L -674.9347, 179.3223, -21.705, -687.8604, 186.7472, -20.2979, 0, 0, 0
L -687.8604, 186.7472, -20.2998, -687.8659, 201.6734, -20.6325, 0, 0, 0
L -687.8659, 201.6734, -21.954, -674.9375, 209.1484, -21.8679, 0, 0, 0
L -674.9375, 209.1484, -22.1442, -662.424, 201.685, -22.4073, 0, 0, 0
L -662.424, 201.685, -22.4253, -662.407, 186.7572, -21.8764, 0, 0, 0
L -695.4488, 198.3267, -19.9837, -695.4491, 189.5841, -19.8058, 0, 0, 0
L -695.4491, 189.5841, -19.7419, -702.9957, 185.2135, -19.8508, 0, 0, 0
L -702.9957, 185.2135, -20.1898, -710.5821, 189.5836, -19.9265, 0, 0, 0
L -710.5821, 189.5836, -19.7242, -710.5823, 198.3224, -19.414, 0, 0, 0
L -710.5823, 198.3224, -18.8171, -703.4, 202.6913, -18.4388, 0, 0, 0
L -703.4, 202.6913, -18.3905, -695.4488, 198.3267, -19.2681, 0, 0, 0
L -685.4257, 409.6949, 62.3783, -685.4244, 371.457, 70.5807, 127, 127, 127
L -685.4244, 371.457, 70.5807, -685.4255, 323.9927, 90.39, 127, 127, 127
L -685.4255, 323.9927, 90.39, -685.4299, 282.2542, 96.14, 127, 127, 127
L -685.4299, 282.2542, 96.14, -694.6567, 237.6615, 105.9107, 127, 127, 127
L -694.6567, 237.6615, 105.9107, -718.724, 193.908, 105.8777, 127, 127, 127
L -718.724, 193.908, 105.8777, -694.2807, 149.6573, 105.9133, 127, 127, 127
L -694.2807, 149.6573, 105.9133, -684.8769, 106.9141, 105.9154, 127, 127, 127
L -684.8769, 106.9141, 105.9154, -685.4255, 63.533, 90.477, 127, 127, 127
L -685.4255, 63.533, 90.477, -686.5484, 18.4549, 75.2497, 127, 127, 127
L -686.5484, 18.4549, 75.2497, -685.5638, -21.9142, 63.7081, 127, 127, 127
L -685.4239, -21.9145, -2.8001, -685.4607, -86.4569, -2.8001, 0, 0, 0
L -685.4607, -86.4569, -2.8001, -584.1675, -86.4595, -0.3897, 0, 0, 0
L -584.1675, -86.4595, 0.2154, -584.1652, 14.8337, -1.1989, 0, 0, 0
L -584.1652, 14.8337, -0.304, -680.4545, 14.8371, -2.8001, 0, 0, 0
L -680.4545, -6.4569, -2.8001, -605.4565, -6.4565, -2.7212, 0, 0, 0
L -605.4565, -6.4565, -2.7212, -605.4566, -65.1679, -2.8001, 0, 0, 0
L -605.4566, -65.1679, -2.8001, -664.1683, -65.1684, -2.8001, 0, 0, 0
L -664.1683, -65.1684, -2.8001, -664.1341, -21.9529, -2.8001, 0, 0, 0
L -664.1341, -21.9529, -2.8001, -685.4239, -21.9145, -2.8001, 0, 0, 0
L -664.1367, -25.6639, 63.3509, -664.1367, 19.7131, 74.627, 127, 127, 127
L -664.1367, 19.7131, 74.627, -664.1367, 61.6646, 92.2095, 127, 127, 127
L -664.1367, 61.6646, 92.2095, -664.1367, 105.7783, 97.111, 127, 127, 127
L -664.1367, 105.7783, 97.111, -655.3642, 150.1843, 105.9132, 127, 127, 127
L -655.3642, 150.1843, 105.9132, -631.4166, 194.363, 105.9034, 127, 127, 127
L -631.4166, 194.363, 105.9034, -655.4856, 238.1901, 105.9037, 127, 127, 127
L -655.4856, 238.1901, 105.9037, -664.6884, 280.6005, 105.9086, 127, 127, 127
L -664.6884, 280.6005, 105.9086, -664.1354, 326.5921, 90.455, 127, 127, 127
L -664.1354, 326.5921, 88.1897, -664.1358, 368.8879, 75.8963, 127, 127, 127
L -664.1358, 368.8879, 75.8963, -664.1368, 409.7502, 57.1664, 127, 127, 127
L -16.6245, 338.7871, -7.8691, -10.479, 318.4427, -8.5099, 0, 0, 0
L -10.479, 318.4427, -9.3268, -3.6728, 320.4608, -10.1663, 0, 0, 0
L -3.6728, 320.4608, -9.9452, -10.1701, 340.8312, -9.3579, 0, 0, 0
L -16.6245, 338.7871, -9.2, -10.1701, 340.8312, -9.3923, 0, 0, 0
L 100.4641, 305.4166, -10.2287, 100.1758, 326.7957, -7.7178, 0, 0, 0
L 93.8883, 326.721, -8.4925, 100.1758, 326.7957, -7.4705, 0, 0, 0
L 93.8883, 326.721, -9.58, 94.1722, 305.3399, -11.4887, 0, 0, 0
L 123.4282, 246.9892, -3.4376, 130.9292, 256.5982, -3.137, 0, 0, 0
L 130.9292, 256.5982, -2.9899, 139.9181, 249.5894, -2.9501, 0, 0, 0
L 139.9181, 249.5894, -2.9655, 132.4197, 239.9738, -3.3153, 0, 0, 0
L 132.4197, 239.9738, -3.3811, 123.4282, 246.9892, -3.5158, 0, 0, 0
L 100.4641, 305.4166, -10.7297, 94.1722, 305.3399, -11.3955, 0, 0, 0
L 4.1154, 234.1588, -4.6196, 1.949, 239.6853, -4.4207, 0, 0, 0
L 1.949, 239.6853, -4.6886, 34.8342, 258.8242, -8.1795, 0, 0, 0
L 34.8342, 258.8242, -14.366, 37.9341, 253.3468, -14.402, 0, 0, 0
L 37.9341, 253.3468, -12.6236, 4.1154, 234.1588, -9.3005, 0, 0, 0
L 48.1067, 195.4601, -3.4843, 78.8764, 183.5911, -2.8001, 0, 0, 0
L 76.9103, 178.4396, -2.8001, 79.3627, 184.8649, -2.8001, 0, 0, 0
L 79.3627, 184.8649, -2.8001, 86.1885, 182.2324, -2.8001, 0, 0, 0
L 86.1885, 182.2324, -2.8001, 83.718, 175.8185, -2.8001, 0, 0, 0
L 82.624, 176.2368, -2.8001, 70.6949, 145.3114, -1.8899, 0, 0, 0
L 65.344, 147.711, -1.8899, 71.7717, 144.8549, -1.8363, 0, 0, 0
L 71.7717, 144.8549, -1.7666, 69.302, 138.4535, -1.6325, 0, 0, 0
L 69.302, 138.4535, -1.6452, 62.4797, 141.854, -1.9383, 0, 0, 0
L 62.4797, 141.854, -2.1781, 65.344, 147.711, -2.3161, 0, 0, 0
L 66.8366, 146.7736, -2.185, 78.7746, 177.7218, -2.8001, 0, 0, 0
L 83.718, 175.8185, -2.8001, 76.9103, 178.4396, -2.8001, 0, 0, 0
L 77.3849, 179.7248, -2.8001, 46.6216, 191.6108, -2.7667, 0, 0, 0
L 48.5914, 196.7355, -2.7667, 46.1231, 190.3138, -2.7288, 0, 0, 0
L 46.1231, 190.3138, -2.6821, 39.3046, 192.9576, -2.7004, 0, 0, 0
L 44.6537, 190.8836, -2.7004, 32.7272, 159.9637, -1.1319, 0, 0, 0
L 27.6276, 162.2287, -1.1319, 34.32, 159.2563, -1.183, 0, 0, 0
L 34.32, 159.2563, -1.2335, 31.8658, 152.8952, -1.1147, 0, 0, 0
L 31.8658, 152.8952, -0.9209, 25.425, 155.5262, -0.5294, 0, 0, 0
L 27.6276, 162.2287, -0.6121, 25.425, 155.5262, -0.4946, 0, 0, 0
L 28.866, 161.4202, -0.7798, 40.8044, 192.3687, -2.8759, 0, 0, 0
L 39.3046, 192.9576, -3.3113, 41.7736, 199.3639, -4.115, 0, 0, 0
L 41.7736, 199.3639, -4.1596, 48.5914, 196.7355, -3.8466, 0, 0, 0
L -6.6887, 72.1229, 8.1611, -0.8491, 62.411, 5.497, 0, 0, 0
L -0.8491, 62.411, 5.1318, -4.993, 60.4596, 5.6272, 0, 0, 0
L -9.942, 70.1798, 10.76, -6.6887, 72.1229, 9.5183, 0, 0, 0
L -4.993, 60.4596, 7.559, -9.942, 70.1798, 9.3719, 0, 0, 0
L -19.4375, 137.4642, 9.214, -33.3271, 139.4969, 11.8379, 0, 0, 0
L -33.3271, 139.4969, 12.1152, -33.1272, 144.1705, 11.7889, 0, 0, 0
L -33.1272, 144.1705, 10.8759, -19.4, 142.2196, 9.606, 0, 0, 0
L -19.4375, 137.4642, 8.3178, -19.4, 142.2196, 8.1419, 0, 0, 0
L 31.491, 666.3934, 20.8807, -26.3076, 666.5069, 23.8365, 0, 0, 0
L -26.3076, 666.5069, 24.6466, -26.4248, 724.7404, 17.632, 0, 0, 0
L -26.4248, 724.7404, 19.6336, 31.4344, 724.7803, 19.9907, 0, 0, 0
L 31.4344, 724.7803, 21.1298, 31.491, 666.3934, 20.6599, 0, 0, 0
L -8.7886, 706.6047, 228.1547, 13.5175, 706.619, 228.1517, 0, 0, 0
L 13.5175, 706.619, 228.1517, 13.3434, 684.3002, 228.151, 0, 0, 0
L 13.5093, 705.5824, 228.1503, 97.4445, 705.5481, 206.6736, 0, 0, 0
L 97.4445, 705.5481, 206.6736, 97.45, 685.999, 202.4305, 0, 0, 0
L -8.8234, 684.616, 228.1363, -8.7886, 706.6047, 228.1326, 0, 0, 0
L -8.8894, 684.2351, 228.1298, 13.3434, 684.3002, 228.1342, 0, 0, 0
L 13.2064, 685.778, 228.1339, 97.45, 685.999, 206.705, 0, 0, 0
L 73.9218, 685.937, 241.9, 73.9218, 705.5576, 241.893, 0, 0, 0
L 50.662, 705.5674, 241.441, 50.437, 685.874, 241.807, 0, 0, 0
L 309.5414, 594.9138, 98.2543, 309.5407, 676.2073, 97.764, 0, 0, 0
L 309.5407, 676.2073, 98.2997, 390.8294, 676.2095, 101.9171, 0, 0, 0
L 390.8374, 645.6757, 104.9284, 370.8315, 645.674, 105.2935, 0, 0, 0
L 380.8317, 645.6748, 105.2935, 380.8367, 666.2083, 105.2935, 0, 0, 0
L 380.8367, 666.2083, 105.2935, 319.5416, 666.2195, 105.2935, 0, 0, 0
L 319.5416, 666.2195, 105.2935, 319.541, 604.9181, 105.2935, 0, 0, 0
L 319.541, 604.9181, 105.2935, 380.8322, 604.9154, 105.2935, 0, 0, 0
L 380.8322, 604.9154, 105.2935, 380.8317, 625.434, 105.2935, 0, 0, 0
L 370.8319, 625.439, 105.2935, 390.8306, 625.428, 105.2935, 0, 0, 0
L 390.8294, 676.2095, 103.6366, 390.8315, 594.9163, 101.8928, 0, 0, 0
L 390.8315, 594.9163, 101.5193, 309.5414, 594.9138, 98.1, 0, 0, 0
L 370.8312, 614.9135, 115.3873, 370.8315, 656.2066, 115.3873, 0, 0, 0
L 370.8315, 656.2066, 115.3873, 329.5527, 656.2105, 115.3873, 0, 0, 0
L 329.5527, 656.2105, 115.3873, 329.54, 614.9183, 115.3873, 0, 0, 0
L 329.54, 614.9183, 115.3873, 370.8312, 614.9135, 115.3873, 0, 0, 0
L 351.2065, 637.8225, 125.3562, 351.2083, 649.1435, 125.3562, 0, 0, 0
L 351.2083, 649.1435, 125.3562, 338.6992, 649.1467, 125.3562, 0, 0, 0
L 338.6992, 649.1467, 125.3562, 338.6945, 621.231, 125.3562, 0, 0, 0
L 338.6945, 621.231, 125.3562, 351.2056, 621.2285, 125.3562, 0, 0, 0
L 351.2056, 621.2285, 125.3562, 351.2105, 633.2378, 125.3562, 0, 0, 0
L 351.2065, 637.8225, 125.3562, 349.1659, 637.8262, 125.3562, 0, 0, 0
L 351.2105, 633.2378, 125.3562, 349.1729, 633.239, 125.3562, 0, 0, 0
L 349.1729, 633.239, 125.3562, 349.1428, 623.488, 125.3562, 0, 0, 0
L 349.1428, 623.488, 125.3562, 340.8315, 623.4877, 125.3562, 0, 0, 0
L 340.8315, 623.4877, 125.3562, 340.8315, 647.1051, 125.3562, 0, 0, 0
L 340.8315, 647.1051, 125.3562, 349.1687, 647.1055, 125.3562, 0, 0, 0
L 349.1687, 647.1055, 125.3562, 349.1659, 637.8262, 125.3562, 0, 0, 0
L 1150.3235, 692.2409, 104.13, 1150.3208, 590.9492, 104.5571, 0, 0, 0
L 1150.3208, 590.9492, 105.2475, 1190.4182, 590.9494, 104.7532, 0, 0, 0
L 1190.423, 610.9496, 104.7532, 1190.4166, 585.122, 103.8037, 0, 0, 0
L 1211.496, 584.8535, 103.9539, 1211.531, 610.9034, 104.6855, 0, 0, 0
L 1211.504, 590.9496, 104.6855, 1251.6128, 590.9474, 104.8426, 0, 0, 0
L 1251.6128, 590.9474, 104.6066, 1251.6151, 692.238, 104.8881, 0, 0, 0
L 1251.6151, 692.238, 105.1223, 1150.3235, 692.2409, 104.5319, 0, 0, 0
L 1211.501, 600.9497, 111.8248, 1241.6147, 600.947, 111.8248, 0, 0, 0
L 1241.6147, 600.947, 111.8248, 1241.6158, 682.2406, 111.8248, 0, 0, 0
L 1241.6158, 682.2406, 111.8248, 1160.3143, 682.241, 111.8248, 0, 0, 0
L 1160.3143, 682.241, 111.8248, 1160.3236, 600.9492, 111.8248, 0, 0, 0
L 1160.3236, 600.9492, 111.8248, 1190.4182, 600.9497, 111.8248, 0, 0, 0
L 1211.531, 610.9034, 122.437, 1231.6119, 610.9528, 122.437, 0, 0, 0
L 1231.6119, 610.9528, 122.437, 1231.6143, 671.628, 122.437, 0, 0, 0
L 1230.702, 672.2374, 122.437, 1170.323, 672.2423, 122.437, 0, 0, 0
L 1170.32, 610.9487, 122.437, 1170.323, 672.2423, 122.437, 0, 0, 0
L 1170.32, 610.9487, 122.437, 1190.423, 610.9496, 122.437, 0, 0, 0
L 1203.1954, 640.5742, 142.106, 1214.5193, 640.5729, 142.106, 0, 0, 0
L 1214.5193, 640.5729, 142.106, 1214.5193, 653.842, 142.106, 0, 0, 0
L 1186.6047, 653.813, 142.106, 1214.5193, 653.842, 142.106, 0, 0, 0
L 1186.6047, 653.813, 142.106, 1186.5996, 640.5742, 142.106, 0, 0, 0
L 1186.5996, 640.5742, 142.106, 1198.6134, 640.5684, 142.106, 0, 0, 0
L 1198.6106, 642.6145, 142.106, 1198.6134, 640.5684, 142.106, 0, 0, 0
L 1203.1954, 640.5742, 142.106, 1203.2014, 642.6131, 142.106, 0, 0, 0
L 1203.2014, 642.6131, 142.106, 1212.4807, 642.6126, 142.106, 0, 0, 0
L 1212.4807, 642.6126, 142.106, 1212.4808, 650.9496, 142.106, 0, 0, 0
L 1212.4808, 650.9496, 142.106, 1188.8624, 650.9493, 142.106, 0, 0, 0
L 1188.8624, 650.9493, 142.106, 1188.8632, 642.6126, 142.106, 0, 0, 0
L 1188.8632, 642.6126, 142.106, 1198.6106, 642.6145, 142.106, 0, 0, 0
L 1050.7128, 367.9169, -2.8001, 1141.6674, 375.7515, -2.8001, 0, 0, 0
L 1141.6674, 375.7515, -2.8001, 1147.7888, 304.7235, -2.8001, 0, 0, 0
L 1147.7888, 304.7235, -2.8001, 1056.8315, 296.8874, -2.8001, 0, 0, 0
L 1056.8315, 296.8874, -2.8001, 1053.858, 340.3227, -2.8001, 0, 0, 0
L 1053.858, 340.3227, -2.8001, 1056.3694, 340.6077, -2.8001, 0, 0, 0
L 1056.3694, 340.6077, -2.8001, 1059.8258, 300.4497, -2.8001, 0, 0, 0
L 1059.8258, 300.4497, -2.8001, 1144.2255, 307.7176, -2.8001, 0, 0, 0
L 1144.2255, 307.7176, -2.8001, 1138.6738, 372.1908, -2.8001, 0, 0, 0
L 1138.6738, 372.1908, -2.8001, 1054.2738, 364.923, -2.8001, 0, 0, 0
L 1054.2738, 364.923, -2.8001, 1054.708, 359.8718, -2.8001, 0, 0, 0
L 1051.4313, 359.5869, -2.8001, 1050.7128, 367.9169, -2.8001, 0, 0, 0
L 1054.708, 359.8718, -2.8001, 1051.4313, 359.5869, -2.8001, 0, 0, 0
L 1072.424, 281.536, -2.8001, 1080.3579, 282.252, -2.8001, 0, 0, 0
L 1080.3579, 282.252, -2.8001, 1081.74, 273.9597, -2.8001, 0, 0, 0
L 1081.74, 273.9597, -2.8001, 1072.7663, 273.2411, -2.8001, 0, 0, 0
L 1072.7663, 273.2411, -2.8001, 1072.424, 281.536, -2.8001, 0, 0, 0
L 675.2605, 319.7447, -2.8001, 631.6684, 280.1376, -1.657, 0, 0, 0
L 631.6684, 280.1376, -0.2846, 615.4642, 300.9549, 3.4306, 0, 0, 0
L 615.4642, 300.9549, 3.17, 658.18, 338.7803, -2.4626, 0, 0, 0
L 658.18, 338.7803, -2.8001, 675.2605, 319.7447, -2.8001, 0, 0, 0
L 441.2536, 233.773, 7.7858, 424.993, 225.1837, 4.705, 0, 0, 0
L 424.993, 225.1837, 4.1364, 426.5912, 219.6709, 3.681, 0, 0, 0
L 426.5912, 219.6709, 3.6616, 444.1358, 227.5945, 5.4119, 0, 0, 0
L 444.1358, 227.5945, 6.1379, 441.2536, 233.773, 7.7839, 0, 0, 0
L 408.6587, 275.5407, 12.4293, 402.1551, 274.792, 11.7634, 0, 0, 0
L 402.1551, 274.792, 11.837, 400.5855, 281.403, 12.2638, 0, 0, 0
L 400.5855, 281.403, 12.8607, 407.871, 282.5045, 13.7226, 0, 0, 0
L 407.871, 282.5045, 13.6997, 408.6587, 275.5407, 13.2291, 0, 0, 0
L 337.1229, 229.5962, 15.1425, 322.4368, 263.6664, 22.2332, 0, 0, 0
L 322.4368, 263.6664, 23.686, 317.445, 260.4338, 23.3774, 0, 0, 0
L 331.336, 227.1193, 14.6814, 317.445, 260.4338, 16.9944, 0, 0, 0
L 331.336, 227.1193, 14.478, 337.1229, 229.5962, 14.1049, 0, 0, 0
L 328.9293, 248.6046, 20.6837, 323.177, 246.1383, 20.7869, 127, 127, 127
L 319.3106, 255.1511, 26.8237, 324.8349, 258.103, 26.7653, 0, 0, 0
L 333.847, 238.9644, 31.21, 327.1632, 236.8461, 31.3013, 0, 0, 0
L 319.4714, 270.3765, 24.8669, 315.505, 280.8466, 26.568, 0, 0, 0
L 315.505, 280.8466, 26.9729, 309.4759, 277.8666, 27.2194, 0, 0, 0
L 309.4759, 277.8666, 26.9379, 313.4397, 268.5914, 26.673, 0, 0, 0
L 313.4397, 268.5914, 25.1601, 319.4714, 270.3765, 24.6826, 0, 0, 0
L 316.8498, 276.5855, 31.3015, 311.2017, 273.8283, 31.211, 0, 0, 0
L 252.4746, 201.4741, 4.3699, 253.8548, 194.9555, 3.3431, 0, 0, 0
L 253.8548, 194.9555, 2.8784, 246.8753, 193.473, 2.1194, 0, 0, 0
L 246.8753, 193.473, 2.1785, 245.4944, 199.9927, 3.3452, 0, 0, 0
L 245.4944, 199.9927, 3.9839, 252.4746, 201.4741, 4.5488, 0, 0, 0
L 477.6132, 127.7941, -34.3258, 477.7839, 134.6619, -34.1647, 0, 0, 0
L 477.7839, 134.6619, -34.3718, 485.946, 134.4833, -35.298, 0, 0, 0
L 485.946, 134.4833, -35.4519, 484.9259, 127.6082, -35.5985, 0, 0, 0
L 484.9259, 127.6082, -35.4588, 477.6132, 127.7941, -35.3132, 0, 0, 0
L 482.9085, 127.6595, -35.3132, 482.944, 94.4986, -37.1858, 0, 0, 0
L 476.8011, 94.6264, -37.1858, 484.1114, 94.4501, -37.3674, 0, 0, 0
L 484.1114, 94.4501, -37.621, 483.9427, 87.5738, -37.6576, 0, 0, 0
L 484.774, 93.627, -37.6576, 517.428, 92.2539, -37.883, 0, 0, 0
L 516.8758, 86.7181, -37.883, 517.846, 93.6415, -37.8502, 0, 0, 0
L 517.846, 93.6415, -37.6047, 524.39, 93.4539, -37.5101, 0, 0, 0
L 518.6544, 93.6012, -37.5101, 519.4652, 126.7614, -35.545, 0, 0, 0
L 525.393, 126.6234, -35.545, 517.7281, 126.8045, -35.7408, 0, 0, 0
L 517.7281, 126.8045, -35.8016, 517.8943, 133.6759, -35.496, 0, 0, 0
L 517.8943, 133.6759, -35.1837, 525.2064, 133.5014, -34.5944, 0, 0, 0
L 525.2064, 133.5014, -34.1972, 525.393, 126.6234, -34.5001, 0, 0, 0
L 523.5932, 126.6607, -34.8273, 522.7793, 93.4998, -36.7214, 0, 0, 0
L 524.2252, 86.7413, -35.3791, 516.8758, 86.7181, -36.4335, 0, 0, 0
L 524.39, 93.4539, -36.4284, 524.2252, 86.7413, -35.7757, 0, 0, 0
L 516.9456, 88.1287, -37.651, 483.9762, 88.938, -37.206, 0, 0, 0
L 478.7833, 127.7608, -34.5844, 477.9694, 94.6002, -36.3853, 0, 0, 0
L 476.8011, 94.6264, -36.2366, 476.6324, 87.7545, -35.9279, 0, 0, 0
L 476.6324, 87.7545, -35.8464, 483.9427, 87.5738, -36.8676, 0, 0, 0
L 787.7992, -203.622, -6.7069, 710.21, -268.7388, -14.623, 0, 0, 0
L 710.21, -268.7388, -12.6029, 775.3271, -346.343, -2.8001, 0, 0, 0
L 775.3271, -346.343, -2.8001, 811.2859, -316.1544, -2.8001, 0, 0, 0
L 799.1335, -298.5701, -3.3449, 777.9542, -316.3424, -3.5085, 0, 0, 0
L 777.9542, -316.3424, -3.5085, 740.2418, -271.3876, -11.4427, 0, 0, 0
L 740.2418, -271.3876, -11.4427, 785.1731, -233.6502, -7.2451, 0, 0, 0
L 785.1731, -233.6502, -7.2451, 815.3146, -269.5586, -4.2545, 0, 0, 0
L 815.3146, -269.5586, -3.9642, 831.5182, -255.7059, -3.552, 0, 0, 0
L 831.5203, -255.7042, -3.3086, 787.7992, -203.622, -6.548, 0, 0, 0
L 692.1317, -391.5602, -1.436, 689.1699, -386.2613, -0.7645, 0, 0, 0
L 689.1699, -386.2613, -0.8848, 697.3083, -377.7982, -2.115, 0, 0, 0
L 697.3083, -377.7982, -2.115, 707.1532, -347.3578, -3.5196, 0, 0, 0
L 707.1532, -347.3578, -3.5196, 708.4957, -346.2613, -3.5628, 0, 0, 0
L 708.4957, -346.2613, -3.5628, 711.8544, -333.9655, -4.4421, 0, 0, 0
L 711.8544, -333.9655, -4.439, 727.4221, -335.562, -3.8894, 0, 0, 0
L 727.4221, -335.562, -3.7589, 728.4556, -348.8383, -3.2427, 0, 0, 0
L 728.4556, -348.8383, -3.2427, 729.2337, -349.7031, -3.2012, 0, 0, 0
L 729.2337, -349.7031, -3.2012, 730.3216, -373.3992, -2.8001, 0, 0, 0
L 730.3216, -373.3992, -2.8001, 732.3859, -381.7934, -2.2829, 0, 0, 0
L 732.3859, -381.7934, -2.2829, 737.7245, -391.7207, -0.7563, 0, 0, 0
L 737.7245, -391.7207, -0.7563, 734.7414, -395.2226, -0.6972, 0, 0, 0
L 734.7414, -395.2226, -1.145, 731.1023, -392.9605, -1.2999, 0, 0, 0
L 708.1674, -388.2026, -2.8001, 720.4153, -389.3381, -2.7262, 127, 127, 127
L 720.4153, -389.3381, -2.7262, 731.1023, -392.9605, -1.3187, 127, 127, 127
L 692.1317, -391.5602, -1.3978, 699.907, -389.5226, -2.4489, 0, 0, 0
L 699.907, -389.5226, -2.4489, 708.1674, -388.2026, -2.8001, 127, 127, 127
L 811.5869, -265.1179, 53.7259, 838.3174, -296.9565, 68.707, 127, 127, 127
L 838.3174, -296.9565, 68.707, 865.9672, -329.9203, 84.8494, 0, 0, 0
L 865.9672, -329.9203, 84.8494, 895.2409, -364.7909, 92.9726, 0, 0, 0
L 895.2409, -364.7909, 92.9726, 916.1852, -404.8027, 87.6214, 127, 127, 127
L 916.1852, -404.8027, 87.6214, 926.9528, -453.4173, 98.5605, 127, 127, 127
L 926.9528, -453.4173, 98.5605, 972.7214, -470.848, 98.5683, 127, 127, 127
L 972.7214, -470.848, 98.5683, 1008.1704, -498.4189, 98.5681, 127, 127, 127
L 1008.1704, -498.4189, 98.5681, 1036.584, -533.2104, 85.4709, 127, 127, 127
L 1036.584, -533.2104, 85.4709, 1064.295, -565.9353, 69.4711, 127, 127, 127
L 1064.295, -565.9353, 69.4711, 1086.8081, -593.1105, 1.6799, 127, 127, 127
L 1086.8082, -593.1105, 1.6799, 1132.2617, -647.3436, 3.6545, 0, 0, 0
L 1132.2617, -647.3436, 2.9666, 1209.8483, -582.2355, -2.3304, 0, 0, 0
L 1209.8483, -582.2355, -2.3035, 1144.7665, -504.6232, -4.9425, 0, 0, 0
L 1144.7665, -504.6232, -4.9606, 1089.7, -551.4026, -5.8323, 0, 0, 0
L 1101.9123, -568.3751, -5.3653, 1142.1389, -534.6263, -5.5551, 0, 0, 0
L 1142.1389, -534.6263, -5.5551, 1179.8731, -579.6082, -2.4935, 0, 0, 0
L 1179.8731, -579.6082, -2.4935, 1134.8884, -617.3383, 0.3005, 0, 0, 0
L 1134.8884, -617.3383, 0.3005, 1104.5111, -581.534, -1.7264, 0, 0, 0
L 1104.7233, -580.9089, -0.4835, 1086.8081, -593.1105, 0.5772, 0, 0, 0
L 910.7967, -351.7998, 98.5555, 945.9533, -379.271, 98.5781, 127, 127, 127
L 945.9533, -379.271, 98.5781, 993.911, -397.4567, 98.5524, 127, 127, 127
L 993.911, -397.4567, 98.5524, 1002.6629, -445.2434, 98.566, 127, 127, 127
L 1002.6629, -445.2434, 98.566, 1024.416, -486.5031, 98.5722, 127, 127, 127
L 1024.416, -486.5031, 98.5722, 1051.8651, -519.7929, 90.9774, 127, 127, 127
L 1051.8651, -519.7929, 90.9774, 1082.5344, -554.8818, 64.5024, 127, 127, 127
L 1082.5344, -554.8818, 64.5024, 1104.7233, -580.9089, 56.3605, 127, 127, 127
L 970.1168, -433.5138, 97.8963, 955.4818, -436.1182, 97.437, 0, 0, 0
L 955.4818, -436.1182, 98.3113, 945.8848, -424.7676, 97.1025, 0, 0, 0
L 945.8848, -424.7676, 97.8229, 950.9521, -410.8025, 97.135, 0, 0, 0
L 950.9521, -410.8025, 98.5718, 965.5928, -408.1379, 97.699, 0, 0, 0
L 965.5928, -408.1379, 98.5651, 975.1531, -419.5387, 97.1213, 0, 0, 0
L 975.1531, -419.5387, 98.5662, 970.1168, -433.5138, 97.715, 0, 0, 0
L 912.5339, -353.2733, 98.5811, 882.8374, -316.8602, 80.7673, 0, 0, 0
L 882.8374, -316.8602, 80.7673, 856.8574, -285.9144, 65.4119, 0, 0, 0
L 856.8574, -285.9144, 65.4119, 831.5182, -255.7059, 57.6317, 0, 0, 0
L 973.9221, -409.3774, 13.8787, 976.8953, -401.1791, 12.2383, 0, 0, 0
L 976.8953, -401.1791, 13.3999, 985.5018, -399.6428, 12.6654, 0, 0, 0
L 985.5018, -399.6428, 14.3101, 991.1738, -406.3797, 13.4575, 0, 0, 0
L 991.1738, -406.3797, 15.1677, 987.9174, -414.6073, 13.915, 0, 0, 0
L 987.9174, -414.6073, 14.839, 979.5254, -416.745, 12.5439, 0, 0, 0
L 979.5254, -416.745, 13.7596, 973.9221, -409.3774, 12.3193, 0, 0, 0
L 933.4275, -437.6471, 8.6156, 942.342, -436.1428, 8.864, 0, 0, 0
L 942.342, -436.1428, 9.143, 947.6376, -442.838, 8.224, 0, 0, 0
L 947.6376, -442.838, 9.2119, 944.6675, -451.366, 7.5109, 0, 0, 0
L 944.6675, -451.366, 8.6806, 936.58, -452.5754, 6.9706, 0, 0, 0
L 936.58, -452.5754, 8.2095, 930.4222, -445.879, 6.9363, 0, 0, 0
L 930.4222, -445.879, 8.2795, 933.4275, -437.6471, 7.5195, 0, 0, 0
L 829.4614, -513.7961, 28.8916, 804.8288, -465.5645, 26.6175, 0, 0, 0
L 804.8288, -465.5645, 26.4711, 758.48, -488.6761, 23.9131, 0, 0, 0
L 758.48, -488.6761, 24.1776, 781.788, -538.1366, 26.4465, 0, 0, 0
L 781.788, -538.1366, 26.6932, 829.4614, -513.7961, 28.4161, 0, 0, 0
L 791.6236, -472.883, 209.7428, 781.706, -452.455, 205.2368, 0, 0, 0
L 781.7047, -452.461, 205.2368, 764.783, -417.7405, 210.3442, 0, 0, 0
L 764.783, -417.7405, 210.3442, 754.5144, -397.412, 205.53, 0, 0, 0
L 754.5067, -397.452, 205.53, 746.211, -381.4429, 154.44, 0, 0, 0
L 746.211, -381.4429, 154.44, 729.1829, -391.5754, 172.4983, 0, 0, 0
L 729.1829, -391.5754, 172.4983, 736.2822, -406.3054, 206.7064, 0, 0, 0
L 736.2826, -406.3054, 206.7064, 746.718, -426.5883, 211.8665, 0, 0, 0
L 746.666, -426.591, 211.8665, 762.6257, -461.2696, 206.7163, 0, 0, 0
L 762.6002, -461.2819, 206.7163, 771.6421, -481.9601, 209.9901, 0, 0, 0
L 762.6257, -461.2696, 206.6431, 781.706, -452.455, 206.7444, 0, 0, 0
L 746.666, -426.591, 211.8635, 764.4216, -417.119, 211.8597, 0, 0, 0
L 754.5144, -397.412, 207.6825, 736.2822, -406.3054, 207.517, 0, 0, 0
L 405.6143, -250.8312, 87.29, 405.6159, -169.4334, 89.3168, 0, 0, 0
L 405.6143, -250.8312, 87.6743, 324.439, -250.8654, 90.644, 0, 0, 0
L 395.6127, -240.8338, 94.6521, 334.3217, -240.8368, 98.2058, 0, 0, 0
L 395.6127, -240.8338, 94.8019, 395.6234, -179.5408, 98.5153, 0, 0, 0
L 385.6204, -189.5423, 102.9185, 385.6148, -230.8326, 102.9185, 0, 0, 0
L 385.6148, -230.8326, 102.9185, 344.3231, -230.8343, 102.9185, 0, 0, 0
L 344.3231, -230.8343, 102.9185, 344.3211, -189.5422, 102.9185, 0, 0, 0
L 344.3211, -189.5422, 102.9185, 354.8559, -189.5432, 102.9185, 0, 0, 0
L 354.8559, -189.5432, 102.9185, 354.8831, -169.5429, 94.4985, 0, 0, 0
L 354.8566, -179.5441, 96.5431, 334.3242, -179.5403, 94.568, 0, 0, 0
L 334.3242, -179.5403, 94.56, 334.3217, -240.8368, 97.9769, 0, 0, 0
L 324.3077, -169.5432, 85.9442, 324.439, -250.8654, 89.4451, 0, 0, 0
L 324.3077, -169.5432, 84.9967, 354.8831, -169.5365, 88.4668, 0, 0, 0
L 375.4882, -169.5431, 94.35, 375.4879, -189.5432, 102.9187, 0, 0, 0
L 375.4879, -189.5432, 102.9187, 385.6204, -189.5423, 102.9187, 0, 0, 0
L 375.4877, -179.5431, 96.133, 395.6234, -179.5408, 95.8628, 0, 0, 0
L 404.8261, -169.5433, 91.4891, 375.4882, -169.5431, 91.644, 0, 0, 0
L 361.2692, -208.132, 112.8873, 361.2697, -211.262, 112.8873, 0, 0, 0
L 361.2697, -211.262, 112.8873, 360.4037, -211.183, 112.8873, 0, 0, 0
L 360.4037, -211.183, 112.8873, 355.7848, -218.9235, 112.8873, 0, 0, 0
L 355.7848, -218.9235, 112.8873, 360.3663, -226.8243, 112.8873, 0, 0, 0
L 360.3663, -226.8243, 112.8873, 369.488, -226.7967, 112.8873, 0, 0, 0
L 369.488, -226.7967, 112.8873, 374.262, -218.8889, 112.8873, 0, 0, 0
L 374.262, -218.8889, 112.8873, 369.4272, -211.185, 112.8873, 0, 0, 0
L 369.4272, -211.185, 112.8873, 368.5425, -211.31, 112.8873, 0, 0, 0
L 368.5425, -211.31, 112.8873, 368.5425, -208.114, 112.8873, 0, 0, 0
L 368.5425, -208.114, 112.8873, 371.2151, -208.112, 112.8873, 0, 0, 0
L 361.2692, -208.132, 112.8873, 358.6286, -208.104, 112.8873, 0, 0, 0
L 358.6286, -208.104, 112.8873, 352.3172, -218.9056, 112.8873, 0, 0, 0
L 352.3172, -218.9056, 112.8873, 358.6277, -229.8324, 112.8873, 0, 0, 0
L 371.2146, -229.8334, 112.8873, 377.526, -218.9072, 112.8873, 0, 0, 0
L 377.526, -218.9072, 112.8873, 371.2151, -208.112, 112.8873, 0, 0, 0
L 358.6277, -229.8324, 112.8873, 371.2146, -229.8334, 112.8873, 0, 0, 0
L 49.891, -216.64, -16.752, 12.3444, -167.2743, -16.9401, 0, 0, 0
L 12.3444, -167.2743, -17.482, 7.2911, -171.207, -17.366, 0, 0, 0
L 7.2911, -171.207, -17.4923, 44.371, -220.385, -15.7647, 0, 0, 0
L 44.371, -220.385, -15.3338, 49.891, -216.64, -15.5608, 0, 0, 0
L -68.2184, -231.517, -5.423, -51.7847, -245.563, -4.2881, 0, 0, 0
L -51.7847, -245.563, -3.5076, -65.2638, -261.794, 0.2311, 0, 0, 0
L -65.2638, -261.794, 0.7151, -81.2001, -246.9512, 3.1272, 0, 0, 0
L -81.2001, -246.9512, -1.2725, -68.2184, -231.517, -4.3163, 0, 0, 0
L -77.751, -302.6347, 8.9865, -79.212, -315.2162, 9.6776, 0, 0, 0
L -79.212, -315.2162, 9.4453, -67.819, -320.564, 9.3, 0, 0, 0
L -67.819, -320.564, 9.3394, -59.3397, -311.3392, 10.846, 0, 0, 0
L -59.3397, -311.3392, 10.365, -65.2864, -300.1911, 8.6951, 0, 0, 0
L -65.2864, -300.1911, 8.5744, -77.751, -302.6347, 8.7774, 0, 0, 0
L -89.5932, -337.6019, 7.4428, -87.1084, -327.6659, 7.9389, 0, 0, 0
L -87.1084, -327.6659, 8.1753, -84.6505, -328.3014, 8.1781, 0, 0, 0
L -84.6505, -328.3014, 7.8844, -87.1059, -338.1299, 7.4111, 0, 0, 0
L -87.1059, -338.1299, 7.2484, -89.5932, -337.6019, 7.2404, 0, 0, 0
L -141.3411, -271.776, -1.778, -160.588, -270.7375, -3.2774, 0, 0, 0
L -160.588, -270.7375, -3.7959, -160.4723, -266.5328, -4.823, 0, 0, 0
L -141.649, -266.8935, -1.8209, -141.3411, -271.776, -1.6773, 0, 0, 0
L -141.649, -266.8935, -2.4826, -160.4723, -266.5328, -3.8376, 0, 0, 0
L -89.6799, -391.5197, -4.1368, -74.627, -396.4021, -2.7094, 0, 0, 0
L -74.627, -396.4021, -2.6233, -75.5274, -401.4524, -3.1547, 0, 0, 0
L -75.5274, -401.4524, -4.637, -91.1102, -396.4581, -5.7209, 0, 0, 0
L -91.1102, -396.4581, -5.2107, -89.6799, -391.5197, -4.6989, 0, 0, 0
L -10.8224, -372.8231, 8.5725, -28.1359, -363.8487, 9.3216, 0, 0, 0
L -28.1359, -363.8487, 9.5549, -26.7415, -360.3056, 9.9423, 0, 0, 0
L -26.7415, -360.3056, 9.8597, -9.2811, -369.3471, 9.328, 0, 0, 0
L -9.2811, -369.3471, 8.8002, -10.8224, -372.8231, 8.3422, 0, 0, 0
L -55.5955, -456.5769, -6.2948, -69.7188, -452.7955, -5.2039, 0, 0, 0
L -69.7188, -452.7955, -5.1227, -80.2232, -468.8876, -5.2969, 0, 0, 0
L -80.2232, -468.8876, -5.187, -71.2755, -480.394, -5.1196, 0, 0, 0
L -71.2755, -480.394, -5.2882, -56.6146, -471.8648, -6.565, 0, 0, 0
L -56.6146, -471.8648, -6.7278, -55.5955, -456.5769, -6.5163, 0, 0, 0
L 173.2507, -570.2513, -3.75, 179.9954, -582.9147, -3.1873, 0, 0, 0
L 181.6759, -582.2786, -2.3037, 175.4156, -570.4492, -2.2907, 0, 0, 0
L 183.4106, -581.6222, -0.9883, 177.536, -570.5222, -0.9883, 0, 0, 0
L 184.4133, -580.28, 0.4453, 179.4232, -570.5949, 0.4453, 0, 0, 0
L 189.8701, -578.961, 1.8085, 182.1014, -570.7368, 1.8085, 0, 0, 0
L 182.1014, -570.7368, 1.8085, 190.3069, -563.72, 1.8085, 0, 0, 0
L 198.646, -571.2188, 1.8085, 190.3069, -563.72, 1.8085, 0, 0, 0
L 198.646, -571.2188, 1.8085, 189.8701, -578.961, 1.8085, 0, 0, 0
L 197.8894, -558.5507, -2.3086, 204.7571, -571.5267, -2.3086, 0, 0, 0
L 197.8894, -558.5507, -2.3067, 183.1873, -558.218, -2.3086, 0, 0, 0
L 179.4232, -570.5949, 0.4453, 185.928, -561.5579, 0.4453, 0, 0, 0
L 185.928, -561.5579, 0.4453, 195.7553, -561.9519, 0.4453, 0, 0, 0
L 196.7624, -560.352, -0.9883, 202.6324, -571.4519, -0.9883, 0, 0, 0
L 196.3691, -578.3664, 0.4453, 200.7472, -571.3772, 0.4453, 0, 0, 0
L 200.7472, -571.3772, 0.4453, 195.7553, -561.9519, 0.4453, 0, 0, 0
L 196.7624, -560.352, -0.9883, 184.216, -559.884, -0.9883, 0, 0, 0
L 184.216, -559.884, -0.9883, 177.536, -570.5222, -0.9883, 0, 0, 0
L 175.4156, -570.4492, -2.3086, 183.1873, -558.218, -2.3086, 0, 0, 0
L 182.1733, -556.421, -3.75, 173.2507, -570.2513, -3.75, 0, 0, 0
L 204.7571, -571.5267, -2.3085, 200.3112, -578.6132, -2.3086, 0, 0, 0
L 202.6324, -571.4519, -0.9883, 198.3477, -578.2804, -0.9883, 0, 0, 0
L 187.7997, -580.1511, 0.4475, 184.4133, -580.28, 0.4453, 0, 0, 0
L 153.5062, -610.7459, -2.8001, 156.8762, -603.3366, -2.8001, 0, 0, 0
L 156.8762, -603.3366, -2.8001, 162.1896, -595.8151, -2.8847, 0, 0, 0
L 162.1896, -595.8151, -2.8847, 168.8603, -589.4329, -2.8609, 0, 0, 0
L 168.8603, -589.4329, -2.8609, 176.7634, -584.1376, -2.8001, 0, 0, 0
L 176.7634, -584.1376, -2.8001, 185.231, -580.9334, 0.4453, 0, 0, 0
L 185.231, -580.9334, 0.4453, 193.7478, -579.756, 1.8085, 0, 0, 0
L 193.7478, -579.756, 1.8085, 201.7618, -578.5111, -2.3086, 0, 0, 0
L 201.7618, -578.5111, -2.3086, 209.6798, -579.2251, -1.8937, 0, 0, 0
L 209.6798, -579.2251, -1.8937, 211.3374, -603.629, -1.3717, 0, 0, 0
L 211.3374, -603.629, -2.1568, 202.8129, -597.2868, -2.6099, 0, 0, 0
L 202.8129, -597.2868, -2.6099, 194.34, -592.3414, -2.9708, 0, 0, 0
L 194.34, -592.3414, -2.9708, 186.3583, -590.2423, -2.801, 0, 0, 0
L 186.3583, -590.2423, -2.801, 179.8498, -593.5168, -2.8001, 0, 0, 0
L 179.8498, -593.5168, -2.8001, 175.7547, -596.3295, -2.8005, 0, 0, 0
L 175.7547, -596.3295, -2.8005, 173.4446, -603.8232, -2.8001, 0, 0, 0
L 172.6922, -618.1529, -2.7995, 173.4446, -603.8232, -2.7991, 0, 0, 0
L 172.6922, -618.1529, -2.8001, 168.9362, -618.1719, -2.8001, 0, 0, 0
L 168.9362, -618.1719, -2.8001, 163.2958, -616.8273, -2.8001, 0, 0, 0
L 163.2958, -616.8273, -2.8001, 157.5039, -614.4285, -2.8001, 0, 0, 0
L 157.5039, -614.4285, -2.8001, 153.5062, -610.7459, -2.8001, 0, 0, 0
L 182.1733, -556.421, -3.75, 198.8086, -556.6511, -3.5367, 0, 0, 0
L 198.8086, -556.6511, -2.9442, 206.4182, -571.5285, -2.7995, 0, 0, 0
L 202.6468, -578.5909, -2.4881, 206.4182, -571.5285, -2.4007, 0, 0, 0
L 121.4531, -367.4071, 12.4179, 114.7793, -368.3765, 12.6466, 0, 0, 0
L 114.7793, -368.3765, 12.8432, 117.2737, -362.115, 13.4295, 0, 0, 0
L 117.2737, -362.115, 13.1144, 121.4531, -367.4071, 12.5625, 0, 0, 0
L 153.4994, -363.8874, 10.7856, 117.908, -371.1469, 10.7777, 0, 0, 0
L 153.4994, -363.8874, 10.8598, 165.1019, -328.9087, 11.4308, 0, 0, 0
L 165.1019, -328.9087, 11.928, 141.722, -301.4909, 10.8115, 0, 0, 0
L 141.722, -301.4909, 10.737, 105.259, -308.6211, 10.7161, 0, 0, 0
L 93.8597, -344.629, 11.6422, 105.259, -308.6211, 11.5274, 0, 0, 0
L 150.6819, -354.6791, 12.4179, 154.8633, -359.9707, 12.4179, 0, 0, 0
L 154.8633, -359.9707, 12.4179, 148.1908, -360.9411, 12.4179, 0, 0, 0
L 148.1908, -360.9411, 12.4179, 150.6819, -354.6791, 12.4179, 0, 0, 0
L 138.757, -310.3401, 12.4179, 156.1225, -330.9544, 12.3788, 0, 0, 0
L 156.1225, -330.9544, 12.4179, 147.3324, -356.8466, 12.4179, 0, 0, 0
L 147.3324, -356.8466, 12.4179, 120.2376, -362.3838, 12.8308, 0, 0, 0
L 120.2376, -362.3838, 13.8157, 101.957, -341.7622, 14.3602, 0, 0, 0
L 101.957, -341.7622, 14.1216, 111.3318, -315.663, 12.4785, 0, 0, 0
L 111.3318, -315.663, 12.4179, 138.757, -310.3401, 12.4179, 0, 0, 0
L 117.908, -371.1469, 12.6463, 93.8597, -344.629, 13.9634, 0, 0, 0
L 110.5512, -315.4495, 12.4179, 103.8795, -316.4202, 12.4179, 0, 0, 0
L 103.8795, -316.4202, 12.4179, 106.3734, -310.1557, 12.4179, 0, 0, 0
L 106.3734, -310.1557, 12.4179, 110.5512, -315.4495, 12.4179, 0, 0, 0
L 139.6491, -303.5529, 12.4179, 137.1471, -309.8111, 12.4179, 0, 0, 0
L 137.1471, -309.8111, 12.4179, 143.8157, -308.8333, 12.4179, 0, 0, 0
L 143.8157, -308.8333, 12.4179, 139.6491, -303.5529, 12.4179, 0, 0, 0
L -232.1838, -273.6179, -6.1927, -246.7104, -287.1252, -4.9005, 0, 0, 0
L -249.3795, -284.4307, -4.4752, -246.7104, -287.1252, -4.4683, 0, 0, 0
L -249.3795, -284.4307, -4.8619, -234.7598, -270.8299, -6.3, 0, 0, 0
L -232.1838, -273.6179, -6.4225, -234.7598, -270.8299, -6.4381, 0, 0, 0
L -259.978, -290.6501, -4.952, -279.5312, -282.86, -4.5037, 0, 0, 0
L -279.5312, -282.86, -4.1879, -282.831, -287.7583, -4.899, 0, 0, 0
L -282.831, -287.7583, -4.1342, -262.5174, -296.4066, -3.8071, 0, 0, 0
L -262.5174, -296.4066, -3.8859, -259.978, -290.6501, -3.9613, 0, 0, 0
L -205.9396, -214.218, -20.311, -214.6485, -227.883, -17.3851, 0, 0, 0
L -214.6485, -227.883, -17.303, -218.7687, -225.566, -17.1807, 0, 0, 0
L -218.7687, -225.566, -17.996, -210.326, -211.2094, -20.286, 0, 0, 0
L -205.9396, -214.218, -21.1748, -210.326, -211.2094, -21.2561, 0, 0, 0
L -170.9873, -187.7429, -22.7372, -170.7399, -166.3591, -24.2711, 0, 0, 0
L -170.7399, -166.3591, -24.6713, -164.4961, -166.3577, -24.3692, 0, 0, 0
L -164.4961, -166.3577, -23.963, -164.725, -187.7384, -22.3103, 0, 0, 0
L -164.725, -187.7384, -22.35, -170.9873, -187.7429, -22.3079, 0, 0, 0
L -284.396, -264.7891, -3.8586, -284.3922, -271.4549, -3.8586, 0, 0, 0
L -284.3922, -271.4549, -3.7608, -291.5287, -271.4538, -3.442, 0, 0, 0
L -291.5287, -271.4538, -3.3412, -291.5339, -264.7939, -3.341, 0, 0, 0
L -291.5339, -264.7939, -3.4178, -284.396, -264.7891, -3.6798, 0, 0, 0
L -281.491, -217.7416, -9.3853, -287.5699, -220.6357, -8.836, 0, 0, 0
L -287.5699, -220.6357, -8.1278, -290.2708, -214.5452, -8.1, 0, 0, 0
L -290.2708, -214.5452, -8.2475, -283.7477, -211.6468, -9.2603, 0, 0, 0
L -281.491, -217.7416, -9.824, -283.7477, -211.6468, -9.7576, 0, 0, 0
L -237.3631, -186.3546, -21.5659, -244.233, -186.5994, -21.1884, 0, 0, 0
L -244.233, -186.5994, -20.9627, -244.289, -179.4687, -21.4429, 0, 0, 0
L -244.289, -179.4687, -21.6753, -237.6304, -179.2233, -22.549, 0, 0, 0
L -237.6304, -179.2233, -22.331, -237.3631, -186.3546, -22.95, 0, 0, 0
L -306.9624, -229.5662, -4.7117, -309.574, -245.8179, -3.9581, 0, 0, 0
L -309.574, -245.8179, -3.7071, -326.9945, -243.153, -3.8517, 0, 0, 0
L -326.9945, -243.153, -3.959, -324.384, -226.7664, -4.5391, 0, 0, 0
L -324.384, -226.7664, -4.7996, -306.9624, -229.5662, -4.8741, 0, 0, 0
L -419.6005, -280.2198, -0.4395, -422.1893, -292.1252, -0.2894, 0, 0, 0
L -422.1893, -292.1252, -0.11, -433.7357, -289.5545, 0.7163, 0, 0, 0
L -433.7357, -289.5545, 0.8696, -431.2964, -277.6005, 0.2609, 0, 0, 0
L -431.2964, -277.6005, 0.817, -419.6005, -280.2198, -0.1874, 0, 0, 0
L -365.8958, -226.1519, -2.8001, -365.9234, -204.7676, -2.8001, 0, 0, 0
L -365.9234, -204.7676, -2.8001, -359.6213, -204.7599, -2.8001, 0, 0, 0
L -359.6213, -204.7599, -2.7949, -359.5926, -226.1448, -2.8001, 0, 0, 0
L -359.5926, -226.1448, -2.8001, -365.8958, -226.1519, -2.8001, 0, 0, 0
L -459.5577, -194.7245, 0.459, -470.427, -199.2219, 0.2888, 0, 0, 0
L -470.427, -199.2219, 0.446, -474.85, -188.173, 2.39, 0, 0, 0
L -474.85, -188.173, 2.8589, -464.3713, -183.5215, 3.85, 0, 0, 0
L -464.3713, -183.5215, 2.8166, -459.5577, -194.7245, 1.828, 0, 0, 0
L -356.7751, -107.5554, 4.9074, -381.1716, -116.8397, 7.6909, 0, 0, 0
L -381.1716, -116.8397, 8.8476, -383.4619, -110.3811, 10.5817, 0, 0, 0
L -383.4619, -110.3811, 10.5352, -360.7246, -99.7122, 8.7542, 0, 0, 0
L -360.7246, -99.7122, 5.3388, -356.7751, -107.5554, 4.4282, 0, 0, 0
L -223.9, -140.9899, -24.315, -228.7435, -131.1373, -23.611, 0, 0, 0
L -228.7435, -131.1373, -22.6557, -218.2099, -124.9992, -22.9701, 0, 0, 0
L -218.2099, -124.9992, -23.3606, -212.4642, -134.8495, -24.6907, 0, 0, 0
L -223.9, -140.9899, -24.5225, -212.4642, -134.8495, -24.8384, 0, 0, 0
L -146.403, -146.5891, -21.1156, -108.9202, -146.4818, -15.1227, 0, 0, 0
L -108.9202, -146.4818, -13.2015, -108.6227, -152.7942, -13.8012, 0, 0, 0
L -108.6227, -152.7942, -14.6569, -145.9155, -152.8129, -21.1628, 0, 0, 0
L -145.9155, -152.8129, -22.8, -146.403, -146.5891, -21.3454, 0, 0, 0
L -178.594, -83.4595, -15.5988, -185.3754, -85.7023, -16.2561, 0, 0, 0
L -185.3754, -85.7023, -16.413, -187.4686, -79.3772, -15.3297, 0, 0, 0
L -187.4686, -79.3772, -14.6448, -180.6947, -77.1328, -14.1237, 0, 0, 0
L -180.6947, -77.1328, -13.9647, -178.594, -83.4595, -14.5851, 0, 0, 0
L -15.8752, -307.3351, 7.5499, -7.519, -297.8131, 4.7983, 0, 0, 0
L -4.2925, -300.8115, 5.1909, -7.519, -297.8131, 5.461, 0, 0, 0
L -12.6629, -309.658, 8.2616, -15.8752, -307.3351, 8.1759, 0, 0, 0
L -12.6629, -309.658, 8.824, -4.2925, -300.8115, 6.6341, 0, 0, 0
L -309.6417, -114.9844, -5.4847, -305.507, -121.1781, -6.3967, 0, 0, 0
L -305.507, -121.1781, -6.208, -311.4671, -124.6291, -5.7312, 0, 0, 0
L -311.4671, -124.6291, -5.4515, -315.362, -118.8106, -4.8661, 0, 0, 0
L -315.362, -118.8106, -4.7968, -309.6417, -114.9844, -5.2214, 0, 0, 0
L -308.475, -68.953, -1.9744, -310.2126, -61.2695, -1.4137, 0, 0, 0
L -310.2126, -61.2695, -1.1713, -303.7083, -59.155, -1.9371, 0, 0, 0
L -303.7083, -59.155, -2.3685, -301.4977, -66.169, -3.59, 0, 0, 0
L -301.4977, -66.169, -2.8626, -308.475, -68.953, -2.2439, 0, 0, 0
L -536.4665, -197.3211, 4.3525, -517.8176, -207.6072, 2.1541, 0, 0, 0
L -517.8176, -207.6072, 2.4228, -528.9532, -226.7255, 4.1558, 0, 0, 0
L -528.9532, -226.7255, 5.8056, -547.2569, -215.846, 5.349, 0, 0, 0
L -547.2569, -215.846, 3.8391, -536.4665, -197.3211, 3.7389, 0, 0, 0
L -587.3597, -169.2586, -2.79, -581.6136, -158.5064, -2.3782, 0, 0, 0
L -581.6136, -158.5064, -2.3269, -591.6671, -153.1314, -1.4041, 0, 0, 0
L -591.6671, -153.1314, -1.9698, -597.4161, -163.8838, -2.54, 0, 0, 0
L -597.4161, -163.8838, -2.3071, -587.3597, -169.2586, -2.1299, 0, 0, 0
L -607.4985, -157.8573, -2.8001, -633.9756, -155.6132, -2.8001, 0, 0, 0
L -633.9756, -155.6132, -2.8001, -633.2151, -147.92, -2.8001, 0, 0, 0
L -633.2151, -147.92, -2.7919, -607.8854, -150.714, -2.7921, 0, 0, 0
L -607.8854, -150.714, -2.8001, -607.4985, -157.8573, -2.8001, 0, 0, 0
L -502.122, -176.716, 8.6745, -499.4051, -169.2762, 9.5103, 0, 0, 0
L -499.4051, -169.2762, 9.6707, -493.185, -171.8282, 8.7916, 0, 0, 0
L -493.185, -171.8282, 8.4503, -495.7275, -178.6185, 7.8803, 0, 0, 0
L -495.7275, -178.6185, 7.5179, -502.122, -176.716, 8.2022, 0, 0, 0
L -440.1979, -90.5357, 32.1644, -446.4467, -95.9796, 32.5266, 0, 0, 0
L -440.1979, -90.5357, 31.728, -450.3867, -75.9996, 32.395, 0, 0, 0
L -450.3867, -75.9996, 33.619, -457.1524, -81.8746, 34.4198, 0, 0, 0
L -457.1524, -81.8746, 34.326, -446.4467, -95.9796, 33.5165, 0, 0, 0
L -637.249, -181.178, -2.8001, -638.21, -177.4437, -2.8001, 0, 0, 0
L -638.21, -177.4437, -2.8001, -657.3429, -179.4211, -1.8662, 0, 0, 0
L -657.3429, -179.4211, -1.8662, -656.4641, -182.7961, -1.9641, 0, 0, 0
L -656.4641, -182.7961, -1.9641, -637.249, -181.178, -2.8001, 0, 0, 0
L -98.7211, -162.4769, -12.1011, -90.5288, -162.4978, -12.2535, 0, 0, 0
L -90.5288, -162.4978, -12.2535, -91.885, -188.699, -10.6007, 0, 0, 0
L -91.885, -188.699, -10.6007, -98.7304, -188.5174, -10.4017, 0, 0, 0
L -98.7304, -188.5174, -10.4017, -98.7211, -162.4769, -11.9716, 0, 0, 0
L 28.7501, -54.593, -2.5821, 27.9835, -47.3151, -2.5438, 0, 0, 0
L 28.6275, -53.4281, -2.5438, -4.4329, -55.8665, -2.8001, 0, 0, 0
L -4.8899, -49.7301, -2.8001, -4.3463, -57.311, -2.8001, 0, 0, 0
L -4.3463, -57.311, -2.8001, -11.2026, -57.5392, -2.8001, 0, 0, 0
L -11.2026, -57.5392, -2.8001, -11.7416, -50.2603, -2.8001, 0, 0, 0
L -11.7416, -50.2603, -2.8001, -4.8899, -49.7301, -2.8001, 0, 0, 0
L -4.2352, -51.7135, -2.8001, 28.3447, -49.3113, -2.3147, 0, 0, 0
L 27.9835, -47.3151, -2.2004, 35.544, -46.7927, -2.1972, 0, 0, 0
L 29.5789, -47.1972, -2.1972, 27.153, -14.3071, -1.345, 0, 0, 0
L 32.6315, -13.8994, -1.345, 25.7689, -14.4102, -1.3818, 0, 0, 0
L 25.7689, -14.4102, -1.4244, 25.2362, -7.1166, -1.4283, 0, 0, 0
L 25.6542, -12.8397, -1.4283, -7.4268, -15.2792, -2.6764, 0, 0, 0
L -7.8395, -9.72, -2.6764, -7.2981, -17.143, -2.7721, 0, 0, 0
L -7.2981, -17.143, -2.7303, -14.1542, -17.5256, -2.3751, 0, 0, 0
L -14.1542, -17.5256, -2.1472, -14.6961, -10.2293, -1.6504, 0, 0, 0
L -14.6961, -10.2293, -1.5015, -7.8395, -9.72, -1.9834, 0, 0, 0
L -7.7295, -11.1646, -2.2179, 25.3504, -8.7243, -1.4452, 0, 0, 0
L 25.2362, -7.1166, -1.334, 32.865, -6.6111, -1.569, 0, 0, 0
L 32.865, -6.6111, -1.619, 32.6315, -13.8994, -1.484, 0, 0, 0
L 31.2677, -14.35, -1.1162, 33.6938, -46.8937, -2.1802, 0, 0, 0
L 35.544, -46.7927, -2.2976, 35.5923, -54.846, -2.4681, 0, 0, 0
L 35.5923, -54.846, -2.5853, 28.7501, -54.593, -2.6038, 0, 0, 0
L -69.894, -90.274, -4.8776, -117.5276, -51.3138, -1.6679, 0, 0, 0
L -117.5276, -51.3138, -1.8277, -121.5246, -56.1762, -3.3311, 0, 0, 0
L -121.5246, -56.1762, -4.3624, -73.8824, -95.1333, -5.1563, 0, 0, 0
L -73.8824, -95.1333, -5.1398, -69.894, -90.274, -4.9645, 0, 0, 0
L -54.2449, -67.6768, -3.3216, -64.5708, -55.934, -2.8214, 0, 0, 0
L -58.8614, -50.4095, -2.1852, -64.5708, -55.934, -2.4199, 0, 0, 0
L -58.8614, -50.4095, -2.322, -48.539, -62.9816, -2.9743, 0, 0, 0
L -48.539, -62.9816, -3.1141, -54.2449, -67.6768, -3.3197, 0, 0, 0
L -126.6658, 14.9712, 30.3454, -126.5722, 71.9625, 37.3725, 0, 0, 0
L -126.5722, 71.9625, 37.8173, -70.5883, 72.307, 41.1854, 0, 0, 0
L -70.5883, 72.307, 39.3224, -70.6315, 14.8976, 22.9283, 0, 0, 0
L -70.8476, 14.9121, 23.111, -126.6658, 14.9712, 27.4954, 0, 0, 0
L -87.327, 55.1026, 232.552, -86.9843, 91.5224, 245.4941, 0, 0, 0
L -86.9849, 91.5224, 245.4941, -86.9286, 115.748, 245.484, 0, 0, 0
L -86.9256, 115.748, 245.484, -86.9664, 140.5377, 210.186, 0, 0, 0
L -86.9664, 140.5377, 210.186, -108.2023, 140.6405, 191.576, 0, 0, 0
L -86.9843, 91.5224, 245.2975, -108.221, 91.5379, 245.4379, 0, 0, 0
L -108.2874, 115.674, 245.4923, -86.9256, 115.748, 245.4899, 0, 0, 0
L -108.2306, 55.6011, 242.104, -108.221, 91.5379, 245.17, 0, 0, 0
L -108.2219, 91.5379, 245.17, -108.2777, 115.674, 244.1624, 0, 0, 0
L -108.2874, 115.674, 244.1624, -108.2023, 140.6405, 231.903, 0, 0, 0
L 0.3165, -38.5585, -1.7748, -0.5807, -26.5026, -2.1844, 0, 0, 0
L -0.5807, -26.5026, -2.2503, 20.108, -25.995, -0.2527, 0, 0, 0
L 20.108, -25.995, -1.6959, 20.9701, -36.9153, -1.6653, 0, 0, 0
L 20.9701, -36.9153, -2.1674, 0.3165, -38.5585, -2.6947, 0, 0, 0
L 50.8682, 79.4159, 19.1256, 54.8526, 82.6858, 18.2216, 127, 127, 127
L 54.8526, 82.6858, 18.2216, 62.2087, 85.1166, 18.1856, 127, 127, 127
L 62.2087, 85.1166, 18.1856, 64.6902, 81.7116, 17.7134, 127, 127, 127
L 64.6902, 81.7116, 17.7134, 64.8773, 76.7439, 18.1417, 127, 127, 127
L 64.8773, 76.7439, 18.1417, 62.6537, 71.8607, 17.9612, 127, 127, 127
L 62.6537, 71.8607, 17.9612, 61.4461, 65.9624, 18.3606, 127, 127, 127
L 61.4461, 65.9624, 18.3606, 56.64, 60.523, 18.6879, 127, 127, 127
L 56.64, 60.523, 18.6879, 49.891, 57.5354, 19.1883, 127, 127, 127
L 49.891, 57.5354, 19.1883, 46.3158, 57.4331, 19.1385, 127, 127, 127
L 46.3158, 57.4331, 19.1385, 45.8113, 59.9688, 19.3473, 127, 127, 127
L 45.8113, 59.9688, 19.3473, 45.8113, 66.8055, 18.8761, 127, 127, 127
L 45.8113, 66.8055, 18.8761, 47.227, 72.2215, 18.4613, 127, 127, 127
L 47.227, 72.2215, 18.4613, 50.8682, 79.4159, 18.127, 127, 127, 127
L 46.759, 57.4495, 3.2707, 49.3641, 54.1833, 3.3399, 0, 0, 0
L 49.3641, 54.1833, 1.9778, 54.3489, 57.2954, 2.2307, 0, 0, 0
L 52.706, 59.3552, 2.4902, 54.3489, 57.2954, 2.4906, 0, 0, 0
L 46.6606, 70.6029, 2.515, 44.1169, 71.9557, 0.9606, 0, 0, 0
L 44.1169, 71.9557, 1.9675, 46.756, 76.3678, 0.8566, 0, 0, 0
L 46.756, 76.3678, 2.2919, 48.8147, 75.14, 1.5872, 0, 0, 0
L 62.6717, 84.4813, 2.2732, 64.5785, 85.1081, 4.35, 0, 0, 0
L 64.5785, 85.1081, 4.1997, 68.1941, 76.4269, 3.672, 0, 0, 0
L 68.1941, 76.4269, 3.9636, 63.783, 74.8371, 4.6349, 0, 0, 0
L 56.856, 156.9124, -2.8001, 64.3577, 176.3514, -2.8001, 0, 0, 0
L 64.3577, 176.3514, -2.8001, 53.3376, 180.939, -2.7991, 0, 0, 0
L 53.3376, 180.939, -2.8001, 45.8337, 161.3508, -2.398, 0, 0, 0
L 45.8337, 161.3508, -2.3982, 56.856, 156.9124, -2.8001, 0, 0, 0
L 203.5074, 164.41, -1.1896, 197.891, 166.8865, -1.236, 0, 0, 0
L 197.891, 166.8865, -1.2423, 199.7181, 173.7098, -1.6765, 0, 0, 0
L 199.7181, 173.7098, -1.7157, 206.1365, 171.2365, -1.3491, 0, 0, 0
L 206.1365, 171.2365, -1.1452, 203.5074, 164.41, -1.734, 0, 0, 0
L 455.8577, 272.68, 19.4857, 464.8835, 279.5697, 21.243, 0, 0, 0
L 464.8835, 279.5697, 21.2419, 467.1279, 276.574, 21.4, 0, 0, 0
L 467.1279, 276.574, 21.4, 458.1401, 269.7427, 18.2395, 0, 0, 0
L 458.1401, 269.7427, 18.2395, 455.8577, 272.68, 18.5592, 0, 0, 0
L 471.3623, 298.4897, 24.549, 466.7989, 298.726, 23.6768, 0, 0, 0
L 466.7989, 298.726, 23.6768, 466.5842, 309.8772, 22.4477, 0, 0, 0
L 466.5842, 309.8772, 22.4477, 471.3754, 309.6376, 23.117, 0, 0, 0
L 471.3754, 309.6376, 23.117, 471.3623, 298.4897, 24.3152, 0, 0, 0
L 596.3337, 476.9173, -2.8001, 611.5836, 471.4572, -2.8001, 127, 127, 127
L 598.954, 476.2866, -2.8001, 601.1494, 482.8249, -2.8001, 0, 0, 0
L 601.1494, 482.8249, -2.9529, 615.322, 476.5797, -3.3308, 0, 0, 0
L 604.6631, 423.3365, -2.8001, 605.588, 423.7176, -2.8001, 0, 0, 0
L -705.8968, -176.9609, 1.5379, -714.7813, -196.4088, 4.9772, 0, 0, 0
L -709.623, -199.306, 4.614, -714.7813, -196.4088, 5.78, 0, 0, 0
L -709.623, -199.306, 4.155, -700.1784, -179.5817, 0.7751, 0, 0, 0
L -705.8968, -176.9609, 0.5325, -700.1784, -179.5817, 0.3199, 0, 0, 0
L -1150.4502, 39.6492, -2.8001, -1181.5418, 51.2066, -2.8001, 0, 0, 0
L -1181.9531, 50.1131, -2.8001, -1188.3933, 52.5058, -2.8001, 0, 0, 0
L -1188.3933, 52.5058, -2.8001, -1185.8447, 59.3597, -2.8001, 0, 0, 0
L -1185.8447, 59.3597, -2.8001, -1179.3984, 56.9688, -2.8001, 0, 0, 0
L -1179.3984, 56.9688, -2.8001, -1181.9531, 50.1131, -2.8001, 0, 0, 0
L -1180.1045, 55.739, -2.8001, -1149.13, 43.517, -2.8001, 0, 0, 0
L -1150.8668, 38.557, -2.8001, -1148.3059, 45.4089, -2.7867, 0, 0, 0
L -1148.3059, 45.4089, -2.673, -1141.8653, 43.33, -2.6415, 0, 0, 0
L -1147.99, 44.9247, -2.6415, -1135.519, 75.8376, -1.7295, 0, 0, 0
L -1130.3729, 73.9274, -1.7295, -1136.8186, 76.3201, -1.7955, 0, 0, 0
L -1136.8186, 76.3201, -1.8108, -1134.2727, 83.1754, -1.7892, 0, 0, 0
L -1136.2706, 77.7957, -1.7892, -1167.3626, 89.3537, -2.8001, 0, 0, 0
L -1165.4315, 94.5845, -2.8001, -1167.9653, 87.7209, -2.8001, 0, 0, 0
L -1167.9653, 87.7209, -2.8001, -1174.413, 90.1136, -2.8001, 0, 0, 0
L -1174.413, 90.1136, -2.8001, -1171.8646, 96.9702, -2.8001, 0, 0, 0
L -1171.8646, 96.9702, -2.8001, -1165.4315, 94.5845, -2.8001, 0, 0, 0
L -1165.8656, 93.2, -2.8001, -1134.8424, 81.6676, -1.6757, 0, 0, 0
L -1134.2727, 83.1754, -1.4948, -1127.8216, 80.7777, -1.2785, 0, 0, 0
L -1127.8216, 80.7777, -1.1571, -1130.3729, 73.9274, -1.2303, 0, 0, 0
L -1131.6696, 74.35, -1.4239, -1143.1422, 43.487, -2.104, 0, 0, 0
L -1141.8653, 43.33, -1.7784, -1144.4104, 36.158, -1.9993, 0, 0, 0
L -1144.4104, 36.158, -2.3957, -1150.8668, 38.557, -2.8001, 0, 0, 0
L -1170.239, 64.9667, -2.8001, -1165.8162, 76.285, -2.7991, 0, 0, 0
L -1165.8162, 76.285, -2.8001, -1146.2176, 69.44, -2.8001, 0, 0, 0
L -1146.2176, 69.44, -2.6756, -1150.3886, 57.673, -2.8001, 0, 0, 0
L -1150.3886, 57.673, -2.8001, -1170.239, 64.9667, -2.8001, 0, 0, 0
L -1242.4127, 79.5648, -2.8001, -1226.2257, 120.42, -2.8001, 0, 0, 0
L -1226.2257, 120.42, -2.8001, -1310.9915, 153.9407, -2.8001, 0, 0, 0
L -1310.9915, 153.9407, -2.8001, -1337.4636, 87.7469, -2.8001, 0, 0, 0
L -1337.4636, 87.7469, -2.8001, -1252.6983, 53.8453, -2.8001, 0, 0, 0
L -1282.2136, 39.7914, -2.8001, -1279.952, 47.6024, -2.8001, 0, 0, 0
L -1279.952, 47.6024, -2.8001, -1271.3672, 44.5161, -2.8001, 0, 0, 0
L -1271.3672, 44.5161, -2.8001, -1274.4124, 36.8836, -2.8001, 0, 0, 0
L -1274.4124, 36.8836, -2.8001, -1282.2136, 39.7914, -2.8001, 0, 0, 0
L -1240.6465, 143.697, -2.7995, -1237.5661, 151.4079, -2.7974, 0, 0, 0
L -1237.5661, 151.4079, -2.8001, -1229.8445, 148.3224, -2.7988, 0, 0, 0
L -1229.8445, 148.3224, -2.8001, -1232.9227, 140.615, -2.7988, 0, 0, 0
L -1232.9227, 140.615, -2.8001, -1240.6465, 143.697, -2.8001, 0, 0, 0
L -1242.4127, 79.5648, -2.1823, -1245.4701, 80.7822, -2.1823, 0, 0, 0
L -1252.6487, 62.8322, -2.1823, -1249.5923, 61.6118, -2.1823, 0, 0, 0
L -1252.6983, 53.8453, -2.8001, -1249.5923, 61.6118, -2.8001, 0, 0, 0
L -1252.6487, 62.8322, -2.8001, -1254.5119, 58.1706, -2.8001, 0, 0, 0
L -1254.5119, 58.1706, -2.8001, -1333.166, 89.6273, -2.8001, 0, 0, 0
L -1333.166, 89.6273, -2.8001, -1309.1583, 149.663, -2.8001, 0, 0, 0
L -1309.1583, 149.663, -2.8001, -1230.5035, 118.2087, -2.8001, 0, 0, 0
L -1230.5035, 118.2087, -2.8001, -1245.4701, 80.7822, -2.8001, 0, 0, 0
L -361.4836, 705.7957, 99.2342, -397.3118, 705.8479, 101.8662, 0, 0, 0
L -397.3118, 705.8479, 102.1052, -397.2748, 741.5846, 103.9542, 0, 0, 0
L -397.2748, 741.5846, 104.173, -361.5636, 741.5986, 103.5367, 0, 0, 0
L -361.5636, 741.5986, 103.2075, -361.4836, 705.7957, 99.4744, 0, 0, 0
L -156.571, 213.4227, 7.463, -137.831, 216.107, 13.4201, 0, 0, 0
L -137.831, 216.107, 13.4201, -137.7087, 208.9105, 12.1585, 0, 0, 0
L -137.7087, 208.9105, 12.1585, -156.2197, 205.4024, 5.7853, 0, 0, 0
L -156.2197, 205.4024, 5.7853, -156.571, 213.4227, 7.59, 0, 0, 0
L -238.9028, -12.6897, -3.197, -232.2021, -15.1775, -3.281, 0, 0, 0
L -232.2021, -15.1775, -3.3559, -234.6394, -21.7448, -3.7852, 0, 0, 0
L -234.6394, -21.7448, -3.7852, -241.1499, -18.9884, -3.5872, 0, 0, 0
L -241.1499, -18.9884, -3.5872, -238.9028, -12.6897, -3.1884, 0, 0, 0
L 695.4483, -1315.8588, 4.5861, 710.4992, -1329.6685, 8.1376, 0, 0, 0
L 710.4992, -1329.6685, 9.8961, 696.8759, -1344.6422, 11.3576, 0, 0, 0
L 696.8759, -1344.6422, 11.4372, 681.7848, -1331.888, 9.1682, 0, 0, 0
L 681.7848, -1331.888, 8.755, 695.4483, -1315.8588, 5.8986, 0, 0, 0
L 863.516, -1002.2658, 76.504, 898.4208, -1002.819, 83.5148, 0, 0, 0
L 898.4208, -1002.819, 85.2229, 898.445, -966.8569, 84.4603, 0, 0, 0
L 898.445, -966.8569, 83.2428, 863.66, -966.6541, 75.9675, 0, 0, 0
L 863.66, -966.6541, 72.6196, 863.516, -1002.2658, 74.6469, 0, 0, 0
L 474.9787, -966.6498, 8.2233, 471.812, -946.559, 7.5587, 0, 0, 0
L 471.812, -946.559, 8.1568, 449.4535, -950.1594, 11.3333, 0, 0, 0
L 453.2363, -970.5303, 14.778, 449.4535, -950.1594, 11.8745, 0, 0, 0
L 474.9787, -966.6498, 9.9277, 453.2363, -970.5303, 12.9344, 0, 0, 0
L -208.6724, -1049.3748, 17.8504, -208.4907, -1084.2916, 10.6367, 0, 0, 0
L -243.5213, -1084.2591, 11.5259, -243.2658, -1049.48, 24.2787, 0, 0, 0
L -208.6724, -1049.3748, 18.537, -243.2658, -1049.48, 21.7537, 0, 0, 0
L -126.69, -1043.9838, -10.2828, -196.4669, -1108.8209, 4.8395, 240, 0, 0
L -208.4907, -1084.2916, 8.4804, -243.5213, -1084.2591, 9.4499, 0, 0, 0
L -196.4669, -1108.8209, 4.247, -285.3387, -1155.3712, -9.5937, 240, 0, 0
L -285.3387, -1155.3712, -9.5937, -378.8231, -1177.5233, -3.224, 240, 0, 0
L -378.8231, -1177.5233, -3.224, -477.2835, -1172.3397, -14.584, 240, 0, 0
L -477.2835, -1172.3397, -14.584, -566.9859, -1143.2276, -11.2563, 240, 0, 0
L -566.9859, -1143.2276, -11.2563, -650.2448, -1091.4303, 5.5332, 240, 0, 0
L -650.2448, -1091.4303, 5.5332, -716.6159, -1019.51, 0.467, 240, 0, 0
L -716.6159, -1019.51, 0.467, -761.3622, -934.4455, 0.3091, 240, 0, 0
L -761.3622, -934.4455, 0.3091, -781.5172, -841.5756, -0.6281, 240, 0, 0
L -781.5172, -841.5756, -0.6281, -778.5422, -744.3265, -0.8498, 240, 0, 0
L -778.5422, -744.3265, -0.8498, -748.7549, -651.5734, 2.5783, 240, 0, 0
L -748.7549, -651.5734, 2.5783, -696.8845, -569.7104, -4.7895, 240, 0, 0
L -696.8845, -569.7104, -4.7895, -625.2509, -503.7357, -22.5838, 240, 0, 0
L -625.2509, -503.7357, -22.5838, -540.225, -459.1098, -15.5261, 240, 0, 0
L -540.225, -459.1098, -15.5261, -443.8915, -438.1691, -17.2451, 240, 0, 0
L -443.8915, -438.1691, -17.2451, -348.4871, -442.3, -15.1127, 240, 0, 0
L -348.4871, -442.3, -15.1127, -255.9644, -471.1018, 1.1636, 240, 0, 0
L -255.9644, -471.1018, 1.1636, -174.164, -523.639, 3.5533, 240, 0, 0
L -174.164, -523.639, 3.5533, -109.308, -593.8822, 1.2627, 240, 0, 0
L -109.308, -593.8822, 1.2627, -63.8922, -679.7545, 1.6651, 240, 0, 0
L -63.8922, -679.7545, 1.6651, -42.6236, -773.3005, -5.1702, 240, 0, 0
L -42.6236, -773.3005, -5.1702, -45.621, -869.5742, -2.55, 240, 0, 0
L -45.621, -869.5742, -2.55, -75.8396, -964.6077, -11.982, 240, 0, 0
L -75.8396, -964.6077, -11.982, -126.69, -1043.9838, -9.545, 240, 0, 0
L -104.2459, -1067.1304, -15.9495, -180.7554, -1137.7687, -6.848, 240, 0, 0
L -180.7554, -1137.7687, -6.848, -274.6865, -1186.3467, -15.8497, 240, 0, 0
L -274.6865, -1186.3467, -15.8497, -376.4057, -1208.8123, -5.8026, 240, 0, 0
L -376.4057, -1208.8123, -5.8026, -482.1331, -1204.4987, -15.7383, 240, 0, 0
L -482.1331, -1204.4987, -15.7383, -582.5892, -1172.4238, -6.8929, 240, 0, 0
L -582.5892, -1172.4238, -6.8929, -671.4066, -1116.4692, 8.1623, 240, 0, 0
L -790.625, -945.8396, -1.4646, -813.8414, -842.8351, -2.3633, 240, 0, 0
L -813.8414, -842.8351, -2.3633, -809.1323, -738.4437, -2.6116, 240, 0, 0
L -809.1323, -738.4437, -2.6116, -777.9302, -637.7807, -1.705, 240, 0, 0
L -777.9302, -637.7807, -1.705, -721.3537, -548.8622, -5.808, 240, 0, 0
L -721.3537, -548.8622, -5.808, -643.3275, -477.1884, -18.4969, 240, 0, 0
L -643.3275, -477.1884, -18.4969, -550.3369, -428.8892, -7.3, 240, 0, 0
L -550.3369, -428.8892, -7.3, -447.3745, -405.9297, -16.3007, 240, 0, 0
L -447.3745, -405.9297, -16.3007, -342.5962, -411.74, -14.1439, 240, 0, 0
L -342.5962, -411.74, -14.1439, -241.8224, -442.3102, -1.9948, 240, 0, 0
L -241.8224, -442.3102, -1.9948, -153.4515, -498.7359, -3.1, 240, 0, 0
L -153.4515, -498.7359, -3.1, -82.542, -576.901, -2.8852, 240, 0, 0
L -82.542, -576.901, -2.8852, -33.6972, -669.144, -1.2804, 240, 0, 0
L -33.6972, -669.144, -1.2804, -10.1394, -771.4456, -13.5161, 240, 0, 0
L -10.1394, -771.4456, -13.5161, -14.7682, -876.9138, -10.3627, 240, 0, 0
L -14.7682, -876.9138, -10.3627, -47.1737, -978.5238, -23.3687, 240, 0, 0
L -47.1737, -978.5238, -23.3687, -104.2459, -1067.1304, -15.7149, 240, 0, 0
L -671.1912, -1116.1032, 8.328, -742.3939, -1039.4727, -2.3328, 240, 0, 0
L -742.3939, -1039.4727, -2.3328, -790.625, -945.8396, -1.4589, 240, 0, 0
L -627.7812, -1026.1006, 25.4183, -662.3419, -1025.7045, 7.3327, 0, 0, 0
L -662.3419, -1025.7045, 6.8109, -662.3674, -1060.9049, 6.773, 0, 0, 0
L -662.3674, -1060.9049, 6.8049, -627.1543, -1060.9088, 6.8484, 0, 0, 0
L -627.1543, -1060.9088, 6.8125, -627.7812, -1026.1006, 29.1035, 0, 0, 0
L -568.1571, -547.5087, -14.2556, -568.2835, -511.6546, -19.347, 0, 0, 0
L -568.2835, -511.6546, -20.8691, -532.456, -511.7921, -14.2109, 0, 0, 0
L -532.456, -511.7921, -13.367, -532.5821, -547.3501, -7.3978, 0, 0, 0
L -532.5821, -547.3501, -5.9867, -568.1571, -547.5087, -13.5129, 0, 0, 0
L -182.9912, -693.7481, 44.3325, -148.4524, -693.3513, 27.4391, 0, 0, 0
L -148.4524, -693.3513, 25.104, -148.6698, -728.51, 32.5534, 0, 0, 0
L -148.6698, -728.51, 37.8485, -182.7546, -727.5497, 58.219, 0, 0, 0
L -182.7546, -727.5497, 57.944, -182.9912, -693.7481, 46.8046, 0, 0, 0
L -278.6695, -676.7273, 106.106, -278.6175, -787.6369, 106.106, 0, 0, 0
L -239.977, -787.7399, 105.6988, -341.855, -787.59, 170.1998, 0, 0, 0
L -341.855, -787.59, 170.1998, -341.8512, -739.918, 170.1998, 0, 0, 0
L -341.8512, -739.918, 170.1998, -469.5534, -739.9153, 170.1998, 0, 0, 0
L -469.5534, -739.9153, 170.1998, -469.5532, -867.6158, 170.1998, 0, 0, 0
L -469.5532, -867.6158, 170.1998, -341.8557, -867.6168, 170.1998, 0, 0, 0
L -341.8557, -867.6168, 170.1998, -341.8559, -818.9263, 170.1998, 0, 0, 0
L -341.8559, -818.9263, 170.1998, -239.7569, -818.926, 105.177, 0, 0, 0
L -278.668, -818.9252, 106.1062, -278.6657, -890.6439, 106.1062, 0, 0, 0
L -278.6657, -890.6439, 107.748, -290.6444, -890.6472, 107.748, 100, 0, 226
L -309.3575, -889.3541, 107.748, -309.3319, -909.3551, 107.748, 100, 0, 226
L -309.3319, -909.3551, 107.748, -278.6695, -909.3537, 107.748, 100, 0, 225
L -278.6695, -909.3537, 106.1062, -278.6625, -930.8006, 106.1062, 0, 0, 0
L -278.6625, -930.8006, 106.1062, -532.7408, -930.804, 106.1062, 0, 0, 0
L -532.7408, -930.804, 106.1062, -532.7409, -676.7259, 106.1062, 0, 0, 0
L -532.7409, -676.7259, 106.1062, -278.6695, -676.7273, 106.1062, 0, 0, 0
L -310.2615, -787.6369, 138.2935, -310.2558, -708.3211, 138.2935, 0, 0, 0
L -310.2558, -708.3211, 138.2935, -501.1447, -708.321, 138.2935, 0, 0, 0
L -501.1447, -708.321, 138.2935, -501.1474, -720.643, 138.2935, 0, 0, 0
L -501.1474, -720.643, 139.3249, -490.466, -720.6513, 139.3249, 127, 64, 0
L -490.466, -720.6513, 139.3249, -450.4932, -730.557, 139.3249, 127, 64, 0
L -450.4932, -730.557, 139.3249, -440.4648, -760.6453, 139.3249, 127, 64, 0
L -459.3546, -749.5366, 139.3249, -489.894, -739.3544, 139.3249, 127, 64, 0
L -489.894, -739.3544, 139.3249, -501.144, -739.3549, 139.3249, 127, 64, 0
L -501.144, -739.3549, 138.2935, -501.1483, -899.2104, 138.2935, 0, 0, 0
L -501.1483, -899.2104, 138.2935, -310.2585, -899.2101, 138.2935, 0, 0, 0
L -310.2585, -899.2101, 138.2935, -310.262, -818.9255, 138.2935, 0, 0, 0
L -367.6043, -795.2696, 201.6684, -367.6034, -762.2611, 201.6685, 0, 0, 0
L -367.6034, -762.2611, 201.6685, -440.6444, -762.2581, 201.6685, 0, 0, 0
L -440.6444, -762.2581, 201.6684, -440.6483, -847.7391, 201.6685, 0, 0, 0
L -440.6483, -847.7391, 201.6685, -367.6025, -847.7432, 201.6685, 0, 0, 0
L -367.6025, -847.7432, 201.6685, -367.6028, -812.5433, 201.6685, 0, 0, 0
L -371.2069, -812.5421, 201.6685, -367.6028, -812.5433, 201.6684, 0, 0, 0
L -367.6043, -795.2696, 201.6685, -371.2081, -795.2693, 201.6684, 0, 0, 0
L -371.2081, -795.2693, 201.6684, -371.2072, -765.9252, 201.6684, 0, 0, 0
L -371.2072, -765.9252, 201.6684, -436.6684, -765.9252, 201.6684, 0, 0, 0
L -436.6684, -765.9252, 201.6684, -436.6682, -843.3867, 201.6684, 0, 0, 0
L -436.6682, -843.3867, 201.6684, -371.2072, -843.3872, 201.6684, 0, 0, 0
L -371.2072, -843.3872, 201.6684, -371.2069, -812.5421, 201.6685, 0, 0, 0
L -459.3546, -749.5366, 139.3248, -459.3541, -770.6444, 139.3248, 127, 64, 0
L -459.3541, -770.6444, 139.3248, -489.3557, -770.6439, 139.3247, 127, 64, 0
L -489.3557, -770.6439, 139.3247, -489.3557, -819.3556, 139.3247, 127, 64, 0
L -489.3557, -819.3556, 139.3247, -449.3553, -819.3551, 139.3248, 127, 64, 0
L -449.3553, -819.3551, 139.3248, -449.3544, -870.645, 139.3248, 127, 64, 0
L -449.3544, -870.645, 139.3248, -470.6464, -870.6477, 139.3249, 127, 64, 0
L -470.6462, -845.642, 139.3248, -470.6464, -870.6477, 139.3248, 127, 64, 0
L -489.3552, -845.539, 139.3248, -489.3557, -889.3558, 139.3247, 127, 64, 0
L -489.3557, -889.3558, 139.3247, -330.6444, -889.3559, 139.3247, 127, 64, 0
L -330.6444, -889.3559, 139.3247, -330.6442, -870.6445, 139.3248, 127, 64, 0
L -330.6442, -870.6445, 139.3248, -430.6456, -870.644, 139.3248, 127, 64, 0
L -430.6456, -870.644, 139.3248, -430.6469, -779.3559, 139.3248, 127, 64, 0
L -430.6469, -779.3559, 139.3248, -409.3519, -779.3536, 139.3249, 127, 64, 0
L -409.3519, -779.3536, 139.3248, -409.3548, -859.3559, 139.3248, 127, 64, 0
L -409.3548, -859.3559, 139.3248, -320.6442, -859.3061, 139.3248, 127, 64, 0
L -320.6442, -859.3061, 139.3248, -320.6438, -720.644, 139.3247, 127, 64, 0
L -320.6438, -720.644, 139.3247, -419.3548, -720.644, 139.3248, 127, 64, 0
L -419.3548, -720.644, 139.3248, -419.3548, -760.6435, 139.3248, 127, 64, 0
L -419.3548, -760.6435, 139.3248, -440.4648, -760.6453, 139.3248, 127, 64, 0
L -470.6462, -845.642, 139.3248, -489.3552, -845.539, 139.3248, 255, 0, 255
L -290.6444, -890.6472, 107.748, -290.644, -870.6441, 107.747, 100, 0, 225
L -290.644, -870.6441, 107.747, -320.6447, -870.6457, 107.748, 100, 0, 225
L -320.6447, -870.6457, 107.748, -320.6456, -849.3546, 107.748, 100, 0, 225
L -320.6456, -849.3546, 107.748, -290.6777, -849.3556, 107.748, 100, 0, 225
L -290.6777, -849.3556, 107.748, -290.644, -780.645, 107.747, 100, 0, 225
L -290.644, -780.645, 107.747, -309.3319, -780.6439, 107.748, 100, 0, 225
L -309.3319, -780.6439, 107.748, -309.3593, -810.6444, 107.748, 100, 0, 225
L -309.3593, -810.6444, 107.748, -330.644, -810.6464, 107.748, 100, 0, 225
L -330.644, -810.6464, 107.748, -330.6467, -789.8098, 107.748, 100, 0, 225
L -330.6467, -789.8098, 107.748, -310.644, -759.774, 107.748, 100, 0, 225
L -310.644, -759.774, 107.748, -310.644, -720.645, 107.747, 100, 0, 225
L -310.644, -720.645, 107.747, -359.3052, -720.6441, 107.748, 100, 0, 225
L -359.3052, -720.6441, 107.748, -359.3553, -759.3558, 107.747, 100, 0, 225
L -359.3553, -759.3558, 107.747, -328.4495, -759.3523, 107.748, 100, 0, 225
L -328.4495, -759.3523, 107.748, -349.3557, -780.3017, 107.748, 100, 0, 225
L -349.3557, -780.3017, 107.748, -349.3559, -810.644, 107.748, 100, 0, 225
L -349.3559, -810.644, 107.748, -390.644, -810.6464, 107.748, 100, 0, 225
L -390.644, -810.6464, 107.748, -390.6487, -769.3481, 107.748, 100, 0, 225
L -390.6487, -769.3481, 107.748, -370.6444, -769.3556, 107.747, 100, 0, 225
L -370.6444, -769.3556, 107.747, -370.6453, -720.7536, 107.748, 100, 0, 225
L -370.6453, -720.7536, 107.748, -409.8091, -720.6439, 107.748, 100, 0, 225
L -409.8091, -720.6439, 107.748, -429.3292, -730.385, 107.748, 100, 0, 225
L -429.3292, -730.385, 107.748, -429.3351, -769.3555, 107.748, 100, 0, 225
L -429.3351, -769.3555, 107.748, -409.3568, -769.3555, 107.748, 100, 0, 225
L -409.3568, -769.3555, 107.748, -409.3494, -790.6479, 107.748, 100, 0, 225
L -409.3494, -790.6479, 107.748, -450.6444, -790.6464, 107.748, 100, 0, 225
L -450.6444, -790.6464, 107.748, -450.6449, -700.644, 107.747, 100, 0, 225
L -450.6449, -700.644, 107.747, -509.3324, -700.6439, 107.748, 100, 0, 225
L -509.3324, -700.6439, 107.748, -509.3546, -740.2622, 107.748, 100, 0, 225
L -509.3546, -740.2622, 107.748, -519.3564, -750.2981, 107.748, 100, 0, 225
L -519.3564, -750.2981, 107.748, -519.3555, -789.3556, 107.747, 100, 0, 225
L -519.3555, -789.3556, 107.747, -479.3546, -789.349, 107.748, 100, 0, 225
L -479.3546, -789.349, 107.748, -479.3548, -810.6473, 107.748, 100, 0, 225
L -479.3548, -810.6473, 107.748, -519.3558, -810.6439, 107.747, 100, 0, 225
L -519.3558, -810.6439, 107.747, -519.3553, -909.3559, 107.747, 100, 0, 225
L -519.3553, -909.3559, 107.747, -480.6438, -909.3559, 107.747, 100, 0, 225
L -480.6438, -909.3559, 107.747, -480.6474, -859.828, 107.748, 100, 0, 225
L -480.6474, -859.828, 107.748, -450.3673, -809.3563, 107.748, 100, 0, 225
L -450.3673, -809.3563, 107.748, -419.3555, -809.3518, 107.748, 100, 0, 225
L -419.3555, -809.3518, 107.748, -419.3516, -830.6461, 107.748, 100, 0, 225
L -419.3516, -830.6461, 107.748, -439.3202, -830.644, 107.748, 100, 0, 225
L -439.3202, -830.644, 107.748, -439.36, -860.6443, 107.748, 100, 0, 225
L -439.36, -860.6443, 107.748, -469.3557, -860.6446, 107.747, 100, 0, 225
L -469.3557, -860.6446, 107.747, -469.3553, -919.3559, 107.747, 100, 0, 225
L -469.3553, -919.3559, 107.747, -440.3099, -919.3555, 107.748, 100, 0, 225
L -440.3099, -919.3555, 107.748, -420.6444, -899.6757, 107.748, 100, 0, 225
L -420.6444, -899.6757, 107.748, -420.6449, -849.3545, 107.748, 100, 0, 225
L -420.6449, -849.3545, 107.748, -399.3548, -849.3537, 107.748, 100, 0, 225
L -399.3548, -849.3537, 107.748, -399.3523, -880.6443, 107.748, 100, 0, 225
L -399.3523, -880.6443, 107.748, -409.3559, -880.6444, 107.747, 100, 0, 225
L -409.3559, -880.6444, 107.747, -409.3559, -919.3559, 107.747, 100, 0, 225
L -409.3559, -919.3559, 107.747, -370.6447, -919.3558, 107.747, 100, 0, 225
L -370.6447, -919.3558, 107.747, -370.6886, -880.6441, 107.748, 100, 0, 225
L -370.6886, -880.6441, 107.748, -380.6442, -880.6453, 107.748, 100, 0, 225
L -380.6442, -880.6453, 107.748, -380.6465, -849.3551, 107.748, 100, 0, 225
L -380.6465, -849.3551, 107.748, -349.3559, -849.3496, 107.748, 100, 0, 225
L -349.3559, -849.3496, 107.748, -349.3507, -870.644, 107.748, 100, 0, 225
L -349.3507, -870.644, 107.748, -359.3548, -870.644, 107.747, 100, 0, 225
L -359.3548, -870.644, 107.747, -359.3559, -919.3559, 107.747, 100, 0, 225
L -359.3559, -919.3559, 107.747, -330.6442, -919.3559, 107.747, 100, 0, 225
L -330.6442, -919.3559, 107.747, -330.648, -889.3546, 107.748, 100, 0, 225
L -330.648, -889.3546, 107.748, -309.3575, -889.3541, 107.748, 100, 0, 225
P -1282, 1139, 3.75, 0, 0, 0, 1, Succor
P -1033.1797, 776.7876, 103.9407, 127, 64, 0, 2, Port_In
P -40, 1550, 0, 0, 0, 0, 2, Map_by_Goodurden
P -40, 1570, 0, 0, 0, 0, 2, HF:_L_20_H_20_(Inside_Amy_Temple)
