L 426.1154, -445.4375, 0.6260,  426.1469, -436.1875, 0.6260,  64, 64, 64
L 427.1041, -445.4375, 0.6260,  427.1514, -436.1875, 0.6260,  64, 64, 64
L 754.1284, -367.8290, -9.1777,  753.4293, -367.3620, -10.1592,  64, 64, 64
L 768.7586, -389.7744, -3.3940,  754.1284, -367.8290, -9.1777,  64, 64, 64
L 770.6240, -391.9024, -7.3739,  768.7586, -389.7744, -3.3940,  64, 64, 64
L 813.6829, -367.3664, -9.1961,  813.9452, -367.3621, -10.1591,  64, 64, 64
L 798.4592, -390.1010, -3.3637,  813.6829, -367.3664, -9.1961,  64, 64, 64
L 797.3125, -391.9477, -7.3739,  798.4592, -390.1010, -3.3637,  64, 64, 64
L 669.6508, -406.2826, -55.3494,  669.3437, -405.8589, -57.3434,  0, 0, 240
L 685.3431, -420.8800, -41.1285,  669.6508, -406.2826, -55.3494,  0, 0, 240
L 685.3437, -447.6738, -41.1280,  685.3431, -420.8800, -41.1285,  0, 0, 240
L 673.5000, -461.4913, -51.8613,  673.4714, -462.1875, -57.3427,  0, 0, 240
L 685.3437, -447.6739, -41.1280,  673.5000, -461.4913, -51.8613,  0, 0, 240
L 587.4867, -699.4516, 0.6260,  591.3749, -699.3437, 0.6260,  64, 64, 64
L 587.3750, -703.3437, 0.6260,  587.4867, -699.4516, 0.6260,  64, 64, 64
L 541.8809, -750.3620, 0.6266,  535.5744, -750.3000, 0.6260,  64, 64, 64
L 541.9569, -741.4035, 0.6332,  541.8809, -750.3620, 0.6266,  64, 64, 64
L 535.5262, -741.4437, 0.6260,  541.9569, -741.4035, 0.6332,  64, 64, 64
L 535.5059, -749.9423, 0.6260,  535.5262, -741.4437, 0.6260,  64, 64, 64
L 530.5570, -753.4320, 0.6260,  526.1536, -753.3125, 0.6260,  64, 64, 64
L 530.1562, -757.3125, 0.6260,  530.5570, -753.4320, 0.6260,  64, 64, 64
L 545.4062, -757.3125, 0.6260,  530.1562, -757.3125, 0.6260,  64, 64, 64
L 545.5045, -753.4343, 0.6260,  545.4062, -757.3125, 0.6260,  64, 64, 64
L 549.4062, -753.3125, 0.6260,  545.5045, -753.4343, 0.6260,  64, 64, 64
L 549.5416, -751.3989, 0.6260,  549.4062, -753.3125, 0.6260,  64, 64, 64
L 609.8124, -751.3176, 0.6260,  549.5416, -751.3989, 0.6260,  64, 64, 64
L 609.9098, -765.8570, 0.6260,  609.8124, -751.3176, 0.6260,  64, 64, 64
L 573.8187, -765.7250, 0.6350,  609.9098, -765.8570, 0.6260,  64, 64, 64
L 573.8187, -801.4266, 0.6350,  573.8187, -765.7250, 0.6350,  64, 64, 64
L 621.3750, -801.3125, 0.6260,  573.8187, -801.4266, 0.6350,  64, 64, 64
L 621.3750, -754.6110, 0.6260,  621.3750, -801.3125, 0.6260,  64, 64, 64
L 619.4243, -753.8736, 0.6260,  621.3750, -754.6110, 0.6260,  64, 64, 64
L 619.3805, -751.6083, 0.6260,  619.4243, -753.8736, 0.6260,  64, 64, 64
L 636.1023, -751.5589, 0.6260,  619.3805, -751.6083, 0.6260,  64, 64, 64
L 636.1249, -775.3125, 0.6260,  636.1023, -751.5589, 0.6260,  64, 64, 64
L 683.3437, -775.3125, 0.6260,  636.1249, -775.3125, 0.6260,  64, 64, 64
L 683.3437, -716.9200, 0.6260,  683.3437, -775.3125, 0.6260,  64, 64, 64
L 636.1249, -716.9370, 0.6260,  683.3437, -716.9200, 0.6260,  64, 64, 64
L 636.9410, -739.8678, 0.6260,  636.1249, -716.9370, 0.6260,  64, 64, 64
L 609.2137, -739.8546, 0.6260,  636.9410, -739.8678, 0.6260,  64, 64, 64
L 609.1653, -725.6966, 0.6260,  609.2137, -739.8546, 0.6260,  64, 64, 64
L 621.7759, -725.6429, 0.6260,  609.1653, -725.6966, 0.6260,  64, 64, 64
L 621.7858, -737.6811, 0.6350,  621.7759, -725.6429, 0.6260,  64, 64, 64
L 633.7124, -737.6811, 0.6350,  621.7858, -737.6811, 0.6350,  64, 64, 64
L 633.7124, -701.7548, 0.6350,  633.7124, -737.6811, 0.6350,  64, 64, 64
L 598.1113, -701.7562, 0.6350,  633.7124, -701.7548, 0.6350,  64, 64, 64
L 598.1221, -737.3437, 0.6260,  598.1113, -701.7562, 0.6350,  64, 64, 64
L 600.1580, -737.4542, 0.6260,  598.1221, -737.3437, 0.6260,  64, 64, 64
L 600.5340, -739.9389, 0.6260,  600.1580, -737.4542, 0.6260,  64, 64, 64
L 585.5257, -739.9932, 0.6260,  600.5340, -739.9389, 0.6260,  64, 64, 64
L 585.4844, -703.4894, 0.6260,  585.5257, -739.9932, 0.6260,  64, 64, 64
L 587.3750, -703.3437, 0.6260,  585.4844, -703.4894, 0.6260,  64, 64, 64
L 591.7124, -683.9858, 0.6350,  591.7124, -699.6812, 0.6350,  64, 64, 64
L 587.4255, -683.9067, 0.6260,  591.7124, -683.9858, 0.6350,  64, 64, 64
L 587.4324, -679.3713, 0.6260,  587.4255, -683.9067, 0.6260,  64, 64, 64
L 591.3750, -679.3437, 0.6260,  587.4324, -679.3713, 0.6260,  64, 64, 64
L 591.3749, -632.1221, 0.6260,  591.3750, -679.3437, 0.6260,  64, 64, 64
L 585.6725, -632.1088, 0.6260,  591.3749, -632.1221, 0.6260,  64, 64, 64
L 585.6403, -627.4022, 0.6260,  585.6725, -632.1088, 0.6260,  64, 64, 64
L 587.9008, -627.4066, 0.6260,  585.6403, -627.4022, 0.6260,  64, 64, 64
L 588.1249, -629.3750, 0.6260,  587.9008, -627.4066, 0.6260,  64, 64, 64
L 601.9076, -629.4097, 0.6260,  588.1249, -629.3750, 0.6260,  64, 64, 64
L 602.1249, -643.3750, 0.6260,  601.9076, -629.4097, 0.6260,  64, 64, 64
L 615.9559, -643.4365, 0.6260,  602.1249, -643.3750, 0.6260,  64, 64, 64
L 616.1219, -656.8477, 0.6260,  615.9559, -643.4365, 0.6260,  0, 127, 0
L 629.3750, -643.5946, 0.6260,  616.1219, -656.8477, 0.6260,  0, 127, 0
L 629.3749, -615.9795, 0.6260,  629.3750, -643.5946, 0.6260,  0, 127, 0
L 601.3817, -601.7892, 0.6260,  615.2350, -573.9724, -11.9595,  0, 127, 0
L 629.3750, -615.9817, 0.6260,  601.3817, -601.7892, 0.6260,  0, 127, 0
L 909.4246, -549.4787, 0.6260,  909.4225, -558.8230, 0.6262,  64, 64, 64
L 915.8184, -549.4600, 0.6260,  909.4246, -549.4787, 0.6260,  64, 64, 64
L 915.8478, -558.8280, 0.6260,  915.8184, -549.4600, 0.6260,  64, 64, 64
L 909.4263, -558.8460, 0.6266,  915.8478, -558.8280, 0.6260,  64, 64, 64
L 923.5811, -569.4791, 0.6260,  925.2499, -569.4447, 0.6260,  64, 64, 64
L 923.5874, -571.7436, 0.6350,  923.5811, -569.4791, 0.6260,  64, 64, 64
L 903.8021, -571.7436, 0.6350,  923.5874, -571.7436, 0.6350,  64, 64, 64
L 903.8410, -569.4746, 0.6260,  903.8021, -571.7436, 0.6350,  64, 64, 64
L 901.4189, -569.4678, 0.6260,  903.8410, -569.4746, 0.6260,  64, 64, 64
L 927.9484, -581.9708, 0.6260,  903.6625, -581.9321, 0.6350,  64, 64, 64
L 927.9215, -523.7799, 0.6350,  927.9484, -581.9708, 0.6260,  64, 64, 64
L 903.8908, -523.7436, 0.6350,  927.9215, -523.7799, 0.6350,  64, 64, 64
L 903.9543, -497.6333, 0.6260,  903.8908, -523.7436, 0.6350,  64, 64, 64
L 901.2848, -497.6546, 0.6260,  903.9543, -497.6333, 0.6260,  64, 64, 64
L 901.4401, -538.1074, 0.6260,  901.2848, -497.6546, 0.6260,  64, 64, 64
L 903.8501, -538.8100, 0.6260,  901.4401, -538.1074, 0.6260,  64, 64, 64
L 903.9999, -536.1562, 0.6260,  903.8501, -538.8100, 0.6260,  64, 64, 64
L 923.2499, -536.1544, 0.6260,  903.9999, -536.1562, 0.6260,  64, 64, 64
L 923.3469, -538.2073, 0.6260,  923.2499, -536.1544, 0.6260,  64, 64, 64
L 925.2499, -538.1562, 0.6260,  923.3469, -538.2073, 0.6260,  64, 64, 64
L 925.2499, -569.4062, 0.6260,  925.2499, -538.1562, 0.6260,  64, 64, 64
L 901.4075, -607.8718, 0.6350,  901.3442, -569.5325, 0.6260,  64, 64, 64
L 903.7124, -607.8379, 0.6350,  901.4075, -607.8718, 0.6350,  64, 64, 64
L 903.6625, -581.8187, 0.6350,  903.7124, -607.8379, 0.6350,  64, 64, 64
L 805.6050, -591.3750, 0.6260,  805.6240, -583.7998, 0.6260,  64, 64, 64
L 797.5970, -583.4062, 0.6260,  804.6468, -583.4062, 0.6260,  64, 64, 64
L 797.6250, -522.1562, 0.6260,  804.7028, -522.1558, 0.6253,  64, 64, 64
L 805.6240, -521.7109, 0.6260,  805.6240, -514.1562, 0.6260,  64, 64, 64
L 866.6484, -591.3750, 2.6257,  866.2812, -591.3750, 0.6260,  64, 64, 64
L 874.2812, -591.3750, 2.6259,  866.6484, -591.3750, 2.6257,  64, 64, 64
L 874.2812, -583.8704, 2.6259,  874.2812, -591.3750, 2.6259,  64, 64, 64
L 874.2812, -583.4062, 0.6260,  874.2812, -583.8704, 2.6259,  64, 64, 64
L 874.2812, -521.7830, 2.6259,  874.2812, -522.1544, 0.6260,  64, 64, 64
L 874.2812, -514.1558, 2.6259,  874.2812, -521.7830, 2.6259,  64, 64, 64
L 866.6407, -514.1562, 2.6252,  874.2812, -514.1558, 2.6259,  64, 64, 64
L 866.2812, -514.1562, 0.6260,  866.6407, -514.1562, 2.6252,  64, 64, 64
L 866.2813, -521.7925, 0.6256,  866.2812, -514.1562, 0.6260,  64, 64, 64
L 866.6476, -522.1561, 0.6258,  866.2813, -521.7925, 0.6256,  64, 64, 64
L 874.2812, -522.1562, 0.6260,  866.6476, -522.1561, 0.6258,  64, 64, 64
L 874.2812, -583.4062, 0.6260,  874.2812, -522.1562, 0.6260,  64, 64, 64
L 866.5634, -583.4178, 0.5954,  874.2812, -583.4062, 0.6260,  64, 64, 64
L 866.2815, -583.7667, 0.6253,  866.5634, -583.4178, 0.5954,  64, 64, 64
L 866.2812, -591.3750, 0.6260,  866.2815, -583.7667, 0.6253,  64, 64, 64
L 841.3413, -591.5462, 0.6260,  866.2812, -591.3750, 0.6260,  64, 64, 64
L 841.3755, -605.9986, 0.6260,  841.3413, -591.5462, 0.6260,  64, 64, 64
L 889.9235, -606.1280, 0.6260,  841.3755, -605.9986, 0.6260,  64, 64, 64
L 889.8414, -499.4864, 0.6260,  889.9235, -606.1280, 0.6260,  64, 64, 64
L 841.4868, -499.4719, 0.6260,  889.8414, -499.4864, 0.6260,  64, 64, 64
L 841.4661, -514.1046, 0.6260,  841.4868, -499.4719, 0.6260,  64, 64, 64
L 866.2812, -514.1556, 0.6260,  841.4661, -514.1046, 0.6260,  64, 64, 64
L 841.2812, -518.1423, -1.3705,  841.2912, -522.1425, -3.3681,  64, 64, 64
L 830.3120, -518.1440, -1.3740,  841.2812, -518.1423, -1.3705,  64, 64, 64
L 841.2812, -520.1417, -2.3740,  830.3120, -520.1303, -2.3317,  64, 64, 64
L 841.3129, -516.1241, -0.3176,  841.2812, -520.1417, -2.3740,  64, 64, 64
L 829.9719, -516.9690, -0.2665,  841.3129, -516.1241, -0.3176,  64, 64, 64
L 829.9486, -516.7360, -0.2339,  829.9464, -522.1434, -3.3717,  64, 64, 64
L 823.5828, -533.4258, -3.3740,  816.4510, -540.5042, -3.3740,  64, 64, 64
L 823.5199, -533.4448, -3.3740,  830.2273, -533.4062, -3.3740,  64, 64, 64
L 816.6446, -542.3079, -2.3799,  825.1820, -533.7415, -2.3791,  64, 64, 64
L 854.7136, -563.2377, -2.3757,  846.1054, -571.8505, -2.3902,  64, 64, 64
L 844.1506, -571.7996, -1.3727,  854.6921, -561.2473, -1.3483,  64, 64, 64
L 854.6807, -559.2693, -0.3724,  842.1826, -571.7664, -0.3703,  64, 64, 64
L 854.7315, -542.3370, -2.3934,  846.1128, -533.7205, -2.3862,  64, 64, 64
L 854.7490, -546.3523, -0.4017,  842.6470, -533.6624, -0.4288,  64, 64, 64
L 854.7528, -544.3546, -1.4074,  855.3120, -544.6733, -3.3740,  64, 64, 64
L 844.7750, -533.6781, -1.4128,  854.7528, -544.3546, -1.4074,  64, 64, 64
L 847.8120, -533.4536, -3.3740,  854.9629, -540.5883, -3.3723,  64, 64, 64
L 829.4871, -533.4062, -3.3740,  847.8120, -533.4536, -3.3740,  64, 64, 64
L 829.2222, -533.6942, -0.4004,  829.4871, -533.4062, -3.3740,  64, 64, 64
L 816.7681, -546.1865, -0.3740,  829.2222, -533.6942, -0.4004,  64, 64, 64
L 816.5553, -544.3834, -1.4468,  827.2213, -533.6955, -1.3995,  64, 64, 64
L 829.1154, -571.7527, -0.3740,  816.6331, -559.2440, -0.3837,  64, 64, 64
L 829.3699, -572.1562, -3.3740,  829.1154, -571.7527, -0.3740,  64, 64, 64
L 827.4715, -572.1562, -3.3740,  829.3699, -572.1562, -3.3740,  64, 64, 64
L 827.1993, -571.8410, -1.3858,  827.4715, -572.1562, -3.3740,  64, 64, 64
L 816.6389, -561.2490, -1.3816,  827.1993, -571.8410, -1.3858,  64, 64, 64
L 825.1774, -571.8156, -2.3778,  816.6467, -563.2563, -2.3793,  64, 64, 64
L 825.2790, -572.1429, -3.3698,  825.1774, -571.8156, -2.3778,  64, 64, 64
L 830.6700, -589.3970, -0.3419,  830.3840, -583.4184, -3.3740,  64, 64, 64
L 841.2812, -587.3871, -1.3740,  841.2355, -583.4184, -3.3740,  64, 64, 64
L 830.3110, -587.3902, -1.3631,  841.2812, -587.3871, -1.3740,  64, 64, 64
L 830.3200, -589.4013, -0.3303,  830.3110, -587.3902, -1.3631,  64, 64, 64
L 830.3120, -585.4188, -2.3727,  830.3200, -589.4013, -0.3303,  64, 64, 64
L 841.2812, -585.4184, -2.3740,  830.3120, -585.4188, -2.3727,  64, 64, 64
L 841.2957, -589.3894, -0.3654,  841.2812, -585.4184, -2.3740,  64, 64, 64
L 830.9100, -589.3953, -0.3469,  841.2957, -589.3894, -0.3654,  64, 64, 64
L 816.5316, -565.1381, -3.3719,  816.5443, -540.4107, -3.3740,  64, 64, 64
L 823.5747, -572.1327, -3.3666,  816.5316, -565.1381, -3.3719,  64, 64, 64
L 847.8233, -572.1032, -3.3740,  823.5747, -572.1327, -3.3666,  64, 64, 64
L 854.9837, -564.9249, -3.3565,  847.8233, -572.1032, -3.3740,  64, 64, 64
L 855.1090, -540.7050, -3.3740,  854.9837, -564.9249, -3.3565,  64, 64, 64
L 801.5020, -542.1562, -1.3740,  801.4830, -563.4062, -1.3716,  64, 64, 64
L 803.5020, -542.1562, -2.3740,  801.5020, -542.1562, -1.3740,  64, 64, 64
L 803.4890, -563.4062, -2.3719,  803.5020, -542.1562, -2.3740,  64, 64, 64
L 805.4670, -563.4121, -3.3614,  803.4890, -563.4062, -2.3719,  64, 64, 64
L 799.3420, -563.4334, -0.3283,  805.4670, -563.4121, -3.3614,  64, 64, 64
L 799.3720, -542.1309, -0.3337,  799.3420, -563.4334, -0.3283,  64, 64, 64
L 805.6240, -522.1562, -3.3740,  805.6080, -583.4062, -3.3740,  64, 64, 64
L 866.2812, -522.1562, -3.3740,  805.6240, -522.1562, -3.3740,  64, 64, 64
L 866.2812, -583.4062, -3.3740,  866.2812, -522.1562, -3.3740,  64, 64, 64
L 805.5840, -583.4062, -3.3740,  866.2812, -583.4062, -3.3740,  64, 64, 64
L 805.4880, -542.1852, -3.3685,  805.5840, -583.4062, -3.3740,  64, 64, 64
L 799.3790, -542.1316, -0.3352,  805.4880, -542.1852, -3.3685,  64, 64, 64
L 713.3437, -489.4375, -9.4681,  685.9048, -489.4375, -16.7566,  0, 127, 0
L 713.7894, -489.4442, -8.3124,  713.3437, -489.4375, -9.4681,  0, 127, 0
L 728.9340, -545.7197, -3.7157,  713.7894, -489.4442, -8.3124,  0, 127, 0
L 741.9877, -587.3750, 0.6260,  728.9340, -545.7197, -3.7157,  0, 127, 0
L 769.5330, -587.3750, 0.6260,  741.9877, -587.3750, 0.6260,  0, 127, 0
L 782.7830, -574.1553, 10.4868,  769.5330, -587.3750, 0.6260,  0, 127, 0
L 769.3495, -573.9736, 0.6260,  782.7830, -574.1553, 10.4868,  64, 64, 64
L 755.5012, -559.4047, 0.6260,  769.3495, -573.9736, 0.6260,  64, 64, 64
L 767.3125, -559.4062, 0.6260,  755.5012, -559.4047, 0.6260,  64, 64, 64
L 767.3541, -557.6094, 0.6260,  767.3125, -559.4062, 0.6260,  64, 64, 64
L 773.4890, -557.6812, 0.6260,  767.3541, -557.6094, 0.6260,  64, 64, 64
L 773.5800, -563.4062, 0.6260,  773.4890, -557.6812, 0.6260,  64, 64, 64
L 797.7000, -563.5280, 0.6260,  773.5800, -563.4062, 0.6260,  64, 64, 64
L 797.6250, -583.4062, 0.6260,  797.7000, -563.5280, 0.6260,  64, 64, 64
L 797.6250, -583.8708, 2.6259,  797.6250, -583.4062, 0.6260,  64, 64, 64
L 797.6050, -591.3750, 2.6259,  797.6250, -583.8708, 2.6259,  64, 64, 64
L 804.5792, -591.3750, 2.6259,  797.6050, -591.3750, 2.6259,  64, 64, 64
L 805.6240, -591.3750, 0.6260,  804.5792, -591.3750, 2.6259,  64, 64, 64
L 829.9781, -591.5575, 0.6260,  805.6240, -591.3750, 0.6260,  64, 64, 64
L 830.2900, -617.3750, 0.6260,  829.9781, -591.5575, 0.6260,  64, 64, 64
L 939.2500, -617.3750, 0.6260,  830.2900, -617.3750, 0.6260,  64, 64, 64
L 939.2500, -488.1850, 0.6260,  939.2500, -617.3750, 0.6260,  64, 64, 64
L 830.3120, -488.1875, 0.6260,  939.2500, -488.1850, 0.6260,  64, 64, 64
L 829.9442, -514.2140, 0.6260,  830.3120, -488.1875, 0.6260,  64, 64, 64
L 805.6240, -514.1562, 0.6260,  829.9442, -514.2140, 0.6260,  64, 64, 64
L 804.5874, -514.1562, 2.6259,  805.6240, -514.1562, 0.6260,  64, 64, 64
L 797.6250, -514.1562, 2.6259,  804.5874, -514.1562, 2.6259,  64, 64, 64
L 797.6250, -521.7014, 2.6259,  797.6250, -514.1562, 2.6259,  64, 64, 64
L 797.6250, -522.1562, 0.6260,  797.6250, -521.7014, 2.6259,  64, 64, 64
L 796.9306, -542.6660, 0.6260,  797.6250, -522.1562, 0.6260,  64, 64, 64
L 773.6240, -542.1562, 0.6260,  796.9306, -542.6660, 0.6260,  64, 64, 64
L 772.9772, -548.1930, 0.6260,  773.6240, -542.1562, 0.6260,  64, 64, 64
L 767.4865, -548.9780, 0.6260,  772.9772, -548.1930, 0.6260,  64, 64, 64
L 767.3124, -546.1540, 0.6260,  767.4865, -548.9780, 0.6260,  64, 64, 64
L 755.2653, -546.1209, 0.6260,  767.3124, -546.1540, 0.6260,  64, 64, 64
L 769.5976, -531.4171, 0.6260,  755.2653, -546.1209, 0.6260,  64, 64, 64
L 782.7821, -531.4062, 10.4861,  769.5976, -531.4171, 0.6260,  64, 64, 64
L 769.4636, -518.8860, 0.6260,  782.7821, -531.4062, 10.4861,  0, 127, 0
L 741.5596, -504.1521, 0.5827,  769.4636, -518.8860, 0.6260,  0, 127, 0
L 727.4868, -476.1874, -3.9102,  741.5596, -504.1521, 0.5827,  0, 127, 0
L 713.9768, -476.1875, -8.2523,  727.4868, -476.1874, -3.9102,  0, 127, 0
L 713.3437, -475.9669, -9.4681,  713.9768, -476.1875, -8.2523,  0, 127, 0
L 685.3600, -448.2746, -17.5438,  713.3437, -475.9669, -9.4681,  0, 127, 0
L 673.6372, -461.3768, -23.5355,  685.3600, -448.2746, -17.5438,  0, 127, 0
L 685.7418, -489.4375, -16.7039,  673.6372, -461.3768, -23.5355,  0, 127, 0
L 587.5608, -407.1675, 14.6259,  595.6850, -407.4140, 14.6259,  64, 64, 64
L 587.4995, -399.5647, 14.6259,  587.5608, -407.1675, 14.6259,  64, 64, 64
L 595.3440, -399.5994, 14.6259,  587.4995, -399.5647, 14.6259,  64, 64, 64
L 595.3630, -407.8560, 14.6259,  595.3440, -399.5994, 14.6259,  64, 64, 64
L 608.4510, -399.6172, 14.6259,  608.4514, -407.7060, 14.6259,  64, 64, 64
L 616.1350, -399.5769, 14.6259,  608.4510, -399.6172, 14.6259,  64, 64, 64
L 616.7150, -407.3660, 14.6259,  616.1350, -399.5769, 14.6259,  64, 64, 64
L 608.4296, -407.3870, 14.6259,  616.7150, -407.3660, 14.6259,  64, 64, 64
L 577.4062, -447.8118, 19.9473,  577.5598, -448.1875, 15.6259,  64, 64, 64
L 577.4062, -425.9764, 32.6066,  577.4062, -447.8118, 19.9473,  64, 64, 64
L 577.4099, -421.7903, 32.6259,  577.4062, -425.9764, 32.6066,  64, 64, 64
L 626.1250, -421.8661, 32.6259,  625.8451, -421.4687, 28.6260,  64, 64, 64
L 626.1249, -425.9096, 32.6242,  626.1250, -421.8661, 32.6259,  64, 64, 64
L 626.1249, -447.8163, 20.8700,  626.1249, -425.9096, 32.6242,  64, 64, 64
L 625.7780, -448.1875, 15.6259,  626.1249, -447.8163, 20.8700,  64, 64, 64
L 634.5220, -421.1505, 31.8290,  634.3750, -420.9979, 28.6260,  64, 64, 64
L 635.3750, -421.9990, 32.6259,  634.5220, -421.1505, 31.8290,  64, 64, 64
L 635.3750, -425.9540, 32.5863,  635.3750, -421.9990, 32.6259,  64, 64, 64
L 635.3750, -447.6571, 20.4400,  635.3750, -425.9540, 32.5863,  64, 64, 64
L 634.8458, -448.1863, 15.6259,  635.3750, -447.6571, 20.4400,  64, 64, 64
L 593.9986, -431.5482, 27.6260,  594.1520, -440.5340, 27.6419,  64, 64, 64
L 587.5230, -431.5138, 27.6260,  593.9986, -431.5482, 27.6260,  64, 64, 64
L 587.4818, -440.7470, 27.6260,  587.5230, -431.5138, 27.6260,  64, 64, 64
L 593.9986, -440.7670, 27.6260,  587.4818, -440.7470, 27.6260,  64, 64, 64
L 597.2454, -449.2284, 27.6260,  606.2868, -449.1587, 27.6260,  64, 64, 64
L 597.2939, -456.1530, 27.6260,  597.2454, -449.2284, 27.6260,  64, 64, 64
L 606.8360, -456.4300, 27.6260,  597.2939, -456.1530, 27.6260,  64, 64, 64
L 606.4380, -449.4725, 27.6260,  606.8360, -456.4300, 27.6260,  64, 64, 64
L 609.5398, -440.1082, 27.6260,  609.4973, -431.4639, 27.6260,  64, 64, 64
L 616.3400, -440.1465, 27.6260,  609.5398, -440.1082, 27.6260,  64, 64, 64
L 616.4980, -431.5874, 27.6260,  616.3400, -440.1465, 27.6260,  64, 64, 64
L 609.4568, -431.5985, 27.6260,  616.4980, -431.5874, 27.6260,  64, 64, 64
L 607.4787, -430.5360, 27.6260,  607.3894, -422.2042, 27.6341,  64, 64, 64
L 619.6018, -430.1700, 27.6438,  607.4787, -430.5360, 27.6260,  64, 64, 64
L 621.4139, -431.9517, 27.6977,  619.6018, -430.1700, 27.6438,  64, 64, 64
L 621.3995, -439.6673, 27.6647,  621.4139, -431.9517, 27.6977,  64, 64, 64
L 619.5996, -441.4495, 27.6260,  621.3995, -439.6673, 27.6647,  64, 64, 64
L 607.4179, -441.4200, 27.6260,  619.5996, -441.4495, 27.6260,  64, 64, 64
L 607.3953, -459.6655, 27.6529,  607.4179, -441.4200, 27.6260,  64, 64, 64
L 605.5996, -461.4495, 27.6260,  607.3953, -459.6655, 27.6529,  64, 64, 64
L 597.8998, -461.4503, 27.6283,  605.5996, -461.4495, 27.6260,  64, 64, 64
L 596.9320, -459.6702, 27.6818,  597.8998, -461.4503, 27.6283,  64, 64, 64
L 596.5240, -441.6120, 27.6260,  596.9320, -459.6702, 27.6818,  64, 64, 64
L 583.9311, -441.4504, 27.6291,  596.5240, -441.6120, 27.6260,  64, 64, 64
L 582.1127, -439.6750, 27.7066,  583.9311, -441.4504, 27.6291,  64, 64, 64
L 582.1132, -431.9499, 27.7057,  582.1127, -439.6750, 27.7066,  64, 64, 64
L 583.9257, -430.1614, 27.6683,  582.1132, -431.9499, 27.7057,  64, 64, 64
L 596.7390, -430.1046, 27.6260,  583.9257, -430.1614, 27.6683,  64, 64, 64
L 596.1106, -422.2044, 27.6336,  596.7390, -430.1046, 27.6260,  64, 64, 64
L 627.1249, -425.8419, 28.6260,  627.1249, -447.8136, 15.9307,  64, 64, 64
L 627.9100, -421.6879, 28.6260,  627.1249, -425.8419, 28.6260,  64, 64, 64
L 623.4149, -421.6750, 28.6260,  627.9100, -421.6879, 28.6260,  64, 64, 64
L 623.3750, -447.7237, 28.6260,  623.4149, -421.6750, 28.6260,  64, 64, 64
L 615.5181, -463.4375, 28.6260,  623.3750, -447.7237, 28.6260,  64, 64, 64
L 587.9806, -463.4375, 28.6260,  615.5181, -463.4375, 28.6260,  64, 64, 64
L 580.1562, -447.7243, 28.6260,  587.9806, -463.4375, 28.6260,  64, 64, 64
L 579.9412, -421.5045, 28.6260,  580.1562, -447.7243, 28.6260,  64, 64, 64
L 576.4770, -421.6243, 28.6260,  579.9412, -421.5045, 28.6260,  64, 64, 64
L 576.4062, -425.8532, 28.6256,  576.4770, -421.6243, 28.6260,  64, 64, 64
L 576.4062, -447.7701, 15.9560,  576.4062, -425.8532, 28.6256,  64, 64, 64
L 569.1562, -425.9123, 28.6100,  569.1562, -447.8147, 15.9301,  64, 64, 64
L 569.1562, -420.9990, 28.6260,  569.1562, -425.9123, 28.6100,  64, 64, 64
L 578.3200, -412.1519, 28.6260,  569.1562, -420.9990, 28.6260,  64, 64, 64
L 580.1430, -411.1374, 28.6260,  578.3200, -412.1519, 28.6260,  64, 64, 64
L 587.9063, -403.2187, 28.6260,  580.1430, -411.1374, 28.6260,  64, 64, 64
L 615.5946, -403.2187, 28.6260,  587.9063, -403.2187, 28.6260,  64, 64, 64
L 623.4423, -411.6630, 28.6260,  615.5946, -403.2187, 28.6260,  64, 64, 64
L 625.5257, -412.1508, 28.6260,  623.4423, -411.6630, 28.6260,  64, 64, 64
L 634.3750, -420.9990, 28.6260,  625.5257, -412.1508, 28.6260,  64, 64, 64
L 634.3750, -425.8706, 28.6236,  634.3750, -420.9990, 28.6260,  64, 64, 64
L 634.3804, -447.8759, 15.8948,  634.3750, -425.8706, 28.6236,  64, 64, 64
L 587.9052, -467.4372, 16.6260,  615.5946, -467.4375, 16.6260,  64, 64, 64
L 596.9338, -422.1705, 15.6259,  596.9184, -417.4812, 14.6259,  64, 64, 64
L 606.5452, -422.1578, 15.6259,  606.5904, -417.5043, 14.6259,  64, 64, 64
L 618.3871, -422.2187, 15.6259,  606.5452, -422.1578, 15.6259,  64, 64, 64
L 618.3745, -427.1272, 15.6259,  618.3871, -422.2187, 15.6259,  64, 64, 64
L 623.3750, -427.2060, 15.6259,  618.3745, -427.1272, 15.6259,  64, 64, 64
L 623.5109, -448.1014, 15.6259,  623.3750, -427.2060, 15.6259,  64, 64, 64
L 634.8446, -448.1875, 15.6259,  623.5109, -448.1014, 15.6259,  64, 64, 64
L 616.8330, -466.9488, 15.6489,  634.8446, -448.1875, 15.6259,  64, 64, 64
L 616.9770, -461.7094, 15.6266,  616.8330, -466.9488, 15.6489,  64, 64, 64
L 609.8709, -455.4708, 15.6279,  616.9770, -461.7094, 15.6266,  64, 64, 64
L 593.6141, -455.4759, 15.6259,  609.8709, -455.4708, 15.6279,  64, 64, 64
L 587.3233, -461.8145, 15.6259,  593.6141, -455.4759, 15.6259,  64, 64, 64
L 587.2255, -466.9368, 15.6259,  587.3233, -461.8145, 15.6259,  64, 64, 64
L 568.2945, -448.1310, 15.6340,  587.2255, -466.9368, 15.6259,  64, 64, 64
L 580.5990, -448.6330, 15.6259,  568.2945, -448.1310, 15.6340,  64, 64, 64
L 580.1562, -427.2026, 15.6399,  580.5990, -448.6330, 15.6259,  64, 64, 64
L 585.1041, -427.6300, 15.6309,  580.1562, -427.2026, 15.6399,  64, 64, 64
L 585.1440, -422.2187, 15.6259,  585.1041, -427.6300, 15.6309,  64, 64, 64
L 596.9872, -422.1342, 15.6259,  585.1440, -422.2187, 15.6259,  64, 64, 64
L 609.4000, -417.5679, 14.6259,  609.1231, -419.4687, 14.6259,  64, 64, 64
L 594.3750, -419.4687, 14.6259,  594.4805, -417.5828, 14.6259,  64, 64, 64
L 565.5529, -419.5461, 14.6259,  594.3750, -419.4687, 14.6259,  64, 64, 64
L 565.5439, -424.1340, 14.6259,  565.5529, -419.5461, 14.6259,  64, 64, 64
L 566.4062, -424.2180, 14.6259,  565.5439, -424.1340, 14.6259,  64, 64, 64
L 566.4062, -443.4375, 14.6259,  566.4062, -424.2180, 14.6259,  64, 64, 64
L 565.4321, -443.6754, 14.6259,  566.4062, -443.4375, 14.6259,  64, 64, 64
L 565.4246, -447.9286, 14.6259,  565.4321, -443.6754, 14.6259,  64, 64, 64
L 587.5919, -470.1524, 14.6259,  565.4246, -447.9286, 14.6259,  64, 64, 64
L 591.9285, -470.1422, 14.6259,  587.5919, -470.1524, 14.6259,  64, 64, 64
L 592.1249, -469.1875, 14.6259,  591.9285, -470.1422, 14.6259,  64, 64, 64
L 611.3750, -469.1875, 14.6259,  592.1249, -469.1875, 14.6259,  64, 64, 64
L 611.6086, -470.1598, 14.6259,  611.3750, -469.1875, 14.6259,  64, 64, 64
L 615.9071, -470.1528, 14.6259,  611.6086, -470.1598, 14.6259,  64, 64, 64
L 638.1163, -447.8926, 14.6259,  615.9071, -470.1528, 14.6259,  64, 64, 64
L 638.1670, -443.5489, 14.6259,  638.1163, -447.8926, 14.6259,  64, 64, 64
L 637.1235, -443.4375, 14.6259,  638.1670, -443.5489, 14.6259,  64, 64, 64
L 637.1250, -424.2187, 14.6259,  637.1235, -443.4375, 14.6259,  64, 64, 64
L 638.3980, -424.8170, 14.6259,  637.1250, -424.2187, 14.6259,  64, 64, 64
L 638.8270, -419.6707, 14.6259,  638.3980, -424.8170, 14.6259,  64, 64, 64
L 609.1223, -419.4687, 14.6259,  638.8270, -419.6707, 14.6259,  64, 64, 64
L 571.5533, -335.5846, -7.3739,  560.5390, -322.1324, -7.3739,  0, 127, 0
L 589.6864, -349.7024, -7.3739,  571.5533, -335.5846, -7.3739,  0, 127, 0
L 591.3750, -349.8716, -7.3739,  589.6864, -349.7024, -7.3739,  0, 127, 0
L 591.3750, -391.9495, 14.6259,  591.3750, -349.8716, -7.3739,  64, 64, 64
L 610.1249, -349.8620, -7.3739,  610.1249, -391.8242, 14.6248,  64, 64, 64
L 610.4880, -347.6485, -7.3739,  610.1249, -349.8620, -7.3739,  0, 127, 0
L 607.4640, -347.6322, -7.3739,  610.4880, -347.6485, -7.3739,  0, 127, 0
L 607.3750, -349.8125, -7.3739,  607.4640, -347.6322, -7.3739,  0, 127, 0
L 607.3750, -361.6274, 1.9665,  607.3750, -349.8125, -7.3739,  64, 64, 64
L 607.3750, -373.7108, 10.5519,  607.3750, -361.6274, 1.9665,  64, 64, 64
L 607.3750, -385.7363, 14.5831,  607.3750, -373.7108, 10.5519,  64, 64, 64
L 607.5166, -394.1372, 14.6259,  607.3750, -385.7363, 14.5831,  64, 64, 64
L 609.9145, -394.1807, 14.6259,  607.5166, -394.1372, 14.6259,  64, 64, 64
L 610.1249, -392.1743, 14.6259,  609.9145, -394.1807, 14.6259,  64, 64, 64
L 616.1028, -392.2096, 14.6259,  610.1249, -392.1743, 14.6259,  64, 64, 64
L 643.5284, -419.7393, 15.3400,  616.1028, -392.2096, 14.6259,  64, 64, 64
L 643.7267, -447.4175, 14.6259,  643.5284, -419.7393, 15.3400,  64, 64, 64
L 615.4120, -475.5642, 14.6259,  643.7267, -447.4175, 14.6259,  64, 64, 64
L 587.6861, -475.6016, 14.6259,  615.4120, -475.5642, 14.6259,  64, 64, 64
L 560.7860, -448.2096, 14.6259,  587.6861, -475.6016, 14.6259,  64, 64, 64
L 560.1665, -419.6428, 14.6259,  560.7860, -448.2096, 14.6259,  64, 64, 64
L 587.7998, -391.9057, 14.6259,  560.1665, -419.6428, 14.6259,  64, 64, 64
L 591.3750, -391.8933, 14.6259,  587.7998, -391.9057, 14.6259,  64, 64, 64
L 591.4216, -394.2480, 14.6259,  591.3750, -391.8933, 14.6259,  64, 64, 64
L 594.1099, -393.9490, 14.6259,  591.4216, -394.2480, 14.6259,  64, 64, 64
L 594.1249, -385.4956, 13.9092,  594.1099, -393.9490, 14.6259,  64, 64, 64
L 594.1249, -373.6904, 9.9649,  594.1249, -385.4956, 13.9092,  64, 64, 64
L 594.1249, -361.7047, 2.5409,  594.1249, -373.6904, 9.9649,  64, 64, 64
L 594.1249, -349.9087, -7.3042,  594.1249, -361.7047, 2.5409,  64, 64, 64
L 594.1887, -347.4010, -7.3739,  594.1249, -349.9087, -7.3042,  0, 127, 0
L 591.4654, -347.4714, -7.3739,  594.1887, -347.4010, -7.3739,  0, 127, 0
L 591.3750, -349.8663, -7.3739,  591.4654, -347.4714, -7.3739,  0, 127, 0
L 788.4112, -412.9730, -7.3739,  788.4820, -405.5298, -7.3739,  64, 64, 64
L 797.3125, -412.2187, -7.3739,  788.4112, -412.9730, -7.3739,  64, 64, 64
L 797.3659, -426.1123, -7.3739,  797.3125, -412.2187, -7.3739,  64, 64, 64
L 811.9473, -426.1141, -7.3739,  797.3659, -426.1123, -7.3739,  64, 64, 64
L 812.6240, -398.2187, -7.3739,  811.9473, -426.1141, -7.3739,  64, 64, 64
L 881.2812, -364.2187, -7.3739,  881.2812, -391.4687, -7.3739,  64, 64, 64
L 864.3588, -364.2187, -7.3739,  881.2812, -364.2187, -7.3739,  64, 64, 64
L 864.3152, -366.3673, -7.3739,  864.4040, -364.2187, -7.3739,  64, 64, 64
L 840.3120, -366.5185, -7.3739,  864.3152, -366.3673, -7.3739,  64, 64, 64
L 840.3120, -391.4687, -7.3739,  840.3120, -366.5185, -7.3739,  64, 64, 64
L 841.9348, -391.5928, -7.3739,  840.3120, -391.4687, -7.3739,  64, 64, 64
L 841.9580, -398.6630, -7.3739,  841.9348, -391.5928, -7.3739,  64, 64, 64
L 812.6240, -398.2187, -7.3739,  841.9580, -398.6630, -7.3739,  64, 64, 64
L 344.2377, -507.5749, 2.6261,  344.2368, -499.8784, 2.6293,  64, 64, 64
L 346.2832, -507.6292, 1.6259,  346.2219, -499.6598, 1.5034,  64, 64, 64
L 348.1700, -499.6016, 0.6263,  348.2219, -507.9152, 0.6294,  64, 64, 64
L 341.5568, -499.6138, 0.6260,  348.1700, -499.6016, 0.6263,  64, 64, 64
L 341.5812, -508.3910, 0.6260,  341.5568, -499.6138, 0.6260,  64, 64, 64
L 348.1820, -508.5800, 0.6260,  341.5812, -508.3910, 0.6260,  64, 64, 64
L 435.4375, -480.1746, -3.3740,  435.4375, -474.1859, -0.3740,  64, 64, 64
L 467.5853, -499.1109, 0.6260,  467.6250, -489.9991, 0.3135,  64, 64, 64
L 467.5799, -499.1068, 0.6260,  472.3690, -499.1129, 0.6260,  64, 64, 64
L 472.3550, -499.1139, 0.6260,  472.5090, -496.1875, 0.6260,  64, 64, 64
L 472.1768, -496.1875, 0.6260,  476.1625, -496.1875, 0.5457,  64, 64, 64
L 504.1630, -531.4061, -6.9356,  476.2549, -531.5530, 0.5234,  0, 127, 0
L 448.1875, -518.1209, 28.6949,  448.1875, -532.8031, 0.6260,  0, 0, 0
L 448.1875, -489.8736, 28.7073,  448.1875, -518.1209, 28.6949,  0, 0, 0
L 448.1875, -476.1875, 1.5745,  448.1875, -489.8736, 28.7073,  0, 0, 0
L 475.7384, -559.3250, 0.6260,  503.2069, -531.8563, 0.6260,  0, 127, 0
L 448.1888, -545.5502, 0.6260,  475.7384, -559.3250, 0.6260,  0, 127, 0
L 448.1875, -532.8876, 0.6260,  448.1888, -545.5502, 0.6260,  0, 127, 0
L 476.2049, -532.9266, 0.6260,  448.1875, -532.8876, 0.6260,  64, 64, 64
L 476.1789, -511.4723, 0.5417,  476.2049, -532.9266, 0.6260,  64, 64, 64
L 472.9440, -511.4062, 0.6260,  476.1789, -511.4723, 0.5417,  64, 64, 64
L 472.1168, -508.5620, 0.6260,  472.9440, -511.4062, 0.6260,  64, 64, 64
L 467.4429, -508.6141, 0.6260,  472.1168, -508.5620, 0.6260,  64, 64, 64
L 467.4375, -517.4062, 0.6260,  467.4429, -508.6141, 0.6260,  64, 64, 64
L 443.7257, -517.4163, 0.5998,  467.4375, -517.4062, 0.6260,  64, 64, 64
L 435.4375, -478.1745, -2.3740,  404.2187, -478.1696, -2.3546,  64, 64, 64
L 435.4375, -480.1743, -3.3740,  435.4375, -478.1745, -2.3740,  64, 64, 64
L 404.2187, -480.1752, -3.3736,  435.4375, -480.1743, -3.3740,  64, 64, 64
L 404.2187, -474.1875, -0.3740,  404.2187, -480.1752, -3.3736,  64, 64, 64
L 404.2187, -476.1746, -1.3715,  404.2187, -474.1875, -0.3740,  64, 64, 64
L 435.4375, -476.1738, -1.3736,  404.2187, -476.1746, -1.3715,  64, 64, 64
L 435.4375, -474.1852, -0.3740,  435.4375, -476.1738, -1.3736,  64, 64, 64
L 404.2187, -474.1875, -0.3740,  435.4375, -474.1852, -0.3740,  64, 64, 64
L 402.2065, -482.1875, -3.3740,  404.2187, -480.1752, -3.3738,  64, 64, 64
L 395.8516, -521.2589, 0.6258,  384.2187, -509.6259, 0.6260,  64, 64, 64
L 398.2065, -482.1875, -1.3740,  398.2056, -525.4062, -1.3738,  64, 64, 64
L 396.2187, -482.1875, -0.3740,  398.2065, -482.1875, -1.3740,  64, 64, 64
L 396.2176, -525.4062, -0.3740,  396.2187, -482.1875, -0.3740,  64, 64, 64
L 402.2056, -525.4062, -3.3740,  396.2176, -525.4062, -0.3740,  64, 64, 64
L 400.2051, -525.4062, -2.3725,  402.2056, -525.4062, -3.3740,  64, 64, 64
L 400.2046, -482.1875, -2.3666,  400.2051, -525.4062, -2.3725,  64, 64, 64
L 402.2065, -482.1875, -3.3740,  400.2046, -482.1875, -2.3666,  64, 64, 64
L 396.2187, -482.1875, -0.3740,  402.2065, -482.1875, -3.3740,  64, 64, 64
L 384.2187, -497.9678, 0.6260,  395.9778, -486.2085, 0.5499,  64, 64, 64
L 384.2187, -509.6259, 0.6260,  384.2187, -497.9678, 0.6260,  64, 64, 64
L 425.4687, -557.4062, 0.6260,  425.4708, -533.7309, 0.6177,  64, 64, 64
L 360.2178, -557.4062, 0.6260,  425.4687, -557.4062, 0.6260,  64, 64, 64
L 360.9660, -521.5042, 0.6260,  360.2178, -557.4062, 0.6260,  64, 64, 64
L 347.9981, -521.4062, 0.6260,  360.9660, -521.5042, 0.6260,  64, 64, 64
L 340.1225, -515.4981, 0.6260,  347.9981, -521.4062, 0.6260,  64, 64, 64
L 334.2497, -509.6258, 0.6260,  340.1225, -515.4981, 0.6260,  64, 64, 64
L 334.2500, -497.9678, 0.6260,  334.2497, -509.6258, 0.6260,  64, 64, 64
L 340.1211, -492.9660, 0.6260,  334.2500, -497.9678, 0.6260,  64, 64, 64
L 347.9997, -486.1875, 0.6260,  340.1211, -492.9660, 0.6260,  64, 64, 64
L 360.1616, -486.1130, 0.6260,  347.9997, -486.1875, 0.6260,  64, 64, 64
L 360.9160, -445.5310, 0.6260,  360.1616, -486.1130, 0.6260,  64, 64, 64
L 357.6168, -445.5138, 0.6260,  360.9160, -445.5310, 0.6260,  64, 64, 64
L 357.4687, -469.4375, 0.6260,  357.6168, -445.5138, 0.6260,  64, 64, 64
L 336.4714, -469.4705, 0.5635,  357.4687, -469.4375, 0.6260,  64, 64, 64
L 334.2500, -468.1216, 0.6260,  336.4714, -469.4705, 0.5635,  64, 64, 64
L 334.2500, -434.1875, 0.6260,  334.2500, -468.1216, 0.6260,  64, 64, 64
L 357.4687, -434.1875, 0.6260,  334.2500, -434.1875, 0.6260,  64, 64, 64
L 357.6138, -436.1086, 0.6260,  357.4687, -434.1875, 0.6260,  64, 64, 64
L 360.1277, -436.5720, 0.6260,  357.6138, -436.1086, 0.6260,  64, 64, 64
L 360.2187, -434.1875, 0.6260,  360.1277, -436.5720, 0.6260,  64, 64, 64
L 425.4687, -434.1875, 0.6260,  360.2187, -434.1875, 0.6260,  64, 64, 64
L 425.6598, -436.1392, 0.6260,  425.4687, -434.1875, 0.6260,  64, 64, 64
L 428.4460, -436.1290, 0.6260,  425.6598, -436.1392, 0.6260,  64, 64, 64
L 428.2187, -434.1875, 0.6260,  428.4460, -436.1290, 0.6260,  64, 64, 64
L 463.4375, -434.1875, 0.6260,  428.2187, -434.1875, 0.6260,  64, 64, 64
L 463.4375, -469.4375, 0.6260,  463.4375, -434.1875, 0.6260,  64, 64, 64
L 429.8050, -469.4375, 0.6853,  463.4375, -469.4375, 0.6260,  64, 64, 64
L 428.2187, -468.2000, 0.6260,  429.8050, -469.4375, 0.6853,  64, 64, 64
L 428.1582, -445.6082, 0.6260,  428.2187, -468.2000, 0.6260,  64, 64, 64
L 371.5566, -445.5711, 0.6260,  428.1582, -445.6082, 0.6260,  64, 64, 64
L 371.5806, -450.7970, 0.6260,  371.5566, -445.5711, 0.6260,  64, 64, 64
L 425.4687, -450.1875, 0.6260,  371.5806, -450.7970, 0.6260,  64, 64, 64
L 425.4687, -473.7466, 0.6260,  425.4687, -450.1875, 0.6260,  64, 64, 64
L 414.1632, -461.4877, 0.6260,  414.2187, -473.7916, 0.6260,  64, 64, 64
L 371.5158, -461.6304, 0.6260,  414.1632, -461.4877, 0.6260,  64, 64, 64
L 371.5781, -546.4610, 0.6260,  371.5158, -461.6304, 0.6260,  64, 64, 64
L 414.7270, -546.7820, 0.6260,  371.5781, -546.4610, 0.6260,  64, 64, 64
L 414.2187, -533.7945, 0.6260,  414.7270, -546.7820, 0.6260,  64, 64, 64
L 404.2187, -531.4224, -1.3597,  404.2187, -533.4062, -0.3740,  64, 64, 64
L 435.4375, -531.4184, -1.3740,  404.2187, -531.4224, -1.3597,  64, 64, 64
L 435.4375, -529.4184, -2.3740,  435.4375, -531.4184, -1.3740,  64, 64, 64
L 404.2187, -529.4199, -2.3681,  435.4375, -529.4184, -2.3740,  64, 64, 64
L 404.2187, -527.4184, -3.3740,  404.2187, -529.4199, -2.3681,  64, 64, 64
L 404.2187, -533.4062, -0.3740,  404.2187, -527.4184, -3.3740,  64, 64, 64
L 435.4375, -533.4062, -0.3740,  404.2187, -533.4062, -0.3740,  64, 64, 64
L 435.4375, -527.4184, -3.3740,  435.4375, -533.4062, -0.3740,  64, 64, 64
L 437.4497, -525.4062, -3.3740,  435.4375, -527.4184, -3.3740,  64, 64, 64
L 435.4375, -480.1741, -3.3740,  437.4497, -482.1875, -3.3740,  64, 64, 64
L 435.4375, -478.1739, -2.3740,  435.4375, -480.1741, -3.3740,  64, 64, 64
L 435.4375, -480.1727, -3.3730,  435.4375, -478.1739, -2.3740,  64, 64, 64
L 404.2187, -480.1752, -3.3740,  435.4375, -480.1727, -3.3730,  64, 64, 64
L 402.2046, -525.4062, -3.3738,  402.2038, -482.1875, -3.3641,  64, 64, 64
L 404.9640, -525.5041, -3.3740,  402.2046, -525.4062, -3.3738,  64, 64, 64
L 404.2187, -527.4211, -3.3641,  404.9640, -525.5041, -3.3740,  64, 64, 64
L 435.4374, -527.4184, -3.3740,  404.2187, -527.4211, -3.3641,  64, 64, 64
L 437.4495, -482.1875, -3.3740,  437.4497, -525.4062, -3.3740,  64, 64, 64
L 439.4495, -482.1875, -2.3740,  437.4495, -482.1875, -3.3740,  64, 64, 64
L 439.4495, -525.4062, -2.3740,  439.4495, -482.1875, -2.3740,  64, 64, 64
L 437.4495, -525.4062, -3.3740,  439.4495, -525.4062, -2.3740,  64, 64, 64
L 443.4375, -525.4062, -0.3740,  437.4495, -525.4062, -3.3740,  64, 64, 64
L 441.4495, -525.4062, -1.3740,  443.4375, -525.4062, -0.3740,  64, 64, 64
L 441.4495, -482.1875, -1.3740,  441.4495, -525.4062, -1.3740,  64, 64, 64
L 443.4375, -482.1875, -0.3740,  437.4495, -482.1875, -3.3740,  64, 64, 64
L 443.4375, -525.4062, -0.3740,  443.4375, -482.1875, -0.3740,  64, 64, 64
L 783.8789, -504.1915, 84.5947,  797.6588, -531.7519, 84.5942,  0, 0, 0
L 797.4400, -450.3681, 111.3837,  783.8789, -504.1915, 84.5947,  0, 0, 0
L 853.3591, -378.2182, 84.7507,  797.4400, -450.3681, 111.3837,  0, 0, 0
L 853.6576, -336.1019, 84.5947,  853.3591, -378.2182, 84.7507,  0, 0, 0
L 825.7338, -280.1810, 98.5632,  853.6576, -336.1019, 84.5947,  0, 0, 0
L 769.4003, -265.9936, 98.5180,  825.7338, -280.1810, 98.5632,  0, 0, 0
L 727.4326, -279.7509, 84.5938,  769.4003, -265.9936, 98.5180,  0, 0, 0
L 727.6567, -279.8621, 84.5939,  727.4326, -279.7509, 84.5938,  0, 127, 0
L 670.9012, -251.8996, 84.5945,  727.6567, -279.8621, 84.5939,  0, 0, 0
L 615.5907, -251.9404, 84.5947,  670.9012, -251.8996, 84.5945,  0, 0, 0
L 559.8609, -265.8765, 84.5944,  615.5907, -251.9404, 84.5947,  0, 0, 0
L 532.2024, -293.4692, 84.5943,  559.8609, -265.8765, 84.5944,  0, 0, 0
L 503.9268, -349.6093, 84.5939,  532.2024, -293.4692, 84.5943,  0, 0, 0
L 503.8004, -475.5362, 84.5943,  503.9268, -349.6093, 84.5939,  0, 0, 0
L 490.6950, -448.3528, 84.5943,  503.8004, -475.5362, 84.5943,  0, 0, 0
L 419.9246, -447.8210, 84.5944,  490.6950, -448.3528, 84.5943,  0, 0, 0
L 419.9323, -573.8990, 85.2110,  419.9246, -447.8210, 84.5944,  0, 0, 0
L 461.8136, -629.7414, 126.5634,  419.9323, -573.8990, 85.2110,  0, 0, 0
L 504.2031, -658.1358, 84.5947,  461.8136, -629.7414, 126.5634,  0, 0, 0
L 531.7005, -685.6381, 84.5947,  504.2031, -658.1358, 84.5947,  0, 0, 0
L 629.3721, -685.7251, 84.5947,  531.7005, -685.6381, 84.5947,  0, 0, 0
L 657.6322, -657.8402, 84.5935,  629.3721, -685.7251, 84.5947,  0, 0, 0
L 699.7516, -629.7160, 112.5883,  657.6322, -657.8402, 84.5935,  0, 0, 0
L 727.7803, -601.7586, 84.5944,  699.7516, -629.7160, 112.5883,  0, 0, 0
L 784.9000, -601.4442, 84.5947,  727.7803, -601.7586, 84.5944,  0, 0, 0
L 797.6136, -587.8315, 84.5947,  784.9000, -601.4442, 84.5947,  0, 0, 0
L 797.4690, -531.7945, 84.4633,  797.6136, -587.8315, 84.5947,  0, 0, 0
L 799.4492, -387.4809, -8.3740,  767.9252, -387.4809, -8.3740,  64, 64, 64
L 801.4496, -383.4809, -9.3740,  799.4492, -387.4809, -8.3740,  64, 64, 64
L 765.9252, -383.4809, -9.3740,  801.4496, -383.4809, -9.3740,  64, 64, 64
L 763.9253, -379.4809, -10.3740,  765.9252, -383.4809, -9.3740,  64, 64, 64
L 803.4493, -379.4809, -10.3740,  763.9253, -379.4809, -10.3740,  64, 64, 64
L 797.3125, -405.4687, -7.3739,  788.4181, -405.5826, -7.3739,  64, 64, 64
L 797.3374, -391.7090, -7.3739,  797.3125, -405.4687, -7.3739,  64, 64, 64
L 807.2730, -371.8340, -11.3742,  797.3374, -391.7090, -7.3739,  64, 64, 64
L 805.4506, -375.4791, -11.3740,  807.2730, -371.8340, -11.3742,  64, 64, 64
L 761.9252, -375.4809, -11.3740,  805.4506, -375.4791, -11.3740,  64, 64, 64
L 759.8994, -371.4289, -12.3740,  761.9252, -375.4809, -11.3740,  64, 64, 64
L 807.4493, -371.4809, -12.3740,  759.8994, -371.4289, -12.3740,  64, 64, 64
L 809.3125, -367.7552, -12.4015,  807.4493, -371.4809, -12.3740,  64, 64, 64
L 809.2346, -363.3016, -13.3740,  814.1231, -363.3426, -13.3740,  0, 127, 0
L 809.3125, -367.4809, -13.3740,  809.2346, -363.3016, -13.3740,  0, 127, 0
L 758.6240, -367.4809, -13.3740,  809.3125, -367.4809, -13.3740,  64, 64, 64
L 809.3125, -367.4809, -13.3740,  758.6240, -367.4809, -13.3740,  0, 127, 0
L 813.9356, -367.3654, -10.1562,  814.8600, -363.4177, -13.3740,  0, 127, 0
L 824.9624, -363.6802, -13.3740,  813.9356, -367.3654, -10.1562,  0, 127, 0
L 811.3431, -350.2330, -13.3740,  824.9624, -363.6802, -13.3740,  0, 127, 0
L 811.3125, -335.9621, -13.3740,  811.3431, -350.2330, -13.3740,  0, 127, 0
L 797.3491, -308.3690, -13.3740,  811.3125, -335.9621, -13.3740,  0, 127, 0
L 797.4683, -265.5797, -13.3740,  797.3491, -308.3690, -13.3740,  0, 127, 0
L 839.2812, -265.5312, -13.3740,  797.4683, -265.5797, -13.3740,  0, 127, 0
L 839.2812, -246.2838, -13.3740,  839.2812, -265.5312, -13.3740,  0, 127, 0
L 826.3120, -246.3478, -13.3740,  839.2812, -246.2838, -13.3740,  150, 0, 200
L 825.9004, -252.1907, -13.3740,  826.3120, -246.3478, -13.3740,  0, 127, 0
L 784.6240, -252.2812, -13.3740,  825.9004, -252.1907, -13.3740,  0, 127, 0
L 784.6240, -293.8767, -13.3740,  784.6240, -252.2812, -13.3740,  0, 127, 0
L 769.8771, -308.1985, -13.3740,  784.6240, -293.8767, -13.3740,  0, 127, 0
L 741.7903, -322.2431, -13.3740,  769.8771, -308.1985, -13.3740,  0, 127, 0
L 727.5659, -322.2174, -13.3740,  741.7903, -322.2431, -13.3740,  0, 127, 0
L 713.5634, -308.2499, -13.3740,  727.5659, -322.2174, -13.3740,  0, 127, 0
L 685.5081, -308.1852, -13.3740,  713.5634, -308.2499, -13.3740,  0, 127, 0
L 657.5945, -280.2500, -13.3740,  685.5081, -308.1852, -13.3740,  0, 127, 0
L 617.9067, -280.2157, -13.3727,  657.5942, -280.2497, -13.3740,  0, 127, 0
L 574.1562, -294.1490, -13.3740,  617.9067, -280.2157, -13.3727,  0, 127, 0
L 574.1562, -307.8414, -13.3740,  574.1562, -294.1490, -13.3740,  0, 127, 0
L 560.3620, -322.1501, -7.3739,  574.1562, -307.8414, -13.3740,  0, 127, 0
L 582.6290, -447.5862, -27.2413,  591.7415, -461.5640, -27.3048,  127, 64, 0
L 581.8337, -420.1003, -27.3460,  582.6290, -447.5862, -27.2413,  127, 64, 0
L 591.8823, -406.2580, -27.3004,  581.8337, -420.1003, -27.3460,  127, 64, 0
L 612.2000, -406.2497, -27.3538,  591.8823, -406.2580, -27.3004,  127, 64, 0
L 621.5955, -419.9141, -27.2904,  612.2000, -406.2497, -27.3538,  127, 64, 0
L 621.4391, -448.3093, -27.3758,  621.5955, -419.9141, -27.2904,  127, 64, 0
L 611.4872, -461.6302, -27.2969,  621.4391, -448.3093, -27.3758,  127, 64, 0
L 443.4375, -482.1875, -0.3740,  441.4495, -482.1875, -1.3740,  64, 64, 64
L 443.4483, -490.1329, -0.3740,  443.4375, -482.1875, -0.3740,  64, 64, 64
L 443.6177, -490.1329, 0.6260,  443.4483, -490.1329, -0.3740,  64, 64, 64
L 467.4375, -490.1875, 0.6260,  443.6177, -490.1329, 0.6260,  64, 64, 64
L 476.1875, -476.7178, 0.5401,  476.1320, -496.1634, 0.5531,  64, 64, 64
L 448.1875, -476.1875, 3.5737,  476.1875, -476.7178, 0.5401,  64, 64, 64
L 531.2512, -531.4062, -24.8650,  504.1875, -531.4062, -7.5759,  0, 127, 0
L 517.9833, -518.9690, -16.1400,  531.2512, -531.4062, -24.8650,  0, 127, 0
L 503.4424, -517.8423, -6.6100,  517.9833, -518.9690, -16.1400,  0, 127, 0
L 503.4375, -503.9676, -6.1110,  503.4424, -517.8423, -6.6100,  0, 127, 0
L 476.1875, -476.7178, 0.5401,  503.4375, -503.9676, -6.1110,  0, 127, 0
L 532.1562, -488.6811, 28.6373,  531.6645, -490.2902, 28.3001,  0, 127, 0
L 547.9914, -462.3261, 4.9756,  532.1562, -475.6573, 14.3885,  0, 127, 0
L 532.1562, -448.9460, 14.4242,  547.9914, -462.3261, 4.9756,  0, 127, 0
L 532.1562, -475.6483, 14.4242,  532.1562, -448.9460, 14.4242,  0, 127, 0
L 546.2700, -377.7361, -7.6608,  532.1562, -350.3030, 0.3338,  0, 127, 0
L 547.7908, -405.7282, -8.6654,  546.2700, -377.7361, -7.6608,  0, 127, 0
L 532.1562, -420.7690, 0.4263,  547.7908, -405.7282, -8.6654,  0, 127, 0
L 532.1562, -350.3030, 0.1904,  532.1562, -420.7690, 0.4263,  0, 127, 0
L 546.1266, -336.5990, -24.1214,  571.4290, -336.4050, -23.3167,  0, 127, 0
L 559.7599, -322.4264, -9.5277,  546.1266, -336.5990, -24.1214,  0, 127, 0
L 571.8106, -336.3734, -23.4372,  559.7599, -322.4264, -9.5277,  0, 127, 0
L 548.1425, -405.9442, -53.7220,  548.1301, -405.4687, -57.3427,  0, 0, 240
L 532.4213, -447.8743, -39.3534,  548.3800, -462.8580, -55.9057,  0, 0, 240
L 532.1562, -420.1380, -37.9380,  532.4213, -447.8743, -39.3534,  0, 0, 240
L 548.1301, -405.4687, -57.3427,  532.1562, -420.1380, -37.9380,  0, 0, 240
L 569.4841, -419.6148, -51.3881,  587.2593, -395.8679, -45.7869,  0, 0, 240
L 569.4112, -447.8743, -51.3888,  569.4841, -419.6148, -51.3881,  0, 0, 240
L 585.2907, -469.7821, -46.4947,  569.4112, -447.8743, -51.3888,  0, 0, 240
L 685.2626, -349.9483, -56.6929,  685.2513, -349.9379, -57.3427,  0, 127, 0
L 671.5634, -336.2499, -45.9209,  685.2626, -349.9483, -56.6929,  0, 0, 240
L 641.8332, -336.2500, -45.9209,  671.5634, -336.2499, -45.9209,  0, 0, 240
L 611.7509, -350.2500, -57.3427,  641.8332, -336.2500, -45.9209,  0, 0, 240
L 589.6748, -350.2427, -57.3427,  611.7509, -350.2500, -57.3427,  0, 0, 240
L 571.6523, -336.2500, -45.9209,  589.6748, -350.2427, -57.3427,  0, 0, 240
L 545.9365, -336.2500, -45.9209,  571.6523, -336.2500, -45.9209,  0, 0, 240
L 532.2376, -349.9488, -57.3427,  545.9365, -336.2500, -45.9209,  0, 0, 240
L 546.1570, -377.8408, -57.3427,  532.2376, -349.9488, -57.3427,  0, 0, 240
L 548.1301, -405.4687, -57.3427,  546.1570, -377.8408, -57.3427,  0, 0, 240
L 617.8568, -395.4832, -57.3427,  587.6127, -395.4857, -57.3427,  0, 0, 240
L 618.3463, -396.1209, -46.5538,  617.8568, -395.4832, -57.3427,  0, 0, 240
L 632.6250, -419.6352, -51.3941,  618.3463, -396.1209, -46.5538,  0, 0, 240
L 632.1237, -447.8421, -51.4046,  632.6250, -419.6352, -51.3941,  0, 0, 240
L 616.3369, -469.9381, -47.3688,  632.1237, -447.8421, -51.4046,  0, 0, 240
L 585.7342, -470.1845, -57.3427,  615.7504, -470.1875, -57.3427,  0, 0, 240
L 532.1562, -475.9827, -49.3738,  547.9221, -462.1875, -57.3427,  0, 0, 240
L 532.1490, -489.8856, -49.8658,  532.1562, -475.9827, -49.3738,  0, 0, 240
L 518.2374, -517.7071, -42.2578,  532.1490, -489.8856, -49.8658,  0, 0, 240
L 545.9728, -545.4425, -57.3427,  518.2374, -517.7071, -42.2578,  0, 0, 240
L 601.7632, -559.3980, -43.1760,  545.9686, -545.4387, -57.3427,  0, 0, 240
L 643.5941, -559.4067, -43.8600,  601.7632, -559.3980, -43.1760,  0, 0, 240
L 657.8524, -545.1475, -57.2646,  643.5941, -559.4067, -43.8600,  0, 0, 240
L 657.8274, -489.8027, -57.2792,  657.8215, -489.8027, -57.2824,  0, 0, 240
L 671.3437, -531.6262, -49.8701,  657.6137, -545.3867, -57.3427,  0, 0, 240
L 671.3493, -517.7156, -49.7483,  671.3437, -531.6262, -49.8701,  0, 0, 240
L 685.3055, -489.8002, -41.6340,  671.3493, -517.7156, -49.7483,  0, 0, 240
L 673.4714, -462.1874, -57.3427,  685.1499, -489.4375, -57.3427,  0, 0, 240
L 671.3409, -377.8686, -57.3427,  669.3437, -406.2056, -57.3427,  0, 0, 240
L 685.2623, -349.9488, -57.3427,  671.3409, -377.8686, -57.3427,  0, 0, 240
L 685.2623, -349.9488, -43.5120,  685.2623, -349.9488, -57.3427,  0, 127, 0
L 699.1118, -349.5000, -24.5841,  685.2623, -349.9488, -43.5120,  0, 127, 0
L 700.2589, -349.8842, -13.3740,  699.1118, -349.5000, -24.5841,  0, 127, 0
L 713.7464, -363.3475, -13.3740,  700.2589, -349.8842, -13.3740,  0, 127, 0
L 742.4125, -363.6802, -13.3740,  713.7464, -363.3475, -13.3740,  0, 127, 0
L 753.1480, -366.9180, -10.5580,  742.4124, -363.6802, -13.3740,  0, 127, 0
L 753.9460, -363.6467, -13.3740,  753.1480, -366.9180, -10.5580,  0, 127, 0
L 757.9633, -363.5896, -13.3740,  753.9460, -363.6467, -13.3740,  0, 127, 0
L 758.6240, -367.4809, -13.3740,  757.9633, -363.5896, -13.3740,  0, 127, 0
L 759.5951, -370.8204, -12.3740,  758.6240, -367.4809, -13.3740,  64, 64, 64
L 769.9869, -391.6041, -7.3739,  759.5951, -370.8204, -12.3740,  64, 64, 64
L 770.6240, -405.4687, -7.3739,  769.9869, -391.6041, -7.3739,  64, 64, 64
L 778.8418, -405.5020, -7.3739,  770.6240, -405.4687, -7.3739,  64, 64, 64
L 778.9315, -412.1284, -7.3739,  778.8418, -405.5020, -7.3739,  64, 64, 64
L 770.6240, -412.2187, -7.3739,  778.9315, -412.1284, -7.3739,  64, 64, 64
L 770.6240, -453.4375, -7.3739,  770.6240, -412.2187, -7.3739,  64, 64, 64
L 825.2812, -453.4375, -7.3739,  770.6240, -453.4375, -7.3739,  64, 64, 64
L 825.3445, -411.5237, -7.3739,  825.2812, -453.4375, -7.3739,  64, 64, 64
L 841.7487, -411.4802, -7.3739,  825.3445, -411.5237, -7.3739,  64, 64, 64
L 841.8487, -418.1870, -7.3739,  841.7487, -411.4802, -7.3739,  64, 64, 64
L 840.3120, -418.2187, -7.3739,  841.8487, -418.1870, -7.3739,  64, 64, 64
L 840.3110, -445.4375, -7.3739,  840.3120, -418.2187, -7.3739,  64, 64, 64
L 881.2812, -445.4375, -7.3739,  840.3110, -445.4375, -7.3739,  64, 64, 64
L 881.2812, -418.2166, -7.3739,  881.2812, -445.4375, -7.3739,  64, 64, 64
L 851.3898, -418.1077, -7.3739,  881.2812, -418.2166, -7.3739,  64, 64, 64
L 851.4138, -411.5575, -7.3739,  851.3898, -418.1077, -7.3739,  64, 64, 64
L 883.2812, -411.4687, -7.3739,  851.4138, -411.5575, -7.3739,  64, 64, 64
L 883.3708, -409.6003, -7.3739,  883.2812, -411.4687, -7.3739,  64, 64, 64
L 889.9809, -409.6560, -7.3739,  883.3708, -409.6003, -7.3739,  64, 64, 64
L 890.3120, -425.4687, -7.3739,  889.9809, -409.6560, -7.3739,  64, 64, 64
L 917.2500, -425.4687, -7.3739,  890.3120, -425.4687, -7.3739,  64, 64, 64
L 917.2500, -384.2176, -7.3739,  917.2500, -425.4687, -7.3739,  64, 64, 64
L 890.3120, -384.2187, -7.3739,  917.2500, -384.2176, -7.3739,  64, 64, 64
L 889.9814, -400.3050, -7.3739,  890.3120, -384.2187, -7.3739,  64, 64, 64
L 883.2811, -400.2100, -7.3739,  889.9814, -400.3050, -7.3739,  64, 64, 64
L 883.2812, -398.2173, -7.3739,  883.2811, -400.2100, -7.3739,  64, 64, 64
L 851.4548, -398.5534, -7.3739,  882.8225, -398.5801, -7.3739,  64, 64, 64
L 851.3579, -391.3580, -7.3739,  851.4548, -398.5534, -7.3739,  64, 64, 64
L 881.2812, -391.4687, -7.3739,  851.3579, -391.3580, -7.3739,  64, 64, 64
L 881.2812, -366.6100, -7.3739,  881.2812, -391.4687, -7.3739,  64, 64, 64
L 642.8695, -559.8020, -21.6485,  615.6612, -573.4062, -13.5711,  0, 127, 0
L 615.6612, -573.4062, -13.5711,  602.1249, -573.4062, -13.5711,  0, 127, 0
L 602.1249, -573.4062, -13.5711,  602.1249, -559.9901, -21.5368,  0, 127, 0
L 602.8900, -574.5250, -11.9232,  559.9079, -602.1028, 0.6260,  0, 127, 0
L 559.9079, -602.1028, 0.6260,  546.1562, -602.1249, 0.6260,  0, 127, 0
L 546.1562, -602.1249, 0.6260,  546.1541, -615.7892, 0.6260,  0, 127, 0
L 546.1541, -615.7892, 0.6260,  532.1562, -629.9053, 0.6260,  0, 127, 0
L 532.1562, -629.9053, 0.6260,  532.3220, -643.7604, 0.6260,  0, 127, 0
L 532.3220, -643.7604, 0.6260,  545.4062, -656.8446, 0.6260,  0, 127, 0
L 545.4062, -656.8446, 0.6260,  545.4737, -643.5353, 0.6260,  0, 127, 0
L 545.4737, -643.5353, 0.6260,  559.4998, -629.5021, 0.6260,  64, 64, 64
L 559.4998, -629.5021, 0.6260,  573.4062, -629.3750, 0.6260,  64, 64, 64
L 573.4062, -629.3750, 0.6260,  573.3374, -627.3781, 0.6260,  64, 64, 64
L 573.3374, -627.3781, 0.6260,  576.4430, -627.4828, 0.6260,  64, 64, 64
L 576.4430, -627.4828, 0.6260,  575.9752, -632.7070, 0.6260,  64, 64, 64
L 575.9752, -632.7070, 0.6260,  570.1562, -632.1249, 0.6260,  64, 64, 64
L 570.1562, -632.1249, 0.6260,  570.1539, -679.3437, 0.6260,  64, 64, 64
L 570.1539, -679.3437, 0.6260,  572.5700, -679.4646, 0.6260,  64, 64, 64
L 572.5700, -679.4646, 0.6260,  572.6330, -683.9657, 0.6260,  64, 64, 64
L 572.6330, -683.9657, 0.6260,  567.5398, -684.5700, 0.6260,  64, 64, 64
L 567.5398, -684.5700, 0.6260,  567.4062, -682.9370, 0.6260,  64, 64, 64
L 567.4062, -682.9370, 0.6260,  565.4184, -681.9566, -0.3740,  64, 64, 64
L 565.4184, -681.9566, -0.3740,  543.4184, -671.9370, -11.3740,  64, 64, 64
L 543.4184, -671.9370, -11.3740,  565.4184, -681.9565, -0.3740,  64, 64, 64
L 565.4184, -681.9565, -0.3740,  565.4184, -701.4808, -0.3740,  64, 64, 64
L 543.4184, -712.3437, -11.3740,  543.4184, -671.9370, -11.3740,  64, 64, 64
L 543.4184, -671.9370, -11.3740,  545.4184, -671.9565, -10.3740,  64, 64, 64
L 545.4184, -671.9565, -10.3740,  545.4184, -711.4806, -10.3740,  64, 64, 64
L 545.4184, -711.4806, -10.3740,  547.4184, -710.4808, -9.3740,  64, 64, 64
L 547.4184, -710.4808, -9.3740,  547.4169, -672.9557, -9.3740,  64, 64, 64
L 547.4169, -672.9557, -9.3740,  549.4184, -673.9565, -8.3740,  64, 64, 64
L 549.4184, -673.9565, -8.3740,  549.4184, -709.4806, -8.3740,  64, 64, 64
L 549.4184, -709.4806, -8.3740,  551.4184, -708.4808, -7.3739,  64, 64, 64
L 551.4184, -708.4808, -7.3739,  551.4184, -674.9565, -7.3739,  64, 64, 64
L 551.4184, -674.9565, -7.3739,  553.4184, -675.9565, -6.3739,  64, 64, 64
L 553.4184, -675.9565, -6.3739,  553.4184, -707.4808, -6.3739,  64, 64, 64
L 553.4184, -707.4808, -6.3739,  555.4184, -706.4806, -5.3739,  64, 64, 64
L 555.4184, -706.4806, -5.3739,  555.4171, -676.9559, -5.3739,  64, 64, 64
L 555.4171, -676.9559, -5.3739,  557.4184, -677.9565, -4.3739,  64, 64, 64
L 557.4184, -677.9565, -4.3739,  557.4184, -705.4808, -4.3739,  64, 64, 64
L 557.4184, -705.4808, -4.3739,  559.4184, -704.4808, -3.3740,  64, 64, 64
L 559.4184, -704.4808, -3.3740,  559.4184, -678.9565, -3.3740,  64, 64, 64
L 559.4184, -678.9565, -3.3740,  561.4184, -679.9565, -2.3740,  64, 64, 64
L 561.4184, -679.9565, -2.3740,  561.4184, -703.4806, -2.3740,  64, 64, 64
L 561.4184, -703.4806, -2.3740,  563.4184, -702.4808, -1.3740,  64, 64, 64
L 563.4184, -702.4808, -1.3740,  563.4184, -680.9565, -1.3740,  64, 64, 64
L 567.4062, -701.3437, 0.6260,  565.4184, -701.4808, -0.3740,  64, 64, 64
L 565.4184, -701.4808, -0.3740,  543.4184, -712.3437, -11.3740,  64, 64, 64
L 543.4184, -712.3437, -11.3740,  543.4062, -717.3437, -11.3740,  64, 64, 64
L 543.4062, -717.3437, -11.3740,  535.5452, -717.4271, -11.3740,  64, 64, 64
L 535.5452, -717.4271, -11.3740,  535.4062, -725.3437, -11.3740,  64, 64, 64
L 535.4062, -725.3437, -11.3740,  504.1875, -725.3437, -11.3740,  64, 64, 64
L 504.1875, -725.3437, -11.3740,  504.1431, -717.4756, -11.3740,  64, 64, 64
L 504.1431, -717.4756, -11.3740,  496.1859, -717.3437, -11.3740,  64, 64, 64
L 496.1859, -717.3437, -11.3740,  496.1875, -699.7159, -11.3740,  64, 64, 64
L 496.1875, -699.7159, -11.3740,  496.1211, -699.4093, -12.2568,  64, 64, 64
L 496.1211, -699.4093, -12.2568,  496.1644, -684.7060, -12.3391,  64, 64, 64
L 496.1644, -684.7060, -12.3391,  541.4211, -684.7610, -12.3641,  64, 64, 64
L 541.4211, -684.7610, -12.3641,  541.4184, -699.3559, -12.3740,  64, 64, 64
L 541.4184, -699.3559, -12.3740,  496.1682, -699.3618, -12.3534,  64, 64, 64
L 496.1682, -699.3618, -12.3534,  496.1338, -684.3990, -12.2754,  64, 64, 64
L 496.1338, -684.3990, -12.2754,  495.8104, -684.9370, -11.3740,  64, 64, 64
L 495.8104, -684.9370, -11.3740,  484.1875, -684.9370, -11.3740,  64, 64, 64
L 484.1875, -684.9370, -11.3740,  484.1863, -699.3437, -11.3740,  64, 64, 64
L 484.1863, -699.3437, -11.3740,  495.6949, -699.3437, -11.3740,  64, 64, 64
L 495.6949, -699.3437, -11.3740,  496.1727, -699.3570, -12.3694,  64, 64, 64
L 496.1875, -683.6898, -11.3740,  496.1875, -666.9370, -11.3740,  64, 64, 64
L 496.1875, -666.9370, -11.3740,  504.7670, -665.9846, -11.3740,  64, 64, 64
L 504.7670, -665.9846, -11.3740,  504.1875, -658.1249, -11.3740,  64, 64, 64
L 504.1875, -658.1249, -11.3740,  535.4062, -658.1222, -11.3740,  64, 64, 64
L 535.4062, -658.1222, -11.3740,  535.5249, -665.9924, -11.3740,  64, 64, 64
L 535.5249, -665.9924, -11.3740,  543.4062, -666.8920, -11.3740,  64, 64, 64
L 543.4062, -666.8920, -11.3740,  543.4184, -671.9370, -11.3740,  64, 64, 64
L 567.4062, -701.3437, 0.6260,  567.4687, -699.3047, 0.6260,  64, 64, 64
L 567.4687, -699.3047, 0.6260,  572.7920, -699.4913, 0.6260,  64, 64, 64
L 572.7920, -699.4913, 0.6260,  572.1540, -703.3437, 0.6260,  64, 64, 64
L 572.1540, -703.3437, 0.6260,  573.9888, -703.4063, 0.6260,  64, 64, 64
L 573.9888, -703.4063, 0.6260,  574.6320, -739.9660, 0.6260,  64, 64, 64
L 574.6320, -739.9660, 0.6260,  549.5290, -739.9963, 0.6260,  64, 64, 64
L 549.5290, -739.9963, 0.6260,  549.4062, -738.9250, 0.6260,  64, 64, 64
L 549.4062, -738.9250, 0.6260,  545.5833, -738.3710, 0.6260,  64, 64, 64
L 545.5833, -738.3710, 0.6260,  545.4062, -734.9370, 0.6260,  64, 64, 64
L 545.4062, -734.9370, 0.6260,  530.1562, -734.9370, 0.6260,  64, 64, 64
L 530.1562, -734.9370, 0.6260,  529.9714, -738.4190, 0.6260,  64, 64, 64
L 529.9714, -738.4190, 0.6260,  526.1562, -738.9370, 0.6260,  64, 64, 64
L 526.1562, -738.9370, 0.6260,  526.1552, -753.3125, 0.6260,  64, 64, 64
L 839.2812, -251.9952, -13.3740,  839.2812, -210.2812, -13.3740,  0, 127, 0
L 839.2812, -210.2812, -13.3740,  797.7106, -210.2812, -13.3740,  0, 127, 0
L 797.7106, -210.2812, -13.3740,  797.3125, -209.8899, -13.3740,  0, 0, 0
L 797.3125, -209.8899, -13.3740,  797.3125, -182.3125, -13.3740,  0, 127, 0
L 797.3125, -182.3125, -13.3740,  784.6240, -182.3125, -13.3740,  0, 127, 0
L 784.6240, -182.3125, -13.3740,  784.6060, -223.5312, -13.3740,  0, 127, 0
L 784.6060, -223.5312, -13.3740,  825.6257, -223.5312, -13.3740,  0, 127, 0
L 825.6257, -223.5312, -13.3740,  826.3120, -223.9787, -13.3740,  0, 0, 0
L 826.3120, -223.9787, -13.3740,  826.3120, -250.6535, -13.3740,  0, 127, 0
L 594.4374, -417.8772, 14.6259,  594.8225, -417.5312, 14.6259,  64, 64, 64
L 594.8225, -417.5312, 14.6259,  608.8192, -417.5389, 14.6259,  64, 64, 64
L 608.8192, -417.5389, 14.6259,  609.6250, -417.9153, 14.6259,  64, 64, 64
P 790.0000, -320.0000, 0.0000,  0, 0, 0,  1,  Succor
P 834.0000, -244.0000, -10.8740,  0, 127, 0,  3,  to_Northern_Felwithe
