P 384.0000, -4.0000, 0.6260,  0, 0, 240,  2,  Rolyn_(M)
P 359.0000, 122.0000, 0.6260,  0, 0, 240,  2,  Tissan_(Armor)
P 342.0000, 70.0000, 0.6260,  0, 0, 240,  2,  Longarrow_(Fletcher)
P 374.0000, -147.0000, 0.6260,  0, 0, 240,  2,  Freegraz_(M)
P 414.0000, -129.0000, 0.6260,  0, 0, 240,  2,  Alladria_(Pottery)
P 455.0000, -147.0000, 0.6260,  0, 0, 240,  2,  Serenica_(Baking)
P 454.0000, -106.0000, 0.6260,  0, 0, 240,  2,  Silvenspin_(Tailor)
P 412.0000, -147.0000, 14.6259,  0, 0, 240,  2,  Issynal_(M)
P 439.0000, -107.0000, 14.6259,  0, 0, 127,  2,  Merchant_Tyslin((Ench2.0)Jewelry)
P 606.0000, -242.0000, -13.3740,  0, 0, 240,  2,  Silspin_(Jewelery)
P 626.0000, -258.0000, -10.8740,  0, 0, 240,  2,  Issa_(M)
P 703.0000, -245.0000, -23.1600,  0, 0, 240,  2,  Tam_(M)
P 6.0000, -38.0000, 0.6260,  0, 0, 240,  2,  Laemian_(M)
P 225.0000, 0.0000, 0.6260,  0, 0, 240,  2,  Elendalira_(Soulbinder)
P -103.0000, 39.0000, 0.1000,  0, 127, 0,  3,  Priest_of_Discord
P 343.0000, -102.0000, 0.6260,  0, 0, 240,  2,  Wela_(Brewing)
P 368.0000, -76.0000, 0.6260,  0, 0, 240,  2,  Tyle_(Brewing)
P 436.0000, 90.0000, 0.6260,  0, 0, 240,  2,  Silverkal_(Armor)
P 453.0000, 50.0000, 0.6260,  0, 0, 240,  2,  Tintal_(Banker)
P 673.0000, -41.0000, -13.3740,  0, 0, 240,  2,  Elytan_(M)
P 588.0000, -162.0000, -13.3740,  0, 0, 240,  2,  Jassa_(M)
P 430.6564, -144.6442, 1.5438,  0, 0, 240,  2,  Larroniae_Huial
