P -260.5588, 1946.103, -54.4346, 0, 0, 240, 2, Pendle_Dashinger
P -3305, 2261, 44.2822, 0, 0, 240, 2, Canip_(M)
P -3351, 2361, 38.3447, 0, 0, 240, 2, Tugin_(M)
P -2984, 2463, 44.3134, 0, 0, 240, 2, Acet_(M)
P -3294, 2652, 44.2822, 0, 0, 240, 2, Naman_(M)
P -197.9976, -1932.222, -54.8044, 240, 0, 0, 2, Zikana_Do'Rak
P 19.4241, -2036.3233, -175.357, 0, 0, 240, 2, Gharg_Oberbord
P -1156.3632, -1062.6757, -52.9055, 0, 0, 240, 2, Rasaku_Scalerunner
P -1352.6486, 1880.6856, -15.4566, 0, 0, 240, 2, Mallagan_Vergoo(Q)
P -1173.3861, 886.6091, -77.1574, 0, 0, 240, 2, Karunku_Trogue(Q)
