P 2002.4756, -477.1567, 154.3676,  0, 0, 240,  2,  Syelissa_Cresthall
P -2465.5645, 578.1308, -25.2593,  0, 0, 240,  2,  Brizzana_Kellgo
P 3421.6526, 2875.9116, -4.6836,  0, 0, 240,  2,  Ailerina_the_Gentle
P 3310.6021, -417.4762, 158.8882,  0, 127, 127,  2,  Quegmor_(GM_BST)
P 3289.1863, -218.2781, 158.7926,  0, 127, 127,  2,  Lieutenant_Darakor_(GM_Pal)
P 3350.2185, -263.3971, 157.3095,  0, 0, 240,  2,  Clarissa_(Spells)
P 3375.1531, -458.2993, 158.8026,  0, 127, 127,  2,  Despondo_(GM_Wizard)
P 3365.2478, -433.8337, 158.8649,  0, 0, 240,  2,  Nertith_(Spells)
P 3290.8462, -611.6176, 158.9225,  0, 0, 240,  2,  Selien_(Spells)
P 3390.6836, -409.3408, 158.9319,  0, 127, 127,  2,  Bricaro_(GM_Mag)
P 3231.2100, -242.7834, 157.4733,  0, 127, 127,  2,  Luminare_(GM_Ench)
P 3361.8667, -470.6335, 158.8079,  0, 0, 240,  2,  Dom_(Merchant)
P 3361.3352, -929.3120, 157.4934,  0, 0, 240,  2,  Wella_(Bank)
P 3362.4595, -940.4190, 157.4980,  0, 0, 240,  2,  Wellford_(B)
P 2988.9158, -439.7973, 182.8797,  0, 127, 127,  2,  Keatar_(GM_Ranger)
P 3336.5291, -979.3378, 157.2546,  0, 0, 240,  2,  Jessica_(Fletcher)
P 3325.5530, -971.8570, 157.2417,  0, 0, 240,  2,  Fleceal_(Fletcher)
P 3353.4036, -510.1856, 158.4362,  0, 0, 240,  2,  Samson_(Brewer)
P 3352.9397, -237.8230, 157.3428,  0, 0, 240,  2,  Balik_(Spells)
P 3321.6902, -918.2489, 157.3085,  0, 0, 240,  2,  Glinya_(Baking)
P 3322.4480, -956.6195, 157.2779,  0, 0, 240,  2,  Shrub_(Potions)
P 3290.8762, -566.3330, 156.6861,  0, 0, 240,  2,  Tardo_(Soulbinder)
P 3349.9966, -200.6613, 157.4339,  0, 0, 240,  2,  Shelae_(Spells)
P 3340.8999, -879.4873, 157.3913,  0, 0, 240,  2,  Marlyn_(Alchemy)
P 2494.1121, -610.6254, 171.5748,  0, 127, 127,  3,  Lieutenant_Feardeep_(GM_Rog)
P 3342.2500, -994.8841, 157.2093,  0, 0, 240,  2,  Brak_(Poison)
P 3327.1470, -906.1272, 157.3331,  0, 0, 240,  2,  Brisha_(Jewelry)
P 3336.8350, -894.5838, 157.3747,  0, 0, 240,  2,  Drake_(Gems)
P 2669.6187, -648.3070, 170.1900,  0, 127, 127,  2,  Captain_Nealith_(GM_War)
P 3294.3101, -391.9105, 158.7246,  0, 0, 240,  2,  Alex_McDarnin
P 3313.3928, -521.6645, 158.5569,  0, 0, 240,  2,  Bronto_Thudfoot
P 3313.5740, -497.7169, 158.5682,  0, 0, 240,  2,  Lenka_Stoutheart
P 3374.2051, -459.7567, 158.7879,  0, 0, 240,  2,  Despondo
P 3276.1365, -407.5717, 158.6348,  0, 0, 240,  2,  Hiptal_Frizzleboth
P 3286.8550, -457.2216, 158.7678,  0, 0, 240,  2,  Barnal_Flamehand
P 3311.1936, -300.7907, 157.2137,  0, 0, 240,  2,  Drizel_Maxton_(spells)
P 3287.6707, -259.9703, 157.1149,  0, 0, 240,  2,  Frist_Furtun
P 3216.1409, -245.8196, 157.5286,  0, 0, 240,  2,  Fyrefly
P 3221.2681, -239.4625, 157.4919,  0, 0, 240,  2,  Gracie_F'Liler
P 3313.3159, -730.7294, 158.4271,  0, 0, 240,  2,  Corfia_Nultethen_(M)
P 3216.6084, 141.3970, 159.9017,  0, 0, 240,  2,  Arial_Fern_(spells)
P 3366.5750, -484.1280, 158.6374,  0, 0, 240,  2,  Realla_Segoan
P 3327.1606, -742.5035, 158.5080,  0, 0, 240,  2,  Gearin_Gaxx
P 3299.7256, -745.7650, 156.7828,  0, 0, 240,  2,  Brackin_Natoise
P 3336.1699, -787.9865, 157.2060,  0, 0, 240,  2,  Quizan_Gaxx
P 3369.2231, -994.1590, 157.3195,  0, 0, 240,  2,  Luludja_Daggermist
P 3369.1809, -978.9384, 157.3862,  0, 0, 240,  2,  Simza_Daggermist
P 3370.4541, -949.8782, 157.5138,  0, 0, 240,  2,  Assistant_Buford_(Q)
P 2539.5488, -593.2513, 170.1900,  0, 0, 240,  2,  Noilgin_Mindtune
P 3588.2720, -608.9583, 234.9583,  0, 0, 240,  2,  Allaria_Sneakyfeet_(Q)
P 2361.5508, -673.2808, 170.1900,  0, 0, 240,  2,  Tracker_Azael
P -2489.9998, 518.9752, -30.6280,  0, 0, 240,  2,  Vekis_(Q)
P -3289.9226, -1332.9363, 187.8081,  0, 0, 240,  2,  Telligron_Forestrunner_(Q)
P -2723.6819, 1791.5610, -104.7792,  0, 0, 240,  2,  Socaldoor_Waycrest_(Q)
P -91.1727, -1823.5590, -4.3895,  0, 0, 240,  2,  Jithanderan_Runeseeker_(Q)
P 3141.6670, -1040.8168, 175.9980,  0, 0, 240,  2,  Samitha_Lightheart
P 2920.5933, -940.8710, 180.8559,  0, 0, 240,  2,  Raciel_Sanherb(spells)
P 3468.4697, -1319.7123, 309.1890,  0, 0, 240,  2,  Private_Blackbark
P 2478.7488, -3781.4143, -86.1766,  0, 0, 240,  2,  Scout_Treekill
