P -211.1948, 519.9935, 73.9697,  0, 0, 0,  1,  Brew_Barrel
P -343.5627, -399.7205, 157.9696,  0, 0, 0,  1,  Oven
P -64.2170, 251.3367, 114.4072,  0, 0, 0,  1,  Forge
P -81.5559, 478.7210, 157.9696,  0, 0, 0,  1,  Forge
P 548.3798, 197.9258, 157.9696,  0, 0, 0,  1,  Pottery_Wheel
P 553.2228, 176.6526, 160.6150,  0, 0, 0,  1,  Kiln
P -219.6046, -962.1014, -24.6524,  0, 0, 0,  1,  Lift
P -257.3808, -137.6516, 5.1581,  0, 0, 0,  1,  Lift
P 129.1105, -1.7963, 5.4081,  0, 0, 0,  1,  Lift
P 547.1304, 1727.8131, -1.6567,  0, 0, 0,  1,  Second_Fragment_of_Igok
P -117.9010, 65.2450, 75.4937,  127, 64, 0,  2,  Half_Elf_Forge
P -203.2926, 85.1011, 75.5054,  127, 64, 0,  2,  Packwearer's_Good
P -468.1018, -254.8799, 75.4693,  127, 64, 0,  2,  Heartwood_Tavern
P 236.3245, 475.3129, 159.6187,  127, 64, 0,  2,  Scouts_of_Tunare
P -32.6137, -2003.4320, -3.5907,  0, 0, 0,  1,  Evergreen
P -27.8967, -2134.8313, -42.7383,  0, 0, 0,  1,  Evergreen
P -32.8241, -2086.5032, -37.4921,  0, 0, 0,  1,  Evergreen
P -2257.5911, 1506.5389, -35.1230,  0, 0, 0,  1,  Evergreen
P -2219.5781, 1492.5718, -14.2109,  0, 0, 0,  1,  Evergreen
P 1125.4004, 2312.5715, -3.5922,  0, 0, 0,  1,  Evergreen
P 1143.8113, 2282.9124, -3.8416,  0, 0, 0,  1,  Evergreen
P 2307.8660, 1962.9230, 22.6837,  0, 0, 0,  1,  Evergreen
P 2049.4622, 1868.9622, 5.1501,  0, 0, 0,  1,  Evergreen
P 2108.8262, 1869.2964, -2.2749,  0, 0, 0,  1,  Evergreen
P 1310.6162, -113.9236, -2.3136,  0, 0, 0,  1,  Evergreen
P 1404.8013, -126.5798, 4.8330,  0, 0, 0,  1,  Evergreen
P 974.2282, -1336.1488, 11.7093,  0, 0, 0,  1,  Evergreen
P -2145.6970, 1476.7306, -2.6002,  0, 0, 0,  1,  Evergreen
P -30.6325, -2545.3699, 16.1582,  0, 0, 127,  2,  Kalanpor_Selldru
P 2350.5273, 2007.5634, 26.5765,  0, 0, 127,  2,  Guard_Highmoon(Pal2.0)
P -2090.8069, -1121.2927, 49.2419,  0, 0, 127,  2,  Feyana_Lightwing*(Ench2.0)
P -203.6690, -988.5670, -27.3582,  0, 0, 127,  2,  Guard_Fayfear(Pal2.0)
P -500.3960, -1497.4003, 17.7717,  0, 0, 127,  2,  Faelin_Bloodbriar(Druid1.0/Rng1.0)
P -254.9216, 215.9892, 75.5126,  0, 0, 127,  2,  Merchant_Tenra(Rng_Pre-Q)
P -2422.2087, 1966.5525, 27.3060,  0, 0, 127,  2,  Niflel_Faliwae(LDoN)
