P 906.3214, -484.519, 10.2, 0, 127, 127, 2, Treskar_(GM_Shadow_Knight)
P 957.2364, -509.857, 10.2, 0, 127, 127, 2, Hukulk_(GM_Shadow_Knight)
P 1026.2416, -444.307, 10.2, 0, 127, 127, 2, Vergad_(SK_Shadow_Knight)
P 633.9092, -615.9267, 10.2, 0, 127, 127, 2, Rohga_(GM_Shadow_Knight)
P 463.3838, 67.2413, 69.9706, 0, 127, 127, 2, Bregna_(GM_Shaman)
P 458.2228, -346.7506, 0.2, 0, 127, 127, 2, Jocka_(GM_Shaman)
P 489.2321, -17.3435, 49.9707, 0, 127, 127, 2, Kaglari_(GM_Shaman)
P 420.4057, 3.229, 69.9706, 0, 127, 127, 2, Gardunk_(GM_Beastlord)
P 495.507, 4.3205, 69.9706, 0, 127, 127, 2, Urako_(GM_Shaman)
P 119.5048, -309.1526, 0.2, 0, 127, 127, 2, Hergor_(GM_Warrior)
P 121.2014, -260.6825, 2.3271, 0, 127, 127, 2, Kraiga_(GM_Warrior)
P 223.677, -223.782, 0.2, 0, 127, 127, 2, Gralok_(GM_Warrior)
P 169.3463, -304.1725, 22.19, 0, 127, 127, 2, Ranjor_(GM_Warrior)
P 489.2321, -17.3435, 49.9707, 0, 127, 127, 2, Kaglari_(GM_Shaman)
P -138.1185, -238.6365, -9.9979, 0, 127, 127, 2, Daboo_(GM_Berserker)
