L 520.5248, -603.8997, -9.999, 510.2312, -610.48, -9.999, 0, 0, 0
L 549.7422, -590.2648, -9.999, 520.5248, -603.8997, -9.999, 0, 0, 0
L 579.201, -609.904, -9.999, 549.7422, -590.2648, -9.999, 0, 0, 0
L 569.5049, -629.296, -9.999, 579.201, -609.904, -9.999, 0, 0, 0
L 539.8472, -629.2999, -9.999, 569.5049, -629.296, -9.999, 0, 0, 0
L 519.841, -623.3026, -9.999, 539.8472, -629.2999, -9.999, 0, 0, 0
L 510.1213, -629.211, -9.999, 519.841, -623.3026, -9.999, 0, 0, 0
L 497.3625, -637.9908, -11.999, 510.1213, -629.211, -9.999, 0, 0, 0
L 459.9988, -630.2, -11.999, 452.2624, -637.9364, -11.999, 0, 0, 0
L 485.6761, -630.2, -11.999, 459.9988, -630.2, -11.999, 0, 0, 0
L 497.3625, -637.9908, -11.999, 485.6761, -630.2, -11.999, 0, 0, 0
L 497.3625, -641.9908, -13.999, 497.3625, -637.9908, -11.999, 0, 0, 0
L 459.9775, -636.1887, -13.999, 452.2624, -641.975, -13.999, 0, 0, 0
L 485.6766, -634.2119, -13.999, 459.9775, -636.1887, -13.999, 0, 0, 0
L 497.3625, -641.9908, -13.999, 485.6766, -634.2119, -13.999, 0, 0, 0
L 497.3625, -645.4257, -13.999, 497.3625, -641.9908, -13.999, 0, 0, 0
L 485.7397, -649.2999, -13.999, 497.3625, -645.4257, -13.999, 0, 0, 0
L 479.488, -649.4379, -13.999, 485.7397, -649.2999, -13.999, 0, 0, 0
L 479.3625, -655.2999, -13.999, 479.488, -649.4379, -13.999, 0, 0, 0
L 470.2619, -655.2999, -13.999, 479.3625, -655.2999, -13.999, 0, 0, 0
L 470.2527, -649.6567, -13.999, 470.2619, -655.2999, -13.999, 0, 0, 0
L 459.9184, -649.2999, -13.999, 470.2527, -649.6567, -13.999, 0, 0, 0
L 452.2624, -645.4719, -13.999, 459.9184, -649.2999, -13.999, 0, 0, 0
L 452.2624, -637.9362, -11.999, 452.2624, -645.4719, -13.999, 0, 0, 0
L 440.8534, -629.903, -9.999, 452.2624, -637.9362, -11.999, 0, 0, 0
L 420.2971, -619.4737, -9.999, 440.8534, -629.903, -9.999, 0, 0, 0
L 420.2937, -599.9365, -9.999, 420.2971, -619.4737, -9.999, 0, 0, 0
L 410.2937, -585.6367, -9.999, 420.2937, -599.9365, -9.999, 0, 0, 0
L 410.2937, -580.15, -9.999, 410.2937, -585.6367, -9.999, 0, 0, 0
L 419.3937, -570.8667, -9.9268, 410.2937, -580.15, -9.999, 0, 0, 0
L 419.6281, -578.1761, -9.999, 419.3937, -570.8667, -9.9268, 0, 0, 0
L 445.396, -582.1716, -9.999, 419.6281, -578.1761, -9.999, 0, 0, 0
L 449.2645, -589.6615, -9.999, 445.396, -582.1716, -9.999, 0, 0, 0
L 439.6499, -599.2761, -9.999, 449.2645, -589.6615, -9.999, 0, 0, 0
L 439.5704, -608.1292, -9.999, 439.6499, -599.2761, -9.999, 0, 0, 0
L 459.7733, -590.3912, -9.999, 439.5704, -608.1292, -9.999, 0, 0, 0
L 440.2832, -547.7229, -9.999, 459.7733, -590.3912, -9.999, 0, 0, 0
L 440.2067, -543.5641, -9.999, 440.2832, -547.7229, -9.999, 0, 0, 0
L 419.8358, -551.2997, -9.999, 440.2067, -543.5641, -9.999, 0, 0, 0
L 413.5412, -563.3799, -9.999, 419.8358, -551.2997, -9.999, 0, 0, 0
L 384.2937, -569.2323, -9.999, 413.5412, -563.3799, -9.999, 0, 0, 0
L 384.2937, -569.2323, -9.999, 384.2937, -560.2006, -9.999, 127, 64, 0
L 379.4123, -555.6534, -9.999, 384.2937, -555.4992, -9.999, 127, 64, 0
L 379.3937, -561.4914, -9.999, 379.4123, -555.6534, -9.999, 127, 64, 0
L 358.2937, -571.824, -9.999, 379.3937, -561.4914, -9.999, 127, 64, 0
L 358.2504, -567.5887, -9.999, 358.3079, -572.2313, -9.999, 127, 64, 0
L 353.4123, -567.653, -9.999, 358.2504, -567.5887, -9.999, 127, 64, 0
L 353.3937, -577.9928, -9.999, 353.4123, -567.653, -9.999, 127, 64, 0
L 340.1331, -553.4125, -9.999, 354.1157, -579.3311, -9.999, 0, 0, 0
L 329.7223, -549.3577, -9.999, 340.1331, -553.4125, -9.999, 0, 0, 0
L 329.425, -571.4765, -9.999, 329.7223, -549.3577, -9.999, 0, 0, 0
L 319.8321, -575.3137, -9.999, 329.425, -571.4765, -9.999, 0, 0, 0
L 300.3249, -572.4389, -5.9989, 319.8321, -575.3137, -9.999, 0, 0, 0
L 300.3249, -529.9677, -9.999, 300.3249, -572.4389, -5.9989, 0, 0, 0
L 353.3937, -517.7714, -5.7937, 358.2937, -518.345, -8.675, 127, 64, 0
L 384.2436, -521.5747, -5.7312, 379.1084, -523.742, -5.6062, 127, 64, 0
L 380.405, -514.1858, -4.9989, 384.527, -512.3401, -5.5391, 0, 0, 0
L 357.9107, -510.2508, -4.9989, 380.405, -514.1858, -4.9989, 0, 0, 0
L 357.9107, -510.2509, -4.9989, 353.814, -512.5742, -4.9989, 0, 0, 0
L 370.2977, -547.7895, -7.888, 371.8315, -545.9202, -9.9326, 127, 127, 0
L 370.2427, -549.9892, -9.999, 370.2977, -547.7895, -9.999, 0, 0, 0
L 365.4658, -550.256, -9.999, 370.2427, -549.9892, -9.999, 0, 0, 0
L 365.4875, -547.5062, -9.999, 365.4658, -550.256, -9.999, 0, 0, 0
L 363.7398, -546.1489, -9.3422, 365.4875, -547.5062, -9.999, 127, 127, 0
L 363.5251, -539.9891, -9.999, 363.7398, -546.1489, -9.3422, 127, 127, 0
L 365.5419, -538.1613, -9.999, 363.5251, -539.9891, -9.999, 127, 127, 0
L 365.5448, -535.4446, -9.999, 365.5419, -538.1613, -9.999, 0, 0, 0
L 370.2108, -535.5209, -9.999, 365.5448, -535.4446, -9.999, 0, 0, 0
L 370.2162, -538.511, -9.999, 370.2108, -535.5209, -9.999, 0, 0, 0
L 371.8353, -539.3949, -9.999, 370.2162, -538.511, -9.999, 127, 127, 0
L 371.8315, -545.9202, -9.999, 371.8353, -539.3949, -9.999, 127, 127, 0
L 353.3937, -517.8383, -9.999, 353.4524, -522.1425, -9.999, 127, 64, 0
L 353.3937, -513.942, -9.999, 353.3937, -517.8383, -9.999, 0, 0, 0
L 310.68, -520.2857, -9.999, 300.3249, -529.9677, -9.999, 0, 0, 0
L 319.6884, -520.2311, -9.999, 310.68, -520.2857, -9.999, 0, 0, 0
L 329.2183, -529.7609, -9.999, 319.6884, -520.2311, -9.999, 0, 0, 0
L 339.4601, -530.3015, -9.999, 329.2183, -529.7609, -9.999, 0, 0, 0
L 353.814, -512.5742, -9.999, 339.4601, -530.3015, -9.999, 0, 0, 0
L 357.7468, -522.2835, -9.999, 353.4524, -522.1425, -9.999, 127, 64, 0
L 358.2937, -518.345, -9.999, 357.7468, -522.2835, -9.999, 127, 64, 0
L 379.1084, -523.742, -9.999, 358.2937, -518.345, -9.999, 127, 64, 0
L 379.5251, -526.99, -9.999, 379.3937, -523.1391, -9.999, 127, 64, 0
L 384.2608, -525.95, -9.999, 379.5251, -526.99, -9.999, 127, 64, 0
L 384.2937, -512.4305, -9.999, 384.2608, -525.95, -9.999, 127, 64, 0
L 392.5052, -515.5081, -9.999, 384.527, -512.3401, -9.999, 0, 0, 0
L 390.199, -519.6114, -9.999, 392.5052, -515.5081, -9.999, 0, 0, 0
L 395.1757, -525.5109, -9.5646, 390.199, -519.6114, -9.999, 0, 0, 0
L 398.6211, -525.9877, -9.999, 395.1757, -525.5109, -9.5646, 0, 0, 0
L 400.5957, -524.9746, -9.999, 398.6211, -525.9877, -9.999, 0, 0, 0
L 403.5717, -542.1396, -9.999, 400.5957, -524.9746, -9.999, 0, 0, 0
L 419.5233, -532.5121, -9.999, 403.5717, -542.1396, -9.999, 0, 0, 0
L 428.586, -524.2028, -9.999, 419.5233, -532.5121, -9.999, 0, 0, 0
L 428.586, -524.2028, -9.999, 440.2382, -522.606, -9.999, 0, 0, 0
L 440.2624, -507.9567, -9.999, 440.2382, -522.606, -9.999, 0, 0, 0
L 460.2051, -479.5926, -9.999, 440.2624, -507.9567, -9.999, 0, 0, 0
L 451.7488, -473.3668, -9.999, 460.2051, -479.5926, -9.999, 0, 0, 0
L 439.5145, -485.4583, -9.999, 451.7488, -473.3668, -9.999, 0, 0, 0
L 432.2617, -489.846, -9.999, 439.5145, -485.4583, -9.999, 0, 0, 0
L 432.1096, -487.4746, -9.999, 432.2615, -489.847, -9.999, 127, 64, 0
L 430.262, -487.3625, -9.999, 432.1096, -487.4746, -9.999, 127, 64, 0
L 430.1965, -483.5778, -9.999, 430.2624, -487.3625, -9.999, 127, 64, 0
L 426.4669, -481.6225, -9.999, 430.1965, -483.5778, -9.999, 127, 64, 0
L 411.4125, -481.6834, -9.999, 426.4669, -481.6225, -9.999, 127, 64, 0
L 411.3937, -483.1478, -9.999, 411.4125, -481.6834, -9.999, 127, 64, 0
L 402.692, -479.418, -9.999, 411.3937, -483.1478, -9.999, 0, 0, 0
L 394.1738, -473.4961, -9.999, 402.692, -479.418, -9.999, 0, 0, 0
L 386.2717, -461.6428, -9.999, 394.1738, -473.4961, -9.999, 0, 0, 0
L 384.1823, -449.4836, -9.999, 386.2717, -461.6428, -9.999, 0, 0, 0
L 382.1299, -445.4445, -9.999, 384.1823, -449.4836, -9.999, 0, 0, 0
L 376.2934, -437.1066, -9.999, 382.1299, -445.4445, -9.999, 0, 0, 0
L 376.2937, -427.9934, -9.999, 376.2934, -437.1066, -9.999, 0, 0, 0
L 381.2835, -421.3358, -9.999, 376.2937, -427.9934, -9.999, 0, 0, 0
L 399.6186, -420.2937, -9.999, 381.2835, -421.3358, -9.999, 0, 0, 0
L 405.3629, -427.9526, -9.999, 399.6186, -420.2937, -9.999, 0, 0, 0
L 403.4164, -437.6551, -9.999, 405.3629, -427.9526, -9.999, 0, 0, 0
L 399.4003, -445.8897, -9.999, 403.4164, -437.6551, -9.999, 0, 0, 0
L 401.4585, -450.452, -9.999, 399.4003, -445.8897, -9.999, 0, 0, 0
L 411.3937, -437.2153, -9.999, 401.4585, -450.452, -9.999, 0, 0, 0
L 411.8996, -438.2624, -9.999, 411.3937, -437.2148, -9.999, 127, 64, 0
L 413.3937, -438.2624, -9.999, 411.8996, -438.2624, -9.999, 127, 64, 0
L 413.3935, -445.7857, -9.999, 413.3937, -438.2624, -9.999, 0, 0, 0
L 418.2937, -447.4778, -10.8179, 413.3935, -445.7857, -9.999, 0, 0, 0
L 418.2964, -447.4784, -10.8178, 425.3937, -449.6827, -9.9999, 0, 0, 0
L 418.2937, -436.3888, -11.999, 418.2964, -447.4784, -10.8178, 0, 0, 0
L 425.3937, -438.1637, -11.999, 418.2937, -436.3888, -11.999, 0, 0, 0
L 425.4703, -450.638, -9.999, 425.3937, -438.1637, -11.999, 0, 0, 0
L 429.9144, -450.2508, -9.999, 425.4703, -450.638, -9.999, 0, 0, 0
L 430.2624, -442.2624, -9.999, 429.9144, -450.2508, -9.999, 0, 0, 0
L 432.1428, -442.1181, -9.999, 430.2624, -442.2624, -9.999, 127, 64, 0
L 432.2624, -441.7187, -9.999, 432.1428, -442.1181, -9.999, 127, 64, 0
L 435.3826, -447.9615, -9.999, 432.2624, -441.7187, -9.999, 0, 0, 0
L 439.6564, -470.2346, -9.999, 435.3826, -447.9615, -9.999, 0, 0, 0
L 460.2633, -449.8883, -9.999, 439.6564, -470.2346, -9.999, 0, 0, 0
L 450.4689, -434.138, -3.3203, 460.2633, -449.8883, -9.999, 0, 0, 0
L 430.256, -425.4442, 0.1, 450.4689, -434.138, -3.3203, 0, 0, 0
L 350.3249, -429.9186, -0.88, 350.4408, -468.6032, -0.114, 0, 0, 0
L 239.628, -590.2, -26.472, 231.2065, -590.1367, -26.404, 0, 0, 0
L 249.4561, -609.856, -28.1971, 239.628, -590.2, -26.472, 0, 0, 0
L 249.628, -620.2, -29.9989, 249.4561, -609.856, -28.1971, 0, 0, 0
L 249.628, -620.2, -29.9989, 210.6033, -620.1381, -29.991, 0, 0, 0
L 300.414, -679.2965, -17.9494, 329.3783, -689.759, -10.1567, 0, 0, 0
L 279.5634, -679.2691, -26.6128, 300.414, -679.2965, -17.9494, 0, 0, 0
L 279.5631, -679.2691, -26.6128, 279.5634, -650.97, -26.6128, 0, 0, 0
L 260.12, -679.2699, -29.9785, 279.5631, -679.2691, -26.6128, 0, 0, 0
L 240.2173, -669.3712, -29.9989, 260.12, -679.2699, -29.9785, 0, 0, 0
L 224.7926, -646.2684, -29.9989, 240.2173, -669.3712, -29.9989, 0, 0, 0
L 224.5144, -643.5289, -29.9989, 222.9114, -643.4465, -29.9989, 0, 0, 0
L 228.2775, -640.344, -29.9989, 224.5144, -643.5289, -29.9989, 0, 0, 0
L 227.5375, -635.2392, -29.9274, 228.2775, -640.344, -29.9989, 0, 0, 0
L 225.1648, -646.8265, -29.9989, 218.7684, -636.4682, -29.9989, 0, 0, 0
L 230.9937, -636.1833, -29.9989, 222.6025, -633.9044, -29.9466, 127, 64, 0
L 235.6046, -628.7297, -29.9989, 230.9937, -636.1833, -29.9989, 127, 64, 0
L 230.914, -622.1888, -29.9989, 235.6046, -628.7297, -29.9989, 127, 64, 0
L 222.375, -625.5638, -29.9989, 230.914, -622.1888, -29.9989, 127, 64, 0
L 222.6025, -633.9044, -29.9989, 222.375, -625.5638, -29.9989, 127, 64, 0
L 218.7684, -636.4682, -29.9989, 222.5689, -633.4072, -29.9989, 0, 0, 0
L 210.3748, -619.6811, -29.2717, 218.7684, -636.4682, -29.9989, 0, 0, 0
L 210.3563, -589.9116, -25.9989, 210.3748, -619.6811, -29.2717, 0, 0, 0
L 200.2743, -579.5108, -22.5862, 210.3562, -589.7391, -25.9989, 0, 0, 0
L 190.3874, -559.6752, -20.1068, 200.2743, -579.5108, -22.5862, 0, 0, 0
L 190.3874, -497.4658, -20.1067, 170.645, -482.398, -10.393, 0, 0, 0
L 190.3874, -559.6752, -20.1068, 190.3874, -497.4658, -20.1067, 0, 0, 0
L 180.3682, -539.6363, -14.3862, 190.3874, -559.6752, -20.1068, 0, 0, 0
L 170.4489, -509.8926, -10.2014, 180.3682, -539.6363, -14.3862, 0, 0, 0
L -137.5235, -211.2088, -0.8365, -142.587, -211.4735, 1.8936, 0, 0, 0
L -137.4943, -227.985, 2.128, -137.5235, -211.2088, -0.8365, 0, 0, 0
L -142.705, -228.3563, 3.9342, -137.4943, -227.985, 2.128, 0, 0, 0
L -133.1833, -184.2575, -7.9989, -130.2238, -190.3874, -9.999, 127, 64, 0
L -133.1833, -184.2574, -7.9989, -112.266, -180.4053, -7.9989, 0, 0, 0
L -140.2381, -183.4163, -3.999, -133.1833, -184.2574, -7.9989, 127, 64, 0
L -145.255, -170.3874, -3.999, -139.6427, -183.4826, -3.999, 0, 0, 0
L -160.74, -183.4875, -1.999, -140.4737, -183.4875, -1.999, 0, 0, 0
L -142.2617, -189.4875, 0.1, -166.8511, -189.4875, 0.1, 0, 0, 0
L -156.3874, -215.1163, 2.9, -156.3874, -211.5148, 2.9, 0, 0, 0
L -159.663, -217.8496, 2.9, -156.3874, -215.1163, 2.9, 0, 0, 0
L -156.3952, -227.8837, 2.9, -159.663, -217.8496, 2.9, 0, 0, 0
L -147.5825, -230.7021, 2.9, -156.3952, -227.8837, 2.9, 0, 0, 0
L -145.4386, -228.3562, 2.9, -147.5825, -230.7021, 2.9, 0, 0, 0
L -141.8675, -228.3562, 1.9844, -145.4386, -228.3562, 2.9, 0, 0, 0
L -143.237, -249.4561, 0.1, -139.1735, -253.3064, 0.1, 127, 64, 0
L -166.8514, -250.3558, 0.1, -142.1238, -250.3562, 0.1, 0, 0, 0
L -142.1238, -250.3562, 0.1, -137.9647, -254.5152, -0.16, 127, 64, 0
L -154.5073, -261.7631, -1.999, -138.372, -254.4429, -2.316, 0, 0, 0
L -137.4875, -265.4562, -3.999, -137.4875, -254.9926, -3.999, 0, 0, 0
L -137.9647, -254.5152, -5.9989, -131.4183, -253.8848, -6.3, 127, 64, 0
L -117.9321, -265.3845, -5.9989, -136.3129, -254.3562, -5.9989, 0, 0, 0
L -131.4183, -253.8848, -7.9989, -129.2584, -249.4561, -9.999, 127, 64, 0
L -104.579, -257.4388, -7.9989, -131.2547, -253.5492, -7.9989, 0, 0, 0
L -104.267, -257.4211, -7.9989, -90.882, -249.4561, -7.9989, 0, 0, 0
L -117.9322, -265.3847, -5.9989, -104.267, -257.4211, -7.9989, 0, 0, 0
L -137.4875, -265.4562, -3.999, -117.9322, -265.3847, -5.9989, 0, 0, 0
L -155.7073, -261.4963, 0.1, -137.4875, -265.4562, -3.999, 0, 0, 0
L -166.8512, -250.356, 0.1, -155.7073, -261.4963, 0.1, 0, 0, 0
L -183.4875, -231.735, 2.9, -166.8512, -250.356, 0.1, 0, 0, 0
L -183.4875, -208.775, 2.9, -183.4875, -231.735, 2.9, 0, 0, 0
L -166.8511, -189.4875, 0.1, -183.4875, -208.775, 2.9, 0, 0, 0
L -160.7399, -183.4875, -1.999, -166.8511, -189.4875, 0.1, 0, 0, 0
L -145.255, -170.3874, -3.999, -160.7399, -183.4875, -1.999, 0, 0, 0
L -123.8534, -170.594, -5.9989, -145.255, -170.3874, -3.999, 0, 0, 0
L -112.267, -180.4053, -7.9989, -123.8534, -170.594, -5.9989, 0, 0, 0
L -90.1548, -190.3874, -9.999, -112.267, -180.4053, -7.9989, 0, 0, 0
L 163.5954, -309.5822, 22.1, 163.6745, -318.326, 22.1, 127, 64, 0
L 166.3874, -309.6245, 22.1, 163.5954, -309.5822, 22.1, 127, 64, 0
L 166.3873, -311.425, 22.1, 166.3874, -309.6245, 22.1, 127, 64, 0
L 166.3874, -311.425, 22.1, 173.4875, -311.425, 22.1, 127, 64, 0
L 173.883, -309.4282, 22.1, 173.4875, -311.425, 22.1, 127, 64, 0
L 176.39, -309.4365, 22.1, 174.242, -309.425, 22.1, 127, 64, 0
L 176.1538, -318.2694, 22.1, 176.39, -309.4365, 22.1, 127, 64, 0
L 163.6745, -318.326, 22.1, 176.1538, -318.2694, 22.1, 127, 64, 0
L 144.3163, -323.632, 18.1236, 146.3459, -328.966, 16.8887, 127, 64, 0
L 143.3624, -332.3476, 13.7766, 144.3163, -323.632, 18.1237, 127, 64, 0
L 146.3863, -327.9456, 16.1, 143.3624, -332.3476, 13.7767, 127, 64, 0
L 160.1785, -299.4515, 20.7622, 159.8492, -302.3543, 20.4603, 127, 64, 0
L 160.442, -299.3942, 18.2267, 157.3508, -301.8598, 20.907, 127, 64, 0
L 159.772, -302.3249, 20.1, 157.3508, -301.8598, 20.1, 127, 64, 0
L 180.3466, -299.3065, 19.2925, 182.4284, -302.31, 19.9958, 127, 64, 0
L 180.938, -302.3249, 20.55, 180.3466, -299.3065, 19.2925, 127, 64, 0
L 182.2618, -302.1868, 20.9, 180.1029, -302.3249, 20.1, 127, 64, 0
L 199.4402, -319.425, 21.5695, 182.2618, -302.1868, 20.9, 0, 0, 0
L 183.8234, -319.4393, 22.1, 199.4402, -319.425, 21.5695, 0, 0, 0
L 179.6343, -329.4209, 22.1, 183.8234, -319.4393, 22.1, 0, 0, 0
L 159.449, -329.7271, 20.829, 157.2504, -320.7003, 18.1, 0, 0, 0
L 159.449, -329.7271, 20.829, 157.4389, -331.8655, 14.9, 0, 0, 0
L 179.6345, -329.4207, 22.1, 159.449, -329.7271, 20.829, 0, 0, 0
L 157.4875, -309.9315, 20.1, 157.4875, -320.6215, 18.1, 0, 0, 0
L 159.4875, -303.802, 20.1, 157.4875, -309.9315, 20.1, 0, 0, 0
L 159.772, -302.3249, 20.1, 159.4875, -303.802, 20.1, 0, 0, 0
L 157.4875, -320.3245, 18.1, 157.4875, -328.3249, 14.9, 0, 0, 0
L 144.394, -320.3249, 18.1, 144.6656, -324.3249, 16.1, 0, 0, 0
L 157.4875, -320.3249, 18.1, 144.394, -320.3249, 18.1, 0, 0, 0
L 144.6656, -324.3249, 16.1, 157.4875, -324.3249, 16.1, 0, 0, 0
L 144.6656, -324.3249, 16.1, 146.6142, -328.3249, 16.1, 0, 0, 0
L 157.4875, -324.3247, 16.1, 144.6656, -324.3249, 16.1, 0, 0, 0
L 465.3625, -255.9455, 14.9, 465.4843, -284.3249, 10.1778, 127, 64, 0
L 465.6489, -253.4868, 14.9, 465.3625, -255.9455, 14.9, 0, 0, 0
L 471.3625, -253.4561, 14.9, 465.6489, -253.4868, 14.9, 0, 0, 0
L 471.3625, -182.3872, 14.9, 471.3625, -253.4561, 14.9, 0, 0, 0
L 467.5412, -182.2966, 14.9, 471.3625, -182.3872, 14.9, 0, 0, 0
L 467.3625, -178.3872, 14.9, 467.5412, -182.2966, 14.9, 0, 0, 0
L 450.2624, -178.3874, 14.9, 467.3625, -178.3872, 14.9, 0, 0, 0
L 450.1413, -182.2446, 14.9, 450.2624, -178.3874, 14.9, 0, 0, 0
L 446.2624, -182.3874, 14.9, 450.1413, -182.2446, 14.9, 0, 0, 0
L 446.2624, -253.4561, 14.9, 446.2624, -182.3874, 14.9, 0, 0, 0
L 451.9415, -253.3654, 14.9, 446.2624, -253.4561, 14.9, 0, 0, 0
L 452.2624, -257.3668, 14.9, 451.9415, -253.3654, 14.9, 0, 0, 0
L 452.2624, -256.6001, 14.9, 452.137, -284.3249, 10.1777, 127, 64, 0
L 441.9114, -236.3452, 30.305, 429.903, -234.3769, 10.2597, 0, 0, 0
L 451.9003, -232.3562, 39.5501, 441.9114, -236.3452, 30.305, 0, 0, 0
L 466.2624, -232.7002, 32.3933, 451.9003, -232.3562, 39.5501, 0, 0, 0
L 475.6503, -238.3263, 30.463, 466.2624, -232.7002, 32.3933, 0, 0, 0
L 476.2624, -238.2306, 27.3596, 475.6503, -238.3263, 30.463, 127, 64, 0
L 488.2409, -267.8654, 10.9, 487.9098, -234.348, 10.9, 127, 64, 0
L 468.2624, -268.973, 10.9, 488.2409, -267.8654, 10.9, 127, 64, 0
L 467.9399, -284.3065, 10.1213, 468.2624, -268.973, 10.9, 127, 64, 0
L 449.3401, -283.8722, 10.9, 467.9399, -284.3065, 10.1213, 127, 64, 0
L 449.3625, -267.9737, 10.252, 449.4488, -284.1403, 10.9, 127, 64, 0
L 429.5523, -268.53, 10.2297, 449.3625, -267.9737, 10.252, 127, 64, 0
L 429.903, -234.3769, 10.2598, 429.5523, -268.53, 10.6937, 127, 64, 0
L 420.2937, -240.1605, 10.9, 429.903, -234.3769, 10.2598, 0, 0, 0
L 419.9764, -270.4938, 9.4473, 420.2692, -269.8621, 10.3373, 0, 0, 0
L 420.2692, -269.8621, 10.9, 420.2937, -240.1605, 10.9, 0, 0, 0
L 449.3625, -300.604, 0.1, 449.3371, -329.6093, 0.1, 0, 0, 0
L 439.5636, -290.2626, 0.1, 449.3625, -300.604, 0.1, 0, 0, 0
L 429.5319, -284.2266, 0.1, 439.5636, -290.2626, 0.1, 0, 0, 0
L 419.843, -270.68, 0.1, 429.5319, -284.2266, 0.1, 0, 0, 0
L 410.2937, -284.194, 0.1, 419.843, -270.68, 0.1, 0, 0, 0
L 410.2789, -289.9891, 0.1, 410.2937, -284.194, 0.1, 0, 0, 0
L 390.2937, -347.9503, 0.1, 410.2789, -289.9891, 0.1, 0, 0, 0
L 390.2937, -359.7706, 0.1, 390.2937, -347.9503, 0.1, 0, 0, 0
L 380.2937, -379.9499, 0.1, 390.2937, -359.7706, 0.1, 0, 0, 0
L 369.3937, -391.7495, 0.1, 380.2937, -379.9499, 0.1, 0, 0, 0
L 350.3249, -429.9184, -0.88, 369.3937, -391.7495, 0.1, 0, 0, 0
L 340.2447, -440.79, 3.1478, 350.3249, -429.9184, -0.88, 0, 0, 0
L 329.425, -460.2622, 0.1, 340.2447, -440.79, 3.1478, 0, 0, 0
L 309.8287, -460.2604, -0.6, 329.425, -460.2622, 0.1, 0, 0, 0
L 289.5522, -430.2624, -9.999, 309.8287, -460.2604, -0.6, 0, 0, 0
L 270.1983, -430.2624, -9.999, 289.5522, -430.2624, -9.999, 0, 0, 0
L 262.3587, -447.9006, -9.999, 270.1983, -430.2624, -9.999, 0, 0, 0
L 248.3562, -461.9988, -9.999, 262.3587, -447.9006, -9.999, 0, 0, 0
L 248.2395, -464.1147, -9.999, 248.3562, -461.9988, -9.999, 0, 0, 0
L 236.927, -464.2624, -6.2599, 248.2395, -464.1147, -9.999, 0, 0, 0
L 230.3562, -469.9988, -6.258, 236.927, -464.2624, -6.2599, 0, 0, 0
L 229.4561, -472.2624, -9.999, 230.3562, -469.9988, -6.258, 0, 0, 0
L 227.6791, -472.201, -9.999, 229.4561, -472.2619, -9.999, 0, 0, 0
L 227.4565, -471.8276, -9.999, 227.456, -461.879, -9.999, 0, 0, 0
L 214.3562, -470.9042, -9.999, 214.3563, -467.473, -9.999, 0, 0, 0
L 214.3562, -468.4472, -9.999, 214.3563, -461.4438, -9.999, 0, 0, 0
L 252.1974, -430.1761, -6.247, 251.1855, -433.7099, -6.248, 127, 64, 0
L 249.363, -429.4005, -6.247, 252.1974, -430.1761, -6.247, 127, 64, 0
L 248.1715, -432.321, -6.247, 249.363, -429.4005, -6.247, 127, 64, 0
L 251.2176, -433.5984, -6.247, 248.1715, -432.321, -6.247, 127, 64, 0
L 210.1786, -404.2019, -9.999, 210.2918, -399.3847, -9.999, 127, 64, 0
L 205.5089, -404.552, -9.999, 210.1786, -404.2019, -9.999, 127, 64, 0
L 203.5891, -399.5244, -9.999, 205.5089, -404.552, -9.999, 127, 64, 0
L 210.2918, -399.3847, -9.999, 203.5891, -399.5244, -9.999, 127, 64, 0
L 234.2861, -380.2864, -9.999, 229.6656, -380.2239, -9.894, 127, 64, 0
L 227.4629, -375.766, -9.999, 234.3626, -375.6157, -9.999, 127, 64, 0
L 229.6844, -380.2352, -9.894, 227.4629, -375.766, -9.999, 127, 64, 0
L 234.3626, -375.6157, -9.999, 234.2861, -380.2864, -9.999, 127, 64, 0
L 234.2349, -399.5294, -9.999, 234.3714, -404.2647, -9.999, 127, 64, 0
L 229.5173, -399.6173, -9.894, 234.2349, -399.5294, -9.999, 127, 64, 0
L 229.8968, -404.2936, -9.999, 229.5173, -399.6173, -9.894, 127, 64, 0
L 234.3714, -404.2647, -9.999, 229.8968, -404.2936, -9.999, 127, 64, 0
L 205.4561, -375.8759, -9.999, 210.942, -375.3684, -9.999, 127, 64, 0
L 205.4942, -380.246, -9.999, 205.4561, -375.8759, -9.999, 127, 64, 0
L 210.3255, -380.72, -9.999, 205.4942, -380.246, -9.999, 127, 64, 0
L 210.942, -375.3684, -9.999, 210.3255, -380.72, -9.999, 127, 64, 0
L 241.6899, -356.2937, -9.999, 228.8677, -356.514, -9.999, 0, 0, 0
L 210.4302, -430.8691, -9.999, 210.4275, -441.3267, -9.999, 0, 0, 0
L 211.4014, -430.9535, -9.999, 210.4302, -430.8691, -9.999, 0, 0, 0
L 212.3562, -429.5792, -9.999, 211.4014, -430.9535, -9.999, 0, 0, 0
L 212.2807, -427.5941, -9.999, 212.3562, -429.5792, -9.999, 0, 0, 0
L 210.4311, -427.3937, -9.999, 212.2807, -427.5941, -9.999, 0, 0, 0
L 210.4191, -424.7869, -9.999, 210.4311, -427.3937, -9.999, 0, 0, 0
L 194.3615, -424.3448, -9.999, 210.4191, -424.7869, -9.999, 0, 0, 0
L 193.5268, -431.1875, -9.999, 194.3615, -424.3448, -9.999, 0, 0, 0
L 192.4022, -419.9884, -9.999, 193.5721, -431.639, -9.999, 0, 0, 0
L 184.3874, -403.7375, -9.999, 192.4022, -419.9884, -9.999, 0, 0, 0
L 184.3874, -400.5251, -9.999, 184.3874, -403.7375, -9.999, 0, 0, 0
L 180.3874, -379.7991, -9.999, 184.3874, -400.5251, -9.999, 0, 0, 0
L 180.3874, -376.65, -9.999, 180.3874, -379.7991, -9.999, 0, 0, 0
L 200.1171, -352.2937, -9.999, 180.3874, -376.65, -9.999, 0, 0, 0
L 213.8507, -352.2937, -9.999, 200.1171, -352.2937, -9.999, 0, 0, 0
L 229.47, -356.822, -9.999, 213.8507, -352.2937, -9.999, 0, 0, 0
L 257.5267, -376.91, -9.999, 241.6898, -356.2937, -9.999, 0, 0, 0
L 259.7094, -380.2538, -9.999, 257.5267, -376.91, -9.999, 0, 0, 0
L 279.7126, -380.3758, -9.999, 259.7094, -380.2538, -9.999, 0, 0, 0
L 280.3249, -370.2937, -9.999, 279.7126, -380.3758, -9.999, 127, 64, 0
L 319.425, -370.2932, -9.999, 280.3249, -370.2937, -9.999, 127, 64, 0
L 319.425, -409.3937, -9.999, 319.425, -370.2932, -9.999, 127, 64, 0
L 280.3247, -409.3937, -9.999, 319.425, -409.3937, -9.999, 127, 64, 0
L 280.3836, -399.8288, -9.999, 280.3247, -409.3937, -9.999, 127, 64, 0
L 259.9832, -399.2205, -9.999, 280.3836, -399.8288, -9.999, 0, 0, 0
L 255.5579, -419.3811, -9.999, 259.9832, -399.2205, -9.999, 0, 0, 0
L 252.3471, -429.6537, -9.999, 255.5579, -419.3811, -9.999, 0, 0, 0
L 248.7489, -428.778, -9.999, 252.3471, -429.6537, -9.999, 0, 0, 0
L 248.4063, -429.5754, -9.999, 248.7489, -428.778, -9.999, 0, 0, 0
L 248.3891, -423.8145, -9.999, 248.4063, -429.5754, -9.999, 0, 0, 0
L 231.5303, -423.7767, -9.999, 248.3891, -423.8145, -9.999, 0, 0, 0
L 231.8514, -440.367, -9.999, 231.5303, -423.7767, -9.999, 0, 0, 0
L 248.3819, -440.677, -9.999, 231.8514, -440.367, -9.999, 0, 0, 0
L 248.4051, -433.3546, -9.999, 248.3819, -440.677, -9.999, 0, 0, 0
L 251.664, -434.1259, -9.999, 248.4051, -433.3546, -9.999, 0, 0, 0
L 249.6457, -438.8806, -9.999, 251.664, -434.1259, -9.999, 0, 0, 0
L 249.4562, -445.3625, -9.999, 249.6457, -438.8806, -9.999, 0, 0, 0
L 241.4881, -445.6462, -9.999, 249.4562, -445.3625, -9.999, 0, 0, 0
L 241.4561, -461.3625, -9.999, 241.4881, -445.6462, -9.999, 0, 0, 0
L 227.5269, -461.5702, -9.999, 241.4561, -461.3625, -9.999, 0, 0, 0
L 200.2445, -441.3272, -9.999, 210.4275, -441.3267, -9.999, 0, 0, 0
L 200.572, -441.327, -9.999, 200.436, -444.2588, -9.999, 0, 0, 0
L 197.5187, -444.414, -9.999, 200.436, -444.2588, -9.999, 0, 0, 0
L 196.7567, -441.3254, -9.999, 197.5187, -444.414, -9.999, 0, 0, 0
L 195.875, -441.326, -9.999, 196.7567, -441.3254, -9.999, 0, 0, 0
L 195.3874, -442.291, -9.999, 195.875, -441.326, -9.999, 0, 0, 0
L 195.3874, -443.7092, -9.999, 195.3874, -442.291, -9.999, 0, 0, 0
L 196.1879, -445.3625, -9.999, 195.3874, -443.7092, -9.999, 0, 0, 0
L 200.2606, -445.535, -9.999, 196.1879, -445.3625, -9.999, 0, 0, 0
L 200.3562, -461.3625, -9.999, 200.2606, -445.535, -9.999, 0, 0, 0
L 214.3563, -461.4438, -9.999, 200.3562, -461.3625, -9.999, 0, 0, 0
L 214.3355, -471.9472, -9.999, 214.3562, -470.7377, -9.999, 0, 0, 0
L 212.3562, -472.2624, -9.999, 214.3355, -471.9472, -9.999, 0, 0, 0
L 211.4561, -469.9988, -6.258, 212.3562, -472.2624, -9.999, 0, 0, 0
L 190.1391, -470.3704, -9.999, 190.3483, -448.2636, -7.9977, 0, 0, 0
L 194.1783, -464.2624, -9.999, 190.1391, -470.3704, -9.999, 0, 0, 0
L 168.5336, -427.8915, -9.999, 166.1118, -430.2622, -9.999, 0, 0, 0
L 165.9707, -425.245, -8.639, 168.5336, -427.8915, -8.9147, 0, 0, 0
L 161.8059, -428.2805, -9.999, 166.1118, -430.2622, -9.999, 0, 0, 0
L 165.9707, -425.245, -9.999, 161.8059, -428.2805, -9.999, 0, 0, 0
L 205.7198, -464.2624, -6.2599, 211.4561, -469.9988, -6.258, 0, 0, 0
L 194.1783, -464.2624, -9.999, 205.7198, -464.2624, -6.2599, 127, 64, 0
L 193.5934, -461.5222, -7.9989, 194.1783, -464.2624, -9.999, 127, 64, 0
L 195.4561, -461.3625, -7.9989, 193.5934, -461.5222, -7.9989, 127, 64, 0
L 195.4561, -450.2619, -7.9989, 195.4561, -461.3625, -7.9989, 127, 64, 0
L 193.721, -450.2071, -7.9989, 195.4561, -450.2619, -7.9989, 127, 64, 0
L 193.4875, -448.2624, -7.9989, 193.721, -450.2071, -7.9989, 127, 64, 0
L 189.925, -448.2622, -7.2432, 193.4875, -448.2624, -7.9989, 0, 0, 0
L 169.7489, -420.3539, -9.8404, 189.925, -448.2622, -7.2432, 0, 0, 0
L 130.1277, -430.2291, -9.999, 169.7489, -420.3539, -9.8404, 0, 0, 0
L 110.4187, -440.903, -8.7768, 130.1277, -430.2291, -9.999, 0, 0, 0
L 99.5644, -430.1318, -6.267, 110.4187, -440.903, -8.7768, 0, 0, 0
L 89.6462, -400.2991, -4.201, 99.5644, -430.1318, -6.267, 0, 0, 0
L 99.3226, -379.9565, 2.9201, 89.6462, -400.2991, -4.201, 0, 0, 0
L 119.3074, -359.838, 8.6338, 99.3226, -379.9565, 2.9201, 0, 0, 0
L 119.727, -359.3937, 0.1, 98.5721, -359.5516, 0.1, 0, 0, 0
L 129.3453, -347.8818, 0.1, 119.727, -359.3937, 0.1, 0, 0, 0
L 133.6803, -347.3829, 0.1, 135.4519, -343.8396, -0.31, 0, 0, 0
L 129.8685, -347.4302, 0.1, 133.6803, -347.3829, 0.1, 0, 0, 0
L 133.3012, -348.3589, 2.9, 129.6143, -359.3908, 2.9, 0, 0, 0
L 147.954, -348.3249, 4.1, 133.453, -347.9048, 2.9, 0, 0, 0
L 139.697, -359.3937, 4.1, 147.3266, -347.9791, 4.1, 0, 0, 0
L 119.727, -359.3937, 0.1, 139.697, -359.3937, 4.1, 0, 0, 0
L 143.4875, -323.5471, -13.997, 130.2792, -323.5522, -13.999, 0, 0, 0
L 143.5315, -319.6807, -13.999, 143.4875, -323.548, -13.9962, 0, 0, 0
L 149.603, -309.5738, -13.999, 143.562, -319.6259, -13.999, 0, 0, 0
L 160.1793, -299.425, -13.999, 149.6297, -309.5462, -13.999, 0, 0, 0
L 180.3461, -299.6471, -13.999, 160.3156, -299.425, -13.999, 0, 0, 0
L 210.1492, -329.4816, -13.999, 180.36, -299.661, -13.999, 0, 0, 0
L 239.8396, -339.3784, -13.999, 210.1492, -329.4816, -13.999, 0, 0, 0
L 270.187, -319.1247, -13.999, 239.8396, -339.3784, -13.999, 0, 0, 0
L 279.425, -309.689, -13.999, 269.7882, -319.3559, -13.999, 0, 0, 0
L 279.425, -299.9592, -13.999, 279.425, -309.689, -13.999, 0, 0, 0
L 279.425, -309.5774, -13.999, 279.425, -299.9615, -13.999, 0, 0, 0
L 279.425, -309.4542, -13.999, 279.425, -309.5355, -13.999, 0, 0, 0
L 279.1041, -299.1594, -13.999, 279.1009, -299.1517, -13.999, 0, 0, 0
L 275.5774, -290.343, -13.999, 279.425, -299.9615, -13.999, 0, 0, 0
L 269.5074, -280.835, -13.999, 275.5083, -290.1702, -13.999, 0, 0, 0
L 269.4562, -270.2087, -11.7456, 269.4827, -280.271, -13.999, 0, 0, 0
L 248.5477, -261.8476, -5.574, 269.4562, -270.2092, -11.7433, 0, 0, 0
L -142.1671, -211.4561, 3.1804, -142.169, -211.4561, 3.1751, 0, 0, 0
L -148.1179, -210.5073, 2.9, -142.587, -211.4735, 3.1812, 0, 0, 0
L -150.5252, -211.4561, 2.9, -148.1179, -210.5073, 2.9, 0, 0, 0
L -156.3874, -211.5148, 2.9, -150.5252, -211.4561, 2.9, 0, 0, 0
L -118.3066, -212.3562, -9.999, -137.4875, -212.3558, -9.999, 127, 127, 0
L -119.2227, -214.7276, -9.999, -118.1804, -212.3562, -9.999, 127, 127, 0
L -124.6838, -221.8468, -9.999, -119.2227, -214.7276, -9.999, 127, 127, 0
L -122.1997, -227.4561, -9.999, -124.6838, -221.8468, -9.999, 127, 127, 0
L -137.4875, -227.4561, -9.999, -122.1997, -227.4561, -9.999, 127, 127, 0
L -137.4875, -212.3558, -9.999, -137.4875, -227.4561, -9.999, 127, 127, 0
L -133.8892, -207.4561, -9.999, -133.7309, -207.4561, -9.999, 0, 0, 0
L -147.3128, -207.4562, -9.999, -141.6133, -190.3874, -9.999, 0, 0, 0
L -115.748, -207.514, -9.999, -147.3128, -207.4562, -9.999, 0, 0, 0
L -113.7449, -211.3477, -9.999, -115.748, -207.514, -9.999, 0, 0, 0
L -104.462, -212.4281, -9.999, -113.7449, -211.3477, -9.999, 0, 0, 0
L -97.1157, -223.6778, -9.999, -104.462, -212.4281, -9.999, 0, 0, 0
L -104.2164, -237.598, -9.999, -97.1157, -223.6778, -9.999, 0, 0, 0
L -117.2447, -236.1546, -9.999, -104.2164, -237.598, -9.999, 0, 0, 0
L -119.7917, -232.3562, -9.999, -117.2447, -236.1546, -9.999, 0, 0, 0
L -147.3131, -232.3559, -9.999, -119.7917, -232.3562, -9.999, 0, 0, 0
L -141.6132, -249.4561, -9.999, -147.3131, -232.3559, -9.999, 0, 0, 0
L -79.635, -249.4561, -8.2337, -60.6966, -249.4561, -4.8901, 0, 0, 0
L -79.5186, -259.6281, -5.9488, -79.635, -249.4561, -8.2337, 0, 0, 0
L -60.4183, -269.1782, -3.8597, -79.5186, -259.6281, -5.9488, 0, 0, 0
L -60.4177, -269.1786, -3.8525, -39.7826, -289.425, -1.999, 0, 0, 0
L -60.2171, -269.2789, -3.5, -60.6966, -249.4561, -4.8901, 0, 0, 0
L 10.2956, -309.4988, 0.799, 0.8117, -294.3247, 1.946, 0, 0, 0
L 41.1171, -325.4277, 0.1, 37.302, -325.4266, 0.1, 0, 0, 0
L 20.4487, -319.8063, 0.1, 10.2956, -309.4988, 0.492, 0, 0, 0
L 20.4499, -333.425, 0.1, 20.4487, -319.8063, 0.1, 0, 0, 0
L 27.55, -333.425, 0.1, 20.4499, -333.425, 0.1, 0, 0, 0
L 27.7241, -329.5194, 0.1, 27.55, -333.425, 0.1, 0, 0, 0
L 32.313, -329.4141, 0.1, 27.7241, -329.5194, 0.1, 0, 0, 0
L 37.302, -325.4266, 0.1, 31.8421, -329.425, 0.1, 0, 0, 0
L 54.2432, -335.5183, 0.1, 41.1171, -325.4277, 0.1, 0, 0, 0
L 51.9012, -351.3937, 0.1, 54.4191, -351.3937, 0.1, 0, 0, 0
L 54.3132, -350.1646, 0.1, 54.1471, -335.444, 0.1, 0, 0, 0
L 51.9014, -351.3937, 0.1, 54.3132, -350.1646, 0.1, 0, 0, 0
L 54.4187, -359.3937, 0.1, 54.4191, -351.3937, 0.1, 0, 0, 0
L 54.4187, -359.3937, 0.1, 65.9967, -359.7373, 0.1, 0, 0, 0
L 60.6968, -380.2937, -0.674, 70.174, -380.126, -0.235, 0, 0, 0
L 139.5849, -335.4499, -1.2757, 141.4875, -335.425, -1.3193, 127, 64, 0
L 139.4875, -339.6883, -1.5138, 139.5849, -335.4499, -2.176, 0, 0, 0
L 135.2882, -343.8879, -1.6063, 139.4875, -339.6883, -1.5138, 0, 0, 0
L 132.3533, -343.8931, 0.1, 135.2882, -343.8879, 0.1, 127, 127, 0
L 130.421, -324.357, 0.1, 132.3533, -343.8931, 0.1, 127, 127, 0
L 127.918, -319.7117, 0.1, 130.421, -324.357, 0.1, 127, 127, 0
L 133.7581, -309.92, 0.1, 127.918, -319.7117, 0.1, 127, 127, 0
L 152.1607, -291.6591, 0.1, 133.7581, -309.92, 0.1, 127, 127, 0
L 150.17, -286.3777, 0.1, 152.1607, -291.6591, 0.1, 127, 127, 0
L 181.87, -254.1231, 12.1484, 177.2055, -287.6591, 12.164, 127, 64, 0
L 209.9146, -275.6811, 7.9638, 209.9853, -253.8263, 7.9805, 127, 64, 0
L 205.9677, -286.3561, 11.3317, 197.135, -286.3684, 11.5391, 127, 64, 0
L 177.5198, -287.5753, 11.5099, 197.135, -286.3684, 8.7759, 127, 64, 0
L 177.5072, -287.6807, 11.509, 177.5198, -287.5753, 11.5099, 0, 0, 0
L 149.4875, -285.6786, 8.8429, 177.2055, -287.6591, 11.509, 127, 64, 0
L 149.3612, -258.2667, 8.7949, 149.5346, -286.758, 8.8605, 127, 64, 0
L 157.7673, -253.9983, 10.4289, 149.3612, -258.2667, 8.7949, 0, 0, 0
L 181.6509, -254.2339, 11.7355, 157.7673, -253.9983, 10.4289, 127, 64, 0
L 202.1202, -250.2315, 9.1584, 181.6509, -254.2339, 11.7355, 127, 64, 0
L 209.9853, -253.8263, 7.9584, 202.1202, -250.2315, 9.1584, 127, 64, 0
L 220.3562, -250.8616, 2.9, 209.9662, -253.8175, 7.9584, 127, 64, 0
L 205.776, -286.3265, 8.5319, 209.9146, -275.6811, 8.161, 127, 64, 0
L 220.3563, -250.5585, 2.9, 220.4827, -248.1129, 2.9, 0, 0, 0
L 220.161, -286.2459, 2.9, 220.3563, -250.5585, 2.9, 127, 64, 0
L 205.776, -286.3265, 2.9, 220.161, -286.2459, 2.9, 127, 64, 0
L 219.736, -239.3752, 0.1, 190.2103, -230.953, 0.3318, 0, 0, 0
L 240.3262, -263.7443, 0.1, 219.736, -239.3752, 0.1, 0, 0, 0
L 149.5503, -258.7328, 8.8422, 152.5939, -291.1265, -13.999, 0, 0, 0
L 157.975, -253.4565, 8.4079, 149.5503, -258.7328, 10.2414, 0, 0, 0
L 160.4034, -247.4816, 3.7806, 157.975, -253.4565, 8.4079, 127, 127, 0
L 169.8922, -239.8179, 1.98, 160.4034, -247.4816, 3.7806, 127, 127, 0
L 174.4602, -233.5824, 0.1, 169.8922, -239.8179, 1.98, 127, 127, 0
L 181.6831, -229.8074, 0.1, 174.4602, -233.5824, 0.1, 127, 127, 0
L 179.8395, -220.218, 0.1, 181.6831, -229.8074, 0.1, 127, 127, 0
L 170.1638, -210.977, -0.1, 179.8395, -220.218, 0.1, 127, 127, 0
L 150.288, -210.1021, 0.1, 170.1638, -210.977, -0.1, 127, 127, 0
L 139.9609, -220.125, 0.1, 150.288, -210.1021, 0.1, 127, 127, 0
L 131.8178, -233.9538, 0.253, 139.9609, -220.125, 0.1, 127, 127, 0
L 120.1397, -240.5104, 2.2115, 131.8178, -233.9538, 0.253, 127, 127, 0
L 189.6357, -190.3874, -13.999, 160.499, -190.3874, -13.999, 0, 0, 0
L 79.5936, -199.8177, 0.9438, 69.5178, -219.9693, 0.626, 0, 0, 0
L 79.5936, -180.186, 0.626, 79.5936, -199.8177, 0.9438, 0, 0, 0
L 89.5938, -169.7821, 0.626, 79.5936, -180.186, 0.626, 0, 0, 0
L 0.375, -240.1377, 0.626, 0.375, -265.5312, 6.251, 0, 0, 0
L 20.324, -230.1125, 0.626, 0.375, -240.1377, 0.626, 0, 0, 0
L 50.1488, -200.2566, 0.626, 20.324, -230.1125, 0.626, 0, 0, 0
L 50.2965, -169.755, 0.626, 50.1488, -200.2566, 0.626, 0, 0, 0
L 30.3885, -159.7124, 9.8053, 50.2965, -169.755, 0.626, 0, 0, 0
L 10.1485, -139.5637, 2.1838, 30.3885, -159.7124, 9.8053, 0, 0, 0
L -32.1182, -49.5058, 0.626, -32.3778, -55.7389, 0.626, 0, 0, 0
L -29.2576, -49.3669, 0.626, -32.1182, -49.5058, 0.626, 0, 0, 0
L -27.6987, -55.6865, 0.626, -29.2576, -49.3669, 0.626, 0, 0, 0
L -19.9603, -62.8211, 0.626, -27.6987, -55.6865, 0.626, 0, 0, 0
L -19.3893, -80.1752, 0.626, -19.9603, -62.8211, 0.626, 0, 0, 0
L -29.9936, -80.3744, 0.626, -19.3893, -80.1752, 0.626, 0, 0, 0
L -40.3233, -70.1745, 0.626, -29.9936, -80.3744, 0.626, 0, 0, 0
L -40.4209, -59.8389, 0.626, -40.3233, -70.1745, 0.626, 0, 0, 0
L -32.375, -55.7374, 0.626, -40.4209, -59.8389, 0.626, 0, 0, 0
L 29.6815, -20.2135, 9.2423, 19.3777, -9.9077, 5.77, 0, 0, 0
L 33.5927, -29.9917, 11.1065, 29.6815, -20.2135, 9.2423, 0, 0, 0
L 25.7257, -47.6612, 7.3566, 33.5927, -29.9917, 11.1065, 0, 0, 0
L 19.3996, -49.7933, 0.626, 25.7257, -47.6612, 7.3566, 0, 0, 0
L 70.9466, -99.8991, 0.626, 60.5125, -100.3366, -5.7686, 127, 127, 0
L 101.2651, -110.6621, 0.626, 70.9466, -99.8991, 0.626, 127, 127, 0
L 119.305, -120.408, -3.1215, 101.2651, -110.6621, 0.626, 127, 127, 0
L 109.6741, -129.6655, -1.1765, 89.5945, -139.7052, -1.8845, 0, 0, 0
L 120.628, -118.7186, -4.2607, 109.6741, -129.6655, -1.1765, 0, 0, 0
L 0.473, -139.5579, -4.4898, 10.1485, -139.5637, -7.3739, 0, 0, 0
L -29.607, -129.8552, -1.2325, 0.473, -139.5579, -4.4898, 0, 0, 0
L 89.5945, -139.7052, 0.626, 89.5611, -169.8146, 0.626, 0, 0, 0
L 78.9795, -129.6872, 0.626, 89.978, -139.9536, 0.626, 127, 127, 0
L 60.1019, -120.815, 0.626, 78.9795, -129.6872, 0.626, 127, 127, 0
L 29.85, -120.1126, 7.2192, 60.1019, -120.815, 0.626, 127, 127, 0
L 9.6251, -129.925, -3.1311, 29.85, -120.1126, 0.958, 127, 127, 0
L 9.625, -139.5635, -1.2617, 9.6251, -129.9253, -3.1311, 127, 127, 0
L 1.4446, -109.3581, 2.507, 60.5125, -100.3366, -0.6742, 127, 127, 0
L -10.9149, -119.8286, 1.1456, 1.4446, -109.3581, 2.507, 127, 127, 0
L -29.1449, -129.8272, -1.1391, -10.9149, -119.8286, 1.1456, 127, 127, 0
L -39.4842, -109.8151, 2.6286, -29.1466, -129.8266, -1.135, 0, 0, 0
L -59.7426, -99.6625, 0.626, -39.4842, -109.8151, 2.6286, 0, 0, 0
L -69.6604, -89.7467, 0.626, -59.7426, -99.6625, 0.626, 0, 0, 0
L -89.5267, -81.7416, 0.626, -69.6604, -89.7467, 0.626, 0, 0, 0
L -99.405, -70.591, 0.626, -89.5267, -81.7416, 0.626, 0, 0, 0
L -89.7369, -50.3436, 0.626, -80.1003, -50.3436, 0.626, 0, 0, 0
L -89.7369, -50.3436, 0.626, -99.5236, -69.9168, 0.626, 0, 0, 0
L -68.6326, -60.1578, 0.626, -80.1003, -50.3436, 0.626, 0, 0, 0
L -60.1248, -70.5146, 0.626, -68.6326, -60.1578, 0.626, 0, 0, 0
L -59.5936, -51.675, 0.626, -60.1248, -70.5146, 0.626, 0, 0, 0
L -61.5534, -42.837, 0.626, -59.5936, -51.675, 0.626, 0, 0, 0
L -49.7516, -30.313, 0.626, -61.5534, -42.837, 0.626, 0, 0, 0
L -19.7332, -10.2637, 0.626, -49.7516, -30.313, 0.626, 0, 0, 0
L -9.8693, 38.7004, 0.626, -19.7332, -10.2637, 0.626, 0, 0, 0
L -9.6076, 90.126, 0.626, -9.8693, 38.7004, 0.626, 0, 0, 0
L 19.4727, -80.3436, 0.626, 59.9204, -100.3615, 0.6126, 0, 0, 0
L 3.9653, -80.4936, 0.626, -0.1418, -76.3569, 0.626, 0, 0, 0
L 3.9653, -80.4936, 0.626, 19.9649, -80.3705, 0.626, 0, 0, 0
L -0.5496, -60.8789, 0.626, -0.1418, -76.3569, 0.626, 0, 0, 0
L 3.139, -56.4243, 0.626, -0.5496, -60.8789, 0.626, 0, 0, 0
L 19.3996, -49.7933, 0.626, 3.139, -56.4243, 0.626, 0, 0, 0
L 13.8262, -42.362, 0.626, 19.3996, -49.7933, 0.626, 0, 0, 0
L 10.1031, -42.4915, 0.626, 13.8262, -42.362, 0.626, 0, 0, 0
L 7.6458, -40.6597, 0.626, 10.1031, -42.4915, 0.626, 0, 0, 0
L 13.7666, -37.6818, 0.626, 7.6458, -40.6597, 0.626, 0, 0, 0
L 19.625, -29.875, 0.626, 13.7666, -37.6818, 0.626, 0, 0, 0
L 19.3777, -9.9077, 0.626, 19.625, -29.875, 0.626, 0, 0, 0
L 9.6477, 39.8181, 0.626, 19.3806, -10.1372, 0.626, 0, 0, 0
L 9.625, 109.5938, 0.626, 9.9838, 38.1355, 0.626, 0, 0, 0
L -40.3436, 109.5938, 0.626, 9.625, 109.5938, 0.626, 0, 0, 0
L -59.5936, 113.9823, 0.626, -59.5938, 90.3436, 0.626, 0, 0, 0
L -59.5938, 90.3436, 0.626, -9.7338, 90.2751, 0.626, 0, 0, 0
L -40.3438, 124.6329, 0.626, -58.7004, 124.8705, 0.626, 150, 0, 200
L -58.7004, 124.8705, 0.626, -59.5936, 124.7477, 0.626, 0, 0, 0
L -59.5936, 124.7477, 0.626, -59.5936, 113.3735, 0.626, 0, 0, 0
L -40.3436, 109.5938, 0.626, -40.3438, 124.6329, 0.626, 0, 0, 0
L 120.628, -118.7186, -7.3739, 138.61, -110.4488, 0.626, 0, 0, 0
L 138.61, -110.4021, 0.1, 135.7386, -108.4093, 1.1525, 127, 64, 0
L 135.7386, -108.4093, 1.1525, 131.4361, -108.1076, 0.522, 127, 64, 0
L 131.4361, -108.1076, 0.522, 131.4875, -106.1551, 0.1, 127, 64, 0
L 131.4875, -106.1551, 0.1, 129.7511, -104.4187, 0.1, 127, 64, 0
L 129.7511, -104.4187, 0.1, 127.8155, -104.4018, 0.1, 127, 64, 0
L 127.8155, -104.4018, 0.1, 127.4874, -96.2177, 0.1, 127, 64, 0
L 127.4874, -96.2177, 0.1, 129.7511, -95.5187, 0.9003, 127, 64, 0
L 129.7511, -95.5187, 0.9003, 131.5165, -94.1042, 1.8002, 127, 64, 0
L 131.5165, -94.1042, 1.8002, 131.7633, -91.5186, 0.1, 127, 64, 0
L 131.7633, -91.5186, 0.1, 135.7511, -91.5187, 0.1, 127, 64, 0
L 135.7511, -91.5187, 0.1, 137.8652, -89.4338, 0.1, 127, 64, 0
L 137.7257, -89.5713, 0.1, 138.731, -89.5396, 0.1, 0, 0, 0
L 137.8652, -89.4338, 0.1, 119.4211, -80.43, 0.1, 0, 0, 0
L 119.4211, -80.43, 0.1, 111.6726, -70.3191, 0.1, 0, 0, 0
L 111.6726, -70.3191, 0.1, 119.4373, -50.88, 0.1, 0, 0, 0
L 119.4373, -50.88, 0.1, 113.7125, -40.4176, 0.11, 0, 0, 0
L 113.7125, -40.4176, 0.11, 80.257, -40.4176, 0.1, 0, 0, 0
L 80.257, -40.4176, 0.1, 90.1547, -30.4499, 1.9525, 0, 0, 0
L 90.1547, -30.4499, 1.9525, 99.8248, -30.4499, 1.9525, 0, 0, 0
L 99.8248, -30.4499, 1.9525, 113.6396, -40.3205, 0.1, 0, 0, 0
L 90.4187, -51.8624, -1.999, 92.2468, -55.5187, -1.999, 127, 127, 0
L 92.2468, -55.5187, -1.999, 97.6431, -55.5187, -1.999, 127, 127, 0
L 97.6431, -55.5187, -1.999, 99.4829, -50.33, -1.999, 127, 127, 0
L 94.75, -46.4187, -1.999, 90.4187, -48.2468, -1.999, 127, 127, 0
L 90.4187, -48.2468, -1.999, 90.4187, -51.8624, -1.999, 127, 127, 0
L 97.6953, -46.4279, -1.999, 99.4829, -50.33, -1.999, 127, 127, 0
L 97.6906, -46.4187, -1.999, 94.75, -46.4187, -1.999, 127, 127, 0
L 80.935, -40.4176, 0.1, 79.548, -9.8397, 0.96, 0, 0, 0
L 79.548, -9.8397, 0.96, 87.5999, -9.55, 0.1, 0, 0, 0
L 87.5999, -9.55, 0.1, 93.4197, 19.55, 0.1, 127, 64, 0
L 93.4197, 19.55, 0.1, 109.7817, 19.55, 3.9594, 0, 0, 0
L 109.7817, 19.55, 3.9594, 119.4874, 9.814, 4.1, 0, 0, 0
L 119.4874, 9.814, 4.1, 119.4874, -3.6313, 4.1, 0, 0, 0
L 119.4874, -3.6313, 4.1, 109.5169, -5.6246, 1.5993, 0, 0, 0
L 109.5169, -5.6246, 1.5993, 109.637, 19.55, 3.9594, 127, 64, 0
L 87.5998, -9.55, 0.1, 109.5186, -5.6245, 1.5993, 0, 0, 0
L 93.4197, 19.55, 0.1, 70.1551, 19.55, 0.1, 0, 0, 0
L 70.1551, 19.55, 0.1, 60.4187, 9.8135, 0.1, 0, 0, 0
L 60.4187, 9.8135, 0.1, 60.4187, -19.9774, 0.1, 0, 0, 0
L 60.4187, -19.9774, 0.1, 62.2331, -40.9926, 0.1, 0, 0, 0
L 62.2331, -40.9926, 0.1, 60.4774, -49.7199, 0.1, 0, 0, 0
L 60.4774, -49.7199, 0.1, 80.2271, -59.6, 0.1, 0, 0, 0
L 80.2271, -59.6, 0.1, 86.2304, -69.5301, 0.1, 0, 0, 0
L 86.2304, -69.5301, 0.1, 90.3131, -90.267, 0.1, 0, 0, 0
L 90.3131, -90.267, 0.1, 71.336, -99.9394, 0.1, 0, 0, 0
L 138.731, -89.5396, 0.1, 138.61, -110.4021, 0.1, 0, 0, 0
L 68.6003, -268.5443, 0.1, 77.1026, -268.5853, 3.8877, 127, 127, 127
L 77.1112, -267.9118, 3.8877, 69.6342, -230.4951, 0.1014, 0, 0, 0
L 69.6396, -230.5465, 0.1, 69.5178, -219.9693, 0.1, 0, 0, 0
L 68.6003, -268.5443, 0.1, 68.629, -277.4336, 0.1, 127, 127, 127
L 68.629, -277.4336, 0.1, 76.9903, -277.3804, 4.7229, 127, 127, 127
L 76.9903, -277.3804, 4.7229, 77.1026, -268.5853, 3.8107, 127, 127, 127
L 77.2694, -268.7028, 3.9001, 77.1106, -267.9085, 3.8157, 0, 0, 0
L 0.4498, -265.4562, 5.5991, 28.738, -265.4655, 0.1, 127, 64, 0
L 28.738, -265.4655, 0.1, 28.4634, -265.8267, 0.1, 127, 64, 0
L 28.4634, -265.8267, 0.1, 30.3509, -270.3562, -1.9255, 127, 64, 0
L 30.3509, -270.3562, -1.9255, 28.4936, -277.5978, -1.999, 127, 64, 0
L 28.4936, -277.5978, -1.999, 26.365, -282.185, -1.9278, 127, 64, 0
L 26.365, -282.185, -1.9278, 30.2759, -289.4207, -1.9404, 127, 64, 0
L 29.6543, -270.3562, -0.709, -0.45, -270.3562, -1.9978, 127, 64, 0
L -0.45, -270.3562, -1.9978, -0.4498, -289.425, -1.9984, 127, 64, 0
L -0.4498, -289.425, -1.9984, -39.7826, -289.425, -1.999, 0, 0, 0
L 0.1787, -289.425, -0.1051, 30.2778, -289.425, -1.9401, 127, 64, 0
L -0.45, -270.3562, -1.9978, -39.7864, -270.3562, -1.999, 0, 0, 0
L -39.7864, -270.3562, -1.999, -60.5737, -249.7023, -4.4127, 0, 0, 0
L -60.5737, -249.7023, -4.4127, -70.4188, -229.8941, -9.999, 0, 0, 0
L -70.4188, -229.8941, -9.999, -70.4187, -210.926, -9.999, 0, 0, 0
L -70.4187, -210.926, -9.999, -90.1548, -190.3874, -9.999, 0, 0, 0
L 30.2759, -289.4207, 0.1, 32.728, -294.3249, 0.1, 127, 64, 0
L 0.8116, -294.3245, 1.946, 32.728, -294.3249, 1.946, 127, 64, 0
L 77.871, -277.6464, 4.7843, 76.236, -283.6412, 0.1, 0, 0, 0
L 76.236, -283.6412, 0.1, 80.24, -285.8758, 0.1, 0, 0, 0
L 80.24, -285.8758, 0.11, 85.2669, -284.5407, 0.1, 0, 0, 0
L 85.2669, -284.5407, 0.1, 87.399, -280.3249, 0.1, 0, 0, 0
L 86.8689, -280.3335, 0.1, 99.8868, -280.3249, 0.1, 0, 0, 0
L 99.8868, -280.3249, 0.1, 105.501, -270.7103, 0.5585, 0, 0, 0
L 105.501, -270.7103, 0.5585, 105.3034, -276.9046, 0.5859, 127, 127, 127
L 105.3034, -276.9046, 0.5859, 113.9399, -276.5951, 1.5311, 127, 127, 127
L 113.9399, -276.5951, 1.5311, 113.6851, -268.896, 1.5033, 127, 127, 127
L 113.6851, -268.896, 1.5033, 106.3794, -268.498, 0.704, 127, 127, 127
L 106.3794, -268.498, 0.704, 120.3559, -240.714, 2.2351, 0, 0, 0
L 120.3516, -240.819, 2.3458, 120.5238, -219.9561, -0.3785, 0, 0, 0
L 120.5238, -219.9561, -0.3785, 130.3928, -209.7786, -2.525, 0, 0, 0
L 130.3928, -209.7786, -2.525, 130.3874, -200.2307, -2.525, 0, 0, 0
L 130.3874, -200.2307, -2.525, 160.3343, -190.3874, -2.525, 0, 0, 0
L 189.6603, -190.3874, -0.432, 199.4561, -200.2178, -1.6192, 0, 0, 0
L 199.4561, -200.2178, -1.6192, 199.4562, -210.6342, -1.6192, 0, 0, 0
L 189.7194, -219.4875, -2.2511, 197.6391, -211.5427, -2.4422, 127, 127, 0
L 189.6211, -219.5861, -2.4624, 189.4855, -229.8164, -1.587, 127, 127, 0
L 189.4855, -229.8164, -1.587, 196.3168, -241.1996, -0.8161, 127, 127, 0
L 196.3168, -241.1996, -0.8161, 201.1546, -247.6531, -0.7431, 127, 127, 0
L 201.8002, -250.3611, -0.6039, 200.6881, -247.298, -0.3825, 127, 127, 0
L 201.7065, -250.5079, -0.1743, 209.4555, -254.2617, 2.6591, 127, 127, 0
L 80.6375, -430.1437, -6.392, 90.3088, -449.4793, -8.456, 0, 0, 0
L 90.3088, -449.4793, -8.456, 130.3762, -469.6148, -9.999, 0, 0, 0
L 130.3762, -469.6148, -9.999, 170.3991, -509.7432, -10.1805, 0, 0, 0
L 109.5246, -459.873, -9.6151, 110.4187, -440.903, -8.7768, 0, 0, 0
L 99.6637, -430.1437, -6.392, 80.6097, -430.88, -5.9886, 0, 0, 0
L 80.6282, -430.1254, -6.209, 70.4187, -419.6569, -4.9276, 0, 0, 0
L 70.4187, -419.6569, -4.9276, 70.4187, -400.2916, -4.198, 0, 0, 0
L 70.4187, -400.2916, -4.198, 89.6424, -400.2925, -4.198, 0, 0, 0
L 70.4187, -400.2925, -4.198, 60.6968, -380.2937, -0.674, 0, 0, 0
L 60.6968, -380.2937, -0.674, 50.4102, -359.7205, 6.3909, 0, 0, 0
L 50.4102, -359.7205, 6.3909, 40.8894, -350.1498, 2.9, 0, 0, 0
L 42.1529, -351.3937, 2.9, 49.5187, -351.3937, 2.9, 0, 0, 0
L 49.5187, -351.3937, 2.9, 49.5187, -348.4232, 2.9, 0, 0, 0
L 49.5187, -348.4232, 2.9, 40.8894, -350.1498, 2.9, 0, 0, 0
L 40.8894, -350.1498, 2.9, 29.7504, -339.2004, 2.9, 0, 0, 0
L 29.7504, -339.2004, 2.9, 20.4499, -333.5754, 1.7109, 0, 0, 0
L 27.55, -333.425, 0.1, 27.7159, -329.5258, 0.1, 0, 0, 0
L 41.4258, -329.6388, 2.9, 50.1049, -335.425, 2.9, 0, 0, 0
L 50.1049, -335.425, 2.9, 52.645, -335.4352, 2.9, 0, 0, 0
L 52.645, -335.4352, 2.9, 52.356, -340.1041, 2.9, 0, 0, 0
L 52.356, -340.1041, 2.9, 50.4187, -338.9614, 2.9, 0, 0, 0
L 50.4187, -338.9614, 2.9, 50.4187, -347.5969, 2.9, 0, 0, 0
L 50.4187, -347.5969, 2.9, 54.6803, -349.5625, 0.1, 0, 0, 0
L 32.45, -332.9386, 2.9, 36.6471, -329.5742, 2.9, 0, 0, 0
L 36.6471, -329.5742, 2.9, 38.5234, -325.1702, 0.1, 0, 0, 0
L 32.4498, -332.9388, 2.9, 32.313, -329.4141, 1.993, 0, 0, 0
L 41.4187, -329.6342, 2.9, 41.3427, -327.8643, 2.9, 0, 0, 0
L 41.3427, -327.8643, 2.9, 39.3802, -325.425, 0.1, 0, 0, 0
L 223.5406, -196.9185, 0.1, 219.8511, -200.438, 0.1, 0, 0, 0
L 219.8511, -200.438, 0.1, 199.4562, -210.6342, 0.1, 0, 0, 0
L 223.5406, -196.9185, 0.1, 230.3951, -200.9627, 0.1, 0, 0, 0
L 230.3951, -200.9627, 0.1, 237.1423, -197.7538, 0.1, 0, 0, 0
L 237.1423, -197.7538, 0.1, 238.1456, -194.2549, 0.1, 0, 0, 0
L 238.1456, -194.2549, 0.1, 237.6848, -190.3875, 0.6435, 0, 0, 0
L 237.6243, -190.3874, 0.7491, 239.7203, -190.3874, 0.1, 0, 0, 0
L 239.7203, -190.3874, 0.1, 251.2312, -200.7967, 0.1, 0, 0, 0
L 251.2312, -200.7967, 0.8196, 269.5249, -209.7707, 0.1, 127, 127, 0
L 269.5249, -209.7707, 0.1, 272.3627, -212.313, 0.7201, 127, 127, 0
L 272.3627, -212.313, 0.7201, 277.7907, -211.6653, 0.1, 127, 127, 0
L 277.7907, -211.6653, 0.1, 277.9089, -207.3351, 0.1, 127, 127, 0
L 277.9089, -207.3351, 0.1, 284.1277, -201.7755, 0.1, 127, 127, 0
L 284.1277, -201.7755, 0.1, 290.505, -208.1593, 0.1, 127, 127, 0
L 290.505, -208.1593, 0.1, 289.836, -214.7898, 0.1, 127, 127, 0
L 289.836, -214.7898, 0.1, 283.8571, -216.2377, 0.1, 127, 127, 0
L 283.8571, -216.2377, 0.1, 283.8233, -235.2841, 0.1, 127, 127, 0
L 283.8233, -235.2841, 0.1, 271.5865, -245.5894, 0.1, 0, 0, 0
L 271.8663, -245.3531, 0.1, 269.5638, -249.5845, 0.1, 0, 0, 0
L 269.5638, -249.5845, 0.1, 249.5746, -261.6019, 0.1, 0, 0, 0
L 249.5746, -261.6019, 0.1, 240.3455, -263.8091, 0.1, 127, 127, 0
L 249.6256, -262.223, 0.1, 269.4562, -270.2101, -2.6413, 0, 0, 0
L 269.4562, -270.2101, -2.6413, 269.4562, -273.8206, -2.6413, 0, 0, 0
L 250.3697, -200.177, 0.1, 259.8446, -190.6342, -0.5881, 0, 0, 0
L 259.8446, -190.6342, -0.5881, 289.6404, -190.295, 0.1273, 127, 127, 0
L 289.6404, -190.295, 0.1273, 287.6378, -196.7479, -0.63, 127, 127, 0
L 287.6378, -196.7479, -0.63, 289.7114, -202.711, 0.1, 127, 127, 0
L 289.7114, -202.711, 0.1, 294.3831, -201.8335, 0.7286, 127, 127, 0
L 294.3831, -201.8335, 0.7286, 299.5984, -200.266, -0.43, 127, 127, 0
L 299.5984, -200.266, -0.43, 290.4, -190.3294, 0.362, 0, 0, 0
L 290.4, -190.3294, 0.362, 289.5403, -190.4618, 0.5622, 127, 127, 0
L 260.1342, -190.3456, 1.4436, 260.3562, -168.4473, 4.1, 0, 0, 0
L 260.3562, -168.4473, 4.1, 275.5996, -170.3565, 4.1, 0, 0, 0
L 275.5996, -170.3565, 4.1, 283.57, -169.2007, 4.101, 0, 0, 0
L 283.57, -169.2007, 4.101, 284.4884, -179.5559, 4.1, 0, 0, 0
L 284.4884, -179.5559, 4.1, 301.1655, -177.774, 4.1, 0, 0, 0
L 301.1655, -177.774, 4.1, 299.6933, -166.4245, 4.23, 0, 0, 0
L 299.6933, -166.4245, 4.23, 300.3174, -166.191, 4.1, 0, 0, 0
L 300.3174, -166.191, 4.1, 300.3247, -154.6124, 4.1, 0, 0, 0
L 300.3247, -154.6124, 4.1, 324.1512, -164.2927, 4.1003, 0, 0, 0
L 324.1512, -164.2927, 4.1003, 324.3249, -147.9379, 4.1, 0, 0, 0
L 324.3249, -147.9379, 4.1, 317.967, -145.5252, 4.1, 0, 0, 0
L 317.967, -145.5252, 4.1, 307.9698, -147.46, 4.1, 0, 0, 0
L 307.9698, -147.46, 4.1, 292.2613, -137.6445, 4.1, 0, 0, 0
L 292.2613, -137.6445, 4.1, 285.1775, -115.4604, 4.1, 0, 0, 0
L 285.1775, -115.4604, 4.1, 273.8283, -115.5211, 4.1, 0, 0, 0
L 273.8283, -115.5211, 4.1, 269.5543, -131.4878, 4.1, 0, 0, 0
L 269.5543, -131.4878, 4.1, 269.6247, -144.8383, 4.1, 0, 0, 0
L 269.6247, -144.8383, 4.1, 271.4839, -152.928, 4.1, 0, 0, 0
L 271.4839, -152.928, 4.1, 277.4418, -152.3874, 4.11, 0, 0, 0
L 277.4418, -152.3874, 4.11, 277.4386, -161.4874, 4.1, 0, 0, 0
L 277.4386, -161.4874, 4.1, 265.1967, -161.4875, 4.1, 0, 0, 0
L 260.3562, -161.4875, 4.1, 260.2903, -155.3328, 4.1, 0, 0, 0
L 260.3401, -155.8177, 4.1, 256.3562, -143.8646, 4.1, 0, 0, 0
L 256.3562, -143.8646, 4.1, 255.6735, -129.3526, 4.1, 0, 0, 0
L 255.6735, -129.3526, 4.1, 243.6417, -129.5675, 4.1, 0, 0, 0
L 243.6417, -129.5675, 4.1, 235.6654, -141.4875, 4.1, 0, 0, 0
L 235.514, -141.4875, 4.1, 216.1842, -141.4875, 4.1, 0, 0, 0
L 216.1842, -141.4875, 4.1, 210.9363, -130.9915, 4.1, 0, 0, 0
L 210.9363, -130.9915, 4.1, 210.3562, -121.3006, 4.1, 0, 0, 0
L 210.3562, -112.934, 4.1, 210.3562, -121.3006, 4.1, 0, 0, 0
L 210.3562, -112.934, 4.1, 216.1827, -102.4187, 4.1, 0, 0, 0
L 216.1827, -102.4187, 4.1, 235.6899, -102.4187, 4.1, 0, 0, 0
L 235.6899, -102.4187, 4.1, 244.3577, -112.6594, 4.1, 0, 0, 0
L 244.1739, -112.4187, 4.1, 256.1232, -112.3635, 4.1, 0, 0, 0
L 256.1232, -112.3635, 4.1, 274.1261, -94.359, 4.1, 0, 0, 0
L 274.1261, -94.359, 4.1, 286.7119, -90.601, 4.1, 0, 0, 0
L 286.7119, -90.601, 4.1, 302.735, -82.39, 4.1, 0, 0, 0
L 302.735, -82.39, 4.1, 323.8643, -78.4279, 4.1, 0, 0, 0
L 323.8643, -78.4279, 4.1, 350.2803, -84.1642, 4.1, 0, 0, 0
L 350.2803, -84.1642, 4.1, 350.3249, -74.1929, 4.1, 0, 0, 0
L 350.3249, -74.1929, 4.1, 366.658, -62.3646, 4.1, 0, 0, 0
L 366.2017, -62.3104, 4.1, 376.3238, -57.5392, 4.1, 0, 0, 0
L 376.3238, -57.5392, 4.1, 376.2937, -44.3014, 4.1, 0, 0, 0
L 376.2937, -44.3014, 4.1, 401.6786, -36.5212, 4.1, 0, 0, 0
L 401.6786, -36.5212, 4.1, 415.2844, -53.9829, 4.1, 0, 0, 0
L 415.2844, -53.9829, 4.1, 401.5928, -73.5366, 4.1, 0, 0, 0
L 401.5928, -73.5366, 4.1, 375.43, -75.6426, 4.1, 0, 0, 0
L 375.43, -75.6426, 4.1, 365.4347, -79.7807, 4.1, 0, 0, 0
L 365.4347, -79.7807, 4.1, 365.67, -92.4863, 4.1, 0, 0, 0
L 365.67, -92.4863, 4.1, 377.1648, -107.8128, 4.1, 0, 0, 0
L 377.1648, -107.8128, 4.1, 383.3577, -125.903, 4.1, 0, 0, 0
L 383.3577, -125.903, 4.1, 377.4859, -137.6469, 4.1, 0, 0, 0
L 377.4859, -137.6469, 4.1, 365.6804, -147.4875, 4.1, 0, 0, 0
L 365.6804, -147.4875, 4.1, 337.4433, -147.8097, 4.1, 0, 0, 0
L 337.4433, -147.8097, 4.1, 337.425, -163.83, 4.1, 0, 0, 0
L 337.425, -163.83, 4.1, 329.398, -180.1242, 4.1, 0, 0, 0
L 329.398, -180.1242, 4.1, 327.4399, -195.7591, 4.1, 0, 0, 0
L 327.4399, -195.7591, 4.1, 319.3584, -209.8701, 3.9028, 0, 0, 0
L 319.3584, -209.8701, 3.9028, 299.6342, -239.4561, 3.809, 0, 0, 0
L 299.6342, -239.4561, 3.809, 289.9624, -239.4238, -0.3756, 0, 0, 0
L 289.8036, -239.3178, -0.5496, 309.5715, -210.4384, 0.1973, 127, 127, 0
L 309.5715, -210.4384, 0.1973, 299.8405, -199.4995, 1.2743, 127, 127, 0
L 293.425, -161.4875, 7.19, 293.425, -152.3874, 7.19, 0, 0, 0
L 293.425, -152.3874, 7.19, 277.4418, -152.3874, 7.19, 0, 0, 0
L 293.425, -161.4875, 7.19, 265.1967, -161.4875, 7.19, 0, 0, 0
L 260.3559, -161.4875, 4.1, 267.3195, -161.4875, 4.1, 0, 0, 0
L 289.7502, -239.2821, -7.9989, 284.3249, -235.6654, -7.9989, 0, 0, 0
L 240.2033, -263.5597, 0.1, 239.7121, -262.9698, 0.1, 0, 0, 0
L 205.8519, -286.3217, 2.9, 204.9586, -290.9601, 2.1, 127, 127, 0
L 203.9796, -296.3548, 1.2599, 203.7039, -300.1001, 1.4698, 127, 127, 0
L 203.7039, -300.1001, 1.4698, 219.8318, -309.7366, 0.3565, 127, 127, 0
L 219.8318, -309.7366, 0.3565, 240.2506, -309.8969, 0.2808, 127, 127, 0
L 240.2506, -309.8969, 0.2808, 249.8745, -299.9828, 1.9818, 127, 127, 0
L 249.8745, -299.9828, 1.9818, 249.9468, -289.3999, 1.9956, 127, 127, 0
L 249.9468, -289.3999, 1.9956, 243.7262, -279.385, 1.9046, 127, 127, 0
L 243.7262, -279.385, 1.9046, 240.3562, -270.2622, 0.1, 127, 127, 0
L 240.3563, -264.2755, 0.1, 240.5375, -270.2712, -1.4605, 127, 127, 0
L 240.3562, -279.425, 0.1, 240.3562, -270.2282, -0.8, 0, 0, 0
L 240.3562, -279.425, 0.1, 243.693, -279.425, 0.1, 0, 0, 0
L 219.7064, -249.4561, 2.8959, 202.2136, -249.4561, 2.8959, 0, 0, 0
L 173.4926, -291.7559, -13.999, 173.5134, -289.6836, -13.999, 127, 64, 0
L 173.5134, -289.6836, -13.999, 176.2418, -289.5434, -13.999, 127, 64, 0
L 176.2427, -289.5443, -13.999, 174.2034, -292.1646, -13.999, 127, 64, 0
L 173.4926, -291.7559, -13.999, 174.2034, -292.1646, -13.999, 127, 64, 0
L 197.5991, -290.204, -13.999, 195.4713, -287.7595, -13.999, 127, 64, 0
L 195.466, -287.7819, -13.999, 200.2266, -287.559, -13.999, 127, 64, 0
L 200.2343, -287.5668, -13.999, 198.4979, -289.9196, -13.999, 127, 64, 0
L 198.7353, -289.6822, -13.999, 197.7302, -290.2891, -13.999, 127, 64, 0
L 167.939, -250.3562, -13.999, 163.4882, -249.9318, -13.999, 127, 64, 0
L 163.4885, -249.9384, -13.999, 165.5297, -247.6776, -13.8709, 127, 64, 0
L 165.5307, -247.6765, -13.8704, 168.2716, -247.6047, -13.8338, 127, 64, 0
L 168.3169, -247.6641, -13.8641, 168.3537, -250.774, -13.999, 127, 64, 0
L 168.337, -250.1131, -13.999, 167.8624, -250.3562, -13.999, 127, 64, 0
L 155.8692, -289.4302, -13.999, 160.31, -289.4298, -13.999, 127, 64, 0
L 159.9936, -289.4284, -13.999, 162.3506, -292.532, -13.999, 127, 64, 0
L 162.3506, -292.532, -13.999, 160.1477, -292.3249, -13.999, 127, 64, 0
L 160.137, -292.3249, -13.999, 155.8515, -289.3759, -13.999, 127, 64, 0
L 186.419, -250.3678, -13.999, 181.5334, -250.886, -13.999, 127, 64, 0
L 181.5242, -250.672, -13.999, 183.5768, -247.6304, -13.848, 127, 64, 0
L 183.5781, -247.6291, -13.8475, 186.69, -247.4616, -13.7662, 127, 64, 0
L 186.98, -247.462, -13.7665, 186.419, -250.3678, -13.999, 127, 64, 0
L 186.371, -250.268, -13.999, 186.3344, -250.118, -13.999, 127, 64, 0
L 195.1202, -250.1103, -13.999, 198.1107, -247.5054, -13.7873, 127, 64, 0
L 198.1133, -247.5066, -13.7881, 198.3449, -250.63, -13.999, 127, 64, 0
L 198.3449, -250.63, -13.999, 195.1202, -250.1103, -13.999, 127, 64, 0
L 204.682, -291.3133, 1.1275, 203.9718, -296.449, 1.3113, 127, 127, 0
L 283.6433, -169.989, 7.22, 299.3573, -166.4799, 7.22, 0, 0, 0
L 260.3562, -161.9853, 10.295, 260.3562, -168.4473, 10.295, 0, 0, 0
L 135.8585, -344.3199, 6.1, 150.8514, -344.3247, 6.1, 0, 0, 0
L 150.8514, -344.3247, 6.1, 147.3266, -347.9791, 6.1, 0, 0, 0
L 139.7438, -340.2812, 8.9, 153.2095, -340.3245, 8.9, 0, 0, 0
L 153.2095, -340.3245, 8.9, 150.9565, -344.2196, 8.9, 0, 0, 0
L 148.692, -347.1068, 10.6819, 145.709, -350.3992, 10.6819, 0, 0, 0
L 143.7344, -332.3184, 12.9, 142.2607, -335.5616, 12.9, 0, 0, 0
L 142.2155, -336.3249, 10.4085, 155.2094, -336.3247, 10.9, 0, 0, 0
L 155.2096, -336.3244, 10.9, 157.3451, -332.534, 12.9, 0, 0, 0
L 155.2096, -336.3244, 10.9, 153.526, -340.6383, 10.9, 0, 0, 0
L 142.2155, -336.3249, 10.9, 140.2923, -340.1517, 10.9, 127, 64, 0
L 140.2923, -340.1517, 10.9, 139.6252, -335.5509, 6.4297, 127, 64, 0
L 141.5058, -335.4248, 12.9, 142.3087, -335.4275, 12.3336, 127, 64, 0
L 157.3346, -332.3251, 12.9, 143.7915, -332.3007, 12.9, 0, 0, 0
L 142.2088, -335.5158, 12.9, 142.288, -336.1802, 11.3931, 0, 0, 0
L 157.4875, -328.3245, 14.1076, 146.6142, -328.3249, 14.9, 0, 0, 0
L 146.2155, -328.3249, 14.9, 144.2706, -332.1775, 14.9, 0, 0, 0
L 157.4875, -328.3249, 14.9, 157.3346, -332.3251, 14.9, 0, 0, 0
L 430.187, -425.4415, 0.1, 419.984, -419.994, 0.1, 0, 0, 0
L 419.984, -419.994, 0.1, 389.187, -409.3937, 0.1, 0, 0, 0
L 389.187, -409.3937, 0.1, 379.4322, -409.6603, 0.474, 0, 0, 0
L 379.4322, -409.6603, 0.474, 369.3971, -429.7289, 0.1, 0, 0, 0
L 369.3971, -429.7289, 0.1, 359.4519, -459.5645, -0.2091, 0, 0, 0
L 359.4519, -459.5645, -0.2091, 349.5991, -469.4472, 0.474, 0, 0, 0
L 349.5991, -469.4472, 0.474, 308.764, -490.2857, -0.5034, 0, 0, 0
L 308.764, -490.2857, -0.5034, 289.5522, -509.4368, -9.999, 0, 0, 0
L 289.5522, -509.4368, -9.999, 289.5522, -430.2624, -9.999, 0, 0, 0
L 289.5522, -509.4384, -9.999, 269.4789, -519.6395, -10.1815, 0, 0, 0
L 269.4789, -519.6395, -10.1815, 259.5138, -549.5349, -13.14, 0, 0, 0
L 259.5138, -549.5349, -13.14, 249.4747, -559.6286, -16.8099, 0, 0, 0
L 249.4747, -559.6286, -16.8099, 249.4805, -510.5124, -16.7918, 0, 0, 0
L 249.4113, -559.8428, -16.8397, 239.6297, -590.203, -26.475, 0, 0, 0
L 239.6297, -590.203, -26.475, 230.367, -590.166, -26.272, 0, 0, 0
L 239.628, -590.2, -26.472, 249.4561, -609.855, -28.1969, 0, 0, 0
L 249.6365, -620.4104, -29.9989, 259.7758, -640.1966, -29.9989, 0, 0, 0
L 259.7758, -640.1966, -29.9989, 279.5634, -650.972, -26.6128, 0, 0, 0
L 329.9479, -659.2998, -12.8117, 329.9621, -642.2214, -10.5249, 127, 127, 0
L 329.9621, -642.2214, -10.5249, 340.2662, -619.9533, -14.4566, 127, 127, 0
L 340.2662, -619.9533, -14.4566, 370.2601, -619.8546, -14.7241, 127, 127, 0
L 370.2601, -619.8546, -14.7241, 379.2486, -639.9338, -15.2682, 127, 127, 0
L 379.5681, -639.2948, -15.2682, 369.4384, -659.5542, -17.1396, 127, 64, 0
L 304.2438, -645.8094, -10.7684, 310.3922, -639.7854, -10.3, 0, 0, 0
L 310.3922, -639.7854, -10.3, 330.1161, -610.2, -10.1351, 0, 0, 0
L 330.1161, -610.2, -10.1351, 379.5194, -610.2, -10.2012, 0, 0, 0
L 389.2683, -639.4466, -10.6161, 379.5681, -639.2948, -14.9135, 127, 64, 0
L 379.5201, -610.2024, -10.2034, 389.2683, -639.4466, -10.2235, 0, 0, 0
L 389.2085, -639.2677, -10.2235, 399.3937, -659.856, 10.322, 127, 64, 0
L 399.3937, -675.2498, 13.6229, 399.3937, -659.856, 10.324, 127, 64, 0
L 399.3937, -675.3642, 13.5944, 399.3937, -689.6123, 10.324, 127, 64, 0
L 399.3937, -689.6123, 10.324, 389.567, -709.2657, -9.4812, 127, 64, 0
L 389.567, -709.2657, -9.4812, 379.9001, -709.7281, -8.14, 127, 64, 0
L 379.9001, -709.7281, -8.14, 369.598, -688.9859, -9.7136, 127, 64, 0
L 329.6227, -659.6408, -10.113, 369.4384, -659.5542, -9.9863, 127, 64, 0
L 329.6727, -689.177, -10.382, 369.598, -688.9859, -9.8598, 127, 64, 0
L 390.2928, -664.2021, -9.27, 329.8734, -663.9492, -10.303, 127, 64, 0
L 329.8734, -663.9492, -10.303, 329.6227, -659.6408, -8.6771, 127, 64, 0
L 329.6603, -689.1729, -10.817, 329.612, -685.5744, -10.897, 127, 64, 0
L 329.612, -685.5744, -10.897, 389.7262, -685.2686, -9.999, 127, 64, 0
L 389.7262, -685.2686, -9.999, 390.2937, -689.2686, -9.999, 127, 64, 0
L 449.6841, -689.2686, -9.999, 460.3602, -683.2685, -9.999, 0, 0, 0
L 460.3602, -683.2685, -9.999, 519.8447, -683.2731, -9.999, 0, 0, 0
L 519.8447, -683.2731, -9.999, 539.9222, -699.2686, -0.2847, 0, 0, 0
L 390.2937, -689.2686, -9.999, 439.7925, -689.2686, -9.999, 127, 64, 0
L 439.7925, -689.2686, -9.999, 449.6841, -689.2686, -9.999, 0, 0, 0
L 539.9231, -699.2688, -0.2846, 595.2999, -699.2686, -0.2829, 0, 0, 0
L 595.2999, -689.905, -6.9253, 589.5634, -684.1686, -9.999, 0, 0, 0
L 589.5916, -684.1686, -9.999, 586.2311, -684.1686, -9.999, 127, 64, 0
L 586.2311, -684.1686, -9.999, 585.8537, -686.1942, -9.6235, 127, 64, 0
L 585.8537, -686.1942, -9.6235, 583.5947, -684.1686, -9.999, 127, 64, 0
L 583.5947, -684.1686, -9.999, 576.2311, -684.1686, -9.999, 127, 64, 0
L 576.2311, -684.1686, -9.999, 575.9865, -686.1191, -9.6773, 127, 64, 0
L 575.9865, -686.1191, -9.6773, 573.5947, -684.1685, -9.999, 127, 64, 0
L 573.5947, -684.1685, -9.999, 566.231, -684.1686, -9.999, 127, 64, 0
L 566.231, -684.1686, -9.999, 565.7415, -686.1702, -9.6401, 127, 64, 0
L 565.7415, -686.1702, -9.6401, 563.5947, -684.1685, -9.999, 127, 64, 0
L 556.231, -684.1686, -9.999, 555.8574, -686.1621, -9.6461, 127, 64, 0
L 555.8574, -686.1621, -9.6461, 553.5947, -684.1685, -9.999, 127, 64, 0
L 553.5947, -684.1685, -9.999, 546.2311, -684.1686, -9.999, 127, 64, 0
L 546.2311, -684.1686, -9.999, 545.7211, -686.1647, -9.6447, 127, 64, 0
L 545.7211, -686.1647, -9.6447, 543.5626, -684.1364, -9.999, 127, 64, 0
L 543.5626, -684.1364, -9.999, 539.7435, -683.937, -9.999, 127, 64, 0
L 546.2311, -684.1685, -9.999, 543.552, -684.1326, -9.9911, 127, 64, 0
L 556.2311, -684.1686, -9.999, 553.5947, -684.1686, -9.999, 127, 64, 0
L 566.2311, -684.1686, -9.999, 556.231, -684.1686, -9.999, 127, 64, 0
L 576.2311, -684.1686, -9.999, 573.5946, -684.1685, -9.999, 127, 64, 0
L 586.2311, -684.1686, -9.999, 583.5946, -684.1685, -9.999, 127, 64, 0
L 595.2999, -650.1988, -0.2821, 539.923, -650.2, -0.2839, 0, 0, 0
L 539.923, -650.2, -0.2839, 520.231, -663.9844, -9.999, 0, 0, 0
L 520.231, -663.9844, -9.999, 520.2113, -665.851, -9.999, 0, 0, 0
L 520.2113, -665.851, -9.999, 459.336, -665.9687, -9.999, 0, 0, 0
L 459.336, -665.9687, -9.999, 449.6883, -660.2, -9.999, 0, 0, 0
L 449.6883, -660.2, -9.999, 439.85, -660.2, -9.999, 0, 0, 0
L 439.85, -660.2, -9.999, 390.2937, -660.2, -9.999, 127, 64, 0
L 390.2937, -660.2, -9.999, 390.2928, -664.2021, -9.999, 127, 64, 0
L 595.2999, -650.2, -0.2829, 595.2998, -659.5634, -6.9252, 0, 0, 0
L 595.2998, -659.5634, -6.9252, 589.5656, -665.2686, -9.999, 0, 0, 0
L 589.6068, -665.2685, -9.999, 583.9642, -665.2686, -9.999, 127, 64, 0
L 583.9642, -665.2686, -9.999, 581.5426, -663.3637, -9.6874, 127, 64, 0
L 581.5426, -663.3637, -9.6874, 581.3392, -665.2686, -9.999, 127, 64, 0
L 581.3392, -665.2686, -9.999, 573.9651, -665.2686, -9.999, 127, 64, 0
L 573.9651, -665.2686, -9.999, 571.6847, -663.3103, -9.6493, 127, 64, 0
L 571.6847, -663.3103, -9.6493, 571.3311, -665.2686, -9.999, 127, 64, 0
L 563.9655, -665.2686, -9.999, 561.697, -663.3064, -9.6463, 127, 64, 0
L 561.697, -663.3064, -9.6463, 561.3311, -665.2688, -9.999, 127, 64, 0
L 561.3311, -665.2688, -9.999, 553.9645, -665.2686, -9.999, 127, 64, 0
L 553.9645, -665.2686, -9.999, 551.7391, -663.3019, -9.6432, 127, 64, 0
L 551.7391, -663.3019, -9.6432, 551.3311, -665.2686, -9.999, 127, 64, 0
L 543.9642, -665.2686, -9.999, 541.3672, -663.1538, -9.6681, 127, 64, 0
L 541.3672, -663.1538, -9.764, 541.3311, -665.5434, -9.999, 127, 64, 0
L 541.3311, -665.5434, -9.999, 539.8533, -665.5493, -9.999, 127, 64, 0
L 583.9655, -665.2686, -9.999, 581.3311, -665.2686, -9.999, 127, 64, 0
L 573.9624, -665.2686, -9.999, 563.9655, -665.2686, -9.999, 127, 64, 0
L 563.9655, -665.2686, -9.999, 561.3311, -665.2686, -9.999, 127, 64, 0
L 553.9655, -665.2686, -9.999, 543.9642, -665.2686, -9.999, 127, 64, 0
L 543.9643, -665.2686, -9.999, 541.3311, -665.6136, -9.7224, 127, 64, 0
L 539.7435, -683.937, -9.999, 539.8533, -665.5493, -9.9823, 127, 64, 0
L 589.6068, -665.2685, 0.157, 589.5916, -684.1686, 0.1278, 127, 64, 0
L 595.2998, -689.905, -4.856, 595.2999, -699.2686, -0.2736, 0, 0, 0
L 595.2998, -689.9031, -1.2005, 629.5637, -689.2686, 0.1, 0, 0, 0
L 629.5637, -689.2686, 0.1, 649.2999, -669.5321, 0.1, 0, 0, 0
L 649.2999, -669.5322, 0.1, 649.2999, -649.7744, 0.1, 0, 0, 0
L 649.2999, -649.7744, 0.1, 651.221, -646.1992, 0.1, 0, 0, 0
L 651.221, -646.1992, 0.1, 628.4779, -646.2, 0.1, 0, 0, 0
L 628.4779, -646.2, 0.1, 630.1539, -649.9483, 0.1, 0, 0, 0
L 630.1539, -649.9483, 0.1, 619.8705, -660.1834, 0.1, 0, 0, 0
L 619.8705, -660.1834, 0.1, 595.2999, -659.5635, -6.9252, 0, 0, 0
L 653.221, -642.1992, 2.9, 626.4781, -642.2, 2.9, 0, 0, 0
L 628.4781, -646.2, 0.1, 620.2021, -629.6481, 8.9, 0, 0, 0
L 659.221, -630.1992, 8.9, 651.218, -646.2, 0.1, 0, 0, 0
L 624.4781, -638.2, 4.1, 655.218, -638.2, 4.1, 0, 0, 0
L 657.218, -634.2, 6.1, 622.4781, -634.2, 6.1, 0, 0, 0
L 620.4779, -630.2, 8.9, 659.221, -630.1993, 8.9, 0, 0, 0
L 659.221, -630.1993, 8.9, 659.4225, -593.3089, 10.9, 0, 0, 0
L 661.4452, -593.2999, 10.9, 659.4225, -593.3089, 10.9, 0, 0, 0
L 665.6915, -583.1662, 10.9, 661.447, -593.2957, 10.9, 0, 0, 0
L 709.7454, -587.2208, 8.9, 727.2686, -577.5161, 8.9, 0, 0, 0
L 709.9027, -587.1335, 8.9, 668.1686, -585.3518, 8.9, 0, 0, 0
L 668.1681, -585.3518, 8.9, 668.2966, -568.2311, 8.9, 0, 0, 0
L 668.1679, -585.3518, 8.9, 665.6915, -583.1662, 10.9, 0, 0, 0
L 668.1686, -568.2311, 8.9, 710.76, -568.1262, 8.9, 0, 0, 0
L 710.76, -568.1262, 8.9, 710.1686, -520.362, 8.9, 0, 0, 0
L 710.1686, -520.362, 8.9, 759.8121, -490.2624, 8.9, 0, 0, 0
L 759.8121, -490.2624, 8.9, 819.2374, -490.262, 8.9, 0, 0, 0
L 819.2374, -490.262, 8.9, 819.2374, -509.3312, 8.9, 0, 0, 0
L 819.918, -509.3296, 8.9, 759.1438, -509.4762, 8.9, 0, 0, 0
L 759.1438, -509.4762, 8.9, 727.2685, -541.8151, 8.9, 0, 0, 0
L 727.2685, -541.8151, 8.9, 727.2686, -577.5161, 8.9, 0, 0, 0
L 668.1686, -570.4384, 8.9, 659.5349, -570.1828, 10.9, 0, 0, 0
L 659.5349, -570.1828, 10.9, 649.5635, -560.2311, 10.9, 0, 0, 0
L 649.5635, -560.2311, 10.9, 629.9362, -560.2311, 10.9, 0, 0, 0
L 629.9362, -560.2311, 10.9, 619.596, -570.3443, 10.9, 0, 0, 0
L 619.596, -570.3443, 10.9, 611.2999, -569.7825, 8.9, 0, 0, 0
L 611.2999, -569.7825, 8.9, 611.2925, -568.746, 8.9, 0, 0, 0
L 611.2925, -568.746, 8.9, 611.299, -583.2645, 8.9, 0, 0, 0
L 611.2999, -585.1281, 8.9, 570.6865, -569.6091, 8.9, 0, 0, 0
L 570.6865, -569.6091, 8.9, 540.2311, -558.5986, 8.9, 0, 0, 0
L 540.2311, -558.5986, 8.9, 540.2333, -500.2151, 8.9, 0, 0, 0
L 540.2333, -500.2151, 8.9, 575.8057, -496.2624, 8.9, 0, 0, 0
L 575.8057, -496.2624, 8.9, 597.2999, -496.2622, 8.9, 0, 0, 0
L 597.2999, -500.2871, 8.9, 597.2999, -513.2536, 8.9, 0, 0, 0
L 597.2999, -515.3311, 8.9, 575.1145, -515.4038, 8.9, 0, 0, 0
L 575.1145, -515.4038, 8.9, 559.1653, -519.9842, 8.9, 0, 0, 0
L 559.1653, -519.9842, 8.9, 559.4253, -550.566, 8.9, 0, 0, 0
L 559.4253, -550.566, 8.9, 569.9974, -550.3636, 8.9, 0, 0, 0
L 611.2999, -568.778, 8.9, 569.9974, -550.3636, 8.9, 0, 0, 0
L 597.2999, -500.2871, 10.9, 600.335, -500.1619, 10.9, 0, 0, 0
L 600.335, -500.1619, 10.9, 600.2, -492.905, 10.9, 0, 0, 0
L 600.2, -492.905, 10.9, 615.8563, -484.2624, 10.9, 0, 0, 0
L 615.8563, -484.2624, 10.9, 637.2999, -484.2624, 10.9, 0, 0, 0
L 637.2999, -484.2624, 10.9, 638.6707, -508.3111, 10.9, 0, 0, 0
L 638.6707, -508.3111, 10.9, 655.2999, -508.2312, 10.9, 0, 0, 0
L 655.2999, -508.2312, 10.9, 655.2999, -527.3311, 10.9, 0, 0, 0
L 655.2999, -527.3311, 10.9, 615.8423, -527.3311, 10.9, 0, 0, 0
L 615.8423, -527.3311, 10.9, 602.1349, -521.4565, 10.9, 0, 0, 0
L 602.1349, -521.4565, 10.9, 600.2042, -513.7428, 10.9, 0, 0, 0
L 600.2042, -513.7428, 10.9, 597.2999, -513.2536, 10.9, 0, 0, 0
L 597.2999, -496.2624, 8.9, 597.2999, -515.3311, 8.9, 0, 0, 0
L 569.7283, -550.2481, 8.9, 570.2182, -550.4583, 8.9, 0, 0, 0
L 619.5321, -593.2999, 10.9, 618.543, -593.2999, 10.9, 0, 0, 0
L 618.543, -593.2999, 10.9, 619.868, -593.3156, 10.9, 0, 0, 0
L 619.868, -593.3156, 10.9, 620.2021, -629.6481, 10.9, 0, 0, 0
L 618.526, -593.2999, 10.9, 614.1386, -583.5544, 10.9, 0, 0, 0
L 614.1386, -583.5544, 10.9, 611.299, -583.2645, 10.9, 0, 0, 0
L 611.2998, -582.7816, 8.9, 611.2999, -585.1281, 8.9, 0, 0, 0
L 637.7213, -563.3311, 10.9, 633.4226, -563.4723, 10.9, 0, 0, 0
L 633.4226, -563.4723, 10.9, 631.4734, -567.3278, 10.9, 0, 0, 0
L 631.4734, -567.3278, 10.9, 629.572, -567.3677, 10.9, 127, 64, 0
L 629.572, -567.3677, 10.9, 629.4049, -570.701, 10.9, 127, 64, 0
L 629.4049, -570.701, 10.9, 631.1906, -570.2299, 10.9, 127, 64, 0
L 631.1906, -570.2299, 10.9, 631.1862, -583.331, 10.9, 127, 64, 0
L 631.1862, -583.331, 10.9, 629.2999, -583.7549, 10.9, 127, 64, 0
L 629.2999, -583.7549, 10.9, 629.2999, -585.8268, 10.9, 127, 64, 0
L 629.2999, -585.827, 10.9, 629.5208, -590.138, 10.9, 0, 0, 0
L 629.5208, -590.138, 10.9, 636.593, -594.2, 10.9, 0, 0, 0
L 636.593, -594.2, 10.9, 643.7799, -594.1989, 10.9, 0, 0, 0
L 643.7799, -594.1989, 10.9, 650.1453, -589.965, 10.9, 0, 0, 0
L 650.1453, -589.965, 10.9, 650.1933, -586.2382, 10.9, 0, 0, 0
L 650.2, -585.7219, 10.9, 650.932, -583.4903, 10.9, 127, 64, 0
L 650.932, -583.4903, 10.9, 647.2935, -583.2726, 10.13, 127, 64, 0
L 648.47, -583.3311, 10.1, 648.52, -570.2311, 10.23, 127, 64, 0
L 648.52, -570.2311, 10.23, 649.9374, -570.1903, 10.9, 127, 64, 0
L 649.9374, -570.1903, 10.9, 650.89, -567.485, 10.9, 127, 64, 0
L 650.89, -567.485, 10.9, 648.263, -567.3278, 10.9, 127, 64, 0
L 648.263, -567.3278, 10.9, 646.662, -563.4611, 10.9, 0, 0, 0
L 646.662, -563.4611, 10.9, 641.7151, -563.3311, 10.9, 0, 0, 0
L 641.7151, -563.3311, 10.9, 637.7279, -563.3311, 10.9, 127, 64, 0
L 633.5114, -568.6545, 10.9, 646.22, -568.6698, 10.312, 127, 64, 0
L 646.22, -568.6698, 10.312, 641.6458, -566.2311, 10.9, 0, 0, 0
L 641.6458, -566.2311, 10.9, 637.856, -566.2311, 10.9, 127, 64, 0
L 637.856, -566.2311, 10.9, 634.828, -568.1178, 10.9, 0, 0, 0
L 634.828, -568.1178, 10.9, 633.5114, -568.6545, 10.9, 0, 0, 0
L 648.524, -570.2311, 10.9, 646.484, -568.716, 10.1174, 0, 0, 0
L 633.4401, -568.7265, 10.1379, 631.2564, -570.2311, 10.1296, 0, 0, 0
L 647.2998, -589.2999, 15.272, 632.2, -589.2999, 15.9, 0, 0, 0
L 632.2, -589.2999, 15.9, 632.1997, -585.8132, 15.9, 0, 0, 0
L 632.1997, -585.8132, 15.9, 632.2014, -583.5742, 14.3823, 127, 64, 0
L 629.3206, -586.2311, 16.1, 632.1997, -586.2311, 16.1, 0, 0, 0
L 629.9524, -586.2311, 16.1, 629.7476, -586.2311, 16.1, 0, 0, 0
L 629.2999, -585.827, 10.9, 629.2999, -586.1164, 10.9, 0, 0, 0
L 632.2014, -583.5742, 13.2, 631.1902, -583.3311, 13.2, 127, 64, 0
L 647.2999, -589.2999, 15.9, 647.2999, -586.1964, 15.9, 0, 0, 0
L 647.2999, -585.7658, 15.9, 647.2935, -583.2726, 14.4492, 127, 64, 0
L 647.2999, -586.1964, 16.3, 650.1933, -586.2382, 16.1, 0, 0, 0
L 650.2, -585.7957, 10.9, 650.2, -586.4397, 10.9, 0, 0, 0
L 647.2999, -587.955, 15.9, 647.2999, -585.8289, 15.9, 0, 0, 0
L 647.2789, -583.6146, 13.2, 643.5646, -587.2998, 11.8406, 0, 0, 0
L 643.5646, -587.2998, 11.8406, 635.9352, -587.2998, 11.5693, 0, 0, 0
L 635.9352, -587.2998, 11.5693, 632.1706, -583.5646, 13.2, 0, 0, 0
L 633.922, -585.3024, 10.259, 645.379, -585.4998, 10.471, 127, 64, 0
L 648.275, -567.3311, 11.9817, 648.291, -570.2311, 16.8337, 127, 64, 0
L 631.4718, -567.3311, 16.8632, 631.1612, -570.2311, 16.7447, 127, 64, 0
L 819.2374, -490.2624, 8.9, 839.6608, -478.3346, 2.5169, 0, 0, 0
L 839.6608, -478.3346, 2.5169, 839.8691, -493.6825, 10.9, 127, 0, 0
L 839.8691, -493.6825, 10.9, 839.6807, -513.7694, 10.9, 127, 64, 0
L 839.6749, -514.3872, 10.9, 839.8533, -537.2826, 0.6808, 127, 0, 0
L 839.8533, -537.2826, 0.6808, 819.918, -509.3296, 10.9, 0, 0, 0
L 839.6807, -513.7694, 10.9, 849.1313, -512.29, 9.9526, 127, 64, 0
L 849.1313, -512.29, 9.9526, 866.6335, -514.1753, 9.9933, 127, 64, 0
L 866.6335, -514.1753, 9.9933, 879.9742, -511.776, 10.39, 127, 64, 0
L 879.9742, -511.776, 10.39, 879.647, -520.6885, 10.2, 127, 64, 0
L 879.647, -520.6885, 10.2, 898.1567, -530.747, 10.9, 127, 64, 0
L 898.1567, -530.747, 10.9, 903.2949, -531.5814, 11.1759, 127, 64, 0
L 903.2949, -531.5814, 11.1759, 911.9376, -537.7906, 9.9966, 127, 64, 0
L 911.9376, -537.7906, 9.9966, 924.2106, -533.6674, 9.8514, 127, 64, 0
L 924.2106, -533.6674, 9.8514, 932.3753, -529.3889, 10.363, 127, 64, 0
L 932.3753, -529.3889, 10.363, 949.8491, -527.8446, 10.8208, 127, 64, 0
L 839.482, -493.7866, 10.6303, 851.8174, -493.9372, 10.3, 127, 64, 0
L 851.8174, -493.9372, 10.3, 867.6314, -495.6277, 9.9327, 127, 64, 0
L 867.6314, -495.6277, 9.9327, 879.6753, -493.8638, 11.2927, 127, 64, 0
L 879.6753, -493.8638, 11.2927, 879.8288, -485.7434, 10.9, 127, 64, 0
L 879.8288, -485.7434, 10.9, 903.9229, -475.5905, 10.9, 127, 64, 0
L 903.9229, -475.5905, 10.9, 923.7928, -471.8625, 10.7143, 127, 64, 0
L 923.7928, -471.8625, 10.7143, 944.1422, -486.3437, 10.576, 127, 64, 0
L 944.1422, -486.3437, 10.576, 949.4374, -493.7672, 10.8361, 127, 64, 0
L 949.4374, -493.7672, 10.8361, 949.4827, -527.8771, 10.8382, 127, 64, 0
L 879.7101, -494.996, 12.4527, 879.6911, -512.2772, 10.9, 127, 64, 0
L 839.5522, -478.3999, 5.7603, 867.4217, -471.6729, 4.6924, 0, 0, 0
L 867.4217, -471.6729, 4.6924, 879.9511, -464.1614, 4.3117, 0, 0, 0
L 879.9511, -464.1614, 4.3117, 904.185, -448.1188, 3.9464, 0, 0, 0
L 904.185, -448.1188, 3.9464, 919.426, -440.415, 3.9201, 0, 0, 0
L 919.426, -440.415, 3.9201, 931.4385, -442.2379, 3.9201, 0, 0, 0
L 931.4385, -442.2379, 3.9201, 949.2382, -456.835, 6.9901, 0, 0, 0
L 949.2382, -456.835, 6.9901, 959.2451, -488.1057, 8.7398, 0, 0, 0
L 959.898, -487.6087, 8.7398, 949.7414, -493.2178, 7.8879, 0, 0, 0
L 959.2451, -488.1057, 10.2508, 975.2586, -498.1143, 10.9, 0, 0, 0
L 975.2586, -498.1143, 10.9, 998.1776, -493.3858, 10.9, 0, 0, 0
L 998.1776, -493.3858, 10.9, 1000.307, -473.9621, 10.9, 0, 0, 0
L 1000.307, -473.9621, 10.9, 1010.39, -457.8768, 10.9, 0, 0, 0
L 1010.39, -457.8768, 10.9, 1002.435, -447.6546, 10.9, 0, 0, 0
L 1002.435, -447.6546, 10.9, 1002.436, -422.15, 10.9, 0, 0, 0
L 1002.436, -422.15, 10.9, 1009.8099, -412.2937, 10.9, 0, 0, 0
L 1009.8099, -412.2937, 10.9, 1029.4073, -412.2937, 10.9, 0, 0, 0
L 1029.4073, -412.2937, 10.9, 1039.1437, -422.301, 10.9, 0, 0, 0
L 1039.1437, -422.301, 10.9, 1039.1437, -447.6261, 10.9, 0, 0, 0
L 1039.1437, -447.6261, 10.9, 1027.9825, -459.2105, 10.9, 0, 0, 0
L 1027.9825, -459.2105, 10.9, 1017.969, -474.1182, 10.9, 0, 0, 0
L 1017.969, -474.1182, 10.9, 1017.1436, -493.757, 10.9, 0, 0, 0
L 1017.1436, -493.757, 10.9, 1015.2001, -501.5316, 10.59, 0, 0, 0
L 1015.2001, -501.5316, 10.59, 997.2386, -513.4402, 10.9, 0, 0, 0
L 997.2386, -513.4402, 10.9, 987.3835, -517.36, 10.449, 0, 0, 0
L 987.3835, -517.36, 10.9, 975.402, -519.6571, 10.9, 0, 0, 0
L 975.402, -519.6571, 10.9, 959.982, -531.8284, 9.4422, 0, 0, 0
L 959.857, -531.8441, 9.4295, 949.8491, -527.8446, 10.9, 0, 0, 0
L 959.982, -531.8284, 10.9, 949.2512, -551.504, 12.1333, 0, 0, 0
L 949.2512, -551.504, 12.1333, 939.3814, -559.3826, 13.101, 0, 0, 0
L 939.3814, -559.3826, 13.101, 903.6613, -569.3082, 9.8855, 0, 0, 0
L 903.6613, -569.3082, 9.8855, 879.8451, -559.3337, 9.378, 0, 0, 0
L 879.8451, -559.3337, 9.378, 865.8785, -545.3898, 8.7114, 0, 0, 0
L 865.8785, -545.3898, 8.7113, 839.6223, -536.9587, 15.238, 0, 0, 0
L 883.192, -480.1471, -13.792, 883.2858, -477.5529, -29.3321, 127, 64, 0
L 883.2858, -477.5518, -29.3321, 886.958, -479.8249, -29.9989, 127, 64, 0
L 886.958, -479.8249, -29.9989, 883.192, -480.1471, -29.9989, 127, 64, 0
L 888.8361, -477.6021, -29.9925, 892.1788, -477.8713, -29.9989, 127, 64, 0
L 892.1788, -477.8713, -29.9989, 892.184, -480.7361, -28.6326, 127, 64, 0
L 888.8361, -477.6021, -29.9989, 892.184, -480.7361, -29.9988, 127, 64, 0
L 897.286, -475.9821, -29.9989, 899.6834, -473.3663, -29.9989, 127, 64, 0
L 899.6834, -473.3663, -29.9989, 900.327, -476.27, -29.9989, 127, 64, 0
L 900.327, -476.27, -29.9989, 897.286, -475.9821, -29.9989, 127, 64, 0
L 907.4397, -472.2225, -29.9989, 907.5095, -469.3752, -29.9989, 127, 64, 0
L 907.5095, -469.374, -29.9989, 910.1002, -471.8883, -29.9989, 127, 64, 0
L 910.981, -471.8883, -29.9989, 907.4874, -472.2409, -29.9989, 127, 64, 0
L 919.8085, -467.3788, -29.9989, 919.8378, -470.209, -29.9989, 127, 64, 0
L 919.8378, -470.209, -29.9989, 917.1633, -467.6023, -29.9989, 127, 64, 0
L 917.1633, -467.6012, -29.9989, 919.8085, -467.3788, -29.9989, 127, 64, 0
L 927.1834, -471.9567, -29.9989, 930.73, -471.7769, -29.9989, 127, 64, 0
L 930.73, -471.7769, -29.9989, 927.3849, -469.4329, -29.9989, 127, 64, 0
L 927.3849, -469.4329, -29.9989, 927.1834, -471.9567, -29.9989, 127, 64, 0
L 935.1445, -478.1804, -29.9989, 935.6332, -475.339, -28.7802, 127, 64, 0
L 935.6332, -475.3383, -28.7802, 938.621, -477.9191, -29.9989, 127, 64, 0
L 938.621, -477.9191, -29.9989, 935.1445, -478.1804, -29.9989, 127, 64, 0
L 945.8035, -481.3659, -29.9989, 945.7568, -484.2427, -29.9989, 127, 64, 0
L 945.7568, -484.2427, -29.9989, 943.2459, -481.5697, -29.9989, 127, 64, 0
L 943.2459, -481.5697, -29.9989, 945.8035, -481.3659, -29.9989, 127, 64, 0
L 885.8488, -532.421, -29.9989, 886.424, -529.5502, -29.9988, 127, 64, 0
L 886.389, -529.5444, -29.9987, 883.2178, -529.6794, -29.9989, 127, 64, 0
L 883.2178, -529.6794, -29.9989, 885.8488, -532.421, -29.9989, 127, 64, 0
L 891.4204, -529.3979, -29.9989, 891.2219, -531.8991, -29.9989, 127, 64, 0
L 891.2219, -531.8991, -29.9989, 894.1046, -531.8183, -29.9989, 127, 64, 0
L 894.1046, -531.8183, -29.9989, 891.3805, -529.4255, -29.9989, 127, 64, 0
L 902.1802, -534.18, -29.9989, 899.3925, -531.3597, -29.9989, 127, 64, 0
L 899.3903, -531.3597, -29.9989, 899.2586, -534.426, -29.9989, 127, 64, 0
L 899.2586, -534.426, -29.9989, 902.1802, -534.18, -29.9989, 127, 64, 0
L 903.2236, -537.5777, -29.9989, 905.7363, -537.3451, -29.9989, 127, 64, 0
L 905.7363, -537.3451, -29.9989, 905.8895, -540.145, -29.9989, 127, 64, 0
L 905.8895, -540.145, -29.9989, 903.2074, -537.6135, -29.9989, 127, 64, 0
L 917.3251, -540.1168, -29.9989, 920.338, -539.9693, -29.9989, 127, 64, 0
L 920.338, -539.9693, -29.9989, 917.5103, -537.3449, -29.9989, 127, 64, 0
L 917.5076, -537.3449, -29.9989, 917.3093, -540.1019, -29.9989, 127, 64, 0
L 923.1635, -538.193, -29.9989, 926.517, -537.9239, -29.9989, 127, 64, 0
L 926.517, -537.9239, -29.9989, 923.3594, -535.418, -29.9989, 127, 64, 0
L 923.3594, -535.418, -29.9989, 923.1635, -538.193, -29.9989, 127, 64, 0
L 929.2635, -536.2886, -29.804, 929.4198, -533.3807, -29.9989, 127, 64, 0
L 929.4198, -533.3807, -29.9989, 932.517, -535.9237, -29.9989, 127, 64, 0
L 932.517, -535.9237, -29.9989, 929.2635, -536.2886, -29.9989, 127, 64, 0
L 940.549, -534.4416, -29.9989, 937.2102, -531.5125, -29.9989, 127, 64, 0
L 937.2102, -531.5099, -29.9989, 939.7777, -531.3579, -29.9989, 127, 64, 0
L 939.7777, -531.3579, -29.9989, 940.549, -534.4416, -29.9989, 127, 64, 0
L 947.7934, -532.1984, -29.9989, 945.2057, -529.5775, -29.9989, 127, 64, 0
L 945.2057, -529.5756, -29.9989, 947.9365, -529.4565, -29.9988, 127, 64, 0
L 947.9347, -529.4547, -29.9987, 947.8292, -532.3482, -29.9989, 127, 64, 0
L 330.3249, -690.1686, -17.4056, 330.3249, -709.5322, -17.7932, 0, 0, 0
L 330.3249, -709.5322, -17.7932, 350.1415, -729.3488, -18.5925, 0, 0, 0
L 350.1415, -729.3488, -18.5925, 369.7549, -739.1711, -19.3035, 0, 0, 0
L 369.7549, -739.1711, -19.3035, 379.3937, -729.5322, -19.3035, 0, 0, 0
L 379.3937, -729.5322, -19.3035, 379.3937, -709.825, -15.8313, 0, 0, 0
L 279.7694, -650.1874, -24.4592, 299.9608, -650.2528, -17.9696, 0, 0, 0
L 299.9608, -650.2528, -17.9696, 329.5865, -659.9597, -10.1014, 0, 0, 0
L 245.6432, -505.4472, -9.999, 250.1737, -505.4506, -9.999, 127, 64, 0
L 250.1737, -505.4506, -9.999, 250.3814, -510.921, -9.999, 127, 64, 0
L 245.4891, -505.6435, -9.999, 245.544, -514.7775, -9.999, 127, 64, 0
L 230.3999, -523.1186, -9.999, 225.4658, -525.6884, -9.999, 127, 64, 0
L 225.4658, -525.6884, -9.999, 225.4593, -530.2311, -10.85, 127, 64, 0
L 210.3562, -530.2311, -25.9989, 190.3874, -497.4658, -20.1067, 0, 0, 0
L 230.415, -530.231, -25.9039, 245.544, -514.7775, -18.3186, 0, 0, 0
L 246.256, -514.678, -18.3186, 249.4816, -510.8412, -16.7881, 127, 64, 0
L 249.4805, -510.5124, -15.909, 269.8086, -499.9066, -10.44, 0, 0, 0
L 250.3814, -510.921, -15.8519, 250.3562, -509.658, -9.999, 0, 0, 0
L 246.3152, -514.86, -16.8292, 245.2764, -515.474, -17.8129, 127, 64, 0
L 225.4593, -530.2311, -25.9989, 229.9621, -530.2291, -25.9631, 127, 64, 0
L 230.3999, -523.1186, -9.999, 229.9621, -530.2291, -15.2233, 127, 64, 0
L 194.2533, -491.4918, -9.999, 189.5617, -491.5647, -9.999, 127, 64, 0
L 189.5617, -491.5647, -9.999, 189.6077, -496.2633, -11.3195, 127, 64, 0
L 194.115, -496.2563, -9.999, 189.6077, -496.2633, -10.5754, 127, 64, 0
L 194.3146, -491.5667, -9.999, 194.3874, -495.7771, -9.999, 127, 64, 0
L 211.8152, -523.2327, -9.999, 214.3524, -525.7218, -9.999, 127, 64, 0
L 214.3524, -525.7218, -9.999, 214.3335, -530.231, -9.999, 127, 64, 0
L 211.8152, -523.2327, -9.999, 209.5252, -525.5415, -9.999, 127, 64, 0
L 209.5252, -525.5415, -9.999, 209.4561, -528.7871, -9.999, 127, 64, 0
L 210.3562, -530.2311, -25.9989, 214.331, -530.2311, -25.9989, 127, 64, 0
L 214.3335, -530.231, -25.9989, 225.4364, -530.2311, -25.9989, 0, 0, 0
L 210.3562, -530.2311, -25.9989, 210.3563, -589.9116, -25.9989, 0, 0, 0
L 195.875, -441.326, -3.999, 194.3874, -440.6261, -3.999, 0, 0, 0
L 194.3874, -440.6261, -3.999, 193.5721, -431.639, -6.4119, 0, 0, 0
L 510.235, -609.2999, -9.999, 510.2083, -614.2721, -9.999, 127, 64, 0
L 510.2083, -614.2721, -9.999, 505.3623, -614.517, -9.999, 127, 64, 0
L 505.3623, -614.517, -9.999, 505.3625, -609.2998, -9.999, 127, 64, 0
L 505.3625, -609.2998, -9.999, 510.235, -609.2999, -9.999, 127, 64, 0
L 510.2312, -610.46, -9.999, 510.2312, -610.48, -9.999, 0, 0, 0
L 509.3312, -609.2999, -9.999, 509.3312, -604.1992, -9.999, 0, 0, 0
L 509.3312, -604.1988, -9.999, 506.602, -604.2, -9.999, 0, 0, 0
L 506.602, -604.2, -9.999, 479.7363, -590.22, -9.999, 0, 0, 0
L 479.7363, -590.22, -9.999, 469.4148, -560.116, -9.999, 0, 0, 0
L 469.4148, -560.116, -9.999, 459.3713, -547.8709, -9.999, 0, 0, 0
L 459.3713, -547.8709, -9.999, 459.4784, -507.4943, -9.999, 0, 0, 0
L 459.4784, -507.4943, -9.999, 479.3625, -479.6682, -9.999, 0, 0, 0
L 479.3625, -479.6682, -9.999, 479.4112, -449.5939, -9.8933, 0, 0, 0
L 479.4112, -449.5939, -9.8933, 487.7013, -425.396, 0.1, 0, 0, 0
L 487.7013, -425.396, 0.1, 499.5418, -419.4759, 0.1, 0, 0, 0
L 499.5418, -419.4759, 0.1, 520.3115, -399.3272, 10.9, 0, 0, 0
L 520.3115, -399.3272, 10.9, 540.7685, -399.9506, 10.9, 0, 0, 0
L 540.7685, -399.9506, 10.9, 550.2313, -410.2884, 10.9, 0, 0, 0
L 550.2313, -410.2884, 10.9, 550.1087, -418.1591, 10.98, 0, 0, 0
L 550.1087, -418.1591, 10.98, 540.2311, -431.9569, 10.9, 0, 0, 0
L 540.2311, -431.9569, 10.9, 540.2303, -447.3625, 10.9, 0, 0, 0
L 540.2303, -447.3625, 10.9, 579.3311, -447.3625, 10.9, 127, 64, 0
L 566.7, -447.3625, 10.9, 566.5756, -431.1895, 10.98, 127, 64, 0
L 566.5756, -431.1895, 10.98, 549.8985, -431.2189, 10.98, 127, 64, 0
L 549.8985, -431.2189, 10.98, 549.799, -447.3625, 10.9, 127, 64, 0
L 579.3311, -447.3625, 10.9, 579.3311, -437.9565, 10.9, 0, 0, 0
L 579.3311, -437.9565, 10.9, 569.5014, -423.4911, 10.9, 0, 0, 0
L 569.5014, -423.4911, 10.9, 571.9681, -423.4343, 9.9869, 0, 0, 0
L 571.9681, -423.4343, 9.9869, 594.2, -434.1286, 8.96, 0, 0, 0
L 594.2, -434.1286, 8.96, 594.2, -445.5156, 8.96, 0, 0, 0
L 594.2, -445.5156, 8.96, 607.2998, -452.806, 10.9, 0, 0, 0
L 607.2998, -452.806, 10.9, 607.2999, -457.5513, 10.9, 0, 0, 0
L 607.2999, -457.5513, 10.9, 593.666, -465.3421, 10.9, 0, 0, 0
L 593.666, -465.3421, 10.9, 579.4998, -463.4612, 10.9, 0, 0, 0
L 579.4998, -463.4612, 10.9, 579.3311, -471.5342, 10.9, 0, 0, 0
L 579.3311, -471.5342, 10.9, 571.1916, -475.9852, 10.327, 0, 0, 0
L 571.1916, -475.9852, 10.327, 569.5141, -479.3403, 10.6092, 0, 0, 0
L 544.2311, -477.3915, 10.2695, 544.1493, -475.5532, 10.9, 0, 0, 0
L 544.1493, -475.5532, 10.9, 540.2311, -469.6757, 10.9, 0, 0, 0
L 540.2311, -469.6757, 10.9, 540.2311, -450.2624, 10.9, 0, 0, 0
L 540.2311, -450.2624, 10.9, 579.4375, -450.2624, 10.9, 127, 64, 0
L 579.4375, -450.2624, 10.9, 581.8225, -450.2606, 10.9, 0, 0, 0
L 581.8225, -450.2606, 10.9, 594.2, -445.5156, 8.96, 0, 0, 0
L 544.2311, -477.3915, 10.2695, 546.588, -481.3625, 11.9242, 0, 0, 0
L 546.588, -481.3625, 11.9242, 549.8875, -483.3625, 13.8306, 0, 0, 0
L 549.8875, -483.3625, 13.8306, 563.7084, -483.3625, 13.8306, 0, 0, 0
L 563.7084, -483.3625, 13.8306, 569.3311, -481.3625, 11.9257, 0, 0, 0
L 569.3311, -481.3625, 11.9257, 569.514, -479.3405, 10.6094, 0, 0, 0
L 569.514, -479.3405, 10.6094, 544.2311, -477.3915, 10.2695, 0, 0, 0
L 546.593, -481.3625, 11.9242, 569.3311, -481.3625, 11.9255, 0, 0, 0
L 549.7974, -466.456, 10.98, 566.6349, -466.2328, 10.98, 127, 64, 0
L 566.6349, -466.2328, 10.98, 566.7015, -450.2624, 10.98, 127, 64, 0
L 549.7999, -450.2619, 10.9, 549.7974, -466.456, 10.98, 127, 64, 0
L 579.3798, -450.2624, 10.9, 579.3311, -447.3625, 10.1087, 127, 64, 0
L 540.2311, -447.3625, 10.1135, 540.2311, -450.2624, 10.9, 127, 64, 0
L 607.297, -452.785, 10.32, 611.249, -437.9289, 11.5588, 0, 0, 0
L 611.249, -437.9289, 11.5588, 593.6082, -418.3586, 8.2937, 0, 0, 0
L 593.6082, -418.3586, 8.2937, 583.6268, -408.3256, 9.76, 0, 0, 0
L 583.6268, -408.3256, 9.76, 569.2865, -409.8605, 10.9, 0, 0, 0
L 569.2865, -409.8605, 10.9, 559.4424, -390.1775, 10.9, 0, 0, 0
L 559.4424, -390.1775, 10.9, 519.59, -370.2513, 9.7683, 0, 0, 0
L 519.59, -370.2513, 9.7683, 499.379, -319.9961, 0.1548, 0, 0, 0
L 499.379, -319.9961, 0.1548, 509.2343, -299.9637, 3.5447, 0, 0, 0
L 509.2343, -299.9637, 3.5447, 499.2649, -289.25, 10.9, 0, 0, 0
L 499.2649, -289.25, 10.9, 499.3625, -230.5303, 10.9, 0, 0, 0
L 499.3625, -230.5303, 10.9, 489.1247, -233.943, 10.9, 0, 0, 0
L 489.9821, -233.6573, 10.9, 487.8797, -234.3582, 10.25, 0, 0, 0
L 487.8797, -234.3582, 10.25, 476.2624, -238.2306, 27.4028, 0, 0, 0
L 467.3625, -178.3874, 14.9, 467.3625, -125.4874, 39.9697, 0, 0, 0
L 450.2624, -178.3874, 14.9, 450.2624, -125.4874, 39.9697, 0, 0, 0
L 450.2624, -174.3874, 16.1, 467.3625, -174.3872, 16.1, 0, 0, 0
L 450.2624, -170.3874, 18.1, 467.3625, -170.3874, 18.1, 0, 0, 0
L 450.2624, -166.3874, 20.1, 467.3625, -166.3872, 20.1, 0, 0, 0
L 467.3625, -162.387, 22.1, 450.2624, -162.3874, 22.1, 0, 0, 0
L 450.2624, -158.3874, 24.22, 467.3625, -158.3871, 24.1, 0, 0, 0
L 467.3625, -154.3871, 26.1, 450.2624, -154.3874, 26.1, 0, 0, 0
L 467.3625, -146.3872, 30.1, 450.2624, -146.3874, 30.1, 0, 0, 0
L 450.2624, -150.3095, 29.3155, 467.3625, -150.3873, 28.1, 0, 0, 0
L 467.3625, -142.387, 32.9, 450.2624, -142.3874, 32.9, 0, 0, 0
L 467.3625, -138.3872, 34.9, 450.2624, -138.3874, 34.9, 0, 0, 0
L 467.3625, -134.3868, 36.782, 450.2624, -134.3874, 36.9, 0, 0, 0
L 467.3625, -130.3872, 38.9, 450.2624, -130.3874, 38.9, 0, 0, 0
L 450.2624, -125.4874, 39.9697, 445.3623, -125.4874, 39.9697, 0, 0, 0
L 467.3625, -125.4874, 39.9697, 472.262, -125.4874, 39.9697, 0, 0, 0
L 445.3625, -125.4874, 38.5989, 438.375, -125.4874, 38.5989, 0, 0, 0
L 438.375, -125.4874, 38.5989, 420.2937, -101.5597, 38.3714, 0, 0, 0
L 420.2937, -101.5597, 38.3714, 420.2937, -66.8833, 36.9831, 0, 0, 0
L 420.2937, -66.8833, 36.9831, 446.2581, -86.8799, 37.6779, 0, 0, 0
L 420.2934, -66.8829, 38.6927, 420.2932, -50.883, 49.6876, 0, 0, 0
L 420.2932, -50.883, 49.6876, 445.6714, -70.4187, 49.6861, 0, 0, 0
L 472.2622, -125.4874, 38.8973, 479.5876, -125.4874, 38.5658, 0, 0, 0
L 479.5876, -125.4874, 38.5658, 497.3625, -101.8186, 39.1914, 0, 0, 0
L 497.3625, -101.8186, 39.1914, 497.3625, -66.8824, 38.5075, 0, 0, 0
L 497.3625, -66.8824, 38.5075, 471.3394, -86.9003, 37.2661, 0, 0, 0
L 497.3625, -66.8823, 38.217, 497.3625, -50.8821, 49.688, 0, 0, 0
L 497.3625, -50.8821, 49.688, 471.3618, -70.8516, 49.7055, 0, 0, 0
L 445.6714, -70.4187, 47.9697, 467.3582, -70.4185, 47.9697, 0, 0, 0
L 471.3618, -70.8516, 47.9697, 471.3394, -86.9003, 39.9697, 0, 0, 0
L 471.3401, -86.4187, 39.9697, 471.4096, -125.4874, 39.9697, 127, 64, 0
L 446.2624, -70.4187, 47.9697, 446.259, -86.406, 39.9697, 0, 0, 0
L 446.259, -86.406, 39.9697, 446.1832, -125.4874, 39.9697, 127, 64, 0
L 471.3625, -74.4185, 45.9697, 446.2624, -74.4187, 45.9697, 0, 0, 0
L 471.3978, -78.4231, 43.9767, 446.2305, -78.4187, 43.9697, 0, 0, 0
L 446.2764, -82.4187, 41.9697, 471.3315, -82.4187, 41.9697, 0, 0, 0
L 471.3471, -86.4187, 39.9697, 446.2629, -86.4187, 39.9697, 0, 0, 0
L 467.3582, -70.4185, 49.9697, 467.3867, -65.8228, 49.9697, 0, 0, 0
L 467.3867, -65.8228, 49.9697, 471.6591, -65.5186, 49.9697, 0, 0, 0
L 471.3625, -70.4184, 47.9697, 467.305, -70.4187, 47.9697, 0, 0, 0
L 471.6592, -65.5187, 49.9697, 497.8134, -45.5185, 49.9697, 0, 0, 0
L 497.8134, -45.5185, 49.9697, 510.4454, -45.7081, 49.9697, 0, 0, 0
L 510.4454, -45.7081, 49.9697, 515.9126, -47.5377, 49.9697, 0, 0, 0
L 515.9126, -47.5377, 49.9697, 523.3311, -49.3926, 49.9697, 0, 0, 0
L 523.3311, -49.3926, 49.9697, 523.328, -34.2764, 49.9697, 0, 0, 0
L 523.328, -34.2764, 49.9697, 515.7465, -30.4858, 49.9697, 0, 0, 0
L 515.7465, -30.4858, 49.9697, 508.8632, -32.45, 49.9697, 0, 0, 0
L 508.8632, -32.45, 49.9697, 497.4383, -32.2503, 49.9697, 0, 0, 0
L 497.4383, -32.2503, 49.9697, 497.3625, -16.1246, 49.9697, 0, 0, 0
L 497.3625, -16.1246, 49.9697, 485.5577, 3.5499, 49.9697, 0, 0, 0
L 485.5577, 3.5499, 49.9697, 445.9988, 3.5499, 48.4804, 0, 0, 0
L 445.9988, 3.5499, 48.4804, 436.2624, -6.1863, 48.148, 127, 0, 0
L 436.2624, -6.1863, 48.148, 436.2624, -31.8131, 47.1497, 127, 0, 0
L 436.2624, -31.8131, 47.149, 448.2631, -41.5187, 37.335, 127, 0, 0
L 448.2631, -41.5187, 37.335, 481.3623, -31.8133, 46.2308, 127, 0, 0
L 481.3623, -31.8133, 46.2308, 481.3623, -6.1863, 47.3248, 127, 0, 0
L 481.3623, -6.1863, 47.3248, 471.6261, 3.5499, 46.3498, 127, 0, 0
L 432.676, 3.5499, 49.9697, 420.2937, -16.1244, 49.9697, 0, 0, 0
L 420.2937, -16.1244, 49.9697, 419.8727, -32.4446, 49.9697, 0, 0, 0
L 419.8727, -32.4446, 49.9697, 414.2937, -32.45, 50.5486, 0, 0, 0
L 414.2937, -32.45, 50.5486, 414.2932, -47.3445, 50.5488, 0, 0, 0
L 414.2932, -47.3445, 50.5488, 420.246, -45.5566, 49.9697, 0, 0, 0
L 420.246, -45.5566, 49.9697, 445.9649, -65.5186, 49.9697, 0, 0, 0
L 445.9649, -65.5186, 49.9697, 450.1689, -65.6938, 49.9697, 0, 0, 0
L 450.1689, -65.6938, 49.9697, 450.1426, -70.4187, 47.9697, 0, 0, 0
L 432.676, 3.5499, 49.9697, 445.3625, 3.5499, 49.9697, 0, 0, 0
L 523.3311, -49.3926, 49.9697, 533.3374, -51.4211, 53.1066, 0, 0, 0
L 533.3374, -51.4211, 53.1066, 541.9283, -59.4804, 53.9697, 0, 0, 0
L 541.9283, -59.4804, 53.9697, 551.2593, -57.6144, 53.9697, 0, 0, 0
L 551.2593, -57.6144, 53.9697, 547.4314, -36.5908, 53.9697, 0, 0, 0
L 547.4314, -36.5908, 53.9697, 541.4506, -38.3868, 53.9697, 0, 0, 0
L 541.4506, -38.3868, 53.9697, 533.3452, -36.3716, 53.143, 0, 0, 0
L 533.3452, -36.3716, 53.143, 523.3311, -34.2779, 49.9697, 0, 0, 0
L 547.4314, -36.5906, 53.9697, 557.9391, -28.4499, 55.9697, 0, 0, 0
L 557.9391, -28.4499, 55.9697, 584.9396, -28.4499, 55.9697, 0, 0, 0
L 584.9396, -28.4499, 55.9697, 573.4597, -45.6315, 57.8798, 0, 0, 0
L 573.4597, -45.6315, 57.8798, 551.2593, -57.6144, 53.9697, 0, 0, 0
L 584.9396, -28.4499, 55.9697, 585.3311, -20.4499, 57.9316, 0, 0, 0
L 585.3311, -20.4499, 57.9316, 583.4298, -12.4499, 59.9697, 0, 0, 0
L 583.4298, -12.4499, 59.9697, 579.2446, -5.7093, 62.2982, 0, 0, 0
L 579.2446, -5.7093, 62.2982, 577.3872, 1.7204, 62.4724, 0, 0, 0
L 577.3872, 1.7204, 62.4724, 560.2311, 13.1592, 63.932, 0, 0, 0
L 560.2311, 13.1592, 63.932, 556.2311, 16.9136, 65.9697, 0, 0, 0
L 556.2311, 16.9136, 65.9697, 550.2311, 19.3756, 67.9488, 0, 0, 0
L 550.2311, 19.3756, 67.9488, 549.3311, 49.6906, 69.9697, 0, 0, 0
L 549.3311, 49.6906, 69.9697, 509.302, 59.6499, 69.9697, 0, 0, 0
L 509.302, 59.6499, 69.9697, 479.2715, 69.736, 69.9697, 0, 0, 0
L 479.2715, 69.736, 69.9697, 471.7046, 73.5195, 71.591, 0, 0, 0
L 471.7046, 73.5195, 71.591, 465.5563, 77.5186, 72.5542, 0, 0, 0
L 465.5563, 77.5186, 72.5542, 463.5344, 81.5186, 74.638, 0, 0, 0
L 463.5344, 81.5186, 74.638, 461.7742, 81.5203, 77.1954, 0, 0, 0
L 461.7742, 81.5203, 77.1954, 461.3994, 88.1475, 75.9697, 0, 0, 0
L 461.3994, 88.1475, 75.9697, 478.7524, 88.4184, 78.203, 0, 0, 0
L 478.7524, 88.4184, 78.203, 479.3625, 131.4875, 75.9697, 0, 0, 0
L 557.9389, -28.4499, 55.9697, 560.1326, -20.4499, 57.9316, 0, 0, 0
L 560.1326, -20.4499, 57.9316, 560.6244, -6.3803, 61.9697, 0, 0, 0
L 560.6219, -6.45, 61.9697, 579.3594, -6.1569, 61.9697, 0, 0, 0
L 556.2311, -1.8138, 65.9697, 560.6244, -6.3803, 63.3693, 0, 0, 0
L 556.2311, -1.8136, 65.9697, 550.2311, 0.3244, 67.9488, 0, 0, 0
L 550.2311, 0.3244, 67.9488, 519.6862, -19.522, 69.9697, 0, 0, 0
L 519.6862, -19.522, 69.9697, 509.1421, -17.8783, 69.9697, 0, 0, 0
L 509.1421, -17.8783, 69.9697, 497.4395, -31.7479, 69.4856, 0, 0, 0
L 472.2617, 19.55, 69.9697, 485.7395, 19.55, 69.9697, 0, 0, 0
L 485.7395, 19.55, 69.9697, 497.5391, 15.6143, 69.9697, 0, 0, 0
L 497.5391, 15.6143, 69.9697, 509.8423, -0.5397, 69.9697, 0, 0, 0
L 509.8423, -0.5397, 69.9697, 520.2877, -4.2102, 69.9697, 0, 0, 0
L 520.2877, -4.2102, 69.9697, 530.2336, 10.929, 69.9697, 0, 0, 0
L 530.2336, 10.929, 69.9697, 529.5313, 40.536, 69.9697, 0, 0, 0
L 529.5313, 40.536, 69.9697, 508.944, 40.1651, 69.9697, 0, 0, 0
L 508.944, 40.1651, 69.9697, 465.4599, 26.2795, 69.9697, 0, 0, 0
L 465.4599, 26.2795, 69.9697, 465.5061, -6.33, 69.8232, 0, 0, 0
L 465.5061, -6.33, 69.8232, 469.3625, -10.1862, 69.7631, 0, 0, 0
L 469.3625, -10.1862, 69.7631, 469.3625, -23.8135, 69.7631, 0, 0, 0
L 469.3625, -23.8135, 69.7631, 465.6261, -27.55, 69.7631, 0, 0, 0
L 465.6261, -27.55, 69.7631, 451.9988, -27.55, 69.7631, 0, 0, 0
L 451.9988, -27.55, 69.7631, 448.2624, -23.8136, 69.7631, 0, 0, 0
L 448.2624, -23.8136, 69.7631, 448.2624, -10.1864, 69.7631, 0, 0, 0
L 448.2624, -10.1864, 69.7631, 452.2096, -6.2119, 69.8821, 0, 0, 0
L 452.2096, -6.2119, 69.8821, 452.2527, 26.929, 69.9697, 0, 0, 0
L 452.2527, 26.929, 69.9697, 439.7787, 30.4499, 69.9697, 0, 0, 0
L 439.7787, 30.4499, 69.9697, 399.3632, 29.8218, 69.9697, 0, 0, 0
L 399.3632, 29.8218, 69.9697, 400.2146, 8.9468, 69.9697, 0, 0, 0
L 400.2146, 8.9468, 69.9697, 408.3953, 3.9152, 69.9697, 0, 0, 0
L 408.3953, 3.9152, 69.9697, 420.98, 15.6105, 69.9697, 0, 0, 0
L 420.98, 15.6105, 69.9697, 431.8856, 19.55, 69.9697, 0, 0, 0
L 431.8856, 19.55, 69.9697, 445.3625, 19.5501, 69.9697, 0, 0, 0
L 445.3625, 19.5501, 69.9697, 445.3625, 3.5499, 69.9697, 0, 0, 0
L 445.602, 3.5499, 66.356, 446.307, 3.5499, 65.1924, 0, 0, 0
L 419.9189, -31.4388, 69.9664, 407.9354, -19.5124, 69.9697, 0, 0, 0
L 407.9354, -19.5124, 69.9697, 379.7565, 0.4415, 69.9697, 0, 0, 0
L 379.7565, 0.4415, 69.9697, 371.4655, -1.756, 69.9064, 0, 0, 0
L 371.4655, -1.756, 69.9064, 369.3666, -8.1249, 65.2366, 0, 0, 0
L 369.3666, -8.1249, 65.2366, 367.3937, -19.9908, 63.9697, 0, 0, 0
L 367.3937, -19.9908, 63.9697, 367.8224, -26.6152, 63.3472, 0, 0, 0
L 367.8224, -26.6152, 63.3472, 373.5996, -32.3781, 59.9973, 0, 0, 0
L 373.5996, -32.3781, 59.9973, 382.1623, -36.45, 57.9697, 0, 0, 0
L 382.1623, -36.45, 57.9697, 397.7323, -36.45, 55.9249, 0, 0, 0
L 397.7323, -36.45, 55.9249, 406.885, -38.3776, 53.9791, 0, 0, 0
L 406.885, -38.3776, 53.9791, 414.346, -32.45, 51.4386, 0, 0, 0
L 414.346, -32.45, 51.4386, 414.2937, -32.45, 50.5486, 0, 0, 0
L 414.2932, -47.3444, 50.5488, 409.6897, -53.3885, 52.4575, 0, 0, 0
L 409.6897, -53.3885, 52.4575, 406.2937, -51.6906, 52.8556, 0, 0, 0
L 406.2937, -51.6906, 52.8556, 397.6186, -53.578, 54.9031, 0, 0, 0
L 397.6186, -53.578, 54.9031, 390.2937, -57.2406, 54.3325, 0, 0, 0
L 390.2937, -57.2406, 54.3325, 382.2934, -57.5187, 57.33, 0, 0, 0
L 382.2934, -57.5187, 57.33, 374.2937, -51.7436, 57.9697, 0, 0, 0
L 374.2937, -51.7436, 57.9697, 367.884, -47.4964, 60.6225, 0, 0, 0
L 367.884, -47.4964, 60.6225, 354.1727, -41.6201, 60.6261, 0, 0, 0
L 354.1727, -41.6201, 60.6261, 346.6023, -26.4499, 61.9316, 0, 0, 0
L 346.6023, -26.4499, 61.9316, 367.6573, -26.4499, 61.9316, 0, 0, 0
L 346.6023, -26.4499, 61.9316, 348.3215, -20.579, 63.9697, 0, 0, 0
L 348.3215, -20.579, 63.9697, 350.2561, -8.4499, 63.9697, 0, 0, 0
L 350.2561, -8.4499, 63.9697, 352.1696, -2.45, 65.9146, 0, 0, 0
L 352.1696, -2.45, 65.9146, 358.1963, 9.6988, 67.309, 0, 0, 0
L 358.1963, 9.6988, 67.309, 371.3937, 19.1256, 68.323, 0, 0, 0
L 371.3937, 19.1256, 68.323, 380.1718, 17.692, 69.9697, 0, 0, 0
L 380.1718, 17.692, 69.9697, 380.2966, 39.6921, 69.9697, 0, 0, 0
L 380.2966, 39.6921, 69.9697, 440.2617, 69.9419, 69.9932, 0, 0, 0
L 440.2617, 69.9419, 69.9932, 440.2624, 71.6906, 70.5152, 0, 0, 0
L 440.2624, 71.6906, 70.5152, 443.9203, 73.5195, 71.589, 0, 0, 0
L 443.9203, 73.5195, 71.589, 471.9637, 73.39, 71.285, 0, 0, 0
L 446.899, 81.5186, 74.638, 448.2624, 81.9556, 75.9813, 0, 0, 0
L 448.2624, 81.9556, 75.9813, 448.1548, 88.2606, 75.9697, 0, 0, 0
L 448.1548, 88.2606, 75.9697, 434.2624, 88.4187, 75.9697, 0, 0, 0
L 434.2624, 88.4187, 75.9697, 434.2543, 94.4159, 75.9697, 0, 0, 0
L 416.2937, 88.4187, 75.9697, 416.2937, 100.253, 75.9697, 0, 0, 0
L 416.2937, 100.253, 75.9697, 416.2937, 102.913, 75.9697, 127, 64, 0
L 416.2937, 102.913, 75.9697, 416.2928, 113.5186, 75.9697, 0, 0, 0
L 416.2927, 113.5186, 75.9697, 423.9433, 113.5186, 75.9697, 0, 0, 0
L 423.9433, 113.5186, 75.9697, 425.9196, 113.5186, 75.9697, 127, 64, 0
L 425.9196, 113.5186, 75.9697, 431.3625, 113.5186, 75.9697, 0, 0, 0
L 431.3625, 113.5186, 75.9697, 431.3625, 109.951, 75.9697, 127, 64, 0
L 433.9891, 107.5186, 75.9697, 434.2624, 113.5186, 75.9697, 0, 0, 0
L 434.2624, 113.5186, 75.9697, 458.1567, 113.6788, 75.9697, 0, 0, 0
L 458.1567, 113.6788, 75.9697, 458.2624, 131.4875, 75.9697, 0, 0, 0
L 458.2624, 131.4875, 75.9697, 471.3625, 131.4875, 75.9697, 0, 0, 0
L 431.3625, 88.4185, 75.9697, 431.3625, 88.4184, 75.9697, 0, 0, 0
L 434.2543, 94.4159, 75.9697, 431.3625, 94.4193, 75.9697, 0, 0, 0
L 431.3625, 94.4193, 75.9697, 431.3625, 91.9256, 75.9697, 0, 0, 0
L 431.3625, 91.9256, 75.9697, 431.3625, 88.4187, 75.9697, 127, 64, 0
L 431.3625, 88.4187, 75.9697, 427.797, 88.4187, 75.9697, 0, 0, 0
L 427.797, 88.4187, 75.9697, 425.7407, 88.4187, 75.9697, 127, 64, 0
L 425.7407, 88.4187, 75.9697, 416.2937, 88.4187, 75.9697, 0, 0, 0
L 431.3625, 109.9505, 75.9697, 431.3625, 107.5186, 75.9697, 0, 0, 0
L 431.3625, 107.5186, 75.9697, 433.9891, 107.5186, 75.9697, 0, 0, 0
L 471.3625, 131.4875, 75.9697, 471.4073, 129.4788, 75.9697, 127, 64, 0
L 471.4012, 129.7547, 75.9697, 471.3625, 130.169, 75.9697, 127, 64, 0
L 471.4073, 129.4788, 75.9697, 474.2628, 129.5269, 75.9697, 127, 64, 0
L 474.2628, 129.5269, 75.9697, 474.2617, 131.4875, 75.9697, 127, 64, 0
L 474.2611, 131.4875, 75.9697, 479.3625, 131.4875, 75.9697, 127, 64, 0
L 446.89, 81.5156, 74.6375, 463.5941, 81.3992, 74.6157, 0, 0, 0
L 465.6761, 77.5186, 72.5542, 444.2624, 77.5186, 72.5542, 0, 0, 0
L 444.2615, 77.5186, 72.5542, 444.2626, 73.518, 71.9848, 0, 0, 0
L 444.262, 77.5186, 72.5542, 446.905, 81.5186, 74.638, 0, 0, 0
L 472.2624, 19.55, 69.9697, 471.8122, 3.5499, 68.2463, 0, 0, 0
L 0.45, -265.4562, 5.5991, 0.45, -270.3528, 16.1483, 0, 0, 0
L 0.45, -289.4169, 17.1713, 0.7244, -294.185, 13.3887, 0, 0, 0
L 0.7244, -294.185, 13.3887, 1.2676, -295.541, 13.3794, 0, 0, 0
L -143.237, -249.4561, -9.999, -129.2598, -249.4561, -9.999, 127, 64, 0
L -129.2598, -249.4561, -9.999, -104.579, -257.4388, -7.9989, 0, 0, 0
L -129.2845, -249.4561, -9.999, -90.882, -249.4561, -8.2367, 0, 0, 0
L -91.778, -249.4561, -9.999, -78.6856, -249.4561, -8.671, 0, 0, 0
L -142.562, -190.3896, 0.1, -140.2381, -183.4163, 0.1, 127, 64, 0
L -142.562, -190.3896, -9.999, -130.2293, -190.3874, -9.999, 127, 64, 0
L -130.2293, -190.3874, -9.999, -90.155, -190.3874, -9.999, 0, 0, 0
L 30.5026, -159.7698, 0.1, 40.3438, -139.2392, 0.1, 0, 0, 0
L 40.3438, -139.2392, 0.1, 39.4797, -128.7978, 0.1, 0, 0, 0
L 39.4797, -128.7978, 0.1, 30.7085, -120.117, 0.1, 0, 0, 0
L 354.1157, -579.3311, -5.9989, 357.7644, -579.3311, -5.9989, 0, 0, 0
L 357.7644, -579.3311, -5.9989, 379.6021, -571.39, -5.9989, 0, 0, 0
L 379.6021, -571.39, -5.9989, 384.2934, -569.2323, -9.999, 0, 0, 0
L 353.8129, -572.2301, -6.21, 358.3079, -572.2313, -5.9989, 127, 64, 0
L 384.2937, -560.2006, -9.999, 379.3937, -561.4914, -9.999, 127, 64, 0
L 384.2937, -555.4992, -9.999, 384.2937, -560.164, -9.999, 127, 64, 0
L 505.3625, -596.742, -3.999, 479.8625, -590.3567, -9.999, 0, 0, 0
L 505.3625, -596.742, -3.999, 506.876, -604.2, -9.999, 0, 0, 0
L 433.3625, -357.5835, 0.1, 445.5654, -351.464, 0.1, 127, 127, 127
L 445.5654, -351.464, 0.1, 450.1872, -351.5944, 0.1, 127, 127, 127
L 450.1872, -351.5944, 0.1, 471.7685, -351.3937, 0.1, 127, 127, 127
L 471.7685, -351.3937, 0.1, 486.2678, -358.369, 0.1, 127, 127, 127
L 486.2678, -358.369, 0.1, 485.9982, -376.3018, 0.1, 127, 127, 127
L 485.9982, -376.3018, 0.1, 471.7187, -384.2937, 0.1, 127, 127, 127
L 471.7187, -384.2937, 0.1, 445.5185, -384.1845, 0.1, 127, 127, 127
L 445.5185, -384.1845, 0.1, 433.362, -373.8201, 0.1, 127, 127, 127
L 433.362, -373.8201, 0.1, 433.3625, -357.5835, 0.1, 127, 127, 127
L 439.495, -364.1487, 4.803, 479.9657, -364.684, 3.81, 64, 64, 64
L 479.9657, -364.684, 3.6823, 479.6616, -376.575, 3.7654, 64, 64, 64
L 479.6616, -376.575, 4.664, 439.495, -376.804, 3.9895, 64, 64, 64
L 439.495, -376.804, 3.7275, 439.495, -364.1487, 3.7275, 64, 64, 64
P 0, 100, 0, 0, 0, 0, 1, Succor
P -50, 130, 1.5277, 0, 127, 0, 3, to_Innothule_Swamp
