L 282, -5, 0,  280, -7, 0,  255, 0, 0
L 280, -7, 0,  278, -9, 0,  255, 0, 0
L 278, -9, 0,  268, -9, 0,  255, 0, 0
L 268, -9, 0,  260, -15, 0,  255, 0, 0
L 260, -15, 0,  260, -45, 0,  255, 0, 0
L 260, -45, 0,  258, -49, 0,  255, 0, 0
L 258, -49, 0,  224, -49, 0,  255, 0, 0
L 224, -49, 0,  214, -47, 0,  255, 0, 0
L 214, -47, 0,  218, -53, 0,  255, 0, 0
L 218, -53, 0,  218, -83, 0,  255, 0, 0
L 218, -83, 0,  214, -87, 0,  255, 0, 0
L 214, -87, 0,  134, -87, 0,  255, 0, 0
L 134, -87, 0,  134, -91, 0,  255, 0, 0
L 134, -91, 0,  150, -91, 0,  255, 0, 0
L 150, -91, 0,  152, -93, 0,  255, 0, 0
L 152, -93, 0,  152, -129, 0,  255, 0, 0
L 152, -129, 0,  150, -131, 0,  255, 0, 0
L 150, -131, 0,  134, -131, 0,  255, 0, 0
L 134, -131, 0,  60, -131, 0,  255, 0, 0
L 60, -131, 0,  58, -129, 0,  255, 0, 0
L 58, -129, 0,  58, -93, 0,  255, 0, 0
L 58, -93, 0,  60, -91, 0,  255, 0, 0
L 60, -91, 0,  90, -91, 0,  255, 0, 0
L 90, -91, 0,  116, -91, 0,  255, 0, 0
L 116, -91, 0,  116, -87, 0,  255, 0, 0
L 116, -87, 0,  60, -87, 0,  255, 0, 0
L 60, -87, 0,  56, -83, 0,  255, 0, 0
L 56, -83, 0,  56, -53, 0,  255, 0, 0
L 56, -53, 0,  50, -51, 0,  255, 0, 0
L 50, -51, 0,  52, -53, 0,  255, 0, 0
L 52, -53, 0,  52, -63, 0,  255, 0, 0
L 52, -63, 0,  30, -63, 0,  255, 0, 0
L 30, -63, 0,  30, -52, 0,  255, 0, 0
L 30, -52, 0,  42, -34, 0,  255, 0, 0
L 42, -34, 0,  42, -14, 0,  255, 0, 0
L 42, -14, 0,  52, -14, 0,  255, 0, 0
L 52, -14, 0,  54, -9, 0,  255, 0, 0
L 54, -9, 0,  54, -3, 0,  255, 0, 0
L 54, -3, 0,  60, 0, 0,  255, 0, 0
L 60, 0, 0,  90, 0, 0,  255, 0, 0
L 90, 0, 0,  92, 2, 0,  255, 0, 0
L 92, 2, 0,  92, 34, 0,  255, 0, 0
L 92, 34, 0,  98, 42, 0,  255, 0, 0
L 98, 42, 0,  150, 42, 0,  255, 0, 0
L 150, 42, 0,  152, 44, 0,  255, 0, 0
L 152, 44, 0,  152, 72, 0,  255, 0, 0
L 152, 72, 0,  160, 78, 0,  255, 0, 0
L 160, 78, 0,  169, 84, 0,  255, 0, 0
L 169, 84, 0,  179, 84, 0,  255, 0, 0
L 179, 84, 0,  187, 80, 0,  255, 0, 0
L 187, 80, 0,  196, 78, 0,  255, 0, 0
L 196, 78, 0,  201, 74, 0,  255, 0, 0
L 201, 74, 0,  208, 72, 0,  255, 0, 0
L 208, 72, 0,  212, 68, 0,  255, 0, 0
L 212, 68, 0,  214, 60, 0,  255, 0, 0
L 214, 60, 0,  215, 56, 0,  255, 0, 0
L 215, 56, 0,  225, 56, 0,  255, 0, 0
L 225, 56, 0,  228, 60, 0,  255, 0, 0
L 228, 60, 0,  222, 60, 0,  255, 0, 0
L 222, 60, 0,  220, 62, 0,  255, 0, 0
L 220, 62, 0,  220, 102, 0,  255, 0, 0
L 220, 102, 0,  222, 104, 0,  255, 0, 0
L 222, 104, 0,  238, 104, 0,  255, 0, 0
L 238, 104, 0,  242, 104, 0,  255, 0, 0
L 242, 104, 0,  258, 104, 0,  255, 0, 0
L 258, 104, 0,  260, 102, 0,  255, 0, 0
L 260, 102, 0,  260, 62, 0,  255, 0, 0
L 260, 62, 0,  258, 60, 0,  255, 0, 0
L 258, 60, 0,  242, 60, 0,  255, 0, 0
L 242, 60, 0,  238, 57, 0,  255, 0, 0
L 238, 57, 0,  238, -1, 0,  255, 0, 0
L 238, -1, 0,  242, 0, 0,  255, 0, 0
L 242, 0, 0,  250, 4, 0,  255, 0, 0
L 250, 4, 0,  259, 4, 0,  255, 0, 0
L 259, 4, 0,  262, 1, 0,  255, 0, 0
L 262, 1, 0,  266, 0, 0,  255, 0, 0
L 266, 0, 0,  272, 0, 0,  255, 0, 0
L 272, 0, 0,  274, 4, 0,  255, 0, 0
L 274, 4, 0,  274, 22, 0,  255, 0, 0
L 274, 22, 0,  274, 28, 0,  255, 0, 0
L 274, 28, 0,  274, 44, 0,  255, 0, 0
L 274, 44, 0,  276, 46, 0,  255, 0, 0
L 276, 46, 0,  286, 46, 0,  255, 0, 0
L 286, 46, 0,  292, 48, 0,  255, 0, 0
L 292, 48, 0,  292, 56, 0,  255, 0, 0
L 292, 56, 0,  292, 68, 0,  255, 0, 0
L 292, 68, 0,  294, 70, 0,  255, 0, 0
L 294, 70, 0,  320, 70, 0,  255, 0, 0
L 320, 70, 0,  324, 68, 0,  255, 0, 0
L 324, 68, 0,  324, 54, 0,  255, 0, 0
L 324, 54, 0,  324, 48, 0,  255, 0, 0
L 324, 48, 0,  324, 32, 0,  255, 0, 0
L 324, 32, 0,  324, 28, 0,  255, 0, 0
L 324, 28, 0,  324, 20, 0,  255, 0, 0
L 324, 20, 0,  320, 18, 0,  255, 0, 0
L 320, 18, 0,  294, 18, 0,  255, 0, 0
L 294, 18, 0,  292, 20, 0,  255, 0, 0
L 292, 20, 0,  292, 36, 0,  255, 0, 0
L 292, 36, 0,  288, 32, 0,  255, 0, 0
L 288, 32, 0,  288, 28, 0,  255, 0, 0
L 288, 28, 0,  288, 22, 0,  255, 0, 0
L 288, 22, 0,  288, -11, 0,  255, 0, 0
L 288, -11, 0,  286, -13, 0,  255, 0, 0
L 286, -13, 0,  276, -21, 0,  255, 0, 0
L 276, -21, 0,  274, -23, 0,  255, 0, 0
L 274, -23, 0,  254, -23, 0,  255, 0, 0
L 254, -23, 0,  251, -21, 0,  255, 0, 0
L 251, -21, 0,  242, -13, 0,  255, 0, 0
L 242, -13, 0,  239, -11, 0,  255, 0, 0
L 239, -11, 0,  233, -11, 0,  255, 0, 0
L 233, -11, 0,  228, -6, 0,  255, 0, 0
L 228, -6, 0,  228, 19, 0,  255, 0, 0
L 228, 19, 0,  202, 24, 0,  255, 0, 0
L 202, 24, 0,  198, 24, 0,  255, 0, 0
L 198, 24, 0,  202, 34, 0,  255, 0, 0
L 202, 34, 0,  194, 36, 0,  255, 0, 0
L 194, 36, 0,  182, 34, 0,  255, 0, 0
L 182, 34, 0,  178, 25, 0,  255, 0, 0
L 178, 25, 0,  176, 18, 0,  255, 0, 0
L 176, 18, 0,  175, 12, 0,  255, 0, 0
L 175, 12, 0,  170, 0, 0,  255, 0, 0
L 170, 0, 0,  164, -4, 0,  255, 0, 0
L 164, -4, 0,  164, -18, 0,  255, 0, 0
L 164, -18, 0,  168, -31, 0,  255, 0, 0
L 168, -31, 0,  178, -39, 0,  255, 0, 0
L 178, -39, 0,  178, -53, 0,  255, 0, 0
L 178, -53, 0,  192, -53, 0,  255, 0, 0
L 192, -53, 0,  190, -36, 0,  255, 0, 0
L 190, -36, 0,  190, -17, 0,  255, 0, 0
L 190, -17, 0,  184, -7, 0,  255, 0, 0
L 184, -7, 0,  184, 22, 0,  255, 0, 0
L 184, 22, 0,  184, 32, 0,  255, 0, 0
L 184, 32, 0,  184, 54, 0,  255, 0, 0
L 184, 54, 0,  192, 58, 0,  255, 0, 0
L 192, 58, 0,  214, 58, 0,  255, 0, 0
L 214, 58, 0,  224, 58, 0,  255, 0, 0
L 224, 58, 0,  258, 58, 0,  255, 0, 0
L 258, 58, 0,  292, 58, 0,  255, 0, 0
L 292, 58, 0,  296, 54, 0,  255, 0, 0
L 296, 54, 0,  296, 32, 0,  255, 0, 0
L 296, 32, 0,  296, 22, 0,  255, 0, 0
L 296, 22, 0,  296, -7, 0,  255, 0, 0
L 296, -7, 0,  295, -5, 0,  255, 0, 0
L 284, 3, 0,  284, -15, 0,  153, 153, 153
L 284, -15, 0,  278, -13, 0,  153, 153, 153
L 278, -13, 0,  268, -13, 0,  153, 153, 153
L 268, -13, 0,  264, -15, 0,  153, 153, 153
L 264, -15, 0,  264, -45, 0,  153, 153, 153
L 264, -45, 0,  268, -49, 0,  153, 153, 153
L 268, -49, 0,  344, -49, 0,  153, 153, 153
L 344, -49, 0,  344, -39, 0,  153, 153, 153
L 344, -39, 0,  340, -39, 0,  153, 153, 153
L 340, -39, 0,  340, -35, 0,  153, 153, 153
L 340, -35, 0,  346, -35, 0,  153, 153, 153
L 346, -35, 0,  346, -23, 0,  153, 153, 153
L 346, -23, 0,  350, -23, 0,  153, 153, 153
L 350, -23, 0,  350, -35, 0,  153, 153, 153
L 350, -35, 0,  406, -35, 0,  153, 153, 153
L 406, -35, 0,  406, -25, 0,  153, 153, 153
L 406, -25, 0,  410, -25, 0,  153, 153, 153
L 410, -25, 0,  410, -35, 0,  153, 153, 153
L 410, -35, 0,  430, -35, 0,  153, 153, 153
L 430, -35, 0,  430, -7, 0,  153, 153, 153
L 430, -7, 0,  456, -7, 0,  153, 153, 153
L 456, -7, 0,  456, -59, 0,  153, 153, 153
L 456, -59, 0,  496, -59, 0,  153, 153, 153
L 496, -59, 0,  496, -45, 0,  153, 153, 153
L 496, -45, 0,  504, -45, 0,  153, 153, 153
L 504, -45, 0,  504, -93, 0,  153, 153, 153
L 504, -93, 0,  504, -132, 0,  153, 153, 153
L 504, -132, 0,  491, -145, 0,  153, 153, 153
L 491, -145, 0,  478, -144, 0,  153, 153, 153
L 478, -144, 0,  478, -141, 0,  153, 153, 153
L 478, -141, 0,  486, -141, 0,  153, 153, 153
L 486, -141, 0,  486, -125, 0,  153, 153, 153
L 486, -125, 0,  464, -125, 0,  153, 153, 153
L 464, -125, 0,  464, -141, 0,  153, 153, 153
L 464, -141, 0,  470, -141, 0,  153, 153, 153
L 470, -141, 0,  470, -145, 0,  153, 153, 153
L 470, -145, 0,  452, -145, 0,  153, 153, 153
L 452, -145, 0,  452, -141, 0,  153, 153, 153
L 452, -141, 0,  458, -141, 0,  153, 153, 153
L 458, -141, 0,  458, -125, 0,  153, 153, 153
L 458, -125, 0,  436, -125, 0,  153, 153, 153
L 436, -125, 0,  436, -141, 0,  153, 153, 153
L 436, -141, 0,  444, -141, 0,  153, 153, 153
L 444, -141, 0,  444, -145, 0,  153, 153, 153
L 444, -145, 0,  431, -145, 0,  153, 153, 153
L 431, -145, 0,  418, -132, 0,  153, 153, 153
L 418, -132, 0,  418, -49, 0,  153, 153, 153
L 418, -49, 0,  360, -49, 0,  153, 153, 153
L 360, -49, 0,  360, -95, 0,  153, 153, 153
L 360, -95, 0,  360, -99, 0,  153, 153, 153
L 360, -99, 0,  360, -121, 0,  153, 153, 153
L 360, -121, 0,  352, -121, 0,  153, 153, 153
L 352, -121, 0,  352, -107, 0,  153, 153, 153
L 352, -107, 0,  354, -107, 0,  153, 153, 153
L 354, -107, 0,  354, -77, 0,  153, 153, 153
L 354, -77, 0,  306, -77, 0,  153, 153, 153
L 306, -77, 0,  306, -119, 0,  153, 153, 153
L 306, -119, 0,  318, -119, 0,  153, 153, 153
L 318, -119, 0,  318, -123, 0,  153, 153, 153
L 318, -123, 0,  306, -123, 0,  153, 153, 153
L 306, -123, 0,  306, -147, 0,  153, 153, 153
L 306, -147, 0,  328, -147, 0,  153, 153, 153
L 328, -147, 0,  336, -139, 0,  153, 153, 153
L 336, -139, 0,  336, -123, 0,  153, 153, 153
L 336, -123, 0,  326, -123, 0,  153, 153, 153
L 326, -123, 0,  327, -119, 0,  153, 153, 153
L 327, -119, 0,  336, -119, 0,  153, 153, 153
L 336, -119, 0,  336, -107, 0,  153, 153, 153
L 336, -107, 0,  340, -107, 0,  153, 153, 153
L 340, -107, 0,  340, -125, 0,  153, 153, 153
L 340, -125, 0,  347, -133, 0,  153, 153, 153
L 347, -133, 0,  364, -133, 0,  153, 153, 153
L 364, -133, 0,  372, -125, 0,  153, 153, 153
L 372, -125, 0,  372, -99, 0,  153, 153, 153
L 372, -99, 0,  370, -99, 0,  153, 153, 153
L 370, -99, 0,  370, -95, 0,  153, 153, 153
L 370, -95, 0,  396, -95, 0,  153, 153, 153
L 396, -95, 0,  396, -143, 0,  153, 153, 153
L 396, -143, 0,  419, -167, 0,  153, 153, 153
L 419, -167, 0,  432, -167, 0,  153, 153, 153
L 432, -167, 0,  432, -171, 0,  153, 153, 153
L 432, -171, 0,  424, -171, 0,  153, 153, 153
L 424, -171, 0,  424, -187, 0,  153, 153, 153
L 424, -187, 0,  446, -187, 0,  153, 153, 153
L 446, -187, 0,  446, -171, 0,  153, 153, 153
L 446, -171, 0,  440, -171, 0,  153, 153, 153
L 440, -171, 0,  440, -167, 0,  153, 153, 153
L 440, -167, 0,  456, -167, 0,  153, 153, 153
L 456, -167, 0,  456, -171, 0,  153, 153, 153
L 456, -171, 0,  450, -171, 0,  153, 153, 153
L 450, -171, 0,  450, -187, 0,  153, 153, 153
L 450, -187, 0,  472, -187, 0,  153, 153, 153
L 472, -187, 0,  472, -171, 0,  153, 153, 153
L 472, -171, 0,  464, -171, 0,  153, 153, 153
L 464, -171, 0,  464, -167, 0,  153, 153, 153
L 464, -167, 0,  482, -167, 0,  153, 153, 153
L 482, -167, 0,  482, -171, 0,  153, 153, 153
L 482, -171, 0,  476, -171, 0,  153, 153, 153
L 476, -171, 0,  476, -187, 0,  153, 153, 153
L 476, -187, 0,  498, -187, 0,  153, 153, 153
L 498, -187, 0,  498, -171, 0,  153, 153, 153
L 498, -171, 0,  490, -171, 0,  153, 153, 153
L 490, -171, 0,  490, -167, 0,  153, 153, 153
L 490, -167, 0,  502, -167, 0,  153, 153, 153
L 502, -167, 0,  526, -143, 0,  153, 153, 153
L 526, -143, 0,  526, -99, 0,  153, 153, 153
L 526, -99, 0,  526, -93, 0,  153, 153, 153
L 526, -93, 0,  526, -12, 0,  153, 153, 153
L 526, -12, 0,  539, 0, 0,  153, 153, 153
L 539, 0, 0,  598, 0, 0,  153, 153, 153
L 598, 0, 0,  598, 10, 0,  153, 153, 153
L 598, 10, 0,  572, 10, 0,  153, 153, 153
L 572, 10, 0,  572, 14, 0,  153, 153, 153
L 572, 14, 0,  604, 14, 0,  153, 153, 153
L 604, 14, 0,  604, 58, 0,  153, 153, 153
L 604, 58, 0,  594, 68, 0,  153, 153, 153
L 594, 68, 0,  543, 68, 0,  153, 153, 153
L 543, 68, 0,  534, 58, 0,  153, 153, 153
L 534, 58, 0,  534, 14, 0,  153, 153, 153
L 534, 14, 0,  563, 14, 0,  153, 153, 153
L 563, 14, 0,  563, 10, 0,  153, 153, 153
L 563, 10, 0,  515, 10, 0,  153, 153, 153
L 515, 10, 0,  504, 0, 0,  153, 153, 153
L 504, 0, 0,  504, -37, 0,  153, 153, 153
L 504, -37, 0,  496, -37, 0,  153, 153, 153
L 496, -37, 0,  496, -25, 0,  153, 153, 153
L 496, -25, 0,  478, -25, 0,  153, 153, 153
L 478, -25, 0,  478, 20, 0,  153, 153, 153
L 478, 20, 0,  410, 20, 0,  153, 153, 153
L 410, 20, 0,  410, -17, 0,  153, 153, 153
L 410, -17, 0,  406, -16, 0,  153, 153, 153
L 406, -16, 0,  406, 8, 0,  153, 153, 153
L 406, 8, 0,  382, 8, 0,  153, 153, 153
L 382, 8, 0,  382, 12, 0,  153, 153, 153
L 382, 12, 0,  406, 12, 0,  153, 153, 153
L 406, 12, 0,  406, 50, 0,  153, 153, 153
L 406, 50, 0,  410, 50, 0,  153, 153, 153
L 410, 50, 0,  410, 38, 0,  153, 153, 153
L 410, 38, 0,  428, 38, 0,  153, 153, 153
L 428, 38, 0,  428, 80, 0,  153, 153, 153
L 428, 80, 0,  410, 80, 0,  153, 153, 153
L 410, 80, 0,  410, 58, 0,  153, 153, 153
L 410, 58, 0,  406, 58, 0,  153, 153, 153
L 406, 58, 0,  406, 70, 0,  153, 153, 153
L 406, 70, 0,  382, 70, 0,  153, 153, 153
L 382, 70, 0,  382, 74, 0,  153, 153, 153
L 382, 74, 0,  360, 74, 0,  153, 153, 153
L 360, 74, 0,  360, 58, 0,  153, 153, 153
L 360, 58, 0,  356, 58, 0,  153, 153, 153
L 356, 58, 0,  356, 70, 0,  153, 153, 153
L 356, 70, 0,  306, 70, 0,  153, 153, 153
L 306, 70, 0,  306, 26, 0,  153, 153, 153
L 306, 26, 0,  331, 26, 0,  153, 153, 153
L 331, 26, 0,  332, 22, 0,  153, 153, 153
L 332, 22, 0,  326, 22, 0,  153, 153, 153
L 326, 22, 0,  324, 20, 0,  153, 153, 153
L 324, 20, 0,  324, -15, 0,  153, 153, 153
L 324, -15, 0,  320, -9, 0,  153, 153, 153
L 320, -9, 0,  320, -1, 0,  153, 153, 153
L 302, -1, 0,  302, -9, 0,  153, 153, 153
L 302, -9, 0,  300, -15, 0,  153, 153, 153
L 300, -15, 0,  300, -35, 0,  153, 153, 153
L 300, -35, 0,  324, -35, 0,  153, 153, 153
L 324, -35, 0,  324, -39, 0,  153, 153, 153
L 324, -39, 0,  292, -39, 0,  153, 153, 153
L 292, -39, 0,  296, -33, 0,  153, 153, 153
L 296, -33, 0,  296, -15, 0,  153, 153, 153
L 296, -15, 0,  292, -15, 0,  153, 153, 153
L 292, -15, 0,  292, 3, 0,  153, 153, 153
L -86, -68, 37,  -86, 0, 37,  153, 153, 153
L -86, 0, 37,  -60, 1, 37,  153, 153, 153
L -60, 1, 37,  -54, -13, 37,  153, 153, 153
L -54, -13, 37,  -43, -24, 77,  153, 153, 153
L -43, -24, 77,  -42, -1, 84,  153, 153, 153
L -42, -1, 84,  -29, 0, 33,  153, 153, 153
L -34, 27, 37,  -45, 26, 85,  153, 153, 153
L -45, 26, 85,  -42, 52, 77,  153, 153, 153
L -42, 52, 77,  -54, 40, 37,  153, 153, 153
L -54, 40, 37,  -60, 25, 37,  153, 153, 153
L -60, 25, 37,  -81, 25, 37,  153, 153, 153
L -81, 25, 37,  -86, 95, 37,  153, 153, 153
L -28, -1, -22,  -40, -2, -22,  0, 153, 0
L -40, -2, -22,  -40, -41, -22,  0, 153, 0
L -40, -41, -22,  -51, -54, -22,  0, 153, 0
L -51, -54, -22,  -28, -53, -19,  0, 153, 0
L -28, -53, -19,  -4, -29, -22,  0, 153, 0
L -4, -29, -22,  11, -26, -22,  0, 153, 0
L 11, -26, -22,  17, -38, -22,  0, 153, 0
L 17, -38, -22,  39, -40, -22,  0, 153, 0
L 39, -40, -22,  39, -14, -22,  0, 153, 0
L 39, -14, -22,  49, -12, -17,  0, 153, 0
L 49, -12, -17,  49, -4, -22,  0, 153, 0
L 49, 24, -22,  49, 39, -22,  0, 153, 0
L 49, 39, -22,  42, 39, -22,  0, 153, 0
L 42, 39, -22,  39, 68, -22,  0, 153, 0
L 39, 68, -22,  26, 81, -22,  0, 153, 0
L 26, 81, -22,  0, 81, -22,  0, 153, 0
L 0, 81, -22,  -13, 67, -22,  0, 153, 0
L -13, 67, -22,  -29, 81, -22,  0, 153, 0
L -29, 81, -22,  -51, 81, -22,  0, 153, 0
L -51, 81, -22,  -41, 71, -22,  0, 153, 0
L -41, 71, -22,  -40, 29, -22,  0, 153, 0
L -40, 29, -22,  -28, 30, -22,  0, 153, 0
L 53, 1, -13,  71, 1, 37,  255, 255, 255
L 71, 1, 37,  75, -12, 81,  255, 255, 255
L 75, -12, 81,  105, -12, 37,  255, 255, 255
L 105, -12, 37,  105, 0, 37,  255, 255, 255
L 105, 0, 37,  113, 1, 37,  255, 255, 255
L 113, 1, 37,  111, -10, 37,  255, 255, 255
L 111, -10, 37,  117, -12, 37,  255, 255, 255
L 117, -12, 37,  121, -25, 37,  255, 255, 255
L 121, -25, 37,  101, -24, 37,  255, 255, 255
L 101, -24, 37,  89, -24, 146,  255, 255, 255
L 89, -24, 146,  75, -24, 177,  255, 255, 255
L 75, -34, 177,  129, -34, 37,  255, 255, 255
L 129, -34, 37,  131, -18, 37,  255, 255, 255
L 131, -18, 37,  130, -10, 37,  255, 255, 255
L 130, -10, 37,  165, -10, 70,  255, 255, 255
L 165, -10, 70,  163, 2, 37,  255, 255, 255
L 163, 2, 37,  170, 3, 37,  255, 255, 255
L 170, 3, 37,  171, -8, 37,  255, 255, 255
L 171, -8, 37,  216, -8, 37,  255, 255, 255
L 216, -8, 37,  215, -16, 37,  255, 255, 255
L 215, -16, 37,  181, -16, 72,  255, 255, 255
L 181, -16, 72,  179, -46, 72,  255, 255, 255
L 179, -46, 72,  187, -46, 37,  255, 255, 255
L 187, -46, 37,  192, -52, 37,  255, 255, 255
L 192, -52, 37,  179, -52, 72,  255, 255, 255
L 179, -52, 72,  181, -82, 37,  255, 255, 255
L 181, -82, 37,  235, -80, 37,  255, 255, 255
L 235, -80, 37,  235, -52, 72,  255, 255, 255
L 235, -52, 72,  217, -52, 76,  255, 255, 255
L 217, -52, 76,  217, -72, 37,  255, 255, 255
L 217, -72, 37,  211, -73, 37,  255, 255, 255
L 211, -73, 37,  211, -52, 72,  255, 255, 255
L 211, -52, 72,  198, -52, 37,  255, 255, 255
L 198, -52, 37,  201, -46, 37,  255, 255, 255
L 201, -46, 37,  235, -46, 72,  255, 255, 255
L 235, -46, 72,  235, -18, 37,  255, 255, 255
L 235, -18, 37,  233, -16, 37,  255, 255, 255
L 233, -16, 37,  226, -16, 37,  255, 255, 255
L 226, -16, 37,  226, -8, 37,  255, 255, 255
L 226, -8, 37,  241, -10, 37,  255, 255, 255
L 241, -10, 37,  241, -82, 37,  255, 255, 255
L 241, -82, 37,  357, -82, 37,  255, 255, 255
L 357, -82, 37,  357, -16, 37,  255, 255, 255
L 357, -16, 37,  347, -15, 37,  255, 255, 255
L 347, -15, 37,  347, -11, 37,  255, 255, 255
L 347, -11, 37,  357, -10, 37,  255, 255, 255
L 357, -10, 37,  357, 8, 37,  255, 255, 255
L 349, 0, 37,  335, 0, 37,  255, 255, 255
L 335, 0, 37,  331, 9, 37,  255, 255, 255
L 325, 9, 37,  325, -10, 37,  255, 255, 255
L 325, -10, 37,  335, -11, 37,  255, 255, 255
L 335, -11, 37,  335, -14, 37,  255, 255, 255
L 335, -14, 37,  325, -16, 37,  255, 255, 255
L 325, -16, 37,  325, -73, 37,  255, 255, 255
L 325, -73, 37,  250, -74, 37,  255, 255, 255
L 250, -74, 37,  249, -11, 37,  255, 255, 255
L 249, -11, 37,  265, -8, 37,  255, 255, 255
L 265, -8, 37,  265, -15, 37,  255, 255, 255
L 265, -15, 37,  257, -16, 37,  255, 255, 255
L 257, -16, 37,  255, -18, 37,  255, 255, 255
L 255, -18, 37,  255, -26, 37,  255, 255, 255
L 255, -26, 37,  288, -26, 37,  255, 255, 255
L 288, -26, 37,  289, -39, 37,  255, 255, 255
L 289, -39, 37,  283, -36, 37,  255, 255, 255
L 283, -36, 37,  283, -32, 37,  255, 255, 255
L 283, -32, 37,  255, -32, 72,  255, 255, 255
L 255, -32, 72,  255, -66, 37,  255, 255, 255
L 255, -66, 37,  257, -68, 37,  255, 255, 255
L 257, -68, 37,  283, -68, 37,  255, 255, 255
L 283, -68, 37,  283, -46, 37,  255, 255, 255
L 283, -46, 37,  319, -48, 72,  255, 255, 255
L 319, -48, 72,  319, -18, 37,  255, 255, 255
L 319, -18, 37,  317, -16, 37,  255, 255, 255
L 317, -16, 37,  273, -15, 37,  255, 255, 255
L 273, -15, 37,  275, -8, 37,  255, 255, 255
L 275, -8, 37,  295, -10, 72,  255, 255, 255
L 295, -10, 72,  297, -8, 72,  255, 255, 255
L 297, -8, 72,  297, 31, 37,  255, 255, 255
L 297, 31, 37,  295, 33, 37,  255, 255, 255
L 295, 33, 37,  279, 33, 37,  255, 255, 255
L 279, 33, 37,  273, 31, 37,  255, 255, 255
L 273, 31, 37,  273, 38, 37,  255, 255, 255
L 273, 38, 37,  285, 41, 37,  255, 255, 255
L 285, 41, 37,  286, 55, 37,  255, 255, 255
L 286, 55, 37,  289, 55, 37,  255, 255, 255
L 289, 55, 37,  291, 41, 72,  255, 255, 255
L 291, 41, 72,  293, 39, 72,  255, 255, 255
L 293, 39, 72,  304, 39, 37,  255, 255, 255
L 304, 39, 37,  304, 18, 37,  255, 255, 255
L 304, 18, 37,  304, -2, -102,  255, 255, 255
L 317, 1, -92,  317, 13, 32,  255, 255, 255
L 317, 13, 32,  317, 38, 37,  255, 255, 255
L 317, 38, 37,  321, 39, 37,  255, 255, 255
L 321, 39, 37,  323, 41, 37,  255, 255, 255
L 323, 41, 37,  323, 57, 37,  255, 255, 255
L 323, 57, 37,  327, 64, 37,  255, 255, 255
L 327, 64, 37,  329, 57, 37,  255, 255, 255
L 329, 57, 37,  329, 39, 37,  255, 255, 255
L 329, 39, 37,  331, 37, 37,  255, 255, 255
L 331, 37, 37,  357, 37, 37,  255, 255, 255
L 357, 37, 37,  359, 39, 37,  255, 255, 255
L 359, 39, 37,  359, 103, 37,  255, 255, 255
L 359, 103, 37,  357, 105, 37,  255, 255, 255
L 357, 105, 37,  331, 105, 37,  255, 255, 255
L 331, 105, 37,  329, 103, 37,  255, 255, 255
L 329, 103, 37,  329, 75, 37,  255, 255, 255
L 329, 75, 37,  327, 69, 37,  255, 255, 255
L 327, 69, 37,  323, 75, 37,  255, 255, 255
L 323, 75, 37,  323, 103, 72,  255, 255, 255
L 323, 103, 72,  321, 105, 72,  255, 255, 255
L 321, 105, 72,  293, 105, 72,  255, 255, 255
L 293, 105, 72,  291, 103, 72,  255, 255, 255
L 291, 103, 72,  291, 68, 37,  255, 255, 255
L 291, 68, 37,  285, 66, 37,  255, 255, 255
L 285, 66, 37,  285, 79, 37,  255, 255, 255
L 285, 79, 37,  283, 81, 37,  255, 255, 255
L 283, 81, 37,  279, 81, 37,  255, 255, 255
L 279, 81, 37,  273, 83, 37,  255, 255, 255
L 273, 83, 37,  277, 87, 37,  255, 255, 255
L 277, 87, 37,  285, 87, 37,  255, 255, 255
L 285, 87, 37,  285, 105, 63,  255, 255, 255
L 285, 105, 63,  265, 105, 37,  255, 255, 255
L 265, 105, 37,  265, 87, 37,  255, 255, 255
L 265, 87, 37,  261, 81, 37,  255, 255, 255
L 261, 81, 37,  257, 81, 37,  255, 255, 255
L 257, 81, 37,  251, 81, 37,  255, 255, 255
L 251, 81, 37,  255, 87, 37,  255, 255, 255
L 255, 87, 37,  259, 87, 37,  255, 255, 255
L 259, 87, 37,  259, 105, 37,  255, 255, 255
L 259, 105, 37,  243, 105, 63,  255, 255, 255
L 243, 105, 63,  243, 87, 37,  255, 255, 255
L 243, 87, 37,  242, 79, 37,  255, 255, 255
L 242, 79, 37,  237, 79, 37,  255, 255, 255
L 237, 79, 37,  237, 87, 37,  255, 255, 255
L 237, 87, 37,  237, 105, 37,  255, 255, 255
L 237, 105, 37,  219, 105, 63,  255, 255, 255
L 219, 105, 63,  219, 87, 37,  255, 255, 255
L 219, 87, 37,  231, 83, 37,  255, 255, 255
L 231, 83, 37,  223, 81, 37,  255, 255, 255
L 223, 81, 37,  219, 81, 37,  255, 255, 255
L 219, 81, 37,  213, 81, 37,  255, 255, 255
L 213, 81, 37,  207, 81, 37,  255, 255, 255
L 207, 81, 37,  205, 79, 37,  255, 255, 255
L 205, 79, 37,  205, 65, 37,  255, 255, 255
L 205, 65, 37,  203, 59, 37,  255, 255, 255
L 203, 59, 37,  199, 61, 37,  255, 255, 255
L 199, 61, 37,  199, 81, 81,  255, 255, 255
L 199, 81, 81,  181, 81, 37,  255, 255, 255
L 181, 81, 37,  181, 39, 81,  255, 255, 255
L 181, 39, 81,  199, 39, 72,  255, 255, 255
L 199, 39, 72,  199, 52, 37,  255, 255, 255
L 199, 52, 37,  205, 53, 37,  255, 255, 255
L 205, 53, 37,  205, 41, 72,  255, 255, 255
L 205, 41, 72,  207, 39, 72,  255, 255, 255
L 207, 39, 72,  211, 39, 72,  255, 255, 255
L 211, 39, 72,  214, 41, 37,  255, 255, 255
L 214, 41, 37,  217, 37, 37,  255, 255, 255
L 217, 37, 37,  211, 33, 37,  255, 255, 255
L 211, 33, 37,  183, 33, 72,  255, 255, 255
L 183, 33, 72,  177, 23, 37,  255, 255, 255
L 177, 23, 37,  163, 23, 37,  255, 255, 255
L 163, 23, 37,  165, 37, 37,  255, 255, 255
L 165, 37, 37,  163, 39, 37,  255, 255, 255
L 163, 39, 37,  129, 38, 37,  255, 255, 255
L 129, 38, 37,  131, 45, 37,  255, 255, 255
L 131, 45, 37,  131, 59, 37,  255, 255, 255
L 131, 59, 37,  129, 61, 37,  255, 255, 255
L 129, 61, 37,  102, 61, 37,  255, 255, 255
L 102, 61, 37,  95, 61, 94,  255, 255, 255
L 95, 61, 94,  87, 61, 166,  255, 255, 255
L 87, 61, 166,  75, 61, 177,  255, 255, 255
L 75, 61, 177,  67, 67, 177,  255, 255, 255
L 67, 67, 177,  45, 67, 177,  255, 255, 255
L 45, 67, 177,  45, 45, 178,  255, 255, 255
L 45, 45, 178,  67, 45, 177,  255, 255, 255
L 67, 45, 177,  67, 53, 177,  255, 255, 255
L 67, 53, 177,  75, 51, 177,  255, 255, 255
L 75, 51, 177,  89, 51, 146,  255, 255, 255
L 89, 51, 146,  115, 51, 37,  255, 255, 255
L 115, 51, 37,  121, 51, 37,  255, 255, 255
L 121, 51, 37,  121, 45, 37,  255, 255, 255
L 121, 45, 37,  123, 38, 37,  255, 255, 255
L 123, 38, 37,  111, 37, 43,  255, 255, 255
L 111, 37, 43,  111, 31, 67,  255, 255, 255
L 111, 31, 67,  109, 23, 37,  255, 255, 255
L 109, 23, 37,  105, 39, 81,  255, 255, 255
L 105, 39, 81,  75, 39, 37,  255, 255, 255
L 75, 39, 37,  75, 26, 37,  255, 255, 255
L 75, 26, 37,  50, 25, -22,  255, 255, 255
L 85, 16, 37,  86, -2, 37,  255, 255, 255
L 86, -2, 37,  98, -1, 37,  255, 255, 255
L 98, -1, 37,  97, 26, 37,  255, 255, 255
L 97, 26, 37,  87, 29, 37,  255, 255, 255
L 87, 29, 37,  85, 17, 37,  255, 255, 255
L 177, 23, 37,  177, -1, 37,  255, 255, 255
L 177, -1, 37,  181, -2, 37,  255, 255, 255
L 181, -2, 37,  183, 33, 72,  255, 255, 255
L 231, 33, 37,  259, 33, 37,  255, 255, 255
L 259, 33, 37,  259, 39, 37,  255, 255, 255
L 259, 39, 37,  231, 39, 37,  255, 255, 255
L 231, 39, 37,  231, 33, 37,  255, 255, 255
L 221, 19, 37,  215, 16, 57,  255, 255, 255
L 215, 16, 57,  213, 11, 37,  255, 255, 255
L 213, 11, 37,  216, 5, 57,  255, 255, 255
L 216, 5, 57,  221, 3, 37,  255, 255, 255
L 221, 3, 37,  226, 5, 56,  255, 255, 255
L 226, 5, 56,  229, 11, 37,  255, 255, 255
L 229, 11, 37,  225, 18, 54,  255, 255, 255
L 225, 18, 54,  221, 19, 37,  255, 255, 255
L 261, 14, 37,  261, 9, 37,  255, 255, 255
L 261, 9, 37,  265, 4, 37,  255, 255, 255
L 265, 4, 37,  273, 4, 37,  255, 255, 255
L 273, 4, 37,  276, 7, 37,  255, 255, 255
L 276, 7, 37,  277, 13, 37,  255, 255, 255
L 277, 13, 37,  273, 18, 37,  255, 255, 255
L 273, 18, 37,  267, 19, 37,  255, 255, 255
L 267, 19, 37,  261, 14, 37,  255, 255, 255
L 349, 53, 37,  349, 89, 37,  255, 255, 255
L 349, 89, 37,  339, 90, 37,  255, 255, 255
L 339, 90, 37,  339, 53, 37,  255, 255, 255
L 339, 53, 37,  348, 51, 37,  255, 255, 255
L 348, 51, 37,  349, 54, 37,  255, 255, 255
L 348, 0, 37,  351, 13, 76,  255, 255, 255
L 351, 13, 76,  351, 20, 147,  255, 255, 255
L 351, 20, 147,  351, 22, 167,  255, 255, 255
L 331, 23, 176,  331, 16, 107,  255, 255, 255
L 331, 16, 107,  332, 1, 37,  255, 255, 255
L 325, 10, 46,  325, 18, 127,  255, 255, 255
L 325, 18, 127,  325, 31, 177,  255, 255, 255
L 325, 31, 177,  357, 31, 177,  255, 255, 255
L 357, 31, 177,  357, 17, 139,  255, 255, 255
L 357, 17, 139,  357, 8, 37,  255, 255, 255
L 337, 23, 195,  336, 15, 267,  0, 255, 0
L 336, 15, 267,  337, 1, 297,  0, 255, 0
L 337, 1, 297,  335, -1, 297,  0, 255, 0
L 335, -1, 297,  325, -1, 297,  0, 255, 0
L 325, -1, 297,  325, -10, 297,  0, 255, 0
L 325, -10, 297,  334, -10, 297,  0, 255, 0
L 334, -10, 297,  336, -16, 297,  0, 255, 0
L 336, -16, 297,  319, -16, 297,  0, 255, 0
L 319, -16, 297,  319, 35, 297,  0, 255, 0
L 319, 35, 297,  357, 37, 336,  0, 255, 0
L 357, 37, 336,  357, 43, 336,  0, 255, 0
L 357, 43, 336,  349, 43, 297,  0, 255, 0
L 349, 43, 297,  347, 48, 297,  0, 255, 0
L 347, 48, 297,  355, 49, 297,  0, 255, 0
L 355, 49, 297,  357, 51, 297,  0, 255, 0
L 357, 51, 297,  357, 101, 335,  0, 255, 0
L 357, 101, 335,  355, 105, 297,  0, 255, 0
L 355, 105, 297,  327, 105, 297,  0, 255, 0
L 327, 105, 297,  293, 105, 332,  0, 255, 0
L 293, 105, 332,  291, 102, 332,  0, 255, 0
L 291, 102, 332,  291, 53, 336,  0, 255, 0
L 291, 53, 336,  293, 49, 297,  0, 255, 0
L 293, 49, 297,  300, 49, 297,  0, 255, 0
L 300, 49, 297,  300, 43, 297,  0, 255, 0
L 300, 43, 297,  273, 43, 297,  0, 255, 0
L 273, 43, 297,  273, 49, 297,  0, 255, 0
L 273, 49, 297,  285, 49, 297,  0, 255, 0
L 285, 49, 297,  285, 105, 297,  0, 255, 0
L 285, 105, 297,  255, 105, 323,  0, 255, 0
L 255, 105, 323,  255, 87, 336,  0, 255, 0
L 255, 87, 336,  277, 86, 297,  0, 255, 0
L 277, 86, 297,  276, 81, 297,  0, 255, 0
L 276, 81, 297,  255, 81, 332,  0, 255, 0
L 255, 81, 332,  255, 49, 297,  0, 255, 0
L 255, 49, 297,  263, 49, 297,  0, 255, 0
L 263, 49, 297,  264, 43, 297,  0, 255, 0
L 264, 43, 297,  237, 43, 297,  0, 255, 0
L 237, 43, 297,  237, 49, 297,  0, 255, 0
L 237, 49, 297,  249, 49, 341,  0, 255, 0
L 249, 49, 341,  249, 105, 341,  0, 255, 0
L 249, 105, 341,  219, 105, 336,  0, 255, 0
L 219, 105, 336,  222, 87, 329,  0, 255, 0
L 222, 87, 329,  241, 86, 297,  0, 255, 0
L 241, 86, 297,  241, 82, 297,  0, 255, 0
L 241, 82, 297,  219, 81, 332,  0, 255, 0
L 219, 81, 332,  219, 49, 297,  0, 255, 0
L 219, 49, 297,  229, 47, 297,  0, 255, 0
L 229, 47, 297,  203, 43, 297,  0, 255, 0
L 203, 43, 297,  200, 49, 297,  0, 255, 0
L 200, 49, 297,  213, 49, 297,  0, 255, 0
L 213, 49, 297,  213, 105, 341,  0, 255, 0
L 213, 105, 341,  181, 105, 336,  0, 255, 0
L 181, 105, 336,  182, 92, 323,  0, 255, 0
L 182, 92, 323,  188, 87, 321,  0, 255, 0
L 188, 87, 321,  203, 87, 297,  0, 255, 0
L 203, 87, 297,  204, 81, 297,  0, 255, 0
L 204, 81, 297,  181, 81, 332,  0, 255, 0
L 181, 81, 332,  181, 49, 297,  0, 255, 0
L 181, 49, 297,  190, 49, 297,  0, 255, 0
L 190, 49, 297,  193, 43, 297,  0, 255, 0
L 193, 43, 297,  181, 43, 297,  0, 255, 0
L 181, 43, 297,  181, 37, 297,  0, 255, 0
L 181, 37, 297,  215, 37, 297,  0, 255, 0
L 215, 37, 297,  217, -14, 297,  0, 255, 0
L 217, -14, 297,  202, -16, 297,  0, 255, 0
L 202, -16, 297,  211, -10, 297,  0, 255, 0
L 211, -10, 297,  211, 1, 297,  0, 255, 0
L 211, 1, 297,  198, 2, 297,  0, 255, 0
L 198, 2, 297,  198, 14, 318,  0, 255, 0
L 198, 14, 318,  196, 14, 317,  0, 255, 0
L 196, 14, 317,  192, 8, 297,  0, 255, 0
L 192, 8, 297,  189, 19, 397,  0, 255, 0
L 189, 19, 397,  199, 23, 417,  0, 255, 0
L 211, 22, 417,  211, 31, 461,  0, 255, 0
L 211, 31, 461,  181, 31, 417,  0, 255, 0
L 181, 31, 417,  181, -10, 297,  0, 255, 0
L 181, -10, 297,  192, -10, 297,  0, 255, 0
L 192, -10, 297,  192, -16, 297,  0, 255, 0
L 192, -16, 297,  182, -16, 297,  0, 255, 0
L 182, -16, 297,  181, -22, 297,  0, 255, 0
L 181, -22, 297,  252, -22, 297,  0, 255, 0
L 252, -22, 297,  250, -28, 297,  0, 255, 0
L 250, -28, 297,  229, -28, 337,  0, 255, 0
L 229, -28, 337,  229, -37, 297,  0, 255, 0
L 229, -37, 297,  224, -38, 297,  0, 255, 0
L 224, -38, 297,  223, -28, 336,  0, 255, 0
L 223, -28, 336,  205, -28, 336,  0, 255, 0
L 205, -28, 336,  205, -82, 297,  0, 255, 0
L 205, -82, 297,  223, -82, 297,  0, 255, 0
L 223, -82, 297,  223, -47, 297,  0, 255, 0
L 223, -47, 297,  228, -46, 297,  0, 255, 0
L 228, -46, 297,  229, -82, 337,  0, 255, 0
L 229, -82, 337,  285, -82, 337,  0, 255, 0
L 285, -82, 337,  285, -28, 337,  0, 255, 0
L 285, -28, 337,  260, -28, 297,  0, 255, 0
L 260, -28, 297,  259, -23, 297,  0, 255, 0
L 259, -23, 297,  275, -22, 297,  0, 255, 0
L 237, -55, 297,  238, -67, 297,  0, 255, 0
L 238, -67, 297,  276, -66, 297,  0, 255, 0
L 276, -66, 297,  277, -56, 297,  0, 255, 0
L 277, -56, 297,  238, -55, 297,  0, 255, 0
L 274, -22, 297,  299, -22, 297,  0, 255, 0
L 299, -22, 297,  301, -28, 297,  0, 255, 0
L 301, -28, 297,  293, -28, 341,  0, 255, 0
L 293, -28, 341,  291, -30, 337,  0, 255, 0
L 291, -30, 337,  291, -79, 337,  0, 255, 0
L 291, -79, 337,  293, -81, 333,  0, 255, 0
L 293, -81, 333,  354, -82, 337,  0, 255, 0
L 354, -82, 337,  357, -78, 337,  0, 255, 0
L 357, -78, 337,  357, -30, 337,  0, 255, 0
L 357, -30, 337,  355, -29, 335,  0, 255, 0
L 355, -29, 335,  310, -30, 297,  0, 255, 0
L 310, -30, 297,  309, -23, 297,  0, 255, 0
L 309, -23, 297,  357, -22, 336,  0, 255, 0
L 357, -22, 336,  357, -16, 336,  0, 255, 0
L 357, -16, 336,  345, -15, 297,  0, 255, 0
L 345, -15, 297,  345, -10, 297,  0, 255, 0
L 345, -10, 297,  357, -10, 297,  0, 255, 0
L 357, -10, 297,  357, -1, 297,  0, 255, 0
L 357, -1, 297,  347, -1, 297,  0, 255, 0
L 347, -1, 297,  345, 25, 177,  0, 255, 0
L 313, -1, 297,  313, 32, 297,  0, 255, 0
L 313, 32, 297,  312, 37, 297,  0, 255, 0
L 312, 37, 297,  257, 37, 297,  0, 255, 0
L 257, 37, 297,  253, 32, 297,  0, 255, 0
L 253, 32, 297,  305, 29, 337,  0, 255, 0
L 305, 29, 337,  305, -8, 337,  0, 255, 0
L 305, -8, 337,  253, -10, 297,  0, 255, 0
L 253, -10, 297,  253, -16, 297,  0, 255, 0
L 253, -16, 297,  311, -16, 297,  0, 255, 0
L 311, -16, 297,  313, 1, 297,  0, 255, 0
L 225, 10, 297,  225, 35, 297,  0, 255, 0
L 225, 35, 297,  242, 37, 297,  0, 255, 0
L 242, 37, 297,  245, 30, 297,  0, 255, 0
L 245, 30, 297,  232, 30, 333,  0, 255, 0
L 232, 30, 333,  231, -9, 337,  0, 255, 0
L 231, -9, 337,  241, -10, 297,  0, 255, 0
L 241, -10, 297,  243, -15, 297,  0, 255, 0
L 243, -15, 297,  226, -16, 297,  0, 255, 0
L 226, -16, 297,  225, 15, 297,  0, 255, 0
L 294, 7, -182,  295, 21, -182,  153, 153, 153
L 295, 21, -182,  259, 21, -182,  153, 153, 153
L 259, 21, -182,  258, 33, -182,  153, 153, 153
L 258, 33, -182,  295, 33, -182,  153, 153, 153
L 295, 33, -182,  295, 53, -182,  153, 153, 153
L 295, 53, -182,  291, 57, -182,  153, 153, 153
L 291, 57, -182,  193, 57, -182,  153, 153, 153
L 193, 57, -182,  185, 53, -182,  153, 153, 153
L 185, 53, -182,  193, 4, -182,  153, 153, 153
L 193, 4, -182,  193, -54, -362,  153, 153, 153
L 213, -50, -362,  213, 0, -203,  153, 153, 153
L 213, 0, -203,  213, 30, -182,  153, 153, 153
L 213, 30, -182,  224, 33, -182,  153, 153, 153
L 224, 33, -182,  222, 20, -182,  153, 153, 153
L 222, 20, -182,  219, -44, -182,  153, 153, 153
L 219, -44, -182,  225, -48, -182,  153, 153, 153
L 225, -48, -182,  257, -48, -182,  153, 153, 153
L 257, -48, -182,  259, -44, -172,  153, 153, 153
L 259, -44, -172,  258, -6, -182,  153, 153, 153
L 258, -6, -182,  277, -8, -172,  153, 153, 153
L 277, -8, -172,  279, -6, -182,  153, 153, 153
L 279, -6, -182,  282, 7, -182,  153, 153, 153
L 282, 7, -182,  285, -6, -112,  153, 153, 153
L 45, -18, 178,  67, -18, 177,  255, 255, 255
L 67, -18, 177,  67, -40, 177,  255, 255, 255
L 67, -40, 177,  45, -40, 177,  255, 255, 255
L 45, -40, 177,  45, -18, 178,  255, 255, 255
L 211, 19, 446,  211, 0, 537,  255, 0, 255
L 211, 0, 537,  217, -3, 537,  255, 0, 255
L 217, -3, 537,  217, 9, 537,  255, 0, 255
L 217, 9, 537,  276, 9, 537,  255, 0, 255
L 276, 9, 537,  277, 25, 537,  255, 0, 255
L 277, 25, 537,  271, 25, 537,  255, 0, 255
L 271, 25, 537,  271, 15, 537,  255, 0, 255
L 271, 15, 537,  219, 15, 572,  255, 0, 255
L 219, 15, 572,  219, 37, 537,  255, 0, 255
L 219, 37, 537,  201, 37, 617,  255, 0, 255
L 201, 37, 617,  189, 37, 737,  255, 0, 255
L 188, 45, 737,  199, 45, 637,  255, 0, 255
L 199, 45, 637,  209, 45, 537,  255, 0, 255
L 209, 45, 537,  271, 45, 581,  255, 0, 255
L 271, 45, 581,  271, 35, 537,  255, 0, 255
L 271, 35, 537,  274, 33, 537,  255, 0, 255
L 274, 33, 537,  277, 45, 537,  255, 0, 255
L 277, 45, 537,  324, 45, 537,  255, 0, 255
L 324, 45, 537,  325, 73, 537,  255, 0, 255
L 325, 73, 537,  319, 74, 537,  255, 0, 255
L 319, 74, 537,  319, 51, 581,  255, 0, 255
L 319, 51, 581,  279, 51, 572,  255, 0, 255
L 279, 51, 572,  279, 91, 564,  255, 0, 255
L 279, 91, 564,  319, 91, 576,  255, 0, 255
L 319, 91, 576,  319, 82, 537,  255, 0, 255
L 319, 82, 537,  324, 81, 537,  255, 0, 255
L 324, 81, 537,  325, 91, 537,  255, 0, 255
L 325, 91, 537,  333, 91, 537,  255, 0, 255
L 333, 91, 537,  333, 37, 537,  255, 0, 255
L 333, 37, 537,  312, 37, 537,  255, 0, 255
L 302, 37, 537,  288, 37, 537,  255, 0, 255
L 288, 37, 537,  285, 11, 537,  255, 0, 255
L 285, 11, 537,  333, 9, 537,  255, 0, 255
L 333, 9, 537,  333, -46, 537,  255, 0, 255
L 333, -46, 537,  217, -46, 537,  255, 0, 255
L 217, -46, 537,  217, -12, 537,  255, 0, 255
L 217, -12, 537,  181, -10, 537,  255, 0, 255
L 181, -10, 537,  181, -2, 537,  255, 0, 255
L 181, -2, 537,  200, -2, 537,  255, 0, 255
L 200, -2, 537,  203, 7, 537,  255, 0, 255
L 203, 7, 537,  202, 22, 417,  255, 0, 255
L 225, -13, 537,  225, -35, 537,  255, 0, 255
L 225, -35, 537,  241, -38, 537,  255, 0, 255
L 241, -38, 537,  243, -34, 537,  255, 0, 255
L 243, -34, 537,  231, -32, 537,  255, 0, 255
L 231, -32, 537,  231, -5, 572,  255, 0, 255
L 231, -5, 572,  259, -4, 537,  255, 0, 255
L 259, -4, 537,  259, -10, 537,  255, 0, 255
L 259, -10, 537,  271, -11, 537,  255, 0, 255
L 271, -11, 537,  271, -30, 561,  255, 0, 255
L 271, -30, 561,  252, -32, 537,  255, 0, 255
L 252, -32, 537,  249, -37, 537,  255, 0, 255
L 249, -37, 537,  300, -38, 537,  255, 0, 255
L 300, -38, 537,  303, -34, 537,  255, 0, 255
L 303, -34, 537,  299, -31, 537,  255, 0, 255
L 299, -31, 537,  277, -32, 537,  255, 0, 255
L 277, -32, 537,  278, -4, 563,  255, 0, 255
L 278, -4, 563,  319, -4, 572,  255, 0, 255
L 319, -4, 572,  319, -32, 537,  255, 0, 255
L 319, -32, 537,  312, -32, 537,  255, 0, 255
L 312, -32, 537,  310, -38, 537,  255, 0, 255
L 310, -38, 537,  323, -38, 537,  255, 0, 255
L 323, -38, 537,  325, 0, 537,  255, 0, 255
L 325, 0, 537,  226, 1, 537,  255, 0, 255
L 226, 1, 537,  225, -6, 537,  255, 0, 255
L 225, -6, 537,  225, -17, 537,  255, 0, 255
L 200, 37, 634,  189, 37, 736,  153, 153, 0
L 189, 37, 736,  187, 32, 737,  153, 153, 0
L 187, 32, 737,  215, 31, 737,  153, 153, 0
L 215, 31, 737,  217, 50, 737,  153, 153, 0
L 217, 50, 737,  181, 51, 737,  153, 153, 0
L 181, 51, 737,  181, 91, 737,  153, 153, 0
L 181, 91, 737,  211, 91, 772,  153, 153, 0
L 211, 91, 772,  211, 63, 772,  153, 153, 0
L 211, 63, 772,  191, 63, 737,  153, 153, 0
L 191, 63, 737,  189, 59, 737,  153, 153, 0
L 189, 59, 737,  217, 57, 737,  153, 153, 0
L 217, 57, 737,  217, 97, 737,  153, 153, 0
L 217, 97, 737,  216, 112, 737,  153, 153, 0
L 216, 112, 737,  213, 117, 727,  153, 153, 0
L 213, 117, 727,  213, 122, 727,  153, 153, 0
L 213, 122, 727,  194, 121, 717,  153, 153, 0
L 194, 121, 717,  188, 123, 717,  153, 153, 0
L 188, 123, 717,  185, 149, 717,  153, 153, 0
L 185, 149, 717,  192, 163, 717,  153, 153, 0
L 192, 163, 717,  199, 163, 717,  153, 153, 0
L 199, 163, 717,  207, 159, 717,  153, 153, 0
L 207, 159, 717,  211, 149, 727,  153, 153, 0
L 211, 149, 727,  210, 145, 727,  153, 153, 0
L 210, 145, 727,  210, 145, 727,  153, 153, 0
L 210, 145, 727,  226, 134, 737,  153, 153, 0
L 226, 134, 737,  237, 135, 757,  153, 153, 0
L 237, 135, 757,  254, 137, 757,  153, 153, 0
L 254, 137, 757,  266, 126, 737,  153, 153, 0
L 266, 126, 737,  273, 128, 727,  153, 153, 0
L 273, 128, 727,  273, 140, 727,  153, 153, 0
L 273, 140, 727,  288, 157, 724,  153, 153, 0
L 288, 157, 724,  302, 157, 717,  153, 153, 0
L 302, 157, 717,  307, 152, 717,  153, 153, 0
L 307, 152, 717,  307, 126, 717,  153, 153, 0
L 307, 126, 717,  302, 121, 717,  153, 153, 0
L 302, 121, 717,  287, 121, 727,  153, 153, 0
L 287, 121, 727,  270, 113, 737,  153, 153, 0
L 270, 113, 737,  266, 113, 737,  153, 153, 0
L 266, 113, 737,  256, 117, 747,  153, 153, 0
L 256, 117, 747,  250, 125, 757,  153, 153, 0
L 250, 125, 757,  240, 127, 757,  153, 153, 0
L 240, 127, 757,  236, 119, 747,  153, 153, 0
L 236, 119, 747,  235, 111, 747,  153, 153, 0
L 235, 111, 747,  247, 94, 757,  153, 153, 0
L 247, 94, 757,  247, 79, 757,  153, 153, 0
L 247, 79, 757,  257, 71, 767,  153, 153, 0
L 257, 71, 767,  263, 64, 777,  153, 153, 0
L 263, 64, 777,  267, 63, 774,  153, 153, 0
L 267, 63, 774,  278, 78, 752,  153, 153, 0
L 278, 78, 752,  279, 79, 747,  153, 153, 0
L 279, 79, 747,  294, 86, 737,  153, 153, 0
L 294, 86, 737,  303, 89, 737,  153, 153, 0
L 303, 89, 737,  307, 86, 737,  153, 153, 0
L 307, 86, 737,  312, 87, 737,  153, 153, 0
L 312, 87, 737,  317, 93, 737,  153, 153, 0
L 317, 93, 737,  354, 93, 737,  153, 153, 0
L 354, 93, 737,  357, 87, 737,  153, 153, 0
L 357, 87, 737,  357, 61, 737,  153, 153, 0
L 346, 61, 737,  313, 61, 737,  153, 153, 0
L 313, 61, 737,  313, 74, 737,  153, 153, 0
L 313, 74, 737,  297, 73, 737,  153, 153, 0
L 297, 73, 737,  281, 69, 747,  153, 153, 0
L 281, 69, 747,  276, 57, 757,  153, 153, 0
L 276, 57, 757,  260, 57, 777,  153, 153, 0
L 260, 57, 777,  248, 63, 766,  153, 153, 0
L 248, 63, 766,  238, 63, 757,  153, 153, 0
L 238, 63, 757,  231, 72, 747,  153, 153, 0
L 231, 72, 747,  231, 97, 747,  153, 153, 0
L 231, 97, 747,  231, 100, 747,  153, 153, 0
L 231, 100, 747,  223, 95, 737,  153, 153, 0
L 223, 95, 737,  225, 93, 737,  153, 153, 0
L 225, 93, 737,  226, 29, 737,  153, 153, 0
L 226, 29, 737,  273, 31, 737,  153, 153, 0
L 273, 31, 737,  273, -36, 737,  153, 153, 0
L 273, -36, 737,  302, -38, 737,  153, 153, 0
L 302, -38, 737,  303, -35, 737,  153, 153, 0
L 303, -35, 737,  279, -32, 767,  153, 153, 0
L 279, -32, 767,  279, -4, 772,  153, 153, 0
L 279, -4, 772,  309, -4, 737,  153, 153, 0
L 309, -4, 737,  309, -14, 737,  153, 153, 0
L 309, -14, 737,  333, -14, 758,  153, 153, 0
L 333, -14, 758,  333, -32, 761,  153, 153, 0
L 333, -32, 761,  315, -32, 737,  153, 153, 0
L 315, -32, 737,  315, -23, 737,  153, 153, 0
L 315, -23, 737,  310, -22, 737,  153, 153, 0
L 310, -22, 737,  309, -36, 737,  153, 153, 0
L 309, -36, 737,  329, -38, 737,  153, 153, 0
L 329, -38, 737,  329, -52, 737,  153, 153, 0
L 329, -52, 737,  333, -51, 737,  153, 153, 0
L 333, -51, 737,  333, -70, 767,  153, 153, 0
L 333, -70, 767,  251, -70, 737,  153, 153, 0
L 251, -70, 737,  251, -118, 737,  153, 153, 0
L 251, -118, 737,  227, -118, 737,  153, 153, 0
L 227, -118, 737,  225, -142, 737,  153, 153, 0
L 225, -142, 737,  191, -142, 737,  153, 153, 0
L 191, -142, 737,  181, -138, 739,  153, 153, 0
L 181, -138, 739,  181, -116, 737,  153, 153, 0
L 181, -116, 737,  183, -114, 737,  153, 153, 0
L 189, -114, 737,  193, -116, 737,  153, 153, 0
L 193, -116, 737,  204, -116, 737,  153, 153, 0
L 204, -116, 737,  207, -110, 737,  153, 153, 0
L 207, -110, 737,  241, -110, 737,  153, 153, 0
L 241, -110, 737,  243, -98, 737,  153, 153, 0
L 243, -98, 737,  238, -96, 737,  153, 153, 0
L 238, -96, 737,  232, -104, 737,  153, 153, 0
L 232, -104, 737,  195, -104, 737,  153, 153, 0
L 195, -104, 737,  195, -78, 766,  153, 153, 0
L 195, -78, 766,  237, -76, 775,  153, 153, 0
L 237, -76, 775,  237, -89, 737,  153, 153, 0
L 237, -89, 737,  242, -90, 737,  153, 153, 0
L 242, -90, 737,  243, -62, 737,  153, 153, 0
L 243, -62, 737,  300, -62, 737,  153, 153, 0
L 300, -62, 737,  303, -47, 737,  153, 153, 0
L 303, -47, 737,  265, -46, 737,  153, 153, 0
L 265, -46, 737,  265, 17, 737,  153, 153, 0
L 265, 17, 737,  264, 21, 737,  153, 153, 0
L 264, 21, 737,  235, 21, 737,  153, 153, 0
L 235, 21, 737,  225, 23, 737,  153, 153, 0
L 225, 23, 737,  225, -58, 737,  153, 153, 0
L 225, -58, 737,  191, -58, 737,  153, 153, 0
L 191, -58, 737,  189, -108, 737,  153, 153, 0
L 181, -103, 737,  181, -52, 737,  153, 153, 0
L 181, -52, 737,  217, -49, 737,  153, 153, 0
L 217, -49, 737,  217, -5, 737,  153, 153, 0
L 217, -5, 737,  210, -5, 737,  153, 153, 0
L 210, -5, 737,  211, -14, 737,  153, 153, 0
L 211, -14, 737,  199, -16, 737,  153, 153, 0
L 199, -16, 737,  199, -18, 737,  153, 153, 0
L 199, -18, 737,  209, -20, 737,  153, 153, 0
L 209, -20, 737,  210, -22, 737,  153, 153, 0
L 210, -22, 737,  211, -42, 737,  153, 153, 0
L 211, -42, 737,  209, -44, 737,  153, 153, 0
L 209, -44, 737,  195, -44, 737,  153, 153, 0
L 195, -44, 737,  166, -44, 691,  153, 153, 0
L 166, -44, 691,  163, -44, 672,  153, 153, 0
L 163, -44, 672,  157, -43, 657,  153, 153, 0
L 157, -43, 657,  157, -48, 657,  153, 153, 0
L 157, -48, 657,  165, -50, 657,  153, 153, 0
L 165, -50, 657,  165, -58, 657,  153, 153, 0
L 165, -58, 657,  148, -58, 657,  153, 153, 0
L 148, -58, 657,  145, -73, 657,  153, 153, 0
L 145, -73, 657,  150, -76, 657,  153, 153, 0
L 150, -76, 657,  151, -66, 674,  153, 153, 0
L 151, -66, 674,  173, -64, 688,  153, 153, 0
L 173, -64, 688,  175, -88, 681,  153, 153, 0
L 175, -88, 681,  151, -88, 657,  153, 153, 0
L 151, -88, 657,  151, -84, 657,  153, 153, 0
L 151, -84, 657,  146, -82, 657,  153, 153, 0
L 146, -82, 657,  145, -88, 657,  153, 153, 0
L 145, -88, 657,  137, -88, 657,  153, 153, 0
L 137, -88, 657,  137, -50, 700,  153, 153, 0
L 137, -50, 700,  148, -50, 657,  153, 153, 0
L 148, -50, 657,  150, -42, 657,  153, 153, 0
L 150, -42, 657,  131, -42, 657,  153, 153, 0
L 131, -42, 657,  131, -104, 700,  153, 153, 0
L 131, -104, 700,  77, -104, 692,  153, 153, 0
L 77, -104, 692,  77, -74, 657,  153, 153, 0
L 77, -74, 657,  83, -74, 657,  153, 153, 0
L 83, -74, 657,  88, -69, 657,  153, 153, 0
L 88, -69, 657,  77, -68, 657,  153, 153, 0
L 77, -68, 657,  77, -46, 701,  153, 153, 0
L 77, -46, 701,  80, -46, 657,  153, 153, 0
L 80, -46, 657,  85, -41, 657,  153, 153, 0
L 85, -41, 657,  74, -40, 694,  153, 153, 0
L 74, -40, 694,  71, -32, 657,  153, 153, 0
L 71, -32, 657,  66, -32, 657,  153, 153, 0
L 66, -32, 657,  65, -32, 657,  153, 153, 0
L 65, -32, 657,  57, -38, 657,  153, 153, 0
L 57, -38, 657,  56, -21, 694,  153, 153, 0
L 56, -21, 694,  65, -20, 657,  153, 153, 0
L 65, -20, 657,  66, -27, 657,  153, 153, 0
L 66, -27, 657,  72, -27, 657,  153, 153, 0
L 72, -27, 657,  72, -18, 657,  153, 153, 0
L 72, -18, 657,  95, -18, 692,  153, 153, 0
L 95, -18, 692,  95, -40, 657,  153, 153, 0
L 95, -40, 657,  91, -46, 657,  153, 153, 0
L 91, -46, 657,  95, -46, 657,  153, 153, 0
L 95, -46, 657,  95, -51, 657,  153, 153, 0
L 95, -51, 657,  113, -50, 657,  153, 153, 0
L 113, -50, 657,  113, -68, 692,  153, 153, 0
L 113, -68, 692,  97, -68, 657,  153, 153, 0
L 97, -68, 657,  98, -74, 657,  153, 153, 0
L 98, -74, 657,  120, -74, 657,  153, 153, 0
L 120, -74, 657,  121, -50, 657,  153, 153, 0
L 121, -50, 657,  121, -42, 657,  153, 153, 0
L 121, -42, 657,  105, -42, 657,  153, 153, 0
L 105, -42, 657,  105, -22, 657,  153, 153, 0
L 105, -22, 657,  121, -22, 657,  153, 153, 0
L 121, -22, 657,  122, -13, 657,  153, 153, 0
L 122, -13, 657,  113, -14, 677,  153, 153, 0
L 113, -14, 677,  111, -12, 679,  153, 153, 0
L 111, -12, 679,  111, 13, 692,  153, 153, 0
L 111, 13, 692,  161, 13, 700,  153, 153, 0
L 161, 13, 700,  158, 5, 657,  153, 153, 0
L 158, 5, 657,  167, 3, 657,  153, 153, 0
L 167, 3, 657,  167, 18, 657,  153, 153, 0
L 167, 18, 657,  92, 19, 657,  153, 153, 0
L 92, 19, 657,  91, 14, 657,  153, 153, 0
L 91, 14, 657,  103, 13, 657,  153, 153, 0
L 103, 13, 657,  103, -8, 688,  153, 153, 0
L 103, -8, 688,  79, -10, 699,  153, 153, 0
L 79, -10, 699,  79, 13, 657,  153, 153, 0
L 79, 13, 657,  83, 13, 657,  153, 153, 0
L 83, 13, 657,  84, 19, 657,  153, 153, 0
L 84, 19, 657,  79, 19, 657,  153, 153, 0
L 79, 19, 657,  79, 39, 657,  153, 153, 0
L 79, 39, 657,  83, 39, 657,  153, 153, 0
L 83, 39, 657,  84, 45, 657,  153, 153, 0
L 84, 45, 657,  73, 45, 701,  153, 153, 0
L 73, 45, 701,  72, 51, 657,  153, 153, 0
L 72, 51, 657,  66, 53, 657,  153, 153, 0
L 66, 53, 657,  64, 47, 657,  153, 153, 0
L 64, 47, 657,  57, 46, 657,  153, 153, 0
L 57, 46, 657,  56, 65, 657,  153, 153, 0
L 56, 65, 657,  65, 65, 701,  153, 153, 0
L 65, 65, 701,  65, 59, 657,  153, 153, 0
L 65, 59, 657,  73, 59, 657,  153, 153, 0
L 73, 59, 657,  72, 67, 657,  153, 153, 0
L 72, 67, 657,  95, 67, 692,  153, 153, 0
L 95, 67, 692,  95, 45, 657,  153, 153, 0
L 95, 45, 657,  91, 42, 657,  153, 153, 0
L 91, 42, 657,  101, 39, 657,  153, 153, 0
L 101, 39, 657,  101, 47, 657,  153, 153, 0
L 101, 47, 657,  101, 73, 657,  153, 153, 0
L 101, 73, 657,  87, 75, 657,  153, 153, 0
L 87, 75, 657,  83, 77, 657,  153, 153, 0
L 83, 77, 657,  83, 97, 689,  153, 153, 0
L 83, 97, 689,  115, 99, 700,  153, 153, 0
L 115, 99, 700,  115, 45, 657,  153, 153, 0
L 115, 45, 657,  111, 42, 657,  153, 153, 0
L 111, 42, 657,  123, 39, 699,  153, 153, 0
L 123, 39, 699,  123, 29, 657,  153, 153, 0
L 123, 29, 657,  175, 27, 657,  153, 153, 0
L 175, 27, 657,  175, -14, 657,  153, 153, 0
L 175, -14, 657,  167, -14, 657,  153, 153, 0
L 167, -14, 657,  166, -4, 657,  153, 153, 0
L 166, -4, 657,  162, -4, 657,  153, 153, 0
L 162, -4, 657,  161, -14, 657,  153, 153, 0
L 161, -14, 657,  157, -19, 657,  153, 153, 0
L 157, -19, 657,  166, -20, 695,  153, 153, 0
L 166, -20, 695,  174, -20, 737,  153, 153, 0
L 174, -20, 737,  189, -20, 737,  153, 153, 0
L 149, -14, 657,  133, -14, 657,  153, 153, 0
L 133, -14, 657,  129, -23, 657,  153, 153, 0
L 129, -23, 657,  148, -22, 657,  153, 153, 0
L 148, -22, 657,  148, -14, 657,  153, 153, 0
L 191, -19, 737,  191, -17, 737,  153, 153, 0
L 191, -17, 737,  183, -14, 737,  153, 153, 0
L 183, -14, 737,  181, -12, 744,  153, 153, 0
L 181, -12, 744,  181, 17, 772,  153, 153, 0
L 181, 17, 772,  210, 17, 737,  153, 153, 0
L 210, 17, 737,  211, 5, 737,  153, 153, 0
L 211, 5, 737,  214, 3, 737,  153, 153, 0
L 214, 3, 737,  217, 21, 737,  153, 153, 0
L 217, 21, 737,  181, 23, 737,  153, 153, 0
L 181, 23, 737,  181, 45, 737,  153, 153, 0
L 181, 45, 737,  202, 45, 614,  153, 153, 0
L 202, 45, 614,  209, 45, 549,  153, 153, 0
L 218, -134, 737,  232, -134, 737,  153, 153, 0
L 232, -134, 737,  231, -124, 747,  153, 153, 0
L 231, -124, 747,  252, -124, 757,  153, 153, 0
L 252, -124, 757,  257, -78, 767,  153, 153, 0
L 257, -78, 767,  259, -76, 771,  153, 153, 0
L 259, -76, 771,  271, -78, 777,  153, 153, 0
L 271, -78, 777,  281, -76, 757,  153, 153, 0
L 281, -76, 757,  283, -110, 757,  153, 153, 0
L 283, -110, 757,  315, -112, 737,  153, 153, 0
L 315, -112, 737,  333, -112, 737,  153, 153, 0
L 333, -112, 737,  333, -121, 737,  153, 153, 0
L 333, -121, 737,  346, -122, 737,  153, 153, 0
L 346, -122, 737,  347, -117, 737,  153, 153, 0
L 347, -117, 737,  348, -112, 737,  153, 153, 0
L 348, -112, 737,  349, -111, 737,  153, 153, 0
L 349, -111, 737,  325, -106, 737,  153, 153, 0
L 325, -106, 737,  327, -98, 737,  153, 153, 0
L 325, -85, 737,  325, -76, 737,  153, 153, 0
L 325, -76, 737,  357, -76, 772,  153, 153, 0
L 357, -76, 772,  357, -112, 737,  153, 153, 0
L 357, -112, 737,  357, -128, 737,  153, 153, 0
L 357, -128, 737,  325, -130, 737,  153, 153, 0
L 325, -130, 737,  325, -120, 737,  153, 153, 0
L 325, -120, 737,  312, -118, 744,  153, 153, 0
L 312, -118, 744,  309, -123, 747,  153, 153, 0
L 309, -123, 747,  319, -124, 747,  153, 153, 0
L 319, -124, 747,  318, -127, 747,  153, 153, 0
L 318, -127, 747,  315, -130, 747,  153, 153, 0
L 315, -130, 747,  303, -124, 747,  153, 153, 0
L 303, -124, 747,  286, -120, 747,  153, 153, 0
L 286, -120, 747,  277, -115, 757,  153, 153, 0
L 277, -115, 757,  277, -91, 757,  153, 153, 0
L 277, -91, 757,  275, -86, 767,  153, 153, 0
L 275, -86, 767,  265, -91, 777,  153, 153, 0
L 265, -91, 777,  263, -129, 767,  153, 153, 0
L 263, -129, 767,  258, -134, 767,  153, 153, 0
L 258, -134, 767,  248, -130, 757,  153, 153, 0
L 248, -130, 757,  239, -140, 737,  153, 153, 0
L 239, -140, 737,  243, -151, 757,  153, 153, 0
L 243, -151, 757,  256, -149, 773,  153, 153, 0
L 256, -149, 773,  266, -148, 781,  153, 153, 0
L 266, -148, 781,  273, -156, 787,  153, 153, 0
L 273, -156, 787,  282, -156, 797,  153, 153, 0
L 282, -156, 797,  283, -147, 797,  153, 153, 0
L 283, -147, 797,  288, -142, 797,  153, 153, 0
L 288, -142, 797,  297, -142, 797,  153, 153, 0
L 297, -142, 797,  304, -146, 797,  153, 153, 0
L 304, -146, 797,  305, -147, 797,  153, 153, 0
L 305, -147, 797,  308, -157, 797,  153, 153, 0
L 308, -157, 797,  303, -160, 797,  153, 153, 0
L 303, -160, 797,  303, -170, 797,  153, 153, 0
L 303, -170, 797,  292, -180, 797,  153, 153, 0
L 292, -180, 797,  288, -180, 797,  153, 153, 0
L 288, -180, 797,  283, -174, 797,  153, 153, 0
L 283, -174, 797,  283, -168, 797,  153, 153, 0
L 283, -168, 797,  276, -162, 797,  153, 153, 0
L 276, -162, 797,  270, -157, 787,  153, 153, 0
L 270, -157, 787,  256, -156, 774,  153, 153, 0
L 256, -156, 774,  243, -162, 757,  153, 153, 0
L 243, -162, 757,  242, -162, 757,  153, 153, 0
L 242, -162, 757,  232, -156, 747,  153, 153, 0
L 232, -156, 747,  229, -140, 737,  153, 153, 0
L 229, -140, 737,  216, -142, 737,  153, 153, 0
P -88, 16, 0, 255, 255, 255, 2, Succor Point
