P -881, 1072, 0, 255, 255, 255, 2, Ruined_Ferry
P -1237, 1237, 0, 255, 255, 255, 2, Submerged_Hut
P 7, -1781, 0, 255, 255, 255, 2, Skel_Tower
P -147.317, -1891.496, -21.722, 240, 240, 240, 2, Dven_Tulvnek
P -227.875, 1754.2709, -23.4549, 240, 240, 240, 2, Kobolds
P -984.735, 1996.4149, -4.5149, 240, 240, 240, 2, Fallen_Troll_&_Froglok
P -1141.904, 1689.37, -27.9589, 240, 240, 240, 2, Deblik_Grumblok
P -990.989, 446.4039, -0.941, 240, 240, 240, 2, Anlut_Heavenfall
P -995.1169, 446.598, -1.922, 240, 240, 240, 2, Igok
P -541.49, -1185.402, 13.768, 240, 240, 240, 2, Sugal_the_Fist
P 156, -1909, 0, 240, 240, 240, 2, Undead_Tower
P 250, 92, 0, 240, 240, 240, 2, Ground_Spawn_(Vial_of_Swamp_Water)
P -1442, 1542, 0, 240, 240, 240, 2, Kolbolds
P 317.8451, 2560.9636, -18.7674, 0, 0, 0, 3, Ruala_(Merchant)
P 30.8579, 723.1355, -29.264, 0, 0, 0, 3, Knowledge_Portal
P -786.5778, 1613.8965, -24.4483, 0, 0, 0, 3, Galdok_(GM_Cleric)
P -929.9873, 1322.7606, -24.9159, 0, 0, 0, 3, Kintok_(GM_Shaman)
