L -1852, 1641, -1559,  -1852, 1641, -1559,  153, 153, 153
L -1852, 1641, -1559,  -1967, 1641, -1561,  153, 153, 153
L -1967, 1641, -1561,  -1967, 1776, -1561,  153, 153, 153
L -1967, 1776, -1561,  -1852, 1776, -1561,  153, 153, 153
L -1852, 1776, -1561,  -1852, 1759, -1560,  153, 153, 153
L -1852, 1759, -1560,  -1850, 1756, -1561,  153, 153, 153
L -1850, 1756, -1561,  -1840, 1756, -1559,  153, 153, 153
L -1840, 1756, -1559,  -1837, 1776, -1561,  153, 153, 153
L -1837, 1776, -1561,  -1552, 1776, -1561,  153, 153, 153
L -1552, 1776, -1561,  -1552, 1759, -1561,  153, 153, 153
L -1552, 1759, -1561,  -1549, 1756, -1561,  153, 153, 153
L -1549, 1756, -1561,  -1539, 1756, -1561,  153, 153, 153
L -1539, 1756, -1561,  -1537, 1776, -1561,  153, 153, 153
L -1537, 1776, -1561,  -1422, 1776, -1561,  153, 153, 153
L -1422, 1776, -1561,  -1422, 1641, -1561,  153, 153, 153
L -1422, 1641, -1561,  -1537, 1641, -1561,  153, 153, 153
L -1537, 1641, -1561,  -1537, 1718, -1556,  153, 153, 153
L -1537, 1718, -1556,  -1537, 1719, -1560,  153, 153, 153
L -1537, 1719, -1560,  -1548, 1721, -1556,  153, 153, 153
L -1548, 1721, -1556,  -1552, 1701, -1561,  153, 153, 153
L -1552, 1701, -1561,  -1679, 1701, -1561,  153, 153, 153
L -1679, 1701, -1561,  -1682, 1697, -1561,  153, 153, 153
L -1682, 1697, -1561,  -1682, 1689, -1558,  153, 153, 153
L -1682, 1689, -1558,  -1649, 1685, -1561,  153, 153, 153
L -1649, 1685, -1561,  -1562, 1607, -1560,  153, 153, 153
L -1562, 1607, -1560,  -1562, 1391, -1961,  153, 153, 153
L -1562, 1391, -1961,  -1596, 1391, -1957,  153, 153, 153
L -1596, 1391, -1957,  -1602, 1341, -1761,  153, 153, 153
L -1602, 1341, -1761,  -1562, 1346, -1558,  153, 153, 153
L -1562, 1346, -1558,  -1562, 1301, -1561,  153, 153, 153
L -1562, 1301, -1561,  -1610, 1301, -1561,  153, 153, 153
L -1610, 1301, -1561,  -1612, 1280, -1561,  153, 153, 153
L -1612, 1280, -1561,  -1602, 1266, -1560,  153, 153, 153
L -1602, 1266, -1560,  -1602, 1221, -1561,  153, 153, 153
L -1602, 1221, -1561,  -1657, 1221, -1561,  153, 153, 153
L -1657, 1221, -1561,  -1658, 1230, -1560,  153, 153, 153
L -1658, 1230, -1560,  -1659, 1231, -1561,  153, 153, 153
L -1659, 1231, -1561,  -1669, 1231, -1560,  153, 153, 153
L -1669, 1231, -1560,  -1672, 1221, -1561,  153, 153, 153
L -1672, 1221, -1561,  -1679, 1221, -1561,  153, 153, 153
L -1679, 1221, -1561,  -1682, 1179, -1561,  153, 153, 153
L -1682, 1179, -1561,  -1661, 1176, -1498,  153, 153, 153
L -1661, 1176, -1498,  -1639, 1196, -1461,  153, 153, 153
L -1639, 1196, -1461,  -1602, 1196, -1458,  153, 153, 153
L -1602, 1196, -1458,  -1583, 1179, -1461,  153, 153, 153
L -1583, 1179, -1461,  -1582, 1131, -1461,  153, 153, 153
L -1582, 1131, -1461,  -1602, 1106, -1459,  153, 153, 153
L -1602, 1106, -1459,  -1637, 1100, -1461,  153, 153, 153
L -1637, 1100, -1461,  -1639, 1112, -1455,  153, 153, 153
L -1639, 1112, -1455,  -1667, 1131, -1468,  153, 153, 153
L -1667, 1131, -1468,  -1667, 1134, -1475,  153, 153, 153
L -1667, 1134, -1475,  -1680, 1141, -1506,  153, 153, 153
L -1680, 1141, -1506,  -1682, 1128, -1518,  153, 153, 153
L -1682, 1128, -1518,  -1642, 1098, -1561,  153, 153, 153
L -1642, 1098, -1561,  -1664, 1075, -1561,  153, 153, 153
L -1664, 1075, -1561,  -1670, 1012, -1556,  153, 153, 153
L -1670, 1012, -1556,  -1672, 952, -1747,  153, 153, 153
L -1672, 952, -1747,  -1664, 946, -1761,  153, 153, 153
L -1665, 947, -1758,  -1665, 947, -1759,  153, 153, 153
L -1665, 947, -1759,  -1648, 931, -1875,  153, 153, 153
L -1648, 931, -1875,  -1644, 927, -1978,  153, 153, 153
L -1644, 927, -1978,  -1620, 939, -2096,  153, 153, 153
L -1730, 932, -2159,  -1730, 932, -2156,  0, 255, 255
L -1730, 932, -2156,  -1747, 950, -2161,  0, 255, 255
L -1747, 950, -2161,  -1748, 961, -2160,  0, 255, 255
L -1748, 961, -2160,  -1767, 989, -2161,  0, 255, 255
L -1767, 989, -2161,  -1767, 999, -2161,  0, 255, 255
L -1767, 999, -2161,  -1775, 1005, -2161,  0, 255, 255
L -1775, 1005, -2161,  -1770, 1009, -2158,  0, 255, 255
L -1770, 1009, -2158,  -1782, 1035, -2161,  0, 255, 255
L -1782, 1035, -2161,  -1797, 1043, -2161,  0, 255, 255
L -1797, 1043, -2161,  -1796, 1098, -2161,  0, 255, 255
L -1796, 1098, -2161,  -1739, 1126, -2159,  0, 255, 255
L -1739, 1126, -2159,  -1712, 1126, -2161,  0, 255, 255
L -1712, 1126, -2161,  -1711, 1097, -2157,  0, 255, 255
L -1711, 1097, -2157,  -1668, 1097, -2160,  0, 255, 255
L -1668, 1097, -2160,  -1667, 1176, -2138,  0, 255, 255
L -1667, 1176, -2138,  -1662, 1176, -2090,  0, 255, 255
L -1662, 1176, -2090,  -1662, 1129, -2090,  0, 255, 255
L -1662, 1129, -2090,  -1639, 1106, -2007,  0, 255, 255
L -1639, 1106, -2007,  -1597, 1107, -2070,  0, 255, 255
L -1597, 1107, -2070,  -1578, 1127, -2030,  0, 255, 255
L -1578, 1127, -2030,  -1577, 1176, -2009,  0, 255, 255
L -1577, 1176, -2009,  -1533, 1176, -1995,  0, 255, 255
L -1533, 1176, -1995,  -1482, 1147, -1967,  0, 255, 255
L -1482, 1147, -1967,  -1462, 1096, -1866,  0, 255, 255
L -1462, 1096, -1866,  -1534, 999, -1969,  0, 255, 255
L -1534, 999, -1969,  -1564, 988, -2048,  0, 255, 255
L -1564, 988, -2048,  -1601, 950, -2151,  0, 255, 255
L -1601, 950, -2151,  -1621, 900, -2078,  0, 255, 255
L -1621, 900, -2078,  -1640, 882, -1935,  0, 255, 255
L -1640, 882, -1935,  -1657, 872, -1831,  0, 255, 255
L -1657, 872, -1827,  -1657, 872, -1831,  153, 153, 153
L -1657, 872, -1831,  -1674, 847, -1761,  153, 153, 153
L -1674, 847, -1761,  -1681, 840, -1761,  153, 153, 153
L -1681, 840, -1761,  -1702, 829, -1760,  153, 153, 153
L -1702, 829, -1760,  -1717, 806, -1761,  153, 153, 153
L -1730, 932, -2161,  -1730, 932, -2155,  0, 255, 255
L -1730, 932, -2155,  -1721, 950, -2161,  0, 255, 255
L -1721, 950, -2161,  -1709, 962, -2157,  0, 255, 255
L -1709, 962, -2157,  -1670, 961, -2160,  0, 255, 255
L -1670, 961, -2160,  -1649, 941, -2161,  0, 255, 255
L -1649, 941, -2161,  -1647, 932, -2156,  0, 255, 255
L -1782, 802, -1761,  -1782, 802, -1756,  153, 153, 153
L -1782, 802, -1756,  -1797, 810, -1761,  153, 153, 153
L -1797, 810, -1761,  -1797, 850, -1759,  153, 153, 153
L -1797, 850, -1759,  -1788, 876, -1761,  153, 153, 153
L -1788, 876, -1761,  -1741, 866, -1761,  153, 153, 153
L -1741, 866, -1761,  -1717, 898, -1761,  153, 153, 153
L -1717, 898, -1761,  -1718, 910, -1759,  153, 153, 153
L -1718, 910, -1759,  -1726, 919, -1761,  153, 153, 153
L -1726, 919, -1761,  -1727, 931, -1761,  153, 153, 153
L -1727, 931, -1761,  -1719, 946, -1759,  153, 153, 153
L -1719, 946, -1759,  -1707, 952, -1761,  153, 153, 153
L -1707, 952, -1761,  -1707, 1065, -1561,  153, 153, 153
L -1707, 1065, -1561,  -1707, 1068, -1557,  153, 153, 153
L -1707, 1068, -1557,  -1717, 1063, -1561,  153, 153, 153
L -1717, 1063, -1561,  -1735, 1061, -1561,  153, 153, 153
L -1735, 1061, -1561,  -1745, 1068, -1561,  153, 153, 153
L -1745, 1068, -1561,  -1747, 1083, -1560,  153, 153, 153
L -1747, 1083, -1560,  -1739, 1097, -1561,  153, 153, 153
L -1739, 1097, -1561,  -1739, 1126, -1560,  153, 153, 153
L -1739, 1126, -1560,  -1721, 1126, -1561,  153, 153, 153
L -1721, 1126, -1561,  -1716, 1130, -1561,  153, 153, 153
L -1716, 1130, -1561,  -1717, 1219, -1560,  153, 153, 153
L -1717, 1219, -1560,  -1727, 1221, -1561,  153, 153, 153
L -1727, 1221, -1561,  -1727, 1227, -1561,  153, 153, 153
L -1727, 1227, -1561,  -1729, 1231, -1561,  153, 153, 153
L -1729, 1231, -1561,  -1739, 1231, -1558,  153, 153, 153
L -1739, 1231, -1558,  -1742, 1221, -1561,  153, 153, 153
L -1742, 1221, -1561,  -1797, 1221, -1561,  153, 153, 153
L -1797, 1221, -1561,  -1797, 1266, -1561,  153, 153, 153
L -1797, 1266, -1561,  -1789, 1267, -1557,  153, 153, 153
L -1789, 1267, -1557,  -1788, 1277, -1553,  153, 153, 153
L -1788, 1277, -1553,  -1787, 1298, -1561,  153, 153, 153
L -1787, 1298, -1561,  -1837, 1301, -1561,  153, 153, 153
L -1837, 1301, -1561,  -1837, 1346, -1561,  153, 153, 153
L -1837, 1346, -1561,  -1797, 1347, -1640,  153, 153, 153
L -1797, 1347, -1640,  -1798, 1390, -1729,  153, 153, 153
L -1798, 1390, -1729,  -1837, 1391, -1780,  153, 153, 153
L -1837, 1391, -1780,  -1837, 1607, -1560,  153, 153, 153
L -1837, 1607, -1560,  -1748, 1686, -1557,  153, 153, 153
L -1748, 1686, -1557,  -1719, 1686, -1557,  153, 153, 153
L -1719, 1686, -1557,  -1717, 1699, -1561,  153, 153, 153
L -1717, 1699, -1561,  -1837, 1701, -1561,  153, 153, 153
L -1837, 1701, -1561,  -1837, 1718, -1561,  153, 153, 153
L -1837, 1718, -1561,  -1839, 1721, -1561,  153, 153, 153
L -1839, 1721, -1561,  -1849, 1721, -1559,  153, 153, 153
L -1849, 1721, -1559,  -1852, 1641, -1561,  153, 153, 153
L -1791, 1556, -1959,  -1791, 1556, -1959,  153, 153, 153
L -1791, 1556, -1959,  -1788, 1557, -1958,  153, 153, 153
L -1788, 1557, -1958,  -1747, 1596, -1960,  153, 153, 153
L -1747, 1596, -1960,  -1649, 1595, -1960,  153, 153, 153
L -1649, 1595, -1960,  -1612, 1558, -1958,  153, 153, 153
L -1612, 1558, -1958,  -1608, 1556, -1961,  153, 153, 153
L -1608, 1556, -1961,  -1608, 1489, -1961,  153, 153, 153
L -1608, 1489, -1961,  -1609, 1489, -1956,  153, 153, 153
L -1609, 1489, -1956,  -1611, 1477, -1961,  153, 153, 153
L -1611, 1477, -1961,  -1599, 1476, -1960,  153, 153, 153
L -1599, 1476, -1960,  -1597, 1568, -1561,  153, 153, 153
L -1597, 1568, -1561,  -1608, 1571, -1536,  153, 153, 153
L -1608, 1571, -1536,  -1647, 1609, -1513,  153, 153, 153
L -1647, 1609, -1513,  -1748, 1611, -1559,  153, 153, 153
L -1748, 1611, -1559,  -1789, 1571, -1520,  153, 153, 153
L -1789, 1571, -1520,  -1801, 1570, -1561,  153, 153, 153
L -1801, 1570, -1561,  -1802, 1478, -1961,  153, 153, 153
L -1802, 1478, -1961,  -1788, 1477, -1961,  153, 153, 153
L -1788, 1477, -1961,  -1787, 1486, -1961,  153, 153, 153
L -1787, 1486, -1961,  -1791, 1489, -1961,  153, 153, 153
L -1791, 1489, -1961,  -1791, 1556, -1961,  153, 153, 153
L -1657, 1276, -1561,  -1657, 1276, -1561,  153, 153, 153
L -1657, 1276, -1561,  -1649, 1276, -1561,  153, 153, 153
L -1649, 1276, -1561,  -1647, 1299, -1561,  153, 153, 153
L -1647, 1299, -1561,  -1752, 1299, -1561,  153, 153, 153
L -1752, 1299, -1561,  -1752, 1280, -1561,  153, 153, 153
L -1752, 1280, -1561,  -1742, 1276, -1561,  153, 153, 153
L -1742, 1276, -1561,  -1741, 1267, -1561,  153, 153, 153
L -1741, 1267, -1561,  -1739, 1266, -1561,  153, 153, 153
L -1739, 1266, -1561,  -1730, 1266, -1561,  153, 153, 153
L -1730, 1266, -1561,  -1727, 1276, -1561,  153, 153, 153
L -1727, 1276, -1561,  -1672, 1276, -1561,  153, 153, 153
L -1672, 1276, -1561,  -1672, 1269, -1561,  153, 153, 153
L -1672, 1269, -1561,  -1669, 1266, -1561,  153, 153, 153
L -1669, 1266, -1561,  -1659, 1266, -1561,  153, 153, 153
L -1659, 1266, -1561,  -1657, 1276, -1561,  153, 153, 153
L -1717, 806, -1761,  -1717, 806, -1761,  153, 153, 153
L -1717, 806, -1761,  -1718, 809, -1761,  153, 153, 153
L -1718, 809, -1761,  -1720, 809, -1761,  153, 153, 153
L -1720, 809, -1761,  -1720, 812, -1761,  153, 153, 153
L -1720, 812, -1761,  -1726, 814, -1759,  153, 153, 153
L -1726, 814, -1759,  -1728, 809, -1761,  153, 153, 153
L -1728, 809, -1761,  -1730, 809, -1757,  153, 153, 153
L -1730, 809, -1757,  -1732, 711, -1761,  153, 153, 153
L -1732, 711, -1761,  -1729, 708, -1761,  153, 153, 153
L -1729, 708, -1761,  -1728, 703, -1758,  153, 153, 153
L -1728, 703, -1758,  -1723, 704, -1760,  153, 153, 153
L -1723, 704, -1760,  -1719, 708, -1758,  153, 153, 153
L -1719, 708, -1758,  -1717, 716, -1761,  153, 153, 153
L -1717, 716, -1761,  -1692, 707, -1614,  153, 153, 153
L -1692, 707, -1614,  -1692, 693, -1614,  153, 153, 153
L -1692, 693, -1614,  -1694, 684, -1624,  153, 153, 153
L -1694, 684, -1624,  -1709, 672, -1677,  153, 153, 153
L -1709, 672, -1677,  -1715, 667, -1606,  153, 153, 153
L -1715, 667, -1606,  -1712, 664, -1569,  153, 153, 153
L -1712, 664, -1569,  -1711, 657, -1553,  153, 153, 153
L -1711, 657, -1553,  -1641, 627, -1742,  153, 153, 153
L -1641, 627, -1742,  -1622, 599, -1761,  153, 153, 153
L -1622, 599, -1761,  -1671, 470, -1835,  153, 153, 153
L -1671, 470, -1835,  -1651, 418, -1969,  153, 153, 153
L -1651, 418, -1969,  -1610, 357, -1962,  153, 153, 153
L -1610, 357, -1962,  -1541, 327, -1959,  153, 153, 153
L -1541, 327, -1959,  -1472, 327, -1961,  153, 153, 153
L -1472, 327, -1961,  -1459, 327, -1956,  153, 153, 153
L -1459, 327, -1956,  -1457, 427, -1961,  153, 153, 153
L -1457, 427, -1961,  -1382, 427, -1961,  153, 153, 153
L -1382, 427, -1961,  -1381, 377, -1961,  153, 153, 153
L -1381, 377, -1961,  -1340, 338, -1980,  153, 153, 153
L -1340, 338, -1980,  -1291, 338, -1980,  153, 153, 153
L -1291, 338, -1980,  -1291, 260, -1980,  153, 153, 153
L -1291, 260, -1980,  -1391, 260, -1978,  153, 153, 153
L -1391, 260, -1978,  -1391, 256, -1980,  153, 153, 153
L -1391, 256, -1980,  -1391, 160, -1979,  153, 153, 153
L -1391, 160, -1979,  -1483, 130, -1630,  153, 153, 153
L -1483, 130, -1630,  -1511, 129, -1887,  153, 153, 153
L -1511, 129, -1887,  -1518, 108, -1884,  153, 153, 153
L -1518, 108, -1884,  -1551, 119, -1885,  153, 153, 153
L -1551, 119, -1885,  -1592, 79, -1884,  153, 153, 153
L -1592, 79, -1884,  -1610, 70, -1883,  153, 153, 153
L -1610, 70, -1883,  -1598, 44, -1883,  153, 153, 153
L -1598, 44, -1883,  -1566, 57, -1881,  153, 153, 153
L -1566, 57, -1881,  -1539, 53, -1885,  153, 153, 153
L -1539, 53, -1885,  -1541, 36, -1889,  153, 153, 153
L -1541, 36, -1889,  -1538, 22, -1886,  153, 153, 153
L -1538, 22, -1886,  -1503, 19, -1888,  153, 153, 153
L -1503, 19, -1888,  -1471, 4, -1886,  153, 153, 153
L -1471, 4, -1886,  -1466, -5, -1906,  153, 153, 153
L -1466, -5, -1906,  -1459, -9, -1879,  153, 153, 153
L -1459, -9, -1879,  -1445, 3, -1758,  153, 153, 153
L -1445, 3, -1758,  -1446, 12, -1686,  153, 153, 153
L -1446, 12, -1686,  -1448, 43, -1688,  153, 153, 153
L -1448, 43, -1688,  -1438, 67, -1704,  153, 153, 153
L -1438, 67, -1704,  -1398, 87, -1720,  153, 153, 153
L -1398, 87, -1720,  -1361, 76, -1649,  153, 153, 153
L -1361, 76, -1649,  -1319, 68, -1477,  153, 153, 153
L -1319, 68, -1477,  -1268, 99, -1321,  153, 153, 153
L -1268, 99, -1321,  -1236, 138, -1319,  153, 153, 153
L -1236, 138, -1319,  -1228, 138, -1318,  153, 153, 153
L -1228, 138, -1318,  -1209, 141, -1319,  153, 153, 153
L -1209, 141, -1319,  -1203, 137, -1319,  153, 153, 153
L -1203, 137, -1319,  -1192, 136, -1340,  153, 153, 153
L -1192, 136, -1340,  -1176, 137, -1343,  153, 153, 153
L -1176, 137, -1343,  -1170, 143, -1345,  153, 153, 153
L -3197, 156, -3960,  -3197, 156, -3959,  153, 153, 153
L -3197, 156, -3959,  -3196, 219, -3959,  153, 153, 153
L -3196, 219, -3959,  -3168, 276, -3957,  153, 153, 153
L -3168, 276, -3957,  -3100, 306, -3960,  153, 153, 153
L -3100, 306, -3960,  -2979, 307, -3960,  153, 153, 153
L -2979, 307, -3960,  -2910, 345, -3955,  153, 153, 153
L -2910, 345, -3955,  -2807, 418, -3959,  153, 153, 153
L -2807, 418, -3959,  -2787, 487, -3941,  153, 153, 153
L -2787, 487, -3941,  -2727, 497, -3853,  153, 153, 153
L -2727, 497, -3853,  -2660, 584, -3730,  153, 153, 153
L -2660, 584, -3730,  -2657, 627, -3361,  153, 153, 153
L -2657, 627, -3361,  -2641, 633, -3356,  153, 153, 153
L -2641, 633, -3356,  -2581, 656, -3346,  153, 153, 153
L -2581, 656, -3346,  -2569, 608, -3376,  153, 153, 153
L -2569, 608, -3376,  -2548, 627, -3379,  153, 153, 153
L -2548, 627, -3379,  -2518, 617, -3379,  153, 153, 153
L -2518, 617, -3379,  -2490, 598, -3378,  153, 153, 153
L -2490, 598, -3378,  -2481, 580, -3379,  153, 153, 153
L -2481, 580, -3379,  -2410, 488, -3311,  153, 153, 153
L -2410, 488, -3311,  -2340, 437, -3057,  153, 153, 153
L -2340, 437, -3057,  -2290, 338, -2898,  153, 153, 153
L -2290, 338, -2898,  -2269, 338, -2766,  153, 153, 153
L -2269, 338, -2766,  -2178, 278, -2579,  153, 153, 153
L -2178, 278, -2579,  -2139, 269, -2545,  153, 153, 153
L -2139, 269, -2545,  -2144, 250, -2549,  153, 153, 153
L -2144, 250, -2549,  -2128, 244, -2385,  153, 153, 153
L -2128, 244, -2385,  -2090, 258, -2268,  153, 153, 153
L -2090, 258, -2268,  -2058, 288, -2279,  153, 153, 153
L -2058, 288, -2279,  -2010, 278, -2214,  153, 153, 153
L -2010, 278, -2214,  -1968, 265, -2178,  153, 153, 153
L -1968, 265, -2178,  -1947, 237, -2180,  153, 153, 153
L -1947, 237, -2180,  -1929, 227, -2174,  153, 153, 153
L -1929, 227, -2174,  -1909, 187, -2172,  153, 153, 153
L -1909, 187, -2172,  -1905, 180, -2164,  153, 153, 153
L -1905, 180, -2164,  -1889, 166, -2067,  153, 153, 153
L -1889, 166, -2067,  -1858, 179, -2049,  153, 153, 153
L -1858, 179, -2049,  -1799, 227, -2068,  153, 153, 153
L -1799, 227, -2068,  -1790, 227, -2066,  153, 153, 153
L -1879, 100, -2150,  -1879, 100, -2152,  153, 153, 153
L -1879, 100, -2152,  -1909, 120, -2150,  153, 153, 153
L -1909, 120, -2150,  -1951, 162, -2153,  153, 153, 153
L -1951, 162, -2153,  -1993, 197, -2153,  153, 153, 153
L -1993, 197, -2153,  -1991, 205, -2166,  153, 153, 153
L -1991, 205, -2166,  -2012, 225, -2037,  153, 153, 153
L -2012, 225, -2037,  -2022, 224, -2028,  153, 153, 153
L -2022, 224, -2028,  -2064, 198, -2038,  153, 153, 153
L -2064, 198, -2038,  -2089, 190, -2057,  153, 153, 153
L -2089, 190, -2057,  -2181, 210, -2162,  153, 153, 153
L -2181, 210, -2162,  -2219, 210, -2214,  153, 153, 153
L -2219, 210, -2214,  -2269, 260, -2602,  153, 153, 153
L -2269, 260, -2602,  -2288, 265, -2696,  153, 153, 153
L -2288, 265, -2696,  -2413, 321, -3059,  153, 153, 153
L -2413, 321, -3059,  -2452, 291, -3190,  153, 153, 153
L -2452, 291, -3190,  -2480, 269, -3265,  153, 153, 153
L -2480, 269, -3265,  -2498, 234, -3346,  153, 153, 153
L -2498, 234, -3346,  -2545, 198, -3379,  153, 153, 153
L -2545, 198, -3379,  -2578, 190, -3379,  153, 153, 153
L -2578, 190, -3379,  -2599, 231, -3379,  153, 153, 153
L -2599, 231, -3379,  -2680, 221, -3379,  153, 153, 153
L -2680, 221, -3379,  -2808, 309, -3379,  153, 153, 153
L -2808, 309, -3379,  -2909, 261, -3926,  153, 153, 153
L -2909, 261, -3926,  -2983, 250, -3979,  153, 153, 153
L -2983, 250, -3979,  -3019, 250, -3978,  153, 153, 153
L -3019, 250, -3978,  -3058, 231, -3979,  153, 153, 153
L -3058, 231, -3979,  -3102, 239, -3979,  153, 153, 153
L -3102, 239, -3979,  -3140, 219, -3977,  153, 153, 153
L -3140, 219, -3977,  -3140, 100, -3979,  153, 153, 153
L -3140, 100, -3979,  -3193, 100, -3979,  153, 153, 153
L -1792, 227, -2160,  -1792, 227, -2160,  153, 153, 153
L -1792, 227, -2160,  -1792, 211, -2161,  153, 153, 153
L -1792, 211, -2161,  -1801, 210, -2163,  153, 153, 153
L -1801, 210, -2163,  -1801, 188, -2179,  153, 153, 153
L -1801, 188, -2179,  -1779, 187, -2161,  153, 153, 153
L -1779, 187, -2161,  -1777, 197, -2161,  153, 153, 153
L -1777, 197, -2161,  -1761, 197, -2161,  153, 153, 153
L -1761, 197, -2161,  -1761, 190, -2160,  153, 153, 153
L -1761, 190, -2160,  -1753, 188, -2161,  153, 153, 153
L -1753, 188, -2161,  -1751, 178, -2161,  153, 153, 153
L -1751, 178, -2161,  -1740, 177, -2158,  153, 153, 153
L -1740, 177, -2158,  -1737, 188, -2161,  153, 153, 153
L -1737, 188, -2161,  -1737, 200, -2158,  153, 153, 153
L -1737, 200, -2158,  -1747, 211, -2161,  153, 153, 153
L -1747, 211, -2161,  -1747, 239, -2161,  153, 153, 153
L -1747, 239, -2161,  -1847, 241, -2161,  153, 153, 153
L -1847, 241, -2161,  -1848, 338, -2177,  153, 153, 153
L -1848, 338, -2177,  -1750, 338, -2179,  153, 153, 153
L -1750, 338, -2179,  -1749, 287, -2179,  153, 153, 153
L -1749, 287, -2179,  -1690, 288, -2180,  153, 153, 153
L -1690, 288, -2180,  -1691, 209, -2179,  153, 153, 153
L -1691, 209, -2179,  -1700, 200, -2178,  153, 153, 153
L -1700, 200, -2178,  -1700, 197, -2180,  153, 153, 153
L -1700, 197, -2180,  -1700, 179, -2180,  153, 153, 153
L -1700, 179, -2180,  -1689, 178, -2180,  153, 153, 153
L -1689, 178, -2180,  -1688, 188, -2180,  153, 153, 153
L -1688, 188, -2180,  -1680, 189, -2175,  153, 153, 153
L -1680, 189, -2175,  -1679, 198, -2179,  153, 153, 153
L -1679, 198, -2179,  -1664, 198, -2180,  153, 153, 153
L -1664, 198, -2180,  -1660, 187, -2177,  153, 153, 153
L -1660, 187, -2177,  -1638, 189, -2180,  153, 153, 153
L -1638, 189, -2180,  -1638, 209, -2177,  153, 153, 153
L -1638, 209, -2177,  -1648, 210, -2180,  153, 153, 153
L -1648, 210, -2180,  -1648, 248, -2176,  153, 153, 153
L -1648, 248, -2176,  -1639, 248, -2178,  153, 153, 153
L -1639, 248, -2178,  -1610, 267, -2180,  153, 153, 153
L -1610, 267, -2180,  -1608, 269, -1980,  153, 153, 153
L -1608, 269, -1980,  -1608, 280, -1980,  153, 153, 153
L -1608, 280, -1980,  -1709, 330, -2380,  153, 153, 153
L -1709, 330, -2380,  -1753, 345, -2380,  153, 153, 153
L -1753, 345, -2380,  -1808, 439, -2380,  153, 153, 153
L -1808, 439, -2380,  -1808, 465, -2380,  153, 153, 153
L -1808, 465, -2380,  -1848, 519, -2380,  153, 153, 153
L -1848, 519, -2380,  -1848, 588, -2380,  153, 153, 153
L -1848, 588, -2380,  -1789, 660, -1780,  153, 153, 153
L -1789, 660, -1780,  -1808, 681, -1589,  153, 153, 153
L -1808, 681, -1589,  -1808, 692, -1589,  153, 153, 153
L -1808, 692, -1589,  -1808, 708, -1589,  153, 153, 153
L -1808, 708, -1589,  -1788, 718, -1780,  153, 153, 153
L -1788, 718, -1780,  -1780, 718, -1780,  153, 153, 153
L -1780, 718, -1780,  -1780, 711, -1780,  153, 153, 153
L -1780, 711, -1780,  -1777, 710, -1780,  153, 153, 153
L -1777, 710, -1780,  -1777, 705, -1780,  153, 153, 153
L -1777, 705, -1780,  -1771, 705, -1780,  153, 153, 153
L -1771, 705, -1780,  -1771, 710, -1780,  153, 153, 153
L -1771, 710, -1780,  -1768, 710, -1780,  153, 153, 153
L -1768, 710, -1780,  -1769, 808, -1780,  153, 153, 153
L -1769, 808, -1780,  -1771, 808, -1780,  153, 153, 153
L -1771, 808, -1780,  -1772, 813, -1780,  153, 153, 153
L -1772, 813, -1780,  -1776, 813, -1780,  153, 153, 153
L -1776, 813, -1780,  -1778, 808, -1780,  153, 153, 153
L -1778, 808, -1780,  -1781, 807, -1780,  153, 153, 153
L -1781, 807, -1780,  -1780, 801, -1780,  153, 153, 153
L -1780, 801, -1780,  -1782, 803, -1780,  153, 153, 153
L -1462, 290, -1980,  -1462, 290, -1980,  153, 153, 153
L -1462, 290, -1980,  -1479, 290, -1980,  153, 153, 153
L -1479, 290, -1980,  -1481, 282, -1980,  153, 153, 153
L -1481, 282, -1980,  -1480, 237, -1980,  153, 153, 153
L -1480, 237, -1980,  -1429, 238, -1980,  153, 153, 153
L -1429, 238, -1980,  -1428, 248, -1980,  153, 153, 153
L -1428, 248, -1980,  -1430, 261, -1980,  153, 153, 153
L -1430, 261, -1980,  -1459, 290, -1980,  153, 153, 153
L -1459, 290, -1980,  -1462, 290, -1980,  153, 153, 153
L -1170, 144, -1359,  -1170, 144, -1359,  153, 153, 153
L -1170, 144, -1359,  -1165, 160, -1580,  153, 153, 153
L -1165, 160, -1580,  -1169, 174, -1580,  153, 153, 153
L -1169, 174, -1580,  -1190, 179, -1570,  153, 153, 153
L -1190, 179, -1570,  -1215, 180, -1446,  153, 153, 153
L -1215, 180, -1446,  -1228, 190, -1385,  153, 153, 153
L -1228, 190, -1385,  -1259, 201, -1380,  153, 153, 153
L -1259, 201, -1380,  -1268, 254, -1380,  153, 153, 153
L -1268, 254, -1380,  -1268, 269, -1380,  153, 153, 153
L -1268, 269, -1380,  -1228, 339, -1372,  153, 153, 153
L -1228, 339, -1372,  -1189, 378, -1180,  153, 153, 153
L -1189, 378, -1180,  -1190, 393, -1180,  153, 153, 153
L -1190, 393, -1180,  -1186, 394, -1180,  153, 153, 153
L -1186, 394, -1180,  -1181, 400, -1180,  153, 153, 153
L -1181, 400, -1180,  -1175, 410, -1180,  153, 153, 153
L -1175, 410, -1180,  -1173, 425, -1180,  153, 153, 153
L -1173, 425, -1180,  -1177, 438, -1171,  153, 153, 153
L -1177, 438, -1171,  -1181, 442, -1180,  153, 153, 153
L -1181, 442, -1180,  -1207, 456, -1180,  153, 153, 153
L -1207, 456, -1180,  -1221, 448, -1180,  153, 153, 153
L -1221, 448, -1180,  -1227, 448, -1180,  153, 153, 153
L -1227, 448, -1180,  -1229, 450, -1180,  153, 153, 153
L -1229, 450, -1180,  -1241, 448, -1225,  153, 153, 153
L -1241, 448, -1225,  -1246, 445, -1239,  153, 153, 153
L -1246, 445, -1239,  -1251, 433, -1256,  153, 153, 153
L -1251, 433, -1256,  -1250, 430, -1252,  153, 153, 153
L -1250, 430, -1252,  -1258, 422, -1271,  153, 153, 153
L -1258, 422, -1271,  -1390, 400, -1380,  153, 153, 153
L -1390, 400, -1380,  -1448, 442, -1380,  153, 153, 153
L -1448, 442, -1380,  -1448, 469, -1440,  153, 153, 153
L -1448, 469, -1440,  -1448, 500, -1633,  153, 153, 153
L -1448, 500, -1633,  -1389, 500, -1180,  153, 153, 153
L -1389, 500, -1180,  -1388, 510, -1180,  153, 153, 153
L -1388, 510, -1180,  -1398, 510, -1180,  153, 153, 153
L -1398, 510, -1180,  -1498, 510, -1180,  153, 153, 153
L -1498, 510, -1180,  -1498, 698, -1180,  153, 153, 153
L -1498, 698, -1180,  -1448, 698, -1180,  153, 153, 153
L -1448, 698, -1180,  -1448, 699, -1180,  153, 153, 153
L -1448, 699, -1180,  -1449, 710, -1180,  153, 153, 153
L -1449, 710, -1180,  -1478, 710, -1180,  153, 153, 153
L -1478, 710, -1180,  -1478, 779, -1180,  153, 153, 153
L -1478, 779, -1180,  -1481, 780, -1180,  153, 153, 153
L -1481, 780, -1180,  -1568, 780, -1180,  153, 153, 153
L -1568, 780, -1180,  -1568, 858, -1180,  153, 153, 153
L -1568, 858, -1180,  -1491, 858, -1180,  153, 153, 153
L -1491, 858, -1180,  -1491, 819, -1180,  153, 153, 153
L -1491, 819, -1180,  -1478, 818, -1180,  153, 153, 153
L -1478, 818, -1180,  -1478, 868, -1180,  153, 153, 153
L -1478, 868, -1180,  -1401, 868, -1180,  153, 153, 153
L -1401, 868, -1180,  -1401, 859, -1180,  153, 153, 153
L -1401, 859, -1180,  -1323, 859, -1370,  153, 153, 153
L -1323, 859, -1370,  -1327, 868, -1380,  153, 153, 153
L -1327, 868, -1380,  -1337, 867, -1380,  153, 153, 153
L -1337, 867, -1380,  -1337, 864, -1380,  153, 153, 153
L -1337, 864, -1380,  -1358, 864, -1380,  153, 153, 153
L -1358, 864, -1380,  -1358, 878, -1380,  153, 153, 153
L -1358, 878, -1380,  -1260, 877, -1380,  153, 153, 153
L -1260, 877, -1380,  -1258, 917, -1380,  153, 153, 153
L -1258, 917, -1380,  -1161, 917, -1380,  153, 153, 153
L -1161, 917, -1380,  -1174, 892, -1380,  153, 153, 153
L -1174, 892, -1380,  -1175, 893, -1380,  153, 153, 153
L -1175, 893, -1380,  -1180, 894, -1380,  153, 153, 153
L -1180, 894, -1380,  -1181, 889, -1380,  153, 153, 153
L -1181, 889, -1380,  -1150, 888, -1280,  153, 153, 153
L -1150, 888, -1280,  -1148, 892, -1280,  153, 153, 153
L -1148, 892, -1280,  -1148, 957, -1280,  153, 153, 153
L -1148, 957, -1280,  -1078, 958, -1280,  153, 153, 153
L -1078, 958, -1280,  -1078, 959, -1280,  153, 153, 153
L -1078, 959, -1280,  -1078, 968, -1280,  153, 153, 153
L -1078, 968, -1280,  -1081, 971, -1280,  153, 153, 153
L -1081, 971, -1280,  -1088, 970, -1280,  153, 153, 153
L -1088, 970, -1280,  -1088, 1027, -1280,  153, 153, 153
L -1088, 1027, -1280,  -1028, 1028, -1280,  153, 153, 153
L -1028, 1028, -1280,  -1028, 1087, -1280,  153, 153, 153
L -1028, 1087, -1280,  -911, 1087, -1280,  153, 153, 153
L -911, 1087, -1280,  -911, 970, -1280,  153, 153, 153
L -911, 970, -1280,  -1041, 969, -1280,  153, 153, 153
L -1041, 969, -1280,  -1041, 967, -1280,  153, 153, 153
L -1041, 967, -1280,  -1039, 957, -1280,  153, 153, 153
L -1039, 957, -1280,  -1031, 957, -1280,  153, 153, 153
L -1031, 957, -1280,  -1031, 720, -1280,  153, 153, 153
L -1031, 720, -1280,  -1037, 720, -1280,  153, 153, 153
L -1037, 720, -1280,  -1041, 717, -1280,  153, 153, 153
L -1041, 717, -1280,  -1041, 709, -1280,  153, 153, 153
L -1041, 709, -1280,  -971, 708, -1280,  153, 153, 153
L -971, 708, -1280,  -971, 590, -1280,  153, 153, 153
L -971, 590, -1280,  -1088, 590, -1280,  153, 153, 153
L -1088, 590, -1280,  -1088, 669, -1280,  153, 153, 153
L -1088, 669, -1280,  -1078, 708, -1280,  153, 153, 153
L -1078, 708, -1280,  -1080, 721, -1280,  153, 153, 153
L -1080, 721, -1280,  -1148, 720, -1280,  153, 153, 153
L -1148, 720, -1280,  -1148, 778, -1280,  153, 153, 153
L -1148, 778, -1280,  -1148, 789, -1280,  153, 153, 153
L -1148, 789, -1280,  -1181, 790, -1380,  153, 153, 153
L -1181, 790, -1380,  -1181, 786, -1380,  153, 153, 153
L -1181, 786, -1380,  -1177, 784, -1380,  153, 153, 153
L -1177, 784, -1380,  -1172, 786, -1380,  153, 153, 153
L -1172, 786, -1380,  -1163, 786, -1380,  153, 153, 153
L -1163, 786, -1380,  -1161, 760, -1380,  153, 153, 153
L -1161, 760, -1380,  -1258, 760, -1380,  153, 153, 153
L -1258, 760, -1380,  -1259, 800, -1380,  153, 153, 153
L -1259, 800, -1380,  -1358, 800, -1380,  153, 153, 153
L -1358, 800, -1380,  -1358, 811, -1380,  153, 153, 153
L -1358, 811, -1380,  -1338, 814, -1380,  153, 153, 153
L -1338, 814, -1380,  -1337, 811, -1380,  153, 153, 153
L -1337, 811, -1380,  -1326, 810, -1380,  153, 153, 153
L -1326, 810, -1380,  -1326, 817, -1380,  153, 153, 153
L -1326, 817, -1380,  -1399, 820, -1180,  153, 153, 153
L -1399, 820, -1180,  -1401, 769, -1180,  153, 153, 153
L -1401, 769, -1180,  -1351, 768, -1180,  153, 153, 153
L -1351, 768, -1180,  -1351, 725, -1180,  153, 153, 153
L -1351, 725, -1180,  -1351, 679, -1180,  153, 153, 153
L -1351, 679, -1180,  -1341, 668, -1180,  153, 153, 153
L -1341, 668, -1180,  -1341, 620, -1180,  153, 153, 153
L -1341, 620, -1180,  -1259, 608, -1680,  153, 153, 153
L -1259, 608, -1680,  -1232, 617, -1680,  153, 153, 153
L -1232, 617, -1680,  -1230, 617, -1180,  153, 153, 153
L -1230, 617, -1180,  -1190, 587, -1180,  153, 153, 153
L -1190, 587, -1180,  -1184, 574, -1180,  153, 153, 153
L -1184, 574, -1180,  -1191, 571, -1160,  153, 153, 153
L -1191, 571, -1160,  -1195, 553, -1070,  153, 153, 153
L -1195, 553, -1070,  -1190, 539, -1019,  153, 153, 153
L -1190, 539, -1019,  -1155, 513, -1180,  153, 153, 153
L -1155, 513, -1180,  -1140, 488, -1180,  153, 153, 153
L -1140, 488, -1180,  -1122, 496, -1123,  153, 153, 153
L -1122, 496, -1123,  -1096, 474, -1041,  153, 153, 153
L -1096, 474, -1041,  -1091, 459, -1023,  153, 153, 153
L -1091, 459, -1023,  -1041, 380, -867,  153, 153, 153
L -1041, 380, -867,  -1041, 348, -1181,  153, 153, 153
L -1041, 348, -1181,  -1011, 318, -1351,  153, 153, 153
L -1011, 318, -1351,  -1012, 295, -1641,  153, 153, 153
L -1012, 295, -1641,  -1020, 270, -1663,  153, 153, 153
L -1020, 270, -1663,  -1021, 260, -1517,  153, 153, 153
L -1021, 260, -1517,  -981, 267, -1358,  153, 153, 153
L -981, 267, -1358,  -981, 250, -1442,  153, 153, 153
L -981, 250, -1442,  -1021, 250, -1497,  153, 153, 153
L -1021, 250, -1497,  -1021, 237, -1580,  153, 153, 153
L -1021, 237, -1580,  -960, 236, -1380,  153, 153, 153
L -960, 236, -1380,  -958, 238, -1380,  153, 153, 153
L -958, 238, -1380,  -800, 238, -1380,  153, 153, 153
L -800, 238, -1380,  -796, 261, -1400,  153, 153, 153
L -796, 261, -1400,  -779, 297, -1400,  153, 153, 153
L -779, 297, -1400,  -701, 258, -1247,  153, 153, 153
L -701, 258, -1247,  -661, 199, -1111,  153, 153, 153
L -661, 199, -1111,  -586, 139, -1089,  153, 153, 153
L -586, 139, -1089,  -561, 119, -641,  153, 153, 153
L -561, 119, -641,  -582, 75, -1180,  153, 153, 153
L -582, 75, -1180,  -609, -5, -1063,  153, 153, 153
L -609, -5, -1063,  -661, -20, -775,  153, 153, 153
L -661, -20, -775,  -720, -98, -868,  153, 153, 153
L -720, -98, -868,  -681, -141, -564,  153, 153, 153
L -681, -141, -564,  -620, -141, -360,  153, 153, 153
L -620, -141, -360,  -541, -161, -270,  153, 153, 153
L -541, -161, -270,  -479, -141, -179,  153, 153, 153
L -479, -141, -179,  -405, -49, 8,  153, 153, 153
L -405, -49, 8,  -399, 0, 659,  153, 153, 153
L -399, 0, 659,  -368, 35, 392,  153, 153, 153
L -368, 35, 392,  -318, 98, 18,  153, 153, 153
L -318, 98, 18,  -229, 123, 37,  153, 153, 153
L -229, 123, 37,  -204, 136, 400,  153, 153, 153
L -204, 136, 400,  -200, 138, 435,  153, 153, 153
L -200, 138, 435,  -172, 100, 54,  153, 153, 153
L -172, 100, 54,  -181, 99, 19,  153, 153, 153
L -181, 99, 19,  -188, 99, 19,  153, 153, 153
L -188, 99, 19,  -189, 90, 19,  153, 153, 153
L -189, 90, 19,  -181, 89, 19,  153, 153, 153
L -181, 89, 19,  -181, 58, 18,  153, 153, 153
L -181, 58, 18,  -161, 58, 18,  153, 153, 153
L -161, 58, 18,  -161, 44, 18,  153, 153, 153
L -161, 44, 18,  -233, 44, 18,  153, 153, 153
L -233, 44, 18,  -233, 44, 18,  153, 153, 153
L -233, 44, 18,  -240, 46, 18,  153, 153, 153
L -240, 46, 18,  -239, 38, 17,  153, 153, 153
L -239, 38, 17,  18, 38, -4,  153, 153, 153
L 18, 38, -4,  20, 39, 18,  153, 153, 153
L 20, 39, 18,  20, 44, 18,  153, 153, 153
L 20, 44, 18,  -59, 44, 18,  153, 153, 153
L -59, 44, 18,  -59, 58, 18,  153, 153, 153
L -59, 58, 18,  -41, 58, 18,  153, 153, 153
L -41, 58, 18,  -39, 89, 18,  153, 153, 153
L -39, 89, 18,  -31, 89, 18,  153, 153, 153
L -31, 89, 18,  -31, 89, 19,  153, 153, 153
L -31, 89, 19,  -49, 100, 96,  153, 153, 153
L -49, 100, 96,  -49, 109, 129,  153, 153, 153
L -49, 109, 129,  40, 118, 18,  153, 153, 153
L 40, 118, 18,  78, 118, 18,  153, 153, 153
L 78, 118, 18,  199, 97, 218,  153, 153, 153
L 199, 97, 218,  280, 118, 423,  153, 153, 153
L 280, 118, 423,  319, 158, 651,  153, 153, 153
L 319, 158, 651,  458, 257, 974,  153, 153, 153
L 458, 257, 974,  498, 258, 1145,  153, 153, 153
L 498, 258, 1145,  518, 238, 1207,  153, 153, 153
L 518, 238, 1207,  599, 178, 1218,  153, 153, 153
L 599, 178, 1218,  658, 178, 1218,  153, 153, 153
L 658, 178, 1218,  658, 37, 1218,  153, 153, 153
L 658, 37, 1218,  658, 37, 1218,  153, 153, 153
L 637, -18, 1271,  637, -18, 1271,  153, 153, 153
L 637, -18, 1271,  601, -18, 1834,  153, 153, 153
L 601, -18, 1834,  601, 119, 1236,  153, 153, 153
L 601, 119, 1236,  560, 122, 1236,  153, 153, 153
L 560, 121, 1236,  560, 121, 1236,  153, 153, 153
L 560, 121, 1236,  521, 180, 1236,  153, 153, 153
L 521, 180, 1236,  478, 161, 1196,  153, 153, 153
L 478, 161, 1196,  435, 159, 935,  153, 153, 153
L 435, 159, 935,  402, 143, 848,  153, 153, 153
L 402, 143, 848,  357, 81, 892,  153, 153, 153
L 357, 81, 892,  207, 43, 258,  153, 153, 153
L 207, 43, 258,  196, 37, 363,  153, 153, 153
L 196, 37, 363,  177, -38, 150,  153, 153, 153
L 177, -38, 150,  142, -56, 49,  153, 153, 153
L 142, -56, 49,  138, -58, 37,  153, 153, 153
L 138, -58, 37,  112, -101, 522,  153, 153, 153
L 112, -101, 522,  89, -113, 429,  153, 153, 153
L 89, -113, 429,  39, -137, 808,  153, 153, 153
L 39, -137, 808,  15, -116, 590,  153, 153, 153
L 15, -116, 590,  5, -119, 516,  153, 153, 153
L 5, -119, 516,  -39, -127, 93,  153, 153, 153
L -39, -127, 93,  -47, -110, 58,  153, 153, 153
L -47, -110, 58,  -48, -107, 55,  153, 153, 153
L -48, -107, 55,  -39, -102, 42,  153, 153, 153
L -39, -102, 42,  -32, -100, 37,  153, 153, 153
L -32, -100, 37,  -30, -93, 37,  153, 153, 153
L -30, -93, 37,  -38, -89, 37,  153, 153, 153
L -38, -89, 37,  -38, -60, 37,  153, 153, 153
L -38, -60, 37,  -58, -58, 37,  153, 153, 153
L -58, -58, 37,  -58, -48, 37,  153, 153, 153
L -58, -48, 37,  10, -46, 37,  153, 153, 153
L 10, -46, 37,  20, -48, 37,  153, 153, 153
L 20, -48, 37,  21, -39, 37,  153, 153, 153
L 21, -39, 37,  -239, -38, 35,  153, 153, 153
L -239, -38, 35,  -242, -46, 37,  153, 153, 153
L -242, -46, 37,  -162, -47, 37,  153, 153, 153
L -162, -47, 37,  -162, -55, 37,  153, 153, 153
L -162, -55, 37,  -175, -58, 37,  153, 153, 153
L -175, -58, 37,  -182, -89, 37,  153, 153, 153
L -182, -89, 37,  -182, -89, 37,  153, 153, 153
L -182, -89, 37,  -190, -91, 37,  153, 153, 153
L -190, -91, 37,  -182, -100, 38,  153, 153, 153
L -182, -100, 38,  -172, -102, 42,  153, 153, 153
L -172, -102, 42,  -172, -103, 43,  153, 153, 153
L -172, -103, 43,  -202, -138, 115,  153, 153, 153
L -202, -138, 115,  -222, -148, 367,  153, 153, 153
L -222, -148, 367,  -322, -197, 37,  153, 153, 153
L -322, -197, 37,  -408, -181, 327,  153, 153, 153
L -408, -181, 327,  -434, -194, 169,  153, 153, 153
L -434, -194, 169,  -546, -208, -258,  153, 153, 153
L -546, -208, -258,  -620, -217, -360,  153, 153, 153
L -620, -217, -360,  -679, -178, -544,  153, 153, 153
L -679, -178, -544,  -757, -162, -644,  153, 153, 153
L -757, -162, -644,  -777, -137, -757,  153, 153, 153
L -777, -137, -757,  -777, -100, -714,  153, 153, 153
L -777, -100, -714,  -787, -71, -691,  153, 153, 153
L -787, -71, -691,  -797, -25, -304,  153, 153, 153
L -797, -25, -304,  -718, 18, -858,  153, 153, 153
L -718, 18, -858,  -657, 79, -1130,  153, 153, 153
L -657, 79, -1130,  -657, 97, -1160,  153, 153, 153
L -657, 97, -1160,  -654, 97, -1158,  153, 153, 153
L -654, 97, -1158,  -634, 114, -1114,  153, 153, 153
L -634, 114, -1114,  -678, 131, -674,  153, 153, 153
L -678, 131, -674,  -741, 161, -1381,  153, 153, 153
L -741, 161, -1381,  -754, 154, -1381,  153, 153, 153
L -754, 154, -1381,  -755, 157, -1360,  153, 153, 153
L -755, 157, -1360,  -777, 143, -1381,  153, 153, 153
L -777, 143, -1381,  -789, 152, -1381,  153, 153, 153
L -789, 152, -1381,  -795, 158, -1292,  153, 153, 153
L -795, 158, -1292,  -797, 175, -1381,  153, 153, 153
L -797, 175, -1381,  -799, 181, -1366,  153, 153, 153
L -799, 181, -1366,  -930, 181, -1361,  153, 153, 153
L -930, 181, -1361,  -932, 151, -1381,  153, 153, 153
L -932, 151, -1381,  -960, 141, -1371,  153, 153, 153
L -960, 141, -1371,  -999, 103, -1361,  153, 153, 153
L -999, 103, -1361,  -1002, 69, -1328,  153, 153, 153
L -1002, 69, -1328,  -992, 59, -1361,  153, 153, 153
L -992, 59, -1361,  -922, 8, -1361,  153, 153, 153
L -922, 8, -1361,  -922, -8, -1361,  153, 153, 153
L -922, -8, -1361,  -942, -40, -1361,  153, 153, 153
L -942, -40, -1361,  -929, -68, -1316,  153, 153, 153
L -929, -68, -1316,  -894, -107, -1206,  153, 153, 153
L -894, -107, -1206,  -901, -128, -1361,  153, 153, 153
L -901, -128, -1361,  -902, -138, -1361,  153, 153, 153
L -902, -138, -1361,  -960, -138, -1361,  153, 153, 153
L -960, -138, -1361,  -962, -148, -1361,  153, 153, 153
L -962, -148, -1361,  -971, -145, -1361,  153, 153, 153
L -971, -145, -1361,  -972, -162, -1361,  153, 153, 153
L -972, -162, -1361,  -966, -162, -1361,  153, 153, 153
L -966, -162, -1361,  -950, -162, -1361,  153, 153, 153
L -950, -162, -1361,  -947, -152, -1361,  153, 153, 153
L -947, -152, -1361,  -821, -151, -1380,  153, 153, 153
L -821, -151, -1380,  -821, -269, -1380,  153, 153, 153
L -821, -269, -1380,  -879, -269, -1380,  153, 153, 153
L -879, -269, -1380,  -879, -209, -1380,  153, 153, 153
L -879, -209, -1380,  -948, -209, -1380,  153, 153, 153
L -948, -209, -1380,  -949, -199, -1380,  153, 153, 153
L -949, -199, -1380,  -957, -199, -1380,  153, 153, 153
L -957, -199, -1380,  -971, -200, -1380,  153, 153, 153
L -971, -200, -1380,  -970, -211, -1380,  153, 153, 153
L -970, -211, -1380,  -961, -211, -1380,  153, 153, 153
L -961, -211, -1380,  -961, -220, -1380,  153, 153, 153
L -961, -220, -1380,  -901, -221, -1380,  153, 153, 153
L -901, -221, -1380,  -902, -231, -1380,  153, 153, 153
L -902, -231, -1380,  -950, -298, -1380,  153, 153, 153
L -950, -298, -1380,  -990, -279, -1380,  153, 153, 153
L -990, -279, -1380,  -1029, -268, -1380,  153, 153, 153
L -1029, -268, -1380,  -1068, -218, -1380,  153, 153, 153
L -1068, -218, -1380,  -1068, -190, -1380,  153, 153, 153
L -1068, -190, -1380,  -1027, -147, -1380,  153, 153, 153
L -1027, -147, -1380,  -988, -88, -1380,  153, 153, 153
L -988, -88, -1380,  -988, -72, -1378,  153, 153, 153
L -988, -72, -1378,  -1000, -49, -1380,  153, 153, 153
L -1000, -49, -1380,  -1034, -66, -1380,  153, 153, 153
L -1034, -66, -1380,  -1060, -69, -1110,  153, 153, 153
L -1060, -69, -1110,  -1102, -93, -1177,  153, 153, 153
L -1102, -93, -1177,  -1128, -162, -929,  153, 153, 153
L -1128, -162, -929,  -1129, -175, -950,  153, 153, 153
L -1129, -175, -950,  -1108, -244, -1073,  153, 153, 153
L -1108, -244, -1073,  -1091, -300, -1154,  153, 153, 153
L -1091, -300, -1154,  -1093, -328, -1186,  153, 153, 153
L -1093, -328, -1186,  -1172, -368, -1299,  153, 153, 153
L -1172, -368, -1299,  -1258, -379, -1282,  153, 153, 153
L -1258, -379, -1282,  -1296, -361, -1334,  153, 153, 153
L -1296, -361, -1334,  -1298, -321, -1380,  153, 153, 153
L -1298, -321, -1380,  -1220, -321, -1380,  153, 153, 153
L -1220, -321, -1380,  -1218, -311, -1380,  153, 153, 153
L -1218, -311, -1380,  -1209, -311, -1379,  153, 153, 153
L -1209, -311, -1379,  -1208, -300, -1380,  153, 153, 153
L -1208, -300, -1380,  -1213, -299, -1380,  153, 153, 153
L -1213, -299, -1380,  -1231, -300, -1380,  153, 153, 153
L -1231, -300, -1380,  -1231, -309, -1380,  153, 153, 153
L -1231, -309, -1380,  -1368, -309, -1380,  153, 153, 153
L -1368, -309, -1380,  -1368, -201, -1380,  153, 153, 153
L -1368, -201, -1380,  -1321, -201, -1380,  153, 153, 153
L -1321, -201, -1380,  -1321, -250, -1380,  153, 153, 153
L -1321, -250, -1380,  -1231, -251, -1380,  153, 153, 153
L -1231, -251, -1380,  -1230, -261, -1379,  153, 153, 153
L -1230, -261, -1379,  -1221, -261, -1380,  153, 153, 153
L -1221, -261, -1380,  -1210, -261, -1377,  153, 153, 153
L -1210, -261, -1377,  -1209, -248, -1378,  153, 153, 153
L -1209, -248, -1378,  -1218, -249, -1380,  153, 153, 153
L -1218, -249, -1380,  -1218, -239, -1378,  153, 153, 153
L -1218, -239, -1378,  -1298, -239, -1380,  153, 153, 153
L -1298, -239, -1380,  -1298, -210, -1380,  153, 153, 153
L -1298, -210, -1380,  -1258, -181, -1380,  153, 153, 153
L -1258, -181, -1380,  -1258, -171, -1380,  153, 153, 153
L -1258, -171, -1380,  -1198, -159, -1375,  153, 153, 153
L -1198, -159, -1375,  -1199, -139, -1378,  153, 153, 153
L -1199, -139, -1378,  -1218, -99, -1380,  153, 153, 153
L -1218, -99, -1380,  -1218, -81, -1380,  153, 153, 153
L -1218, -81, -1380,  -1159, -81, -1378,  153, 153, 153
L -1159, -81, -1378,  -1158, -71, -1380,  153, 153, 153
L -1158, -71, -1380,  -1149, -71, -1375,  153, 153, 153
L -1149, -71, -1375,  -1149, -58, -1380,  153, 153, 153
L -1149, -58, -1380,  -1154, -59, -1380,  153, 153, 153
L -1154, -59, -1380,  -1172, -60, -1380,  153, 153, 153
L -1172, -60, -1380,  -1171, -69, -1380,  153, 153, 153
L -1171, -69, -1380,  -1241, -70, -1379,  153, 153, 153
L -1241, -70, -1379,  -1241, -109, -1380,  153, 153, 153
L -1241, -109, -1380,  -1296, -109, -1380,  153, 153, 153
L -1296, -109, -1380,  -1298, -11, -1380,  153, 153, 153
L -1298, -11, -1380,  -1171, -11, -1380,  153, 153, 153
L -1171, -11, -1380,  -1171, -20, -1377,  153, 153, 153
L -1171, -20, -1377,  -1148, -20, -1380,  153, 153, 153
L -1148, -20, -1380,  -1148, -10, -1379,  153, 153, 153
L -1148, -10, -1379,  -1158, -9, -1380,  153, 153, 153
L -1158, -9, -1380,  -1158, 0, -1380,  153, 153, 153
L -1158, 0, -1380,  -1218, 0, -1379,  153, 153, 153
L -1218, 0, -1379,  -1218, 18, -1377,  153, 153, 153
L -1218, 18, -1377,  -1094, 49, -1380,  153, 153, 153
L -1094, 49, -1380,  -1047, 94, -1147,  153, 153, 153
L -1047, 94, -1147,  -1073, 100, -1287,  153, 153, 153
L -1073, 100, -1287,  -1096, 99, -1323,  153, 153, 153
L -1096, 99, -1323,  -1145, 93, -1023,  153, 153, 153
L -1145, 93, -1023,  -1160, 91, -994,  153, 153, 153
L -1160, 91, -994,  -1192, 111, -1071,  153, 153, 153
L -1192, 111, -1071,  -1221, 100, -1180,  153, 153, 153
L -1221, 100, -1180,  -1241, 88, -1243,  153, 153, 153
L -1241, 88, -1243,  -1246, 74, -1267,  153, 153, 153
L -1246, 74, -1267,  -1272, 60, -1322,  153, 153, 153
L -1272, 60, -1322,  -1287, 35, -1367,  153, 153, 153
L -1287, 35, -1367,  -1323, 9, -1436,  153, 153, 153
L -1323, 9, -1436,  -1334, 3, -1460,  153, 153, 153
L -1334, 3, -1460,  -1348, 3, -1484,  153, 153, 153
L -1348, 3, -1484,  -1409, -24, -1605,  153, 153, 153
L -1409, -24, -1605,  -1460, -69, -1685,  153, 153, 153
L -1460, -69, -1685,  -1471, -63, -1693,  153, 153, 153
L -1471, -63, -1693,  -1480, -47, -1731,  153, 153, 153
L -1480, -47, -1731,  -1494, -41, -1796,  153, 153, 153
L -1494, -41, -1796,  -1517, -34, -1866,  153, 153, 153
L -1517, -34, -1866,  -1538, -29, -1895,  153, 153, 153
L -1538, -29, -1895,  -1581, -50, -1977,  153, 153, 153
L -1581, -50, -1977,  -1582, -71, -1976,  153, 153, 153
L -1582, -71, -1976,  -1606, -84, -1960,  153, 153, 153
L -1606, -84, -1960,  -1606, -102, -1760,  153, 153, 153
L -1606, -102, -1760,  -1600, -138, -1732,  153, 153, 153
L -1600, -138, -1732,  -1611, -163, -1792,  153, 153, 153
L -1611, -163, -1792,  -1610, -231, -1925,  153, 153, 153
L -1610, -231, -1925,  -1579, -242, -1865,  153, 153, 153
L -1579, -242, -1865,  -1559, -263, -1776,  153, 153, 153
L -1559, -263, -1776,  -1520, -321, -1583,  153, 153, 153
L -1520, -321, -1583,  -1478, -343, -1457,  153, 153, 153
L -1478, -343, -1457,  -1462, -359, -1408,  153, 153, 153
L -1462, -359, -1408,  -1447, -372, -1335,  153, 153, 153
L -1447, -372, -1335,  -1383, -380, -1105,  153, 153, 153
L -1383, -380, -1105,  -1320, -402, -1020,  153, 153, 153
L -1320, -402, -1020,  -1221, -540, -1000,  153, 153, 153
L -1221, -540, -1000,  -1231, -549, -998,  153, 153, 153
L -1231, -549, -998,  -1242, -549, -1000,  153, 153, 153
L -1242, -549, -1000,  -1248, -539, -1000,  153, 153, 153
L -1248, -539, -1000,  -1260, -539, -1000,  153, 153, 153
L -1260, -539, -1000,  -1261, -650, -980,  153, 153, 153
L -1261, -650, -980,  -1250, -651, -980,  153, 153, 153
L -1250, -651, -980,  -1248, -641, -980,  153, 153, 153
L -1248, -641, -980,  -1227, -641, -980,  153, 153, 153
L -1227, -641, -980,  -1208, -640, -780,  153, 153, 153
L -1208, -640, -780,  -1208, -631, -780,  153, 153, 153
L -1208, -631, -780,  -1173, -631, -780,  153, 153, 153
L -1173, -631, -780,  -1168, -633, -780,  153, 153, 153
L -1168, -633, -780,  -1161, -679, -780,  153, 153, 153
L -1161, -679, -780,  -1170, -679, -780,  153, 153, 153
L -1170, -679, -780,  -1170, -722, -980,  153, 153, 153
L -1170, -722, -980,  -1147, -720, -980,  153, 153, 153
L -1147, -720, -980,  -1145, -717, -980,  153, 153, 153
L -1145, -717, -980,  -1001, -717, -980,  153, 153, 153
L -1001, -717, -980,  -999, -721, -980,  153, 153, 153
L -999, -721, -980,  -997, -721, -980,  153, 153, 153
L -997, -721, -980,  -997, -958, -980,  153, 153, 153
L -997, -958, -980,  -1000, -959, -980,  153, 153, 153
L -1000, -959, -980,  -1001, -976, -980,  153, 153, 153
L -1001, -976, -980,  -980, -981, -980,  153, 153, 153
L -980, -981, -980,  -978, -977, -980,  153, 153, 153
L -978, -977, -980,  -731, -977, -980,  153, 153, 153
L -731, -977, -980,  -730, -981, -980,  153, 153, 153
L -730, -981, -980,  -728, -981, -980,  153, 153, 153
L -728, -981, -980,  -727, -1418, -980,  153, 153, 153
L -727, -1418, -980,  -731, -1419, -980,  153, 153, 153
L -731, -1419, -980,  -731, -1422, -980,  153, 153, 153
L -731, -1422, -980,  -809, -1422, -980,  153, 153, 153
L -809, -1422, -980,  -809, -1419, -980,  153, 153, 153
L -809, -1419, -980,  -809, -1220, -980,  153, 153, 153
L -809, -1220, -980,  -788, -1199, -980,  153, 153, 153
L -788, -1199, -980,  -789, -1169, -980,  153, 153, 153
L -789, -1169, -980,  -809, -1149, -980,  153, 153, 153
L -809, -1149, -980,  -869, -1148, -980,  153, 153, 153
L -869, -1148, -980,  -869, -1060, -980,  153, 153, 153
L -869, -1060, -980,  -879, -1058, -980,  153, 153, 153
L -879, -1058, -980,  -880, -1172, -380,  153, 153, 153
L -880, -1172, -380,  -861, -1171, -380,  153, 153, 153
L -861, -1171, -380,  -860, -1201, -380,  153, 153, 153
L -860, -1201, -380,  -840, -1221, -380,  153, 153, 153
L -840, -1221, -380,  -821, -1221, -380,  153, 153, 153
L -821, -1221, -380,  -821, -1258, -380,  153, 153, 153
L -821, -1258, -380,  -836, -1258, -380,  153, 153, 153
L -836, -1258, -380,  -841, -1259, -380,  153, 153, 153
L -841, -1259, -380,  -840, -1292, -380,  153, 153, 153
L -840, -1292, -380,  -822, -1291, -380,  153, 153, 153
L -822, -1291, -380,  -821, -1418, -380,  153, 153, 153
L -821, -1418, -380,  -830, -1418, -380,  153, 153, 153
L -830, -1418, -380,  -832, -1422, -380,  153, 153, 153
L -832, -1422, -380,  -909, -1422, -380,  153, 153, 153
L -909, -1422, -380,  -1078, -1601, -380,  153, 153, 153
L -1078, -1601, -380,  -1079, -1598, -380,  153, 153, 153
L -1079, -1598, -380,  -1149, -1598, -380,  153, 153, 153
L -1149, -1598, -380,  -1151, -1608, -380,  153, 153, 153
L -1151, -1608, -380,  -1189, -1608, -380,  153, 153, 153
L -1189, -1608, -380,  -1191, -1612, -380,  153, 153, 153
L -1191, -1612, -380,  -1203, -1612, -380,  153, 153, 153
L -1203, -1612, -380,  -1203, -1614, -380,  153, 153, 153
L -1203, -1614, -380,  -1191, -1623, -380,  153, 153, 153
L -1191, -1623, -380,  -1190, -1630, -380,  153, 153, 153
L -1190, -1630, -380,  -1187, -1631, -380,  153, 153, 153
L -1187, -1631, -380,  -1170, -1631, -184,  153, 153, 153
L -1170, -1631, -184,  -1131, -1630, -181,  153, 153, 153
L -1131, -1630, -181,  -1131, -1688, -181,  153, 153, 153
L -1131, -1688, -181,  -1151, -1690, -181,  153, 153, 153
L -1151, -1690, -181,  -1151, -1738, -380,  153, 153, 153
L -1151, -1738, -380,  -1188, -1738, -380,  153, 153, 153
L -1188, -1738, -380,  -1189, -1718, -380,  153, 153, 153
L -1189, -1718, -380,  -1208, -1718, -380,  153, 153, 153
L -1208, -1718, -380,  -1211, -1769, -380,  153, 153, 153
L -1211, -1769, -380,  -1131, -1770, -380,  153, 153, 153
L -1131, -1770, -380,  -1130, -1852, -380,  153, 153, 153
L -1130, -1852, -380,  -1118, -1853, -326,  153, 153, 153
L -1118, -1853, -326,  -1071, -1910, -105,  153, 153, 153
L -1071, -1910, -105,  -1080, -1957, -149,  153, 153, 153
L -1080, -1957, -149,  -1130, -1918, -377,  153, 153, 153
L -1130, -1918, -377,  -1143, -1939, -340,  153, 153, 153
L -1143, -1939, -340,  -1160, -1968, -376,  153, 153, 153
L -1160, -1968, -376,  -1211, -1958, -454,  153, 153, 153
L -1211, -1958, -454,  -1320, -1978, -412,  153, 153, 153
L -1320, -1978, -412,  -1291, -2024, -218,  153, 153, 153
L -1291, -2024, -218,  -1340, -2031, -382,  153, 153, 153
L -1340, -2031, -382,  -1346, -2035, -392,  153, 153, 153
L -1346, -2035, -392,  -1348, -1920, -401,  153, 153, 153
L -1348, -1920, -401,  -1347, -1911, -380,  153, 153, 153
L -1347, -1911, -380,  -1353, -1911, -380,  153, 153, 153
L -1353, -1911, -380,  -1356, -1912, -380,  153, 153, 153
L -1356, -1912, -380,  -1357, -1917, -380,  153, 153, 153
L -1357, -1917, -380,  -1356, -2038, -380,  153, 153, 153
L -1356, -2038, -380,  -1376, -2047, -380,  153, 153, 153
L -1376, -2047, -380,  -1383, -2076, -380,  153, 153, 153
L -1383, -2076, -380,  -1353, -2080, -380,  153, 153, 153
L -1353, -2080, -380,  -1353, -2184, -380,  153, 153, 153
L -1353, -2184, -380,  -1353, -2304, -380,  153, 153, 153
L -1353, -2304, -380,  -1355, -2308, -380,  153, 153, 153
L -1355, -2308, -380,  -1349, -2310, -380,  153, 153, 153
L -1349, -2310, -380,  -1348, -2250, -488,  153, 153, 153
L -1348, -2250, -488,  -1249, -2274, -468,  153, 153, 153
L -1249, -2274, -468,  -1171, -2300, -675,  153, 153, 153
L -1171, -2300, -675,  -1177, -2332, -661,  153, 153, 153
L -1177, -2332, -661,  -1192, -2380, -607,  153, 153, 153
L -1192, -2380, -607,  -1210, -2477, -387,  153, 153, 153
L -1210, -2477, -387,  -1258, -2488, -382,  153, 153, 153
L -1258, -2488, -382,  -1259, -2307, -404,  153, 153, 153
L -1259, -2307, -404,  -1322, -2308, -402,  153, 153, 153
L -1322, -2308, -402,  -1328, -2310, -380,  153, 153, 153
L -1328, -2310, -380,  -1328, -2311, -380,  153, 153, 153
L -1328, -2311, -380,  -1321, -2319, -380,  153, 153, 153
L -1321, -2319, -380,  -1311, -2322, -380,  153, 153, 153
L -1311, -2322, -380,  -1271, -2320, -380,  153, 153, 153
L -1271, -2320, -380,  -1271, -2361, -380,  153, 153, 153
L -1271, -2361, -380,  -1271, -2364, -380,  153, 153, 153
L -1271, -2364, -380,  -1271, -2478, -380,  153, 153, 153
L -1271, -2478, -380,  -1360, -2478, -380,  153, 153, 153
L -1360, -2478, -380,  -1361, -2489, -380,  153, 153, 153
L -1361, -2489, -380,  -1359, -2496, -380,  153, 153, 153
L -1359, -2496, -380,  -1361, -2508, -380,  153, 153, 153
L -1361, -2508, -380,  -1321, -2510, -380,  153, 153, 153
L -1321, -2510, -380,  -1321, -2608, -780,  153, 153, 153
L -1321, -2608, -780,  -1360, -2608, -780,  153, 153, 153
L -1360, -2608, -780,  -1358, -2622, -780,  153, 153, 153
L -1358, -2622, -780,  -1321, -2620, -780,  153, 153, 153
L -1321, -2620, -780,  -1321, -2679, -780,  153, 153, 153
L -1321, -2679, -780,  -1298, -2680, -780,  153, 153, 153
L -1298, -2680, -780,  -1288, -2679, -780,  153, 153, 153
L -1288, -2679, -780,  -1288, -2640, -780,  153, 153, 153
L -1288, -2640, -780,  -1138, -2639, -780,  153, 153, 153
L -1138, -2639, -780,  -1138, -2500, -780,  153, 153, 153
L -1138, -2500, -780,  -940, -2500, -780,  153, 153, 153
L -940, -2500, -780,  -939, -2500, -780,  153, 153, 153
L -939, -2500, -780,  -939, -2059, -780,  153, 153, 153
L -939, -2059, -780,  -1098, -2058, -980,  153, 153, 153
L -1098, -2058, -980,  -1098, -1980, -980,  153, 153, 153
L -1098, -1980, -980,  -1059, -1980, -980,  153, 153, 153
L -1059, -1980, -980,  -1059, -1639, -980,  153, 153, 153
L -1059, -1639, -980,  -1308, -1638, -980,  153, 153, 153
L -1308, -1638, -980,  -1309, -1188, -780,  153, 153, 153
L -1309, -1188, -780,  -1328, -1188, -780,  153, 153, 153
L -1408, -2771, -680,  -1408, -2771, -680,  153, 153, 153
L -1408, -2771, -680,  -1400, -2769, -680,  153, 153, 153
L -1400, -2769, -680,  -1400, -2778, -680,  153, 153, 153
L -1400, -2778, -680,  -1360, -2778, -680,  153, 153, 153
L -1360, -2778, -680,  -1361, -2770, -680,  153, 153, 153
L -1361, -2770, -680,  -1351, -2771, -680,  153, 153, 153
L -1351, -2771, -680,  -1350, -2738, -684,  153, 153, 153
L -1350, -2738, -684,  -1261, -2738, -780,  153, 153, 153
L -1408, -2771, -680,  -1408, -2771, -680,  153, 153, 153
L -1408, -2771, -680,  -1412, -2736, -780,  153, 153, 153
L -1412, -2736, -780,  -1498, -2738, -780,  153, 153, 153
L -1498, -2738, -780,  -1498, -2680, -780,  153, 153, 153
L -1498, -2680, -780,  -1439, -2680, -780,  153, 153, 153
L -1439, -2680, -780,  -1438, -2660, -781,  153, 153, 153
L -1438, -2660, -781,  -1458, -2659, -682,  153, 153, 153
L -1458, -2659, -682,  -1458, -2637, -680,  153, 153, 153
L -1458, -2637, -680,  -1438, -2639, -782,  153, 153, 153
L -1438, -2639, -782,  -1438, -2620, -780,  153, 153, 153
L -1438, -2620, -780,  -1402, -2620, -780,  153, 153, 153
L -1402, -2620, -780,  -1399, -2608, -780,  153, 153, 153
L -1399, -2608, -780,  -1438, -2608, -780,  153, 153, 153
L -1438, -2608, -780,  -1438, -2570, -780,  153, 153, 153
L -1438, -2570, -780,  -1399, -2570, -780,  153, 153, 153
L -1399, -2570, -780,  -1398, -2550, -780,  153, 153, 153
L -1398, -2550, -780,  -1361, -2550, -780,  153, 153, 153
L -1361, -2550, -780,  -1361, -2564, -780,  153, 153, 153
L -1361, -2564, -780,  -1321, -2570, -780,  153, 153, 153
L -1321, -2570, -780,  -1321, -2608, -780,  153, 153, 153
L -1261, -2738, -780,  -1261, -2738, -780,  153, 153, 153
L -1261, -2738, -780,  -1260, -2677, -780,  153, 153, 153
L -1260, -2677, -780,  -1101, -2678, -780,  153, 153, 153
L -1101, -2678, -780,  -1100, -2538, -780,  153, 153, 153
L -1100, -2538, -780,  -939, -2539, -780,  153, 153, 153
L -939, -2539, -780,  -938, -2578, -780,  153, 153, 153
L -938, -2578, -780,  -851, -2578, -780,  153, 153, 153
L -851, -2578, -780,  -851, -2500, -780,  153, 153, 153
L -851, -2500, -780,  -901, -2499, -780,  153, 153, 153
L -901, -2499, -780,  -901, -2020, -780,  153, 153, 153
L -901, -2020, -780,  -1021, -2020, -980,  153, 153, 153
L -1021, -2020, -980,  -1021, -1601, -980,  153, 153, 153
L -1021, -1601, -980,  -1270, -1600, -980,  153, 153, 153
L -1270, -1600, -980,  -1270, -1187, -780,  153, 153, 153
L -1270, -1187, -780,  -1251, -1188, -780,  153, 153, 153
L -1251, -1188, -780,  -1251, -1151, -780,  153, 153, 153
L -1251, -1151, -780,  -1328, -1152, -780,  153, 153, 153
L -1328, -1152, -780,  -1328, -1188, -780,  153, 153, 153
L -1378, -1160, -980,  -1378, -1160, -980,  153, 153, 153
L -1378, -1160, -980,  -1378, -970, -980,  153, 153, 153
L -1378, -970, -980,  -1360, -951, -980,  153, 153, 153
L -1360, -951, -980,  -1219, -952, -980,  153, 153, 153
L -1219, -952, -980,  -1201, -970, -980,  153, 153, 153
L -1201, -970, -980,  -1201, -1160, -980,  153, 153, 153
L -1201, -1160, -980,  -1200, -1181, -980,  153, 153, 153
L -1200, -1181, -980,  -1091, -1181, -1080,  153, 153, 153
L -1091, -1181, -1080,  -1091, -1328, -1080,  153, 153, 153
L -1091, -1328, -1080,  -1238, -1328, -380,  153, 153, 153
L -1238, -1328, -380,  -1240, -1278, -380,  153, 153, 153
L -1240, -1278, -380,  -1273, -1279, -380,  153, 153, 153
L -1273, -1279, -380,  -1271, -1300, -380,  153, 153, 153
L -1271, -1300, -380,  -1271, -1311, -380,  153, 153, 153
L -1271, -1311, -380,  -1269, -1322, -380,  153, 153, 153
L -1269, -1322, -380,  -1258, -1321, -380,  153, 153, 153
L -1258, -1321, -380,  -1257, -1330, -380,  153, 153, 153
L -1257, -1330, -380,  -1251, -1328, -380,  153, 153, 153
L -1251, -1328, -380,  -1250, -1373, -380,  153, 153, 153
L -1250, -1373, -380,  -1221, -1371, -380,  153, 153, 153
L -1221, -1371, -380,  -1218, -1347, -380,  153, 153, 153
L -1218, -1347, -380,  -1181, -1341, -380,  153, 153, 153
L -1181, -1341, -380,  -1181, -1369, -380,  153, 153, 153
L -1181, -1369, -380,  -1148, -1370, -380,  153, 153, 153
L -1148, -1370, -380,  -1148, -1340, -380,  153, 153, 153
L -1148, -1340, -380,  -1099, -1291, -380,  153, 153, 153
L -1099, -1291, -380,  -1078, -1301, -380,  153, 153, 153
L -1078, -1301, -380,  -996, -1298, -380,  153, 153, 153
L -996, -1298, -380,  -927, -1228, -380,  153, 153, 153
L -927, -1228, -380,  -928, -1174, -380,  153, 153, 153
L -928, -1174, -380,  -920, -1171, -380,  153, 153, 153
L -920, -1171, -380,  -918, -1061, -944,  153, 153, 153
L -918, -1061, -944,  -920, -1052, -980,  153, 153, 153
L -920, -1052, -980,  -928, -1051, -980,  153, 153, 153
L -928, -1051, -980,  -930, -1058, -980,  153, 153, 153
L -930, -1058, -980,  -929, -1058, -980,  153, 153, 153
L -929, -1058, -980,  -931, -1147, -980,  153, 153, 153
L -931, -1147, -980,  -1000, -1078, -980,  153, 153, 153
L -1000, -1078, -980,  -1078, -1078, -980,  153, 153, 153
L -1078, -1078, -980,  -1078, -1067, -980,  153, 153, 153
L -1078, -1067, -980,  -1078, -1060, -980,  153, 153, 153
L -1078, -1060, -980,  -1098, -1058, -980,  153, 153, 153
L -1098, -1058, -980,  -1098, -1021, -980,  153, 153, 153
L -1098, -1021, -980,  -1089, -1021, -980,  153, 153, 153
L -1089, -1021, -980,  -1089, -979, -980,  153, 153, 153
L -1089, -979, -980,  -1098, -978, -980,  153, 153, 153
L -1098, -978, -980,  -1098, -941, -980,  153, 153, 153
L -1098, -941, -980,  -1089, -941, -980,  153, 153, 153
L -1089, -941, -980,  -1090, -897, -980,  153, 153, 153
L -1090, -897, -980,  -1098, -898, -980,  153, 153, 153
L -1098, -898, -980,  -1098, -861, -980,  153, 153, 153
L -1098, -861, -980,  -1090, -861, -980,  153, 153, 153
L -1090, -861, -980,  -1088, -841, -980,  153, 153, 153
L -1088, -841, -980,  -1080, -841, -980,  153, 153, 153
L -1080, -841, -980,  -1079, -819, -980,  153, 153, 153
L -1079, -819, -980,  -1082, -819, -980,  153, 153, 153
L -1082, -819, -980,  -1128, -778, -980,  153, 153, 153
L -1128, -778, -980,  -1128, -770, -980,  153, 153, 153
L -1128, -770, -980,  -1170, -769, -980,  153, 153, 153
L -1170, -769, -980,  -1171, -819, -980,  153, 153, 153
L -1171, -819, -980,  -1181, -819, -980,  153, 153, 153
L -1181, -819, -980,  -1180, -841, -980,  153, 153, 153
L -1180, -841, -980,  -1171, -841, -980,  153, 153, 153
L -1171, -841, -980,  -1171, -879, -980,  153, 153, 153
L -1171, -879, -980,  -1233, -879, -980,  153, 153, 153
L -1233, -879, -980,  -1271, -878, -580,  153, 153, 153
L -1148, -1147, -580,  -1148, -1147, -580,  153, 153, 153
L -1148, -1147, -580,  -1131, -1128, -580,  153, 153, 153
L -1131, -1128, -580,  -1131, -886, -580,  153, 153, 153
L -1131, -886, -580,  -1221, -885, -580,  153, 153, 153
L -1431, -1147, -580,  -1431, -1147, -580,  153, 153, 153
L -1431, -1147, -580,  -1448, -1129, -580,  153, 153, 153
L -1448, -1129, -580,  -1448, -886, -580,  153, 153, 153
L -1448, -886, -580,  -1358, -886, -580,  153, 153, 153
L -1309, -879, -580,  -1309, -879, -580,  153, 153, 153
L -1309, -879, -580,  -1408, -879, -980,  153, 153, 153
L -1408, -879, -980,  -1408, -841, -980,  153, 153, 153
L -1408, -841, -980,  -1399, -841, -980,  153, 153, 153
L -1399, -841, -980,  -1399, -818, -980,  153, 153, 153
L -1399, -818, -980,  -1408, -819, -980,  153, 153, 153
L -1408, -819, -980,  -1410, -765, -980,  153, 153, 153
L -1410, -765, -980,  -1410, -769, -980,  153, 153, 153
L -1410, -769, -980,  -1451, -770, -980,  153, 153, 153
L -1451, -770, -980,  -1451, -780, -980,  153, 153, 153
L -1451, -780, -980,  -1489, -817, -980,  153, 153, 153
L -1489, -817, -980,  -1503, -821, -980,  153, 153, 153
L -1503, -821, -980,  -1500, -843, -980,  153, 153, 153
L -1500, -843, -980,  -1493, -841, -980,  153, 153, 153
L -1493, -841, -980,  -1490, -860, -980,  153, 153, 153
L -1490, -860, -980,  -1481, -861, -980,  153, 153, 153
L -1481, -861, -980,  -1481, -893, -980,  153, 153, 153
L -1481, -893, -980,  -1489, -898, -980,  153, 153, 153
L -1489, -898, -980,  -1489, -942, -980,  153, 153, 153
L -1489, -942, -980,  -1481, -942, -980,  153, 153, 153
L -1481, -942, -980,  -1481, -978, -980,  153, 153, 153
L -1481, -978, -980,  -1489, -978, -980,  153, 153, 153
L -1489, -978, -980,  -1491, -1020, -980,  153, 153, 153
L -1491, -1020, -980,  -1481, -1021, -980,  153, 153, 153
L -1481, -1021, -980,  -1481, -1058, -980,  153, 153, 153
L -1481, -1058, -980,  -1497, -1058, -980,  153, 153, 153
L -1497, -1058, -980,  -1501, -1078, -980,  153, 153, 153
L -1501, -1078, -980,  -1580, -1079, -980,  153, 153, 153
L -1580, -1079, -980,  -1648, -1147, -980,  153, 153, 153
L -1648, -1147, -980,  -1649, -1058, -980,  153, 153, 153
L -1649, -1058, -980,  -1650, -1053, -980,  153, 153, 153
L -1650, -1053, -980,  -1658, -1052, -980,  153, 153, 153
L -1658, -1052, -980,  -1660, -1155, -380,  153, 153, 153
L -1660, -1155, -380,  -1660, -1171, -380,  153, 153, 153
L -1660, -1171, -380,  -1650, -1171, -380,  153, 153, 153
L -1650, -1171, -380,  -1650, -1232, -380,  153, 153, 153
L -1650, -1232, -380,  -1578, -1302, -380,  153, 153, 153
L -1578, -1302, -380,  -1498, -1300, -380,  153, 153, 153
L -1498, -1300, -380,  -1480, -1291, -380,  153, 153, 153
L -1480, -1291, -380,  -1432, -1339, -380,  153, 153, 153
L -1432, -1339, -380,  -1430, -1373, -380,  153, 153, 153
L -1430, -1373, -380,  -1399, -1370, -380,  153, 153, 153
L -1399, -1370, -380,  -1398, -1341, -380,  153, 153, 153
L -1398, -1341, -380,  -1361, -1341, -380,  153, 153, 153
L -1361, -1341, -380,  -1361, -1370, -380,  153, 153, 153
L -1361, -1370, -380,  -1329, -1371, -380,  153, 153, 153
L -1329, -1371, -380,  -1328, -1328, -380,  153, 153, 153
L -1328, -1328, -380,  -1322, -1328, -380,  153, 153, 153
L -1322, -1328, -380,  -1319, -1321, -380,  153, 153, 153
L -1319, -1321, -380,  -1310, -1321, -380,  153, 153, 153
L -1310, -1321, -380,  -1308, -1309, -380,  153, 153, 153
L -1308, -1309, -380,  -1310, -1278, -380,  153, 153, 153
L -1310, -1278, -380,  -1340, -1279, -380,  153, 153, 153
L -1340, -1279, -380,  -1341, -1328, -380,  153, 153, 153
L -1341, -1328, -380,  -1488, -1328, -1080,  153, 153, 153
L -1488, -1328, -1080,  -1488, -1181, -1080,  153, 153, 153
L -1488, -1181, -1080,  -1379, -1181, -980,  153, 153, 153
L -1379, -1181, -980,  -1378, -1169, -980,  153, 153, 153
L -1378, -1169, -980,  -1378, -1160, -980,  153, 153, 153
L -1238, -1160, -980,  -1238, -1160, -980,  153, 153, 153
L -1238, -1160, -980,  -1239, -1147, -980,  153, 153, 153
L -1239, -1147, -980,  -1342, -1152, -980,  153, 153, 153
L -1342, -1152, -980,  -1341, -1160, -980,  153, 153, 153
L -1341, -1160, -980,  -1341, -1218, -980,  153, 153, 153
L -1341, -1218, -980,  -1450, -1219, -1080,  153, 153, 153
L -1450, -1219, -1080,  -1451, -1289, -1080,  153, 153, 153
L -1451, -1289, -1080,  -1378, -1289, -380,  153, 153, 153
L -1378, -1289, -380,  -1378, -1280, -380,  153, 153, 153
L -1378, -1280, -380,  -1418, -1278, -380,  153, 153, 153
L -1418, -1278, -380,  -1418, -1269, -380,  153, 153, 153
L -1418, -1269, -380,  -1428, -1268, -380,  153, 153, 153
L -1428, -1268, -380,  -1451, -1268, -460,  153, 153, 153
L -1451, -1268, -460,  -1491, -1268, -580,  153, 153, 153
L -1491, -1268, -580,  -1491, -1278, -580,  153, 153, 153
L -1491, -1278, -580,  -1558, -1278, -580,  153, 153, 153
L -1558, -1278, -580,  -1558, -1249, -580,  153, 153, 153
L -1558, -1249, -580,  -1588, -1248, -580,  153, 153, 153
L -1588, -1248, -580,  -1588, -1234, -580,  153, 153, 153
L -1588, -1234, -580,  -1608, -1232, -420,  153, 153, 153
L -1608, -1232, -420,  -1608, -1217, -420,  153, 153, 153
L -1608, -1217, -420,  -1638, -1218, -380,  153, 153, 153
L -1638, -1218, -380,  -1638, -1161, -380,  153, 153, 153
L -1638, -1161, -380,  -1610, -1161, -380,  153, 153, 153
L -1610, -1161, -380,  -1608, -1147, -420,  153, 153, 153
L -1608, -1147, -420,  -1588, -1146, -580,  153, 153, 153
L -1588, -1146, -580,  -1588, -1131, -580,  153, 153, 153
L -1588, -1131, -580,  -1559, -1130, -580,  153, 153, 153
L -1559, -1130, -580,  -1558, -1101, -580,  153, 153, 153
L -1558, -1101, -580,  -1490, -1101, -580,  153, 153, 153
L -1490, -1101, -580,  -1441, -1152, -580,  153, 153, 153
L -1441, -1152, -580,  -1441, -1218, -580,  153, 153, 153
L -1441, -1218, -580,  -1458, -1218, -580,  153, 153, 153
L -1458, -1218, -580,  -1460, -1188, -580,  153, 153, 153
L -1460, -1188, -580,  -1489, -1188, -580,  153, 153, 153
L -1489, -1188, -580,  -1490, -1230, -580,  153, 153, 153
L -1490, -1230, -580,  -1441, -1231, -420,  153, 153, 153
L -1441, -1231, -420,  -1419, -1230, -380,  153, 153, 153
L -1419, -1230, -380,  -1418, -1221, -380,  153, 153, 153
L -1418, -1221, -380,  -1371, -1221, -380,  153, 153, 153
L -1371, -1221, -380,  -1369, -1233, -380,  153, 153, 153
L -1369, -1233, -380,  -1339, -1231, -380,  153, 153, 153
L -1339, -1231, -380,  -1331, -1230, -380,  153, 153, 153
L -1331, -1230, -380,  -1329, -1221, -380,  153, 153, 153
L -1329, -1221, -380,  -1250, -1221, -380,  153, 153, 153
L -1250, -1221, -380,  -1250, -1231, -380,  153, 153, 153
L -1250, -1231, -380,  -1241, -1231, -380,  153, 153, 153
L -1241, -1231, -380,  -1209, -1230, -380,  153, 153, 153
L -1209, -1230, -380,  -1208, -1221, -380,  153, 153, 153
L -1208, -1221, -380,  -1161, -1221, -380,  153, 153, 153
L -1161, -1221, -380,  -1161, -1229, -380,  153, 153, 153
L -1161, -1229, -380,  -1151, -1231, -380,  153, 153, 153
L -1151, -1231, -380,  -1142, -1234, -380,  153, 153, 153
L -1142, -1234, -380,  -1147, -1231, -380,  153, 153, 153
L -1147, -1231, -380,  -1090, -1231, -580,  153, 153, 153
L -1090, -1231, -580,  -1089, -1189, -580,  153, 153, 153
L -1089, -1189, -580,  -1118, -1188, -580,  153, 153, 153
L -1118, -1188, -580,  -1121, -1218, -580,  153, 153, 153
L -1121, -1218, -580,  -1138, -1218, -580,  153, 153, 153
L -1138, -1218, -580,  -1138, -1150, -580,  153, 153, 153
L -1138, -1150, -580,  -1089, -1101, -580,  153, 153, 153
L -1089, -1101, -580,  -1021, -1101, -580,  153, 153, 153
L -1021, -1101, -580,  -1019, -1131, -580,  153, 153, 153
L -1019, -1131, -580,  -991, -1131, -580,  153, 153, 153
L -991, -1131, -580,  -991, -1146, -580,  153, 153, 153
L -991, -1146, -580,  -971, -1147, -420,  153, 153, 153
L -971, -1147, -420,  -972, -1160, -420,  153, 153, 153
L -972, -1160, -420,  -941, -1161, -380,  153, 153, 153
L -941, -1161, -380,  -941, -1218, -380,  153, 153, 153
L -941, -1218, -380,  -969, -1218, -380,  153, 153, 153
L -969, -1218, -380,  -971, -1232, -420,  153, 153, 153
L -971, -1232, -420,  -990, -1232, -580,  153, 153, 153
L -990, -1232, -580,  -991, -1248, -580,  153, 153, 153
L -991, -1248, -580,  -1021, -1249, -580,  153, 153, 153
L -1021, -1249, -580,  -1021, -1278, -580,  153, 153, 153
L -1021, -1278, -580,  -1088, -1278, -580,  153, 153, 153
L -1088, -1278, -580,  -1088, -1269, -580,  153, 153, 153
L -1088, -1269, -580,  -1138, -1268, -420,  153, 153, 153
L -1138, -1268, -420,  -1160, -1269, -380,  153, 153, 153
L -1160, -1269, -380,  -1161, -1278, -380,  153, 153, 153
L -1161, -1278, -380,  -1201, -1279, -380,  153, 153, 153
L -1201, -1279, -380,  -1200, -1290, -380,  153, 153, 153
L -1200, -1290, -380,  -1129, -1290, -1080,  153, 153, 153
L -1129, -1290, -1080,  -1129, -1218, -1074,  153, 153, 153
L -1129, -1218, -1074,  -1238, -1218, -980,  153, 153, 153
L -1238, -1218, -980,  -1238, -1169, -980,  153, 153, 153
L -1238, -1169, -980,  -1238, -1160, -980,  153, 153, 153
L -1438, -2510, -380,  -1438, -2510, -380,  153, 153, 153
L -1438, -2510, -380,  -1438, -2608, -668,  153, 153, 153
L -1438, -2510, -380,  -1438, -2510, -380,  153, 153, 153
L -1438, -2510, -380,  -1399, -2510, -379,  153, 153, 153
L -1399, -2510, -379,  -1398, -2497, -380,  153, 153, 153
L -1398, -2497, -380,  -1398, -2479, -377,  153, 153, 153
L -1398, -2479, -377,  -1488, -2478, -380,  153, 153, 153
L -1488, -2478, -380,  -1488, -2370, -380,  153, 153, 153
L -1488, -2370, -380,  -1488, -2320, -377,  153, 153, 153
L -1488, -2320, -377,  -1438, -2319, -380,  153, 153, 153
L -1438, -2319, -380,  -1426, -2315, -379,  153, 153, 153
L -1426, -2315, -379,  -1406, -2310, -379,  153, 153, 153
L -1406, -2310, -379,  -1406, -2304, -380,  153, 153, 153
L -1406, -2304, -380,  -1406, -1924, -380,  153, 153, 153
L -1406, -1924, -380,  -1404, -1923, -379,  153, 153, 153
L -1404, -1923, -379,  -1403, -1912, -378,  153, 153, 153
L -1403, -1912, -378,  -1413, -1912, -380,  153, 153, 153
L -1413, -1912, -380,  -1443, -1915, -378,  153, 153, 153
L -1443, -1915, -378,  -1448, -1774, -380,  153, 153, 153
L -1448, -1774, -380,  -1369, -1770, -376,  153, 153, 153
L -1369, -1770, -376,  -1368, -1719, -380,  153, 153, 153
L -1368, -1719, -380,  -1390, -1718, -378,  153, 153, 153
L -1390, -1718, -378,  -1391, -1738, -380,  153, 153, 153
L -1391, -1738, -380,  -1428, -1738, -380,  153, 153, 153
L -1428, -1738, -380,  -1428, -1690, -380,  153, 153, 153
L -1428, -1690, -380,  -1389, -1690, -379,  153, 153, 153
L -1389, -1690, -379,  -1388, -1685, -379,  153, 153, 153
L -1388, -1685, -379,  -1383, -1694, -380,  153, 153, 153
L -1383, -1694, -380,  -1376, -1675, -380,  153, 153, 153
L -1376, -1675, -380,  -1388, -1673, -380,  153, 153, 153
L -1388, -1673, -380,  -1392, -1668, -380,  153, 153, 153
L -1392, -1668, -380,  -1411, -1667, -181,  153, 153, 153
L -1411, -1667, -181,  -1411, -1683, -181,  153, 153, 153
L -1411, -1683, -181,  -1448, -1688, -181,  153, 153, 153
L -1448, -1688, -181,  -1448, -1610, -181,  153, 153, 153
L -1448, -1610, -181,  -1428, -1609, -188,  153, 153, 153
L -1428, -1609, -188,  -1428, -1600, -380,  153, 153, 153
L -1428, -1600, -380,  -1501, -1598, -380,  153, 153, 153
L -1501, -1598, -380,  -1669, -1422, -380,  153, 153, 153
L -1669, -1422, -380,  -1758, -1422, -380,  153, 153, 153
L -1758, -1422, -380,  -1759, -1419, -380,  153, 153, 153
L -1759, -1419, -380,  -1768, -1418, -380,  153, 153, 153
L -1768, -1418, -380,  -1768, -1291, -380,  153, 153, 153
L -1768, -1291, -380,  -1748, -1290, -380,  153, 153, 153
L -1748, -1290, -380,  -1751, -1258, -380,  153, 153, 153
L -1751, -1258, -380,  -1768, -1258, -380,  153, 153, 153
L -1768, -1258, -380,  -1766, -1221, -380,  153, 153, 153
L -1766, -1221, -380,  -1748, -1220, -380,  153, 153, 153
L -1748, -1220, -380,  -1728, -1200, -380,  153, 153, 153
L -1728, -1200, -380,  -1728, -1171, -380,  153, 153, 153
L -1728, -1171, -380,  -1699, -1171, -380,  153, 153, 153
L -1699, -1171, -380,  -1700, -1058, -980,  153, 153, 153
L -1700, -1058, -980,  -1711, -1059, -980,  153, 153, 153
L -1711, -1059, -980,  -1710, -1148, -980,  153, 153, 153
L -1710, -1148, -980,  -1780, -1149, -980,  153, 153, 153
L -1780, -1149, -980,  -1800, -1170, -980,  153, 153, 153
L -1800, -1170, -980,  -1800, -1200, -980,  153, 153, 153
L -1800, -1200, -980,  -1780, -1220, -980,  153, 153, 153
L -1780, -1220, -980,  -1780, -1422, -980,  153, 153, 153
L -1780, -1422, -980,  -1858, -1422, -980,  153, 153, 153
L -1858, -1422, -980,  -1858, -1419, -980,  153, 153, 153
L -1858, -1419, -980,  -1862, -1417, -980,  153, 153, 153
L -1862, -1417, -980,  -1862, -981, -980,  153, 153, 153
L -1862, -981, -980,  -1858, -981, -980,  153, 153, 153
L -1858, -981, -980,  -1858, -977, -980,  153, 153, 153
L -1858, -977, -980,  -1601, -977, -980,  153, 153, 153
L -1601, -977, -980,  -1600, -980, -980,  153, 153, 153
L -1600, -980, -980,  -1579, -981, -980,  153, 153, 153
L -1579, -981, -980,  -1578, -960, -980,  153, 153, 153
L -1578, -960, -980,  -1582, -959, -980,  153, 153, 153
L -1582, -959, -980,  -1582, -721, -980,  153, 153, 153
L -1582, -721, -980,  -1579, -721, -980,  153, 153, 153
L -1579, -721, -980,  -1578, -717, -980,  153, 153, 153
L -1578, -717, -980,  -1431, -717, -980,  153, 153, 153
L -1431, -717, -980,  -1430, -720, -980,  153, 153, 153
L -1430, -720, -980,  -1409, -721, -980,  153, 153, 153
L -1409, -721, -980,  -1408, -697, -980,  153, 153, 153
L -1408, -697, -980,  -1418, -640, -780,  153, 153, 153
L -1418, -640, -780,  -1408, -631, -780,  153, 153, 153
L -1408, -631, -780,  -1371, -631, -780,  153, 153, 153
L -1371, -631, -780,  -1370, -640, -780,  153, 153, 153
L -1370, -640, -780,  -1331, -641, -980,  153, 153, 153
L -1331, -641, -980,  -1331, -650, -980,  153, 153, 153
L -1331, -650, -980,  -1319, -651, -980,  153, 153, 153
L -1319, -651, -980,  -1319, -539, -986,  153, 153, 153
L -1319, -539, -986,  -1328, -539, -1000,  153, 153, 153
L -1328, -539, -1000,  -1331, -549, -1000,  153, 153, 153
L -1331, -549, -1000,  -1340, -548, -1000,  153, 153, 153
L -1340, -548, -1000,  -1358, -519, -1000,  153, 153, 153
L -1358, -519, -1000,  -1358, -513, -1000,  153, 153, 153
L -1358, -513, -1000,  -1351, -499, -1000,  153, 153, 153
L -1351, -499, -1000,  -1343, -502, -1000,  153, 153, 153
L -1343, -502, -1000,  -1328, -498, -1000,  153, 153, 153
L -1328, -498, -1000,  -1319, -485, -984,  153, 153, 153
L -1319, -485, -984,  -1325, -472, -952,  153, 153, 153
L -1325, -472, -952,  -1360, -455, -1060,  153, 153, 153
L -1360, -455, -1060,  -1365, -466, -1066,  153, 153, 153
L -1365, -466, -1066,  -1379, -459, -1079,  153, 153, 153
L -1379, -459, -1079,  -1421, -458, -1234,  153, 153, 153
L -1421, -458, -1234,  -1462, -437, -1408,  153, 153, 153
L -1462, -437, -1408,  -1520, -398, -1580,  153, 153, 153
L -1520, -398, -1580,  -1538, -389, -1681,  153, 153, 153
L -1538, -389, -1681,  -1559, -339, -1776,  153, 153, 153
L -1559, -339, -1776,  -1608, -290, -1973,  153, 153, 153
L -1608, -290, -1973,  -1634, -278, -1839,  153, 153, 153
L -1634, -278, -1839,  -1648, -244, -1980,  153, 153, 153
L -1648, -244, -1980,  -1649, -188, -1980,  153, 153, 153
L -1649, -188, -1980,  -1710, -138, -1980,  153, 153, 153
L -1710, -138, -1980,  -1760, -199, -1980,  153, 153, 153
L -1760, -199, -1980,  -1768, -199, -1980,  153, 153, 153
L -1768, -199, -1980,  -1768, -199, -1980,  153, 153, 153
L -1768, -199, -1980,  -1768, -159, -1980,  153, 153, 153
L -1768, -159, -1980,  -1780, -159, -1980,  153, 153, 153
L -1780, -159, -1980,  -1780, -167, -1980,  153, 153, 153
L -1780, -167, -1980,  -1780, -229, -1980,  153, 153, 153
L -1780, -229, -1980,  -1820, -229, -1980,  153, 153, 153
L -1820, -229, -1980,  -1820, -279, -1980,  153, 153, 153
L -1820, -279, -1980,  -1928, -279, -1980,  153, 153, 153
L -1928, -279, -1980,  -1930, -281, -1980,  153, 153, 153
L -1930, -281, -1980,  -1930, -290, -1980,  153, 153, 153
L -1930, -290, -1980,  -1870, -291, -1980,  153, 153, 153
L -1870, -291, -1980,  -1870, -349, -1980,  153, 153, 153
L -1870, -349, -1980,  -1968, -349, -1980,  153, 153, 153
L -1968, -349, -1980,  -1968, -276, -1980,  153, 153, 153
L -1968, -276, -1980,  -1978, -279, -1980,  153, 153, 153
L -1978, -279, -1980,  -1978, -131, -1980,  153, 153, 153
L -1978, -131, -1980,  -1928, -131, -1980,  153, 153, 153
L -1928, -131, -1980,  -1928, -81, -1980,  153, 153, 153
L -1928, -81, -1980,  -1874, -81, -1980,  153, 153, 153
L -1874, -81, -1980,  -1860, -81, -1980,  153, 153, 153
L -1860, -81, -1980,  -1858, -80, -1980,  153, 153, 153
L -1858, -80, -1980,  -1858, -69, -1980,  153, 153, 153
L -1858, -69, -1980,  -1918, -69, -1980,  153, 153, 153
L -1918, -69, -1980,  -1918, -20, -2042,  153, 153, 153
L -1918, -20, -2042,  -1893, -8, -2034,  153, 153, 153
L -1893, -8, -2034,  -1878, -11, -1861,  153, 153, 153
L -1878, -11, -1861,  -1820, -11, -2054,  153, 153, 153
L -1820, -11, -2054,  -1811, -10, -2000,  153, 153, 153
L -1811, -10, -2000,  -1790, -51, -2000,  153, 153, 153
L -1790, -51, -2000,  -1739, -43, -2000,  153, 153, 153
L -1739, -43, -2000,  -1749, -14, -2000,  153, 153, 153
L -1749, -14, -2000,  -1752, -7, -2000,  153, 153, 153
L -1752, -7, -2000,  -1748, -5, -1999,  153, 153, 153
L -1748, -5, -1999,  -1730, 11, -2000,  153, 153, 153
L -1730, 11, -2000,  -1729, 32, -1999,  153, 153, 153
L -1729, 32, -1999,  -1708, 59, -2000,  153, 153, 153
L -1708, 59, -2000,  -1727, 66, -2131,  153, 153, 153
L -1727, 66, -2131,  -1753, 91, -2126,  153, 153, 153
L -1753, 91, -2126,  -1798, 115, -2180,  153, 153, 153
L -1798, 115, -2180,  -1810, 118, -2196,  153, 153, 153
L -1810, 118, -2196,  -1859, 110, -2180,  153, 153, 153
L -1859, 110, -2180,  -1879, 100, -2180,  153, 153, 153
L -1858, -159, -1980,  -1858, -159, -1980,  153, 153, 153
L -1858, -159, -1980,  -1858, -119, -1980,  153, 153, 153
L -1858, -119, -1980,  -1866, -119, -1980,  153, 153, 153
L -1866, -119, -1980,  -1881, -120, -1980,  153, 153, 153
L -1881, -120, -1980,  -1880, -181, -1980,  153, 153, 153
L -1880, -181, -1980,  -1818, -181, -1980,  153, 153, 153
L -1818, -181, -1980,  -1818, -175, -1980,  153, 153, 153
L -1818, -175, -1980,  -1818, -159, -1980,  153, 153, 153
L -1818, -159, -1980,  -1858, -159, -1980,  153, 153, 153
L -1318, -779, -980,  -1318, -779, -980,  153, 153, 153
L -1318, -779, -980,  -1319, -749, -980,  153, 153, 153
L -1319, -749, -980,  -1351, -749, -980,  153, 153, 153
L -1351, -749, -980,  -1351, -819, -980,  153, 153, 153
L -1351, -819, -980,  -1357, -819, -980,  153, 153, 153
L -1357, -819, -980,  -1361, -840, -980,  153, 153, 153
L -1361, -840, -980,  -1346, -841, -980,  153, 153, 153
L -1346, -841, -980,  -1219, -840, -980,  153, 153, 153
L -1219, -840, -980,  -1219, -819, -980,  153, 153, 153
L -1219, -819, -980,  -1228, -819, -980,  153, 153, 153
L -1228, -819, -980,  -1228, -749, -980,  153, 153, 153
L -1228, -749, -980,  -1260, -749, -980,  153, 153, 153
L -1260, -749, -980,  -1261, -779, -980,  153, 153, 153
L -1261, -779, -980,  -1318, -779, -980,  153, 153, 153
L -1211, -1818, -380,  -1211, -1818, -380,  153, 153, 153
L -1211, -1818, -380,  -1368, -1818, -380,  153, 153, 153
L -1368, -1818, -380,  -1368, -1810, -380,  153, 153, 153
L -1368, -1810, -380,  -1369, -1808, -380,  153, 153, 153
L -1369, -1808, -380,  -1390, -1808, -380,  153, 153, 153
L -1390, -1808, -380,  -1391, -1859, -380,  153, 153, 153
L -1391, -1859, -380,  -1368, -1859, -380,  153, 153, 153
L -1368, -1859, -380,  -1368, -1840, -380,  153, 153, 153
L -1368, -1840, -380,  -1211, -1840, -380,  153, 153, 153
L -1211, -1840, -380,  -1211, -1860, -380,  153, 153, 153
L -1211, -1860, -380,  -1188, -1858, -380,  153, 153, 153
L -1188, -1858, -380,  -1189, -1809, -380,  153, 153, 153
L -1189, -1809, -380,  -1212, -1809, -380,  153, 153, 153
L -1212, -1809, -380,  -1211, -1818, -380,  153, 153, 153
L -1438, -2369, -380,  -1438, -2369, -380,  153, 153, 153
L -1438, -2369, -380,  -1439, -2358, -380,  153, 153, 153
L -1439, -2358, -380,  -1452, -2359, -380,  153, 153, 153
L -1452, -2359, -380,  -1451, -2361, -380,  153, 153, 153
L -1451, -2361, -380,  -1449, -2381, -380,  153, 153, 153
L -1449, -2381, -380,  -1441, -2380, -380,  153, 153, 153
L -1441, -2380, -380,  -1441, -2439, -380,  153, 153, 153
L -1441, -2439, -380,  -1408, -2439, -380,  153, 153, 153
L -1408, -2439, -380,  -1389, -2420, -380,  153, 153, 153
L -1389, -2420, -380,  -1369, -2421, -380,  153, 153, 153
L -1369, -2421, -380,  -1351, -2440, -380,  153, 153, 153
L -1351, -2440, -380,  -1319, -2440, -380,  153, 153, 153
L -1319, -2440, -380,  -1318, -2380, -380,  153, 153, 153
L -1318, -2380, -380,  -1310, -2381, -380,  153, 153, 153
L -1310, -2381, -380,  -1308, -2369, -380,  153, 153, 153
L -1308, -2369, -380,  -1308, -2359, -380,  153, 153, 153
L -1308, -2359, -380,  -1321, -2359, -380,  153, 153, 153
L -1321, -2359, -380,  -1321, -2369, -380,  153, 153, 153
L -1321, -2369, -380,  -1348, -2396, -380,  153, 153, 153
L -1348, -2396, -380,  -1348, -2391, -380,  153, 153, 153
L -1348, -2391, -380,  -1360, -2388, -380,  153, 153, 153
L -1360, -2388, -380,  -1361, -2398, -380,  153, 153, 153
L -1361, -2398, -380,  -1398, -2398, -380,  153, 153, 153
L -1398, -2398, -380,  -1398, -2389, -380,  153, 153, 153
L -1398, -2389, -380,  -1412, -2389, -380,  153, 153, 153
L -1412, -2389, -380,  -1411, -2396, -380,  153, 153, 153
L -1411, -2396, -380,  -1438, -2369, -380,  153, 153, 153
L -1438, -2319, -380,  -1438, -2319, -380,  153, 153, 153
L -1438, -2319, -380,  -1438, -2310, -380,  153, 153, 153
L -1438, -2310, -380,  -1498, -2308, -403,  153, 153, 153
L -1498, -2308, -403,  -1501, -2487, -380,  153, 153, 153
L -1501, -2487, -380,  -1538, -2469, -380,  153, 153, 153
L -1538, -2469, -380,  -1541, -2447, -387,  153, 153, 153
L -1541, -2447, -387,  -1578, -2418, -575,  153, 153, 153
L -1578, -2418, -575,  -1588, -2342, -575,  153, 153, 153
L -1588, -2342, -575,  -1587, -2328, -669,  153, 153, 153
L -1587, -2328, -669,  -1562, -2294, -558,  153, 153, 153
L -1562, -2294, -558,  -1544, -2261, -382,  153, 153, 153
L -1544, -2261, -382,  -1525, -2250, -402,  153, 153, 153
L -1525, -2250, -402,  -1478, -2249, -479,  153, 153, 153
L -1478, -2249, -479,  -1458, -2127, -620,  153, 153, 153
L -1458, -2127, -620,  -1489, -2118, -857,  153, 153, 153
L -1489, -2118, -857,  -1437, -2042, -502,  153, 153, 153
L -1437, -2042, -502,  -1468, -1980, -613,  153, 153, 153
L -1468, -1980, -613,  -1506, -1930, -639,  153, 153, 153
L -1506, -1930, -639,  -1508, -1929, -184,  153, 153, 153
L -1508, -1929, -184,  -1508, -1879, -184,  153, 153, 153
L -1508, -1879, -184,  -1482, -1885, -259,  153, 153, 153
L -1482, -1885, -259,  -1478, -1875, -273,  153, 153, 153
L -1478, -1875, -273,  -1486, -1859, -247,  153, 153, 153
L -1486, -1859, -247,  -1461, -1841, -367,  153, 153, 153
L -1461, -1841, -367,  -1446, -1849, -380,  153, 153, 153
L -1398, 548, -1176,  -1398, 548, -1173,  153, 153, 153
L -1398, 548, -1173,  -1388, 550, -1176,  153, 153, 153
L -1388, 550, -1176,  -1388, 717, -1180,  153, 153, 153
L -1388, 717, -1180,  -1389, 730, -1180,  153, 153, 153
L -1389, 730, -1180,  -1399, 730, -1179,  153, 153, 153
L -1399, 730, -1179,  -1401, 710, -1180,  153, 153, 153
L -1401, 710, -1180,  -1410, 710, -1180,  153, 153, 153
L -1410, 710, -1180,  -1411, 708, -1180,  153, 153, 153
L -1411, 708, -1180,  -1410, 697, -1178,  153, 153, 153
L -1410, 697, -1178,  -1401, 698, -1180,  153, 153, 153
L -1401, 698, -1180,  -1401, 560, -1180,  153, 153, 153
L -1401, 560, -1180,  -1460, 560, -1180,  153, 153, 153
L -1460, 560, -1180,  -1461, 549, -1176,  153, 153, 153
L -1461, 549, -1176,  -1408, 548, -1180,  153, 153, 153
L -1408, 548, -1180,  -1398, 548, -1178,  153, 153, 153
L -958, 182, -1361,  -958, 182, -1361,  153, 153, 153
L -958, 182, -1361,  -958, 168, -1381,  153, 153, 153
L -958, 168, -1381,  -1020, 167, -1361,  153, 153, 153
L -1020, 167, -1361,  -1022, 181, -1413,  153, 153, 153
L -1022, 181, -1413,  -958, 183, -1361,  153, 153, 153
L -1022, 180, -1356,  -1022, 180, -1357,  0, 255, 255
L -1022, 180, -1357,  -1047, 179, -1356,  0, 255, 255
L -1047, 179, -1356,  -1100, 157, -1360,  0, 255, 255
L -1100, 157, -1360,  -1165, 158, -1310,  0, 255, 255
L -1022, 237, -1558,  -1022, 237, -1558,  0, 255, 255
L -1022, 237, -1558,  -1049, 237, -1561,  0, 255, 255
L -1049, 237, -1561,  -1080, 218, -1561,  0, 255, 255
L -1080, 218, -1561,  -1096, 202, -1561,  0, 255, 255
L -1096, 202, -1561,  -1186, 198, -1561,  0, 255, 255
L -1186, 198, -1561,  -1230, 247, -1361,  0, 255, 255
L -1230, 247, -1361,  -1231, 268, -1361,  0, 255, 255
L -1231, 268, -1361,  -1189, 279, -1161,  0, 255, 255
L -1189, 279, -1161,  -1167, 294, -1157,  0, 255, 255
L -1167, 294, -1157,  -1144, 288, -1191,  0, 255, 255
L -1144, 288, -1191,  -1133, 285, -1159,  0, 255, 255
L -1133, 285, -1159,  -1116, 290, -1161,  0, 255, 255
L -1116, 290, -1161,  -1111, 294, -1161,  0, 255, 255
L -1111, 294, -1161,  -1090, 313, -1166,  0, 255, 255
L -1090, 313, -1166,  -1062, 341, -1159,  0, 255, 255
L -1062, 341, -1159,  -1041, 347, -1163,  0, 255, 255
L -2807, 320, -3358,  -2807, 320, -3358,  0, 255, 255
L -2807, 320, -3358,  -2729, 367, -3361,  0, 255, 255
L -2729, 367, -3361,  -2693, 369, -3362,  0, 255, 255
L -2693, 369, -3362,  -2634, 395, -3358,  0, 255, 255
L -2634, 395, -3358,  -2630, 396, -3361,  0, 255, 255
L -2630, 396, -3361,  -2599, 349, -3360,  0, 255, 255
L -2599, 349, -3360,  -2570, 366, -3361,  0, 255, 255
L -2570, 366, -3361,  -2548, 339, -3361,  0, 255, 255
L -2548, 339, -3361,  -2476, 349, -3358,  0, 255, 255
L -2476, 349, -3358,  -2442, 341, -3372,  0, 255, 255
P -3140, 100, 0, 0, 0, 0, 2, Wakening Land
P 200, 350, 0, 0, 0, 0, 2, Eastern Wastes
P 633, 47, 0, 255, 255, 255, 2, Succor Point
