P 164.8150, -393.4483, 17.3599,  0, 0, 0,  1,  Forge
P -250.5293, -589.7939, -35.9979,  127, 64, 0,  2,  Brisbane_Treasury
P 150.2915, -412.3041, 0.2000,  0, 0, 0,  1,  Forge
P 185.6116, -402.2550, 0.2000,  127, 64, 0,  1,  Everhot_Forge
P 186.1855, -651.5910, 0.2000,  127, 64, 0,  2,  Grey_Bloom_Farms
P 163.4499, -673.3558, 0.2000,  0, 0, 0,  1,  Brewing_Barrel
P -314.3170, -513.4891, -35.9979,  0, 0, 0,  1,  Kiln
P -315.8469, -533.6509, -32.4078,  0, 0, 0,  1,  Pottery_Wheel
P -223.1157, -700.9184, -67.7604,  0, 0, 127,  2,  Jark(Pal1.0)
P -116.9544, -676.2100, 4.2081,  0, 0, 127,  2,  Nella_Stonebraids(Pal1.0)
P -143.8640, -946.9126, 24.2082,  0, 0, 127,  2,  Datur_Nightseer(Pal2.0)
P 178.7516, -346.8915, 1.5531,  0, 0, 127,  2,  Kinlo_Strongarm(Drd/Ber/Rng_Epics)
