P -302.9320, -109.4890, -10.1026,  127, 64, 0,  3,  The_Arena_(PvP)
P -208.5092, -128.5095, 0.2000,  127, 64, 0,  2,  Staff_&_Spear
P 208.6749, -217.9826, 0.2000,  127, 64, 0,  2,  Gurtha's_Wares
P 198.7090, -169.3600, 0.1000,  127, 64, 0,  2,  Kiln
P 208.9116, -169.7727, 1.9101,  127, 64, 0,  2,  Pottery_Wheel
P 233.8027, -242.1196, 0.2000,  127, 64, 0,  2,  Oven
P -212.7548, -101.9530, 0.2000,  127, 64, 0,  2,  Pub_Kal
P -244.3027, -110.9081, 0.2000,  127, 64, 0,  2,  Brewing_Barrel
P -366.9691, -116.7905, 0.2000,  127, 64, 0,  2,  Redfist's_Metal
P -356.6175, -175.9389, 0.2000,  127, 64, 0,  2,  Tanned_Assets
P -338.9596, -184.1085, 0.2000,  127, 64, 0,  2,  Irontoe's_Eats
P -385.9209, -112.7305, 0.2000,  0, 0, 0,  1,  Forge
P -299.4030, -195.9236, 0.2000,  0, 0, 127,  2,  Gretta_(G)Ench2.0)
