L -340, -414, 0,  -339, -410, 0,  153, 153, 153
L -339, -410, 0,  -316, -397, 0,  153, 153, 153
L -316, -397, 0,  -307, -399, 0,  153, 153, 153
L -307, -399, 0,  -293, -395, 0,  153, 153, 153
L -293, -395, 0,  -273, -367, 0,  153, 153, 153
L -273, -367, 0,  -257, -361, 0,  153, 153, 153
L -257, -361, 0,  -246, -343, 0,  153, 153, 153
L -246, -343, 0,  -251, -334, 0,  153, 153, 153
L -251, -334, 0,  -237, -307, 0,  153, 153, 153
L -237, -307, 0,  -248, -283, 0,  153, 153, 153
L -248, -283, 0,  -261, -280, 0,  153, 153, 153
L -261, -280, 0,  -272, -256, 0,  153, 153, 153
L -272, -256, 0,  -265, -256, 0,  153, 153, 153
L -265, -256, 0,  -266, -247, 0,  153, 153, 153
L -266, -247, 0,  -287, -227, 0,  153, 153, 153
L -287, -227, 0,  -334, -215, 0,  153, 153, 153
L -334, -215, 0,  -359, -191, 0,  153, 153, 153
L -359, -191, 0,  -357, -179, 0,  153, 153, 153
L -357, -179, 0,  -397, -179, 0,  153, 153, 153
L -397, -179, 0,  -407, -179, 0,  153, 153, 153
L -407, -179, 0,  -407, -155, 0,  153, 153, 153
L -407, -155, 0,  -419, -143, 0,  153, 153, 153
L -419, -143, 0,  -421, -129, 0,  153, 153, 153
L -421, -129, 0,  -413, -107, 0,  153, 153, 153
L -413, -107, 0,  -395, -84, 0,  153, 153, 153
L -395, -84, 0,  -394, -58, 0,  153, 153, 153
L -394, -58, 0,  -407, -47, 0,  153, 153, 153
L -407, -47, 0,  -411, -57, 0,  153, 153, 153
L -411, -57, 0,  -423, -57, 0,  153, 153, 153
L -423, -57, 0,  -423, -72, 0,  153, 153, 153
L -387, -22, 0,  -387, -33, 0,  153, 153, 153
L -387, -33, 0,  -395, -33, 0,  153, 153, 153
L -395, -33, 0,  -391, -46, 0,  153, 153, 153
L -391, -46, 0,  -386, -51, 0,  153, 153, 153
L -386, -51, 0,  -359, -48, 0,  153, 153, 153
L -359, -48, 0,  -351, -37, 0,  153, 153, 153
L -351, -37, 0,  -342, -50, 0,  153, 153, 153
L -342, -50, 0,  -328, -51, 0,  153, 153, 153
L -328, -51, 0,  -326, -57, 0,  153, 153, 153
L -326, -57, 0,  -263, -63, 0,  153, 153, 153
L -263, -63, 0,  -227, -58, 0,  153, 153, 153
L -227, -58, 0,  -217, -51, 0,  153, 153, 153
L -217, -51, 0,  -203, -49, 0,  153, 153, 153
L -203, -49, 0,  -203, -25, 0,  153, 153, 153
L -203, -25, 0,  -173, -25, 0,  153, 153, 153
L -173, -25, 0,  -173, -39, 0,  153, 153, 153
L -173, -39, 0,  -196, -39, 0,  153, 153, 153
L -196, -39, 0,  -197, -48, 0,  153, 153, 153
L -197, -48, 0,  -181, -64, 0,  153, 153, 153
L -181, -64, 0,  -183, -71, 0,  153, 153, 153
L -183, -71, 0,  -204, -71, 0,  153, 153, 153
L -204, -71, 0,  -203, -76, 0,  153, 153, 153
L -203, -76, 0,  -184, -101, 0,  153, 153, 153
L -184, -101, 0,  -141, -104, 0,  153, 153, 153
L -141, -104, 0,  -132, -107, 0,  153, 153, 153
L -132, -107, 0,  -111, -129, 0,  153, 153, 153
L -111, -129, 0,  -97, -128, 0,  153, 153, 153
L -97, -128, 0,  -86, -134, 0,  153, 153, 153
L -86, -134, 0,  -75, -158, 0,  153, 153, 153
L -75, -158, 0,  -63, -165, 0,  153, 153, 153
L -63, -165, 0,  -51, -169, 0,  153, 153, 153
L -51, -169, 0,  -41, -162, 0,  153, 153, 153
L -41, -162, 0,  -31, -162, 0,  153, 153, 153
L -31, -162, 0,  -32, -158, 0,  153, 153, 153
L -32, -158, 0,  -16, -148, 0,  153, 153, 153
L -16, -148, 0,  -15, -121, 0,  153, 153, 153
L -15, -121, 0,  -48, -119, 0,  153, 153, 153
L -41, -111, 0,  -19, -111, 0,  153, 153, 153
L -19, -111, 0,  -15, -103, 0,  153, 153, 153
L -15, -103, 0,  -21, -103, 0,  153, 153, 153
L -21, -103, 0,  -21, -96, 0,  153, 153, 153
L -21, -96, 0,  -31, -82, 0,  153, 153, 153
L -31, -82, 0,  -25, -79, 0,  153, 153, 153
L -25, -79, 0,  -17, -72, 0,  153, 153, 153
L -17, -72, 0,  -17, -64, 0,  153, 153, 153
L -17, -64, 0,  -26, -57, 0,  153, 153, 153
L -26, -57, 0,  -33, -57, 0,  153, 153, 153
L -33, -57, 0,  -41, -63, 0,  153, 153, 153
L -41, -63, 0,  -50, -63, 0,  153, 153, 153
L -50, -63, 0,  -53, -56, 0,  153, 153, 153
L -53, -56, 0,  -57, -47, 0,  153, 153, 153
L -57, -47, 0,  -53, -22, 0,  153, 153, 153
L -53, -22, 0,  -27, -14, 0,  153, 153, 153
L -27, -14, 0,  -11, 11, 0,  153, 153, 153
L -11, 11, 0,  -11, 47, 0,  153, 153, 153
L -11, 47, 0,  -47, 48, 0,  153, 153, 153
L -47, 48, 0,  -47, 60, 0,  153, 153, 153
L -37, 62, 0,  -37, 59, 0,  153, 153, 153
L -37, 59, 0,  -2, 58, 0,  153, 153, 153
L -2, 58, 0,  10, 46, 0,  153, 153, 153
L 10, 46, 0,  10, 11, 0,  153, 153, 153
L 10, 11, 0,  24, -13, 0,  153, 153, 153
L 24, -13, 0,  52, -21, 0,  153, 153, 153
L 52, -21, 0,  56, -37, 0,  153, 153, 153
L 56, -37, 0,  56, -47, 0,  153, 153, 153
L 56, -47, 0,  50, -63, 0,  153, 153, 153
L 50, -63, 0,  41, -63, 0,  153, 153, 153
L 41, -63, 0,  34, -57, 0,  153, 153, 153
L 34, -57, 0,  27, -57, 0,  153, 153, 153
L 27, -57, 0,  17, -63, 0,  153, 153, 153
L 17, -63, 0,  16, -72, 0,  153, 153, 153
L 16, -72, 0,  25, -79, 0,  153, 153, 153
L 25, -79, 0,  31, -80, 0,  153, 153, 153
L 31, -80, 0,  20, -96, 0,  153, 153, 153
L 20, -96, 0,  20, -103, 0,  153, 153, 153
L 20, -103, 0,  13, -103, 0,  153, 153, 153
L 13, -103, 0,  16, -110, 0,  153, 153, 153
L 16, -110, 0,  40, -110, 0,  153, 153, 153
L 46, -119, 0,  15, -119, 0,  153, 153, 153
L 15, -119, 0,  15, -149, 0,  153, 153, 153
L 15, -149, 0,  30, -149, 0,  153, 153, 153
L 30, -149, 0,  30, -154, 0,  153, 153, 153
L 30, -154, 0,  40, -154, 0,  153, 153, 153
L 40, -154, 0,  39, -150, 0,  153, 153, 153
L 39, -150, 0,  57, -162, 0,  153, 153, 153
L 57, -162, 0,  68, -178, 0,  153, 153, 153
L 68, -178, 0,  79, -187, 0,  153, 153, 153
L 79, -187, 0,  88, -185, 0,  153, 153, 153
L 88, -185, 0,  103, -195, 0,  153, 153, 153
L 103, -195, 0,  131, -152, 0,  153, 153, 153
L 131, -152, 0,  143, -145, 0,  153, 153, 153
L 143, -145, 0,  162, -143, 0,  153, 153, 153
L 162, -143, 0,  176, -151, 0,  153, 153, 153
L 176, -151, 0,  195, -154, 0,  153, 153, 153
L 195, -154, 0,  212, -163, 0,  153, 153, 153
L 212, -163, 0,  236, -163, 0,  153, 153, 153
L 236, -163, 0,  249, -167, 0,  153, 153, 153
L 249, -167, 0,  278, -183, 0,  153, 153, 153
L 278, -183, 0,  281, -194, 0,  153, 153, 153
L 281, -194, 0,  271, -215, 0,  153, 153, 153
L 271, -215, 0,  275, -219, 0,  153, 153, 153
L 275, -219, 0,  276, -227, 0,  153, 153, 153
L 276, -227, 0,  282, -239, 0,  153, 153, 153
L 282, -239, 0,  304, -234, 0,  153, 153, 153
L 304, -234, 0,  337, -219, 0,  153, 153, 153
L 337, -219, 0,  346, -193, 0,  153, 153, 153
L -328, -416, 0,  -285, -409, 0,  153, 153, 153
L -285, -409, 0,  -275, -393, 0,  153, 153, 153
L -275, -393, 0,  -265, -383, 0,  153, 153, 153
L -265, -383, 0,  -260, -374, 0,  153, 153, 153
L -260, -374, 0,  -237, -353, 0,  153, 153, 153
L -237, -353, 0,  -235, -342, 0,  153, 153, 153
L -235, -342, 0,  -235, -325, 0,  153, 153, 153
L -235, -325, 0,  -227, -316, 0,  153, 153, 153
L -227, -316, 0,  -225, -305, 0,  153, 153, 153
L -225, -305, 0,  -228, -280, 0,  153, 153, 153
L -228, -280, 0,  -252, -256, 0,  153, 153, 153
L -252, -256, 0,  -256, -246, 0,  153, 153, 153
L -256, -246, 0,  -255, -256, 0,  153, 153, 153
L -255, -256, 0,  -255, -245, 0,  153, 153, 153
L -255, -245, 0,  -251, -247, 0,  153, 153, 153
L -251, -247, 0,  -255, -214, 0,  153, 153, 153
L -255, -214, 0,  -265, -204, 0,  153, 153, 153
L -265, -204, 0,  -274, -190, 0,  153, 153, 153
L -274, -190, 0,  -267, -180, 0,  153, 153, 153
L -267, -180, 0,  -259, -173, 0,  153, 153, 153
L -259, -173, 0,  -251, -180, 0,  153, 153, 153
L -251, -180, 0,  -251, -203, 0,  153, 153, 153
L -251, -203, 0,  -227, -203, 0,  153, 153, 153
L -227, -203, 0,  -227, -215, 0,  153, 153, 153
L -227, -215, 0,  -207, -215, 0,  153, 153, 153
L -207, -215, 0,  -207, -189, 0,  153, 153, 153
L -207, -189, 0,  -244, -189, 0,  153, 153, 153
L -244, -189, 0,  -245, -179, 0,  153, 153, 153
L -245, -179, 0,  -226, -170, 0,  153, 153, 153
L -226, -170, 0,  -207, -157, 0,  153, 153, 153
L -207, -157, 0,  -183, -143, 0,  153, 153, 153
L -183, -143, 0,  -141, -123, 0,  153, 153, 153
L -141, -123, 0,  -125, -133, 0,  153, 153, 153
L -125, -133, 0,  -119, -143, 0,  153, 153, 153
L -119, -143, 0,  -110, -147, 0,  153, 153, 153
L -110, -147, 0,  -94, -148, 0,  153, 153, 153
L -94, -148, 0,  -82, -161, 0,  153, 153, 153
L -82, -161, 0,  -72, -175, 0,  153, 153, 153
L -72, -175, 0,  -61, -183, 0,  153, 153, 153
L -61, -183, 0,  -51, -183, 0,  153, 153, 153
L -51, -183, 0,  -39, -178, 0,  153, 153, 153
L -39, -178, 0,  -41, -173, 0,  153, 153, 153
L -41, -173, 0,  -33, -173, 0,  153, 153, 153
L -33, -173, 0,  -33, -179, 0,  153, 153, 153
L -33, -179, 0,  -18, -175, 0,  153, 153, 153
L -18, -175, 0,  15, -175, 0,  153, 153, 153
L 15, -175, 0,  32, -171, 0,  153, 153, 153
L 32, -171, 0,  32, -169, 0,  153, 153, 153
L 32, -169, 0,  31, -169, 0,  153, 153, 153
L 31, -169, 0,  30, -165, 0,  153, 153, 153
L 30, -165, 0,  38, -165, 0,  153, 153, 153
L 38, -165, 0,  40, -169, 0,  153, 153, 153
L 40, -169, 0,  38, -171, 0,  153, 153, 153
L 38, -171, 0,  50, -170, 0,  153, 153, 153
L 50, -170, 0,  54, -177, 0,  153, 153, 153
L 54, -177, 0,  62, -179, 0,  153, 153, 153
L 62, -179, 0,  70, -191, 0,  153, 153, 153
L 70, -191, 0,  79, -199, 0,  153, 153, 153
L 79, -199, 0,  97, -200, 0,  153, 153, 153
L 97, -200, 0,  104, -207, 0,  153, 153, 153
L 104, -207, 0,  116, -229, 0,  153, 153, 153
L 116, -229, 0,  126, -232, 0,  153, 153, 153
L 126, -232, 0,  135, -251, 0,  153, 153, 153
L 135, -251, 0,  135, -258, 0,  153, 153, 153
L 135, -258, 0,  142, -260, 0,  153, 153, 153
L 142, -260, 0,  155, -266, 0,  153, 153, 153
L 155, -266, 0,  162, -265, 0,  153, 153, 153
L 162, -265, 0,  170, -271, 0,  153, 153, 153
L 170, -271, 0,  178, -281, 0,  153, 153, 153
L 178, -281, 0,  183, -281, 0,  153, 153, 153
L 183, -281, 0,  189, -277, 0,  153, 153, 153
L 189, -277, 0,  194, -283, 0,  153, 153, 153
L 194, -283, 0,  201, -283, 0,  153, 153, 153
L 201, -283, 0,  208, -276, 0,  153, 153, 153
L 208, -276, 0,  212, -267, 0,  153, 153, 153
L 212, -267, 0,  224, -273, 0,  153, 153, 153
L 224, -273, 0,  227, -282, 0,  153, 153, 153
L 227, -282, 0,  231, -282, 0,  153, 153, 153
L 231, -282, 0,  231, -291, 0,  153, 153, 153
L 231, -291, 0,  229, -294, 0,  153, 153, 153
L 229, -294, 0,  228, -310, 0,  153, 153, 153
L 228, -310, 0,  214, -339, 0,  153, 153, 153
L 214, -339, 0,  216, -351, 0,  153, 153, 153
L 216, -351, 0,  224, -361, 0,  153, 153, 153
L 224, -361, 0,  230, -362, 0,  153, 153, 153
L 230, -362, 0,  247, -379, 0,  153, 153, 153
L 247, -379, 0,  256, -393, 0,  153, 153, 153
P 2, 18, 0, 255, 255, 255, 2, Succor Point
