P -1649.4501, -573.1734, 188.6122,  0, 0, 127,  2,  Tarnamil(Sk_1.5)
P -3231.8538, -910.2607, 380.1400,  127, 0, 0,  2,  cloaked_figure(Brd_1.5)
P -2308.4675, -813.2051, 270.7456,  127, 0, 0,  2,  Advisor_C'zatl
P -2291.7258, -794.3247, 269.5803,  127, 0, 0,  2,  War_Priestess
P -2301.9263, -787.7970, 269.5398,  127, 0, 0,  1,  Adjutant_D'kan
P -2314.6799, -802.1292, 271.7721,  127, 0, 0,  2,  Tasi
P -2305.7424, -830.3084, 270.2431,  127, 0, 0,  2,  Coercer_Q'ioul
P -2299.3840, -808.6965, 269.5330,  127, 0, 0,  1,  Brigadier
P -2293.4553, -811.2560, 269.5627,  127, 0, 0,  1,  Ioltos
P -1699.1917, -1524.1631, 193.2238,  0, 0, 127,  2,  Giz_X`Tin*(Druid1.0)
