L -803.4520, -130.1742, 89.9722,  -812.8714, -130.2904, 90.2000,  100, 50, 0
L -781.6077, -129.9061, 89.9069,  -792.4188, -130.3880, 89.9393,  100, 50, 0
L -782.1209, -87.9522, 89.4107,  -781.6077, -129.9061, 89.9069,  100, 50, 0
L -813.3889, -88.3359, 89.5721,  -782.1209, -87.9522, 89.4107,  100, 50, 0
L -812.8714, -130.2901, 90.2000,  -813.3889, -88.3359, 89.5721,  100, 50, 0
L -88.8687, -221.5931, -18.9880,  -91.6990, -220.4913, -16.2555,  100, 50, 0
L -85.1484, -208.8822, -17.6295,  -88.8687, -221.5931, -18.9880,  100, 50, 0
L -130.2383, -196.1065, -16.1968,  -85.1484, -208.8822, -17.6295,  100, 50, 0
L -133.9190, -209.8590, -16.6640,  -130.2383, -196.1065, -16.1968,  100, 50, 0
L -137.6236, -207.8831, -16.5546,  -133.9190, -209.8590, -16.6640,  100, 50, 0
L -140.4766, -216.6679, -16.8735,  -137.6236, -207.8831, -16.5546,  100, 50, 0
L -136.3337, -217.8256, -17.4500,  -140.4766, -216.6679, -16.8735,  100, 50, 0
L -139.9273, -229.9759, -17.4527,  -136.3337, -217.8256, -17.4500,  100, 50, 0
L -95.2051, -242.3755, -18.4984,  -139.9273, -229.9759, -17.4527,  100, 50, 0
L -91.4753, -230.9998, -18.4496,  -95.2051, -242.3755, -18.4984,  100, 50, 0
L -93.7727, -230.2579, -16.2013,  -91.4753, -230.9998, -18.4496,  100, 50, 0
L -128.5692, -198.6852, -16.3061,  -136.9096, -228.8234, -16.1483,  100, 50, 0
L -88.1321, -209.8760, -16.3018,  -128.5692, -198.6852, -16.3123,  100, 50, 0
L -91.6990, -220.4913, -16.2564,  -88.1321, -209.8760, -16.3018,  100, 50, 0
L -96.4724, -240.1400, -16.1483,  -93.7727, -230.2579, -16.1997,  100, 50, 0
L -136.9096, -228.8234, -16.1483,  -96.4724, -240.1400, -16.1483,  100, 50, 0
L 533.1933, 87.4140, -38.4461,  491.3152, 84.8387, -37.8552,  100, 50, 0
L 533.8591, 76.6045, -38.4003,  533.1933, 87.4140, -38.4461,  100, 50, 0
L 535.1109, 56.2023, -38.2933,  534.5191, 65.8328, -38.3438,  100, 50, 0
L 493.2327, 53.6315, -37.9547,  535.1109, 56.2023, -38.2933,  100, 50, 0
L 491.3154, 84.8387, -37.8552,  493.2327, 53.6315, -37.9547,  100, 50, 0
L 690.2410, -1173.9373, -43.4581,  700.3033, -1173.9374, -43.5097,  100, 50, 0
L 690.9000, -1176.3552, -43.9806,  690.2410, -1173.9373, -43.4581,  100, 50, 0
L 701.9506, -1176.3451, -44.2931,  690.9000, -1176.3552, -43.9806,  100, 50, 0
L 702.1698, -1085.1301, -44.2991,  701.9506, -1176.3451, -44.2931,  100, 50, 0
L 688.8658, -1084.9510, -43.9513,  702.1698, -1085.1301, -44.2991,  100, 50, 0
L 688.5326, -1080.7018, -43.9427,  688.8658, -1084.9510, -43.9513,  100, 50, 0
L 679.9528, -1080.7809, -43.7184,  688.5326, -1080.7018, -43.9427,  100, 50, 0
L 679.7925, -1084.9489, -43.7025,  679.9528, -1080.7809, -43.7184,  100, 50, 0
L 667.1882, -1085.6429, -43.3845,  679.7925, -1084.9489, -43.7025,  100, 50, 0
L 667.8450, -1176.8640, -43.3817,  667.1882, -1085.6429, -43.3845,  100, 50, 0
L 679.9211, -1176.1945, -43.7171,  667.8450, -1176.8640, -43.3817,  100, 50, 0
L 679.9094, -1173.8136, -43.4050,  679.9211, -1176.1945, -43.7171,  100, 50, 0
L 669.2860, -1173.9374, -43.3481,  679.9094, -1173.8136, -43.4050,  100, 50, 0
L 669.2900, -1156.4657, -43.3481,  669.2860, -1173.9374, -43.3481,  100, 50, 0
L 676.8707, -1156.4784, -43.3892,  669.2900, -1156.4657, -43.3481,  100, 50, 0
L 676.7206, -1145.5443, -43.3883,  676.8707, -1156.4784, -43.3892,  100, 50, 0
L 673.4637, -1145.5658, -43.3712,  676.7206, -1145.5443, -43.3883,  100, 50, 0
L 673.4448, -1153.2554, -43.3688,  673.4637, -1145.5658, -43.3712,  100, 50, 0
L 669.2850, -1153.2554, -43.3481,  673.4448, -1153.2554, -43.3688,  100, 50, 0
L 669.2900, -1131.7036, -43.3481,  669.2850, -1153.2554, -43.3481,  100, 50, 0
L 669.2900, -1131.7036, -43.3481,  679.9211, -1131.7068, -43.4001,  100, 50, 0
L 669.2900, -1087.3318, -43.3481,  669.2860, -1129.6168, -43.3481,  100, 50, 0
L 700.3033, -1087.3318, -43.5120,  669.2900, -1087.3318, -38.6756,  100, 50, 0
L 700.3033, -1129.6171, -43.5120,  700.3033, -1087.3318, -43.5120,  100, 50, 0
L 689.1752, -1129.3220, -43.4536,  700.3033, -1129.6171, -43.5120,  100, 50, 0
L 689.2401, -1131.8025, -43.4540,  689.1752, -1129.3220, -43.4536,  100, 50, 0
L 700.3033, -1131.7035, -43.5120,  689.2401, -1131.8025, -43.4540,  100, 50, 0
L 700.3033, -1173.9374, -43.5099,  700.3033, -1131.7035, -43.5120,  100, 50, 0
L 829.2229, -1412.3197, -47.1373,  818.3755, -1412.3257, -47.1918,  100, 50, 0
L 829.5543, -1409.9124, -47.6291,  829.2229, -1412.3197, -47.1373,  100, 50, 0
L 816.5848, -1409.9110, -47.2901,  829.5543, -1409.9124, -47.6291,  100, 50, 0
L 816.4573, -1456.3844, -47.2869,  816.5848, -1409.9110, -47.2901,  100, 50, 0
L 829.8262, -1456.6638, -47.6364,  816.4573, -1456.3844, -47.2869,  100, 50, 0
L 829.9329, -1460.7418, -47.6390,  829.8262, -1456.6638, -47.6364,  100, 50, 0
L 839.7200, -1460.7074, -47.8763,  829.9329, -1460.7418, -47.6390,  100, 50, 0
L 838.8934, -1456.6610, -47.8733,  839.7200, -1460.7074, -47.8763,  100, 50, 0
L 851.3246, -1456.6406, -48.1983,  838.8934, -1456.6610, -47.8733,  100, 50, 0
L 851.5311, -1410.8521, -48.2036,  851.3246, -1456.6406, -48.1983,  100, 50, 0
L 838.8565, -1409.9539, -47.8723,  851.5311, -1410.8521, -48.2036,  100, 50, 0
L 838.7581, -1412.2480, -46.9767,  838.8565, -1409.9539, -47.8723,  100, 50, 0
L 849.6462, -1412.3257, -47.3020,  838.7581, -1412.2480, -46.9767,  100, 50, 0
L 849.6462, -1454.2826, -47.3020,  849.6462, -1412.3257, -47.3020,  100, 50, 0
L 818.3745, -1454.2826, -47.1942,  849.6462, -1454.2826, -47.3020,  100, 50, 0
L 818.3755, -1412.3257, -47.1918,  818.3748, -1454.2826, -47.1942,  100, 50, 0
L -4039.8796, 47.7990, 485.7112,  -4027.6465, 190.3581, 491.9852,  60, 40, 0
L -3914.1753, -46.2689, 466.3693,  -4039.8796, 47.7990, 485.7112,  60, 40, 0
L -3910.2439, -153.3120, 464.8813,  -3914.1753, -46.2689, 466.3693,  60, 40, 0
L -3921.9712, -316.3300, 471.5390,  -3910.2439, -153.3120, 464.8813,  60, 40, 0
L -3795.7490, -390.2700, 449.6793,  -3921.9712, -316.3300, 471.5390,  60, 40, 0
L -3787.2893, -447.2031, 448.7239,  -3795.7490, -390.2700, 449.6793,  60, 40, 0
L -3678.1414, -514.5662, 437.8460,  -3787.2893, -447.2031, 448.7239,  60, 40, 0
L -3668.3479, -570.1613, 437.7080,  -3678.1414, -514.5662, 437.8460,  60, 40, 0
L -3578.9082, -624.8718, 428.8516,  -3668.3479, -570.1613, 437.7080,  60, 40, 0
L -3551.7002, -693.4586, 429.1641,  -3578.9082, -624.8718, 428.8516,  60, 40, 0
L -3446.3494, -757.5845, 409.6272,  -3551.7002, -693.4586, 429.1641,  60, 40, 0
L -3453.7471, -787.9742, 411.5335,  -3446.3494, -757.5845, 409.6272,  60, 40, 0
L -3358.1780, -902.4166, 396.5160,  -3453.7471, -787.9742, 411.5335,  60, 40, 0
L -3250.4810, -904.7920, 382.8541,  -3358.1780, -902.4166, 396.5160,  60, 40, 0
L -1157.5615, -641.1458, 152.1645,  -1149.4240, -539.2152, 130.7800,  60, 40, 0
L -1262.7914, -679.4352, 143.5694,  -1157.5615, -641.1458, 152.1645,  60, 40, 0
L -1269.3021, -720.9779, 146.5808,  -1262.7914, -679.4352, 143.5694,  60, 40, 0
L -1259.7260, -752.9400, 146.5627,  -1269.3021, -720.9779, 146.5808,  60, 40, 0
L -1268.4752, -786.4935, 146.1368,  -1259.7260, -752.9400, 146.5627,  60, 40, 0
L -1265.7202, -1079.7308, 139.2794,  -1268.4752, -786.4935, 146.1368,  60, 40, 0
L 906.9595, -1380.1465, -49.6430,  984.8510, -1379.2806, -51.6454,  60, 40, 0
L 862.6962, -1312.9540, -48.2974,  906.9595, -1380.1465, -49.6430,  60, 40, 0
L 818.7152, -1254.9526, -46.3500,  862.6962, -1312.9540, -48.2974,  60, 40, 0
L 597.7345, -1271.7863, -34.8545,  818.7152, -1254.9526, -46.3500,  60, 40, 0
L 586.2400, -1256.9666, -33.1088,  597.7345, -1271.7863, -34.8545,  60, 40, 0
L 448.3740, -1257.5911, -22.7137,  586.2400, -1256.9666, -33.1088,  60, 40, 0
L 412.5133, -1304.9036, -12.8450,  448.3740, -1257.5911, -22.7137,  60, 40, 0
L 405.2049, -1327.2860, -8.1670,  412.5133, -1304.9036, -12.8450,  60, 40, 0
L 359.1650, -1385.7510, -5.7080,  405.2049, -1327.2860, -8.1670,  60, 40, 0
L 299.6514, -1385.5670, -9.2483,  359.1650, -1385.7510, -5.7080,  60, 40, 0
L 100.2673, -1380.2533, -27.8204,  299.6514, -1385.5670, -9.2483,  60, 40, 0
L 53.8185, -1304.5948, -27.1043,  100.2673, -1380.2533, -27.8204,  60, 40, 0
L -4.8143, -1283.1316, -25.3504,  53.8185, -1304.5948, -27.1043,  60, 40, 0
L -5.1201, -1246.1837, -25.1603,  -4.8143, -1283.1316, -25.3504,  60, 40, 0
L -119.4069, -1172.3699, -22.3610,  -5.1201, -1246.1837, -25.1603,  60, 40, 0
L -122.7787, -1140.7057, -21.9019,  -119.4069, -1172.3699, -22.3610,  60, 40, 0
L -216.2152, -1018.1880, -20.2343,  -122.7787, -1140.7057, -21.9019,  60, 40, 0
L -341.5924, -1020.3990, -16.9805,  -216.2152, -1018.1880, -20.2343,  60, 40, 0
L -342.9968, -1020.3007, -16.9414,  -344.3555, -893.4456, -16.9084,  60, 40, 0
L -479.9716, -1024.3619, 10.2582,  -342.9968, -1020.3007, -16.9414,  60, 40, 0
L -521.5497, -959.6190, 24.2800,  -479.9716, -1024.3619, 10.2582,  60, 40, 0
L -564.7317, -896.4936, 31.9064,  -521.5497, -959.6190, 24.2800,  60, 40, 0
L -703.6738, -891.3292, 64.1748,  -564.7317, -896.4936, 31.9064,  60, 40, 0
L -754.4035, -966.7332, 76.5957,  -703.6738, -891.3292, 64.1748,  60, 40, 0
L -786.1151, -1028.4519, 80.6471,  -754.4035, -966.7332, 76.5957,  60, 40, 0
L -837.1490, -1043.4681, 87.2070,  -786.1151, -1028.4519, 80.6471,  60, 40, 0
L -911.8198, -1145.4790, 96.7640,  -837.1490, -1043.4681, 87.2070,  60, 40, 0
L -1267.5109, -1143.7592, 139.4995,  -911.8198, -1145.4790, 96.7640,  60, 40, 0
L -1267.6134, -1144.1304, 139.5122,  -1266.1077, -1080.4176, 139.3269,  60, 40, 0
L -1287.1373, -1136.2770, 141.9122,  -1267.6134, -1144.1304, 139.5122,  60, 40, 0
L -1313.7582, -1142.8633, 145.4326,  -1287.1373, -1136.2770, 141.9122,  60, 40, 0
L -1399.9193, -1135.1385, 156.6231,  -1313.7582, -1142.8633, 145.4326,  60, 40, 0
L -1472.4351, -1273.1071, 164.8025,  -1399.9193, -1135.1385, 156.6231,  60, 40, 0
L -1524.8033, -1280.9771, 171.4462,  -1472.4351, -1273.1071, 164.8025,  60, 40, 0
L -1599.6910, -1384.1228, 181.4000,  -1524.8033, -1280.9771, 171.4462,  60, 40, 0
L -1752.2209, -1377.7816, 199.5040,  -1599.6910, -1384.1228, 181.4000,  60, 40, 0
L -1849.4353, -1273.1190, 212.6440,  -1752.2209, -1377.7816, 199.5040,  60, 40, 0
L -1856.6520, -1138.2064, 225.2966,  -1849.4353, -1273.1190, 212.6440,  60, 40, 0
L -1948.7760, -1134.9607, 225.2786,  -1856.6520, -1138.2064, 225.2966,  60, 40, 0
L -1989.3170, -1017.9387, 230.6030,  -1948.7760, -1134.9607, 225.2786,  60, 40, 0
L -2088.9990, -1017.6693, 240.4000,  -1989.3170, -1017.9387, 230.6030,  60, 40, 0
L -2164.1841, -1149.1177, 251.1131,  -2088.9990, -1017.6693, 240.4000,  60, 40, 0
L -2217.8301, -1157.5222, 258.6139,  -2164.1841, -1149.1177, 251.1131,  60, 40, 0
L -2290.7246, -1262.8656, 280.6000,  -2217.8301, -1157.5222, 258.6139,  60, 40, 0
L -2397.8208, -1269.2240, 287.2414,  -2290.7246, -1262.8656, 280.6000,  60, 40, 0
L -2550.6248, -1265.8018, 296.9680,  -2397.8208, -1269.2240, 287.2414,  60, 40, 0
L -2592.7419, -1205.6212, 302.5230,  -2550.6248, -1265.8018, 296.9680,  60, 40, 0
L -2633.5249, -1176.6115, 307.1510,  -2592.7419, -1205.6212, 302.5230,  60, 40, 0
L -2641.2368, -1116.8846, 308.2388,  -2633.5249, -1176.6115, 307.1510,  60, 40, 0
L -2691.3999, -1094.7010, 314.4322,  -2641.2368, -1116.8846, 308.2388,  60, 40, 0
L -2747.1416, -1050.4003, 322.2932,  -2691.3999, -1094.7010, 314.4322,  60, 40, 0
L -2755.6260, -995.4306, 323.2090,  -2747.1416, -1050.4003, 322.2932,  60, 40, 0
L -2808.3579, -969.5815, 328.9139,  -2755.6260, -995.4306, 323.2090,  60, 40, 0
L -2855.4209, -904.1019, 336.1662,  -2808.3579, -969.5815, 328.9139,  60, 40, 0
L -3244.1985, -903.9849, 382.8620,  -2855.4209, -904.1019, 336.1662,  60, 40, 0
L -3299.6570, -970.4985, 388.8754,  -3246.4490, -904.6870, 382.3614,  60, 40, 0
L -3314.7083, -1029.2139, 391.7955,  -3299.6570, -970.4985, 388.8754,  60, 40, 0
L -3372.2666, -1043.9031, 397.9121,  -3314.7083, -1029.2139, 391.7955,  60, 40, 0
L -3404.6406, -1087.3969, 401.8360,  -3372.2666, -1043.9031, 397.9121,  60, 40, 0
L -3433.6174, -1146.7654, 405.4329,  -3404.6406, -1087.3969, 401.8360,  60, 40, 0
L -3484.8584, -1158.1014, 411.6541,  -3433.6174, -1146.7654, 405.4329,  60, 40, 0
L -3548.2771, -1271.2607, 419.6410,  -3484.8584, -1158.1014, 411.6541,  60, 40, 0
L -3599.1089, -1277.5579, 425.8025,  -3548.2771, -1271.2607, 419.6410,  60, 40, 0
L -3635.5583, -1325.2040, 430.1591,  -3599.1089, -1277.5579, 425.8025,  60, 40, 0
L -3664.6128, -1389.9783, 433.8831,  -3635.5583, -1325.2040, 430.1591,  60, 40, 0
L -3714.5444, -1398.8439, 439.9030,  -3664.6128, -1389.9783, 433.8831,  60, 40, 0
L -3789.6050, -1504.1875, 449.7060,  -3714.5444, -1398.8439, 439.9030,  60, 40, 0
L -3979.4397, -1499.9999, 478.3686,  -3789.6050, -1504.1875, 449.7060,  60, 40, 0
L -4016.1643, -1514.9730, 486.8104,  -3979.4397, -1499.9999, 478.3686,  60, 40, 0
L -4041.4197, -1494.6115, 489.1607,  -4016.1643, -1514.9730, 486.8104,  60, 40, 0
L -4072.1450, -1509.4818, 495.3754,  -4041.4197, -1494.6115, 489.1607,  60, 40, 0
L -4090.1472, -1497.4752, 496.4800,  -4072.1450, -1509.4818, 495.3754,  60, 40, 0
L -4141.4839, -1513.4500, 500.5020,  -4090.1472, -1497.4752, 496.4800,  60, 40, 0
L -4716.2441, -413.7128, 662.8397,  -4765.2856, -421.3367, 665.6099,  60, 40, 0
L -4692.6172, -424.1490, 656.6099,  -4716.2441, -413.7128, 662.8397,  60, 40, 0
L -4615.3184, -413.5654, 658.2765,  -4692.6172, -424.1490, 656.6099,  60, 40, 0
L -4603.7852, -555.7564, 636.1340,  -4615.3184, -413.5654, 658.2765,  60, 40, 0
L -4531.2188, -604.6008, 649.6476,  -4603.7852, -555.7564, 636.1340,  60, 40, 0
L -4474.6348, -652.7051, 649.9176,  -4531.2188, -604.6008, 649.6476,  60, 40, 0
L -4479.1914, -765.4072, 643.4827,  -4474.6348, -652.7051, 649.9176,  60, 40, 0
L -4478.4702, -874.6837, 627.2102,  -4479.1914, -765.4072, 643.4827,  60, 40, 0
L -4486.9746, -897.6299, 621.5824,  -4478.4702, -874.6837, 627.2102,  60, 40, 0
L -4470.8545, -1125.8827, 582.7110,  -4486.9746, -897.6299, 621.5824,  60, 40, 0
L -4392.1899, -1139.4860, 579.6340,  -4470.8545, -1125.8827, 582.7110,  60, 40, 0
L -4374.1494, -1201.1213, 573.8088,  -4392.1899, -1139.4860, 579.6340,  60, 40, 0
L -4370.4795, -1359.4512, 552.4049,  -4374.1494, -1201.1213, 573.8088,  60, 40, 0
L -4384.7461, -1392.7180, 546.7178,  -4370.4795, -1359.4512, 552.4049,  60, 40, 0
L -4355.5435, -1500.6337, 526.5560,  -4384.7461, -1392.7180, 546.7178,  60, 40, 0
L -4266.4800, -1502.3195, 522.6702,  -4355.5435, -1500.6337, 526.5560,  60, 40, 0
L -4247.9180, -1510.3804, 520.9165,  -4266.4800, -1502.3195, 522.6702,  60, 40, 0
L -4213.5601, -1497.6119, 521.4945,  -4247.9180, -1510.3804, 520.9165,  60, 40, 0
L -4146.2686, -1510.9496, 500.4775,  -4213.5601, -1497.6119, 521.4945,  60, 40, 0
L -4108.7153, -1528.5643, 501.1976,  -4146.2686, -1510.9496, 500.4775,  60, 40, 0
L -4082.2827, -1563.9172, 503.3206,  -4108.7153, -1528.5643, 501.1976,  60, 40, 0
L -4042.3779, -1606.5845, 489.5086,  -4082.2827, -1563.9172, 503.3206,  60, 40, 0
L -4042.4319, -1643.4230, 484.9101,  -4042.3779, -1606.5845, 489.5086,  60, 40, 0
L -3904.6313, -1711.4922, 465.5851,  -4042.4319, -1643.4230, 484.9101,  60, 40, 0
L -3912.7068, -1739.6871, 468.5638,  -3904.6313, -1711.4922, 465.5851,  60, 40, 0
L -3903.5879, -1769.2740, 466.7823,  -3912.7068, -1739.6871, 468.5638,  60, 40, 0
L -3794.3125, -1854.3186, 451.4000,  -3903.5879, -1769.2740, 466.7823,  60, 40, 0
L -3802.8567, -1907.4113, 453.1028,  -3794.3125, -1854.3186, 451.4000,  60, 40, 0
L -3785.2068, -1925.3033, 457.3707,  -3776.1553, -1987.2300, 524.5605,  64, 64, 64
L -3821.6355, -1922.6757, 457.1220,  -3823.2146, -1988.2180, 538.5281,  64, 64, 64
L -3819.2583, -2024.1675, 462.8759,  -3830.5933, -2024.8525, 462.8759,  150, 0, 200
L -3818.8291, -2012.6530, 462.8759,  -3819.2583, -2024.1675, 462.8759,  64, 64, 64
L -3783.5276, -2012.6250, 462.8759,  -3818.8291, -2012.6530, 462.8759,  64, 64, 64
L -3783.6699, -1976.1311, 462.8070,  -3783.5276, -2012.6250, 462.8759,  64, 64, 64
L -3792.8411, -1955.1974, 458.2896,  -3783.6699, -1976.1311, 462.8070,  64, 64, 64
L -3791.9778, -1926.7833, 458.4538,  -3792.8411, -1955.1974, 458.2896,  64, 64, 64
L -3785.2068, -1925.3033, 456.4934,  -3791.9778, -1926.7833, 458.4538,  64, 64, 64
L -3813.4099, -1923.8053, 457.9743,  -3821.6355, -1922.6757, 457.8697,  64, 64, 64
L -3812.5171, -1955.9871, 458.6591,  -3813.4099, -1923.8053, 457.9743,  64, 64, 64
L -3794.8699, -1975.5513, 462.6739,  -3812.5171, -1955.9871, 458.6591,  64, 64, 64
L -3794.8337, -2000.6875, 462.8759,  -3794.8699, -1975.5513, 462.6739,  64, 64, 64
L -3830.5938, -2000.7173, 462.8759,  -3794.8337, -2000.6875, 462.8759,  64, 64, 64
L -3830.5933, -2024.8525, 462.8759,  -3830.5938, -2000.7173, 462.8759,  64, 64, 64
L 660.3278, 624.8287, -49.1636,  686.4031, 598.5448, -48.6422,  0, 0, 255
L 638.9633, 663.3441, -49.1422,  660.3278, 624.8287, -49.1636,  0, 0, 255
L 553.5701, 599.2032, -49.4615,  638.9633, 663.3441, -49.1422,  0, 0, 255
L 524.5485, 599.4018, -46.6957,  553.5701, 599.2032, -49.4615,  0, 0, 255
L 445.1807, 598.7643, -49.7710,  524.5485, 599.4018, -46.6957,  0, 0, 255
L 416.5040, 611.9932, -49.2460,  445.1807, 598.7643, -49.7710,  0, 0, 255
L 393.8596, 598.7451, -49.9388,  416.5040, 611.9932, -49.2460,  0, 0, 255
L 285.6458, 591.1780, -49.1443,  393.8596, 598.7451, -49.9388,  0, 0, 255
L 245.7538, 600.4070, -48.3958,  285.6458, 591.1780, -49.1443,  0, 0, 255
L 204.2343, 623.6340, -48.3490,  245.7538, 600.4070, -48.3958,  0, 0, 255
L 177.8901, 622.2617, -49.1974,  204.2343, 623.6340, -48.3490,  0, 0, 255
L 124.3199, 601.3864, -47.6995,  177.8901, 622.2617, -49.1974,  0, 0, 255
L 55.2068, 583.6272, -48.6535,  124.3199, 601.3864, -47.6995,  0, 0, 255
L 44.4236, 584.2849, -49.2640,  55.2068, 583.6272, -48.6535,  0, 0, 255
L -31.9716, 599.2490, -49.1830,  44.4236, 584.2849, -49.2640,  0, 0, 255
L -47.9360, 608.6580, -48.2169,  -31.9716, 599.2490, -49.1830,  0, 0, 255
L -85.1891, 601.2785, -48.6835,  -47.9360, 608.6580, -48.2169,  0, 0, 255
L -169.3568, 591.6030, -47.1343,  -85.1891, 601.2785, -48.6835,  0, 0, 255
L -294.6730, 576.8790, -48.1216,  -169.3568, 591.6030, -47.1343,  0, 0, 255
L -376.4923, 509.5788, -48.9373,  -294.6730, 576.8790, -48.1216,  0, 0, 255
L -401.8093, 505.5846, -49.2103,  -376.4923, 509.5788, -48.9373,  0, 0, 255
L -410.7630, 500.3380, -47.7201,  -401.8093, 505.5846, -49.2103,  0, 0, 255
L -419.8401, 479.2280, -48.3631,  -410.7630, 500.3380, -47.7201,  0, 0, 255
L -419.1603, 465.9105, -48.5861,  -419.8401, 479.2280, -48.3631,  0, 0, 255
L -405.7878, 450.3713, -48.6150,  -419.1603, 465.9105, -48.5861,  0, 0, 255
L -384.7210, 385.2497, -49.5521,  -405.7878, 450.3713, -48.6150,  0, 0, 255
L -327.9515, 359.1822, -49.1080,  -384.7210, 385.2497, -49.5521,  0, 0, 255
L -290.9273, 320.8992, -49.2477,  -327.9515, 359.1822, -49.1080,  0, 0, 255
L -271.4257, 263.6549, -47.8838,  -290.9273, 320.8992, -49.2477,  0, 0, 255
L -232.7233, 240.1884, -48.6582,  -271.4257, 263.6549, -47.8838,  0, 0, 255
L -207.5000, 207.6244, -48.6328,  -232.7233, 240.1884, -48.6582,  0, 0, 255
L -177.8910, 199.7755, -50.5960,  -207.5000, 207.6244, -48.6328,  0, 0, 255
L -141.4813, 158.5236, -50.7715,  -177.8910, 199.7755, -50.5960,  0, 0, 255
L -67.4325, 140.5930, -49.4975,  -141.4813, 158.5236, -50.7715,  0, 0, 255
L 66.4402, 128.3987, -48.6692,  -67.4325, 140.5930, -49.4975,  0, 0, 255
L 99.6846, 118.5579, -48.8532,  66.4402, 128.3987, -48.6692,  0, 0, 255
L 132.3009, 83.1919, -46.9748,  99.6846, 118.5579, -48.8532,  0, 0, 255
L 274.1241, 104.3641, -49.2524,  132.3009, 83.1919, -46.9748,  0, 0, 255
L 288.6768, 98.5302, -49.1107,  274.1241, 104.3641, -49.2524,  0, 0, 255
L 354.6336, 118.6962, -48.8661,  288.6768, 98.5302, -49.1107,  0, 0, 255
L 409.5040, 124.9937, -46.8851,  354.6336, 118.6962, -48.8661,  0, 0, 255
L 521.8541, 130.1617, -49.7329,  409.5040, 124.9937, -46.8851,  0, 0, 255
L 633.4910, 241.4159, -49.6600,  521.8541, 130.1617, -49.7329,  0, 0, 255
L 728.5005, 355.5778, -48.5730,  633.4910, 241.4159, -49.6600,  0, 0, 255
L 737.6902, 461.6315, -49.3263,  728.5005, 355.5778, -48.5730,  0, 0, 255
L 637.3419, 467.5932, -50.4793,  737.6902, 461.6315, -49.3263,  0, 0, 255
L 638.3350, 502.9716, -49.2274,  637.3419, 467.5932, -50.4793,  0, 0, 255
L 686.4031, 598.5448, -49.1835,  638.3350, 502.9716, -49.2274,  0, 0, 255
L 908.3420, -1166.8438, 3.2620,  931.8707, 882.7516, 135.6925,  0, 125, 0
L 897.3480, -1197.5525, -27.2787,  908.3420, -1166.8438, 3.2620,  0, 125, 0
L 983.4319, -1265.1184, -15.6677,  897.3480, -1197.5525, -27.2787,  0, 125, 0
L 1005.7308, -1277.9835, -1.8132,  983.4319, -1265.1184, -15.6677,  0, 125, 0
L 1030.3920, -1335.7697, -51.2622,  1005.7308, -1277.9835, -1.8132,  0, 125, 0
L 1058.9084, -1307.3076, -51.4416,  1030.3920, -1335.7697, -51.2622,  0, 125, 0
L 1086.1068, -1290.2480, -51.1621,  1058.9084, -1307.3076, -51.4416,  0, 125, 0
L 1119.3270, -1294.1677, -51.4598,  1086.1068, -1290.2480, -51.1621,  0, 125, 0
L 1155.1261, -1354.2061, -51.4294,  1119.3270, -1294.1677, -51.4598,  0, 125, 0
L 1150.9611, -1418.1306, -51.4401,  1155.1261, -1354.2061, -51.4294,  0, 125, 0
L 1118.5815, -1431.4410, -51.4667,  1150.9611, -1418.1306, -51.4401,  0, 125, 0
L 1099.3125, -1447.1981, -51.4677,  1118.5815, -1431.4410, -51.4667,  0, 125, 0
L 1098.6509, -1466.2997, -51.4677,  1099.3125, -1447.1981, -51.4677,  0, 125, 0
L 1079.2858, -1466.5239, -51.4677,  1076.1511, -1441.6017, -51.4436,  0, 125, 0
L 1098.6509, -1467.2660, -51.4677,  1079.2858, -1466.5239, -51.4677,  150, 0, 200
L 931.8707, 882.7516, 135.6924,  -4702.3433, 906.5910, 768.8502,  0, 125, 0
L -4664.1494, 906.4296, 768.8502,  -4702.3433, 828.2033, 755.5186,  0, 125, 0
L -4702.3433, 906.5910, 755.5186,  -4702.3398, 154.8973, 674.5507,  0, 125, 0
L -4702.3398, 154.8973, 674.5507,  -4702.3438, -79.5331, 750.2360,  0, 125, 0
L -4702.3438, -79.5331, 750.2360,  -4822.4795, -358.3913, 691.2929,  64, 64, 64
L -4822.4795, -358.3913, 691.2929,  -4934.1729, -423.9162, 681.4391,  64, 64, 64
L -4934.1729, -423.9162, 681.4391,  -4981.2544, -474.5899, 686.6313,  64, 64, 64
L -4981.2544, -474.5899, 686.6313,  -4982.8984, -509.7556, 690.2625,  64, 64, 64
L -4982.8984, -509.7556, 690.2625,  -4954.5112, -537.3768, 690.5312,  64, 64, 64
L -4954.5112, -537.3768, 690.5312,  -4912.9595, -537.7591, 690.5321,  64, 64, 64
L -4912.9595, -537.7591, 690.5321,  -4899.8501, -551.8043, 690.5321,  64, 64, 64
L -4899.8501, -551.8043, 690.5321,  -4899.6191, -565.3378, 690.5321,  64, 64, 64
L -4899.6191, -565.3378, 690.5321,  -4913.5400, -579.9723, 690.5321,  64, 64, 64
L -4913.5400, -579.9723, 690.5321,  -4955.4121, -580.6196, 690.5327,  64, 64, 64
L -4955.4121, -580.6196, 690.5327,  -4968.3716, -593.1195, 690.5471,  64, 64, 64
L -4953.4868, -605.4085, 690.5590,  -4942.2119, -594.2107, 690.5334,  64, 64, 64
L -4942.2119, -594.2107, 690.5334,  -4899.5933, -593.3133, 690.5321,  64, 64, 64
L -4899.5933, -593.3133, 690.5321,  -4885.5933, -578.7794, 690.5321,  64, 64, 64
L -4885.5933, -578.7794, 690.5321,  -4885.7129, -538.7200, 690.5321,  64, 64, 64
L -4885.7129, -538.7200, 690.5321,  -4900.1650, -524.5000, 690.5321,  64, 64, 64
L -4900.1650, -524.5000, 690.5321,  -4942.1567, -524.5430, 690.5268,  64, 64, 64
L -4942.1567, -524.5430, 690.5268,  -4955.7192, -510.1861, 690.2867,  64, 64, 64
L -4955.7192, -510.1861, 690.2867,  -4962.1035, -482.7393, 686.5085,  64, 64, 64
L -4962.1035, -482.7393, 686.5085,  -4922.4370, -465.2751, 681.1371,  64, 64, 64
L -4922.4370, -465.2751, 681.1371,  -4874.1753, -470.9260, 676.4008,  64, 64, 64
L -4874.1753, -470.9260, 676.4008,  -4832.3931, -474.5896, 672.8613,  64, 64, 64
L -4832.3931, -474.5896, 672.8613,  -4796.6699, -525.8999, 737.9176,  0, 125, 0
L -4796.6699, -525.8999, 737.9176,  -4725.7925, -1059.6886, 765.2582,  0, 125, 0
L -4725.7925, -1059.6886, 765.2582,  -4714.2544, -1987.5625, 834.5312,  0, 125, 0
L -4714.2544, -1987.5625, 834.5312,  -3907.9387, -1987.8882, 565.9574,  0, 125, 0
L -3907.9387, -1987.8882, 565.9574,  -3690.2651, -1987.5966, 553.7322,  64, 64, 64
L -3690.2651, -1987.5966, 553.7322,  -3477.4727, -1992.3378, 626.8247,  0, 125, 0
L -3477.4727, -1992.3378, 626.8247,  -3302.8538, -1992.1527, 583.8053,  0, 125, 0
L -3302.8538, -1992.1527, 583.8053,  -2961.5322, -1991.7913, 560.5574,  0, 125, 0
L -2961.5322, -1991.7913, 560.5574,  896.1340, -1987.6569, 159.8956,  0, 125, 0
L 896.1340, -1987.6569, 159.8956,  898.1690, -1904.5415, 72.3529,  0, 125, 0
L 898.1690, -1904.5415, 72.3529,  904.7812, -1634.4771, 6.7960,  0, 125, 0
L 904.7812, -1634.4771, 6.7960,  906.6295, -1559.5070, -25.3691,  0, 125, 0
L 906.6295, -1559.5070, -25.3691,  933.2539, -1501.5718, -45.1081,  0, 125, 0
L 933.2539, -1501.5718, -45.1081,  1023.2346, -1403.8594, -44.9540,  0, 125, 0
L 1023.2346, -1403.8594, -44.9540,  1029.2963, -1386.9513, -48.5463,  0, 125, 0
L 1029.2963, -1386.9513, -48.5463,  1073.3369, -1333.6591, -51.4677,  0, 125, 0
L 1073.3369, -1333.6591, -51.4677,  1081.2367, -1326.8357, -51.4677,  0, 125, 0
L 1081.2367, -1326.8357, -51.4677,  1093.9326, -1318.3849, -51.4677,  0, 125, 0
L 1093.9326, -1318.3849, -51.4677,  1106.4579, -1325.5864, -51.4677,  0, 125, 0
L 1106.4579, -1325.5864, -51.4677,  1128.9702, -1363.2998, -51.4677,  0, 125, 0
L 1128.9702, -1363.2998, -51.4677,  1103.3254, -1410.5280, -51.4677,  0, 125, 0
L 1103.3254, -1410.5280, -51.4677,  1076.2043, -1442.2920, -51.4397,  0, 125, 0
L -1312.8347, 235.6845, 148.6194,  -1327.9528, 242.7670, 149.1171,  64, 64, 64
L -1327.9528, 242.7670, 149.1171,  -1321.6580, 258.8018, 150.3306,  64, 64, 64
L -1321.6580, 258.8018, 150.3306,  -1305.2201, 252.9750, 148.6910,  64, 64, 64
L -1305.2201, 252.9750, 148.6910,  -1312.8347, 235.6845, 148.5943,  64, 64, 64
L -1338.6371, 227.3390, 149.7305,  -1330.8877, 223.4813, 149.2944,  64, 64, 64
L -1330.8877, 223.4813, 149.2944,  -1334.6056, 215.5435, 149.8074,  64, 64, 64
L -1334.6056, 215.5435, 149.8074,  -1341.9314, 219.1702, 150.2764,  64, 64, 64
L -1341.9314, 219.1702, 150.2764,  -1338.6371, 227.3390, 149.8794,  64, 64, 64
L -1324.9614, 221.1656, 148.9970,  -1316.6017, 217.1840, 150.4800,  64, 64, 64
L -1316.6017, 217.1840, 150.4800,  -1319.7517, 209.6781, 149.6364,  64, 64, 64
L -1319.7517, 209.6781, 149.6364,  -1328.4460, 214.4190, 149.3278,  64, 64, 64
L -1328.4460, 214.4190, 149.3278,  -1324.9614, 221.1656, 149.2720,  64, 64, 64
L -1299.4955, 225.4174, 148.9628,  -1295.9539, 233.1713, 148.7711,  64, 64, 64
L -1295.9539, 233.1713, 148.7711,  -1288.3054, 229.7967, 148.8993,  64, 64, 64
L -1288.3054, 229.7967, 148.8993,  -1291.7889, 221.5843, 149.1151,  64, 64, 64
L -1291.7889, 221.5843, 149.1151,  -1299.4955, 225.4174, 148.9958,  64, 64, 64
L -1290.1298, 232.7428, 148.8015,  -1283.2891, 238.5361, 148.6752,  64, 64, 64
L -1283.2891, 238.5361, 148.6752,  -1265.9456, 218.6125, 149.3110,  64, 64, 64
L -1265.9456, 218.6125, 149.3110,  -1272.5315, 212.9017, 149.4430,  64, 64, 64
L -1272.5315, 212.9017, 149.4430,  -1290.1298, 232.7428, 148.8201,  64, 64, 64
L -1287.7885, 238.1990, 148.6633,  -1288.9417, 246.3665, 148.7032,  64, 64, 64
L -1288.9417, 246.3665, 148.7032,  -1280.5031, 247.5407, 148.7538,  64, 64, 64
L -1280.5031, 247.5407, 148.7538,  -1279.2280, 239.2144, 148.6739,  64, 64, 64
L -1279.2280, 239.2144, 148.6739,  -1287.7885, 238.1990, 148.6714,  64, 64, 64
L -1294.2325, 266.6256, 148.8868,  -1302.2725, 270.3010, 149.6220,  64, 64, 64
L -1302.2725, 270.3010, 149.6220,  -1298.7506, 277.8686, 150.1954,  64, 64, 64
L -1298.7506, 277.8686, 150.1954,  -1290.9446, 274.4360, 148.9767,  64, 64, 64
L -1290.9446, 274.4360, 148.9767,  -1294.2325, 266.6256, 148.8876,  64, 64, 64
L -1308.6666, 272.9868, 150.8823,  -1316.7510, 276.6807, 152.5210,  64, 64, 64
L -1316.7510, 276.6807, 152.5210,  -1313.7410, 284.7198, 152.6314,  64, 64, 64
L -1313.7410, 284.7198, 152.6314,  -1305.4869, 280.6721, 151.2903,  64, 64, 64
L -1305.4869, 280.6721, 151.2903,  -1308.6666, 272.9868, 150.8975,  64, 64, 64
L -1341.4774, 270.1023, 153.8596,  -1344.7979, 262.5982, 153.3568,  64, 64, 64
L -1344.7979, 262.5982, 153.3568,  -1352.4763, 265.7948, 154.5720,  64, 64, 64
L -1352.4763, 265.7948, 154.5720,  -1349.1033, 273.2825, 155.1325,  64, 64, 64
L -1349.1033, 273.2825, 155.1325,  -1341.4774, 270.1023, 154.4977,  64, 64, 64
L -1347.9574, 255.4453, 152.7575,  -1350.9235, 247.3292, 152.1356,  64, 64, 64
L -1350.9235, 247.3292, 152.1356,  -1359.1646, 251.2598, 153.5014,  64, 64, 64
L -1359.1646, 251.2598, 153.5014,  -1355.4999, 259.8470, 154.6970,  64, 64, 64
L -1355.4999, 259.8470, 154.6970,  -1347.9574, 255.4453, 153.1826,  64, 64, 64
L -1332.3416, 194.6614, 150.2392,  -1349.7627, 215.1083, 151.1840,  64, 64, 64
L -1349.7627, 215.1083, 151.1840,  -1342.9121, 219.7958, 150.3349,  64, 64, 64
L -1342.9121, 219.7958, 150.3349,  -1325.9637, 200.5399, 149.5586,  64, 64, 64
L -1325.9637, 200.5399, 149.5586,  -1332.3416, 194.6614, 150.5410,  64, 64, 64
L -1980.7435, 505.1114, 227.1483,  -2002.3628, 504.7230, 229.6756,  64, 64, 64
L -2002.3628, 504.7230, 229.6756,  -2002.3723, 468.9343, 229.6784,  64, 64, 64
L -2002.3723, 468.9343, 229.6784,  -2005.1920, 468.7298, 230.2500,  64, 64, 64
L -2005.1920, 468.7298, 230.2500,  -2005.2283, 456.7436, 230.3100,  64, 64, 64
L -2005.2283, 456.7436, 230.3100,  -2002.2998, 456.8059, 229.6708,  64, 64, 64
L -2002.2998, 456.8059, 229.6708,  -2002.2190, 446.3410, 229.6381,  64, 64, 64
L -2002.2190, 446.3410, 229.6381,  -1949.5895, 446.8600, 223.1961,  64, 64, 64
L -1949.5895, 446.8600, 223.1961,  -1949.7681, 505.3086, 223.2179,  64, 64, 64
L -1949.7681, 505.3086, 223.2179,  -1971.1576, 505.9660, 225.8442,  64, 64, 64
L -1981.1025, 502.2903, 235.2132,  -1999.7764, 502.2902, 235.2132,  64, 64, 64
L -1999.7764, 502.2902, 235.2132,  -1999.7632, 449.2278, 235.2132,  64, 64, 64
L -1999.7632, 449.2278, 235.2132,  -1952.9127, 449.2278, 235.2132,  64, 64, 64
L -1952.9127, 449.2278, 235.2132,  -1952.9103, 502.2903, 235.2132,  64, 64, 64
L -1952.9103, 502.2903, 235.2132,  -1971.2738, 502.3491, 235.2132,  64, 64, 64
L -1971.2738, 502.3491, 235.2132,  -1971.7570, 513.9945, 225.8342,  64, 64, 64
L -1981.1025, 502.2903, 235.2132,  -1980.4110, 513.6784, 226.9802,  64, 64, 64
L -1980.2715, 512.4932, 227.6200,  -1971.1012, 512.4932, 227.6200,  64, 64, 64
L -1980.9310, 505.1150, 234.4906,  -1971.2267, 505.1159, 234.4906,  64, 64, 64
L -1971.2030, 506.5051, 232.9906,  -1980.8466, 506.5051, 232.9906,  64, 64, 64
L -1980.7588, 507.9504, 231.4906,  -1971.1783, 507.9504, 231.4906,  64, 64, 64
L -1971.1523, 509.4816, 229.9906,  -1980.6658, 509.4816, 229.9906,  64, 64, 64
L -1980.5746, 510.9816, 228.5062,  -1971.1270, 510.9816, 228.5062,  64, 64, 64
L -2774.2920, -264.9954, 335.8319,  -2809.7317, -287.4549, 339.3953,  64, 64, 64
L -2809.7317, -287.4549, 339.3953,  -2793.1890, -313.8471, 333.4682,  64, 64, 64
L -2793.1890, -313.8471, 333.4682,  -2757.5693, -291.4033, 332.8152,  64, 64, 64
L -2757.5693, -291.4033, 332.8152,  -2762.9329, -282.9336, 332.7636,  64, 64, 64
L -2768.9014, -273.5081, 333.8912,  -2774.2920, -264.9954, 335.8321,  64, 64, 64
L -2317.6882, -792.4723, 272.6177,  -2313.5781, -834.2276, 272.4000,  64, 64, 64
L -2313.5781, -834.2276, 272.4000,  -2282.4675, -831.1634, 269.9214,  64, 64, 64
L -2282.4675, -831.1634, 269.9214,  -2286.5801, -789.4084, 269.9214,  64, 64, 64
L -2286.5801, -789.4084, 269.9214,  -2296.7498, -790.4101, 269.8679,  64, 64, 64
L -2308.5129, -791.5232, 270.9789,  -2317.6882, -792.4723, 272.6177,  64, 64, 64
L -2359.9087, -1438.2185, 297.4500,  -2363.7581, -1427.7783, 296.9554,  64, 64, 64
L -2363.7581, -1427.7783, 296.9554,  -2403.4912, -1440.3810, 296.9531,  64, 64, 64
L -2403.4912, -1440.3810, 296.9531,  -2400.3562, -1450.8931, 297.1240,  64, 64, 64
L -2400.3562, -1450.8931, 297.1240,  -2402.5378, -1451.2472, 297.1080,  64, 64, 64
L -2402.5378, -1451.2472, 297.1080,  -2405.4961, -1440.6465, 301.7003,  64, 64, 64
L -2405.4961, -1440.6465, 296.9531,  -2445.9519, -1452.9186, 296.9531,  64, 64, 64
L -2445.9519, -1452.9186, 296.9882,  -2436.8738, -1482.8462, 297.1170,  64, 64, 64
L -2436.8738, -1482.8462, 297.1170,  -2396.3989, -1470.5680, 297.1170,  64, 64, 64
L -2399.8860, -1460.2834, 297.6830,  -2396.3989, -1470.5680, 297.8210,  64, 64, 64
L -2397.5703, -1459.5441, 297.6000,  -2399.8860, -1460.2834, 297.6020,  64, 64, 64
L -2394.4128, -1469.9658, 297.1170,  -2397.5703, -1459.5441, 297.7670,  64, 64, 64
L -2394.4128, -1469.9658, 297.1170,  -2374.1533, -1463.8203, 297.1170,  64, 64, 64
L -2374.1533, -1463.8203, 297.1170,  -2375.4971, -1459.7534, 297.9460,  64, 64, 64
L -2375.4971, -1459.7534, 297.9460,  -2383.1438, -1462.4094, 297.9640,  64, 64, 64
L -2383.1438, -1462.4094, 297.9640,  -2384.5400, -1458.8351, 297.7700,  64, 64, 64
L -2384.5400, -1458.8351, 297.7700,  -2373.2300, -1455.7194, 297.7780,  64, 64, 64
L -2373.2300, -1455.7194, 297.7780,  -2371.8049, -1462.8879, 297.1170,  64, 64, 64
L -2371.8049, -1462.8879, 297.1170,  -2353.9973, -1457.7061, 297.1170,  64, 64, 64
L -2353.9973, -1457.7061, 297.1170,  -2357.3491, -1447.6935, 297.6220,  64, 64, 64
L -2357.3491, -1447.6935, 297.6220,  -2355.3469, -1446.8586, 295.1938,  64, 64, 64
L -2355.3469, -1446.8586, 295.1938,  -2351.3958, -1459.2308, 295.2350,  64, 64, 64
L -2351.3958, -1459.2308, 295.2350,  -2438.7039, -1485.3966, 296.7024,  64, 64, 64
L -2438.7039, -1485.3966, 296.7024,  -2442.2786, -1473.2378, 296.7450,  64, 64, 64
L -2442.2786, -1473.2378, 296.7450,  -2446.5581, -1474.2719, 296.8188,  64, 64, 64
L -2446.5581, -1474.2719, 296.8188,  -2448.5950, -1465.7448, 296.8494,  64, 64, 64
L -2448.5950, -1465.7448, 296.8494,  -2444.9126, -1464.5555, 296.7860,  64, 64, 64
L -2444.9126, -1464.5555, 296.7860,  -2448.8645, -1451.3311, 296.8245,  64, 64, 64
L -2448.8645, -1451.3311, 296.8245,  -2361.3784, -1425.3082, 295.1834,  64, 64, 64
L -2361.3784, -1425.3082, 295.1834,  -2357.7825, -1437.5336, 295.1653,  64, 64, 64
L -2357.7825, -1437.5336, 295.1653,  -2359.9087, -1438.2185, 297.1040,  64, 64, 64
L -2321.4307, -1489.2418, 295.4399,  -2333.6953, -1489.9301, 295.3786,  64, 64, 64
L -2333.6953, -1489.9301, 295.3786,  -2333.5967, -1536.9301, 295.4393,  64, 64, 64
L -2333.5967, -1536.9301, 295.4393,  -2320.2781, -1535.9884, 295.4329,  64, 64, 64
L -2320.2781, -1535.9884, 295.4329,  -2320.1716, -1540.2052, 295.4184,  64, 64, 64
L -2320.1716, -1540.2052, 295.4184,  -2310.9221, -1540.1344, 295.4143,  64, 64, 64
L -2310.9221, -1540.1344, 295.4143,  -2311.1243, -1535.9882, 295.4284,  64, 64, 64
L -2311.1243, -1535.9882, 295.4284,  -2298.4746, -1535.8892, 295.4225,  64, 64, 64
L -2298.4746, -1535.8892, 295.4225,  -2298.5225, -1489.1648, 295.5538,  64, 64, 64
L -2298.5225, -1489.1648, 295.5538,  -2310.8694, -1489.2415, 295.4925,  64, 64, 64
L -2310.8694, -1489.2415, 295.4925,  -2310.7727, -1491.6577, 296.6884,  64, 64, 64
L -2310.7727, -1491.6577, 296.6884,  -2300.4590, -1491.6577, 296.7425,  64, 64, 64
L -2300.4590, -1491.6577, 296.7425,  -2300.4558, -1533.6150, 296.7425,  64, 64, 64
L -2300.4558, -1533.6150, 296.7017,  -2311.2095, -1533.6147, 296.6861,  64, 64, 64
L -2320.2781, -1533.6149, 296.6386,  -2331.7300, -1533.6147, 296.5797,  64, 64, 64
L -2331.7300, -1533.6146, 296.5785,  -2331.7300, -1491.6577, 296.5785,  64, 64, 64
L -2321.6641, -1491.6577, 296.6345,  -2320.9753, -1489.2418, 295.4422,  64, 64, 64
L -2331.7300, -1491.6577, 296.5785,  -2321.6641, -1491.6577, 296.6229,  64, 64, 64
L -2290.8340, -1472.3380, 295.9780,  -2248.8770, -1472.3380, 295.9780,  64, 64, 64
L -2248.8770, -1472.3380, 295.9789,  -2248.8770, -1440.7632, 296.1419,  64, 64, 64
L -2248.8770, -1440.7632, 296.1419,  -2290.8340, -1440.7632, 296.1419,  64, 64, 64
L -2290.8340, -1440.7632, 296.1419,  -2290.8337, -1450.7449, 296.8960,  64, 64, 64
L -2290.8340, -1461.5353, 296.3300,  -2290.8340, -1472.3370, 295.9791,  64, 64, 64
L -2290.8340, -1461.3687, 296.3390,  -2293.2520, -1461.6910, 295.5289,  64, 64, 64
L -2293.2520, -1461.6910, 295.5289,  -2293.2151, -1473.7401, 295.5514,  64, 64, 64
L -2293.2151, -1473.7401, 295.5514,  -2246.4961, -1473.5417, 295.4701,  64, 64, 64
L -2246.4961, -1473.5417, 295.4701,  -2246.4961, -1460.5833, 295.5140,  64, 64, 64
L -2246.4961, -1460.5833, 295.5140,  -2242.5637, -1460.6675, 294.6227,  64, 64, 64
L -2242.5637, -1460.6675, 294.6227,  -2242.4878, -1451.5563, 294.6365,  64, 64, 64
L -2242.4878, -1451.5563, 294.6365,  -2246.4961, -1451.5153, 295.5448,  64, 64, 64
L -2246.4961, -1451.5153, 295.5448,  -2246.6306, -1438.9076, 295.5717,  64, 64, 64
L -2246.6306, -1438.9076, 295.5717,  -2293.4292, -1438.8770, 295.4859,  64, 64, 64
L -2293.4292, -1438.8770, 295.4859,  -2293.2520, -1450.6487, 295.5085,  64, 64, 64
L -2293.2520, -1450.6487, 295.5085,  -2290.8340, -1450.6429, 296.9010,  64, 64, 64
L -3845.8667, 199.8448, 493.1372,  -3803.9097, 199.8448, 493.1372,  64, 64, 64
L -3803.9097, 199.8448, 493.1372,  -3803.9097, 231.1157, 493.2567,  64, 64, 64
L -3803.9097, 231.1157, 493.3011,  -3845.8667, 231.1157, 493.3011,  64, 64, 64
L -3845.8667, 231.1157, 493.3011,  -3845.8665, 222.9180, 493.2466,  64, 64, 64
L -3845.8667, 210.1170, 493.1911,  -3845.8667, 199.8448, 493.1388,  64, 64, 64
L -3845.8667, 210.6820, 493.1908,  -3848.2844, 209.8431, 493.1773,  64, 64, 64
L -3848.2844, 209.8431, 493.1773,  -3848.2473, 198.1332, 493.1764,  64, 64, 64
L -3848.2473, 198.1332, 493.1764,  -3801.6267, 198.5040, 492.1662,  64, 64, 64
L -3801.6267, 198.5040, 492.1662,  -3801.5342, 211.2965, 492.1643,  64, 64, 64
L -3801.5342, 211.2965, 492.1643,  -3797.5417, 211.4182, 492.7700,  64, 64, 64
L -3797.5417, 211.4182, 492.7700,  -3797.4685, 220.3449, 492.7540,  64, 64, 64
L -3797.4685, 220.3449, 492.7540,  -3801.5347, 220.3617, 492.1643,  64, 64, 64
L -3801.5347, 220.3617, 492.1643,  -3802.1201, 233.5880, 492.1746,  64, 64, 64
L -3802.1201, 233.5880, 492.1746,  -3848.4578, 232.7583, 493.1809,  64, 64, 64
L -3848.4578, 232.7583, 493.1809,  -3848.2842, 222.4300, 493.1772,  64, 64, 64
L -3848.2842, 222.4300, 493.1772,  -3845.8665, 222.9180, 493.2538,  64, 64, 64
L -3864.9258, 293.2794, 493.6157,  -3877.8474, 293.3894, 493.7656,  64, 64, 64
L -3877.8474, 293.3894, 493.7656,  -3877.7651, 295.7131, 494.2345,  64, 64, 64
L -3877.7651, 295.7131, 494.2345,  -3866.8499, 295.7382, 494.1798,  64, 64, 64
L -3866.8499, 295.7382, 494.1798,  -3866.8489, 337.6951, 494.1772,  64, 64, 64
L -3866.8489, 337.6951, 494.1772,  -3898.1204, 337.6951, 494.3412,  64, 64, 64
L -3898.1204, 337.6951, 494.3412,  -3898.1206, 295.7382, 494.3412,  64, 64, 64
L -3898.1206, 295.7382, 494.3412,  -3887.4917, 295.7264, 494.2855,  64, 64, 64
L -3887.4917, 295.7264, 494.2855,  -3887.3687, 293.4024, 493.9474,  64, 64, 64
L -3887.3687, 293.4024, 493.9474,  -3900.8799, 293.4078, 494.1890,  64, 64, 64
L -3900.8799, 293.4078, 494.1890,  -3899.8606, 340.7000, 492.4408,  64, 64, 64
L -3899.8606, 340.7000, 492.4408,  -3887.3665, 340.6430, 493.1757,  64, 64, 64
L -3887.3665, 340.6430, 493.1757,  -3886.9243, 344.1105, 492.8981,  64, 64, 64
L -3886.9243, 344.1105, 492.8981,  -3878.3130, 343.8337, 493.4284,  64, 64, 64
L -3878.3130, 343.8337, 493.4284,  -3878.1902, 340.7600, 493.7178,  64, 64, 64
L -3878.1902, 340.7600, 493.7178,  -3864.8872, 340.3736, 493.5178,  64, 64, 64
L -3864.8872, 340.3736, 493.5178,  -3864.9258, 293.2794, 493.5185,  64, 64, 64
L -3966.8484, 245.3221, 495.4553,  -3966.8467, 257.8858, 494.6358,  64, 64, 64
L -3966.8467, 257.8858, 494.6358,  -3969.2754, 257.6961, 495.8353,  64, 64, 64
L -3969.2754, 257.6961, 495.8353,  -3969.2632, 247.2666, 495.8899,  64, 64, 64
L -3969.2632, 247.2666, 495.8899,  -4011.2202, 247.2665, 495.8899,  64, 64, 64
L -4011.2202, 247.2665, 495.8899,  -4011.2200, 278.5373, 495.7681,  64, 64, 64
L -4011.2200, 278.5373, 495.7260,  -3969.2632, 278.5373, 495.7260,  64, 64, 64
L -3969.2632, 278.5373, 495.7260,  -3968.5691, 267.3817, 495.9624,  64, 64, 64
L -3968.5691, 267.3817, 495.9624,  -3966.8501, 267.2927, 493.9291,  64, 64, 64
L -3966.8501, 267.2927, 493.9291,  -3967.8267, 280.5819, 492.8732,  64, 64, 64
L -3967.8267, 280.5819, 492.8732,  -4013.3816, 280.7470, 490.7511,  64, 64, 64
L -4013.3816, 280.7470, 490.7511,  -4013.4846, 267.7470, 491.7733,  64, 64, 64
L -4013.4846, 267.7470, 491.7733,  -4017.5940, 266.8940, 491.6053,  64, 64, 64
L -4017.5940, 266.8940, 491.6053,  -4016.8337, 258.4090, 492.3029,  64, 64, 64
L -4016.8337, 258.4090, 492.3029,  -4013.5095, 258.3960, 492.4501,  64, 64, 64
L -4013.5095, 258.3960, 492.4501,  -4013.5430, 245.3285, 493.1367,  64, 64, 64
L -4013.5430, 245.3285, 493.5772,  -3966.8484, 245.3221, 495.8300,  64, 64, 64
L -3834.7415, 277.6483, 492.8591,  -3834.9883, 290.9272, 492.8641,  64, 64, 64
L -3834.9883, 290.9272, 492.8641,  -3832.5076, 290.6820, 492.9784,  64, 64, 64
L -3832.5076, 290.6820, 492.9784,  -3832.3435, 279.5903, 492.9202,  64, 64, 64
L -3832.3435, 279.5903, 492.9202,  -3790.1096, 279.5914, 492.9202,  64, 64, 64
L -3790.1096, 279.5914, 492.9202,  -3790.1790, 290.7180, 492.9785,  64, 64, 64
L -3790.1790, 290.7180, 492.9785,  -3787.6697, 290.7185, 492.9785,  64, 64, 64
L -3787.6697, 290.7185, 492.9785,  -3788.2319, 279.5914, 492.9221,  64, 64, 64
L -3788.2319, 279.5914, 492.9221,  -3745.7378, 279.5914, 492.9212,  64, 64, 64
L -3745.7378, 279.5914, 492.9751,  -3745.7378, 310.8657, 493.4140,  64, 64, 64
L -3745.7378, 310.8657, 493.8420,  -3788.2261, 310.8655, 493.8420,  64, 64, 64
L -3788.2261, 310.8655, 493.8420,  -3787.6887, 299.8892, 493.2870,  64, 64, 64
L -3787.6887, 299.8892, 493.1566,  -3790.1440, 300.9510, 493.2780,  64, 64, 64
L -3790.1440, 300.9510, 493.2780,  -3790.1057, 310.8655, 493.8420,  64, 64, 64
L -3790.1057, 310.8655, 493.8420,  -3832.3433, 310.8655, 493.8420,  64, 64, 64
L -3832.3433, 310.8655, 493.8420,  -3832.3384, 299.9735, 493.3100,  64, 64, 64
L -3832.3384, 299.9735, 493.1566,  -3834.7610, 299.9735, 493.1566,  64, 64, 64
L -3834.7610, 299.9735, 492.8591,  -3834.7627, 312.8342, 492.8591,  64, 64, 64
L -3834.7627, 312.8342, 492.8211,  -3743.3936, 312.3888, 490.5844,  64, 64, 64
L -3743.3936, 312.3888, 490.5844,  -3743.3894, 300.8850, 490.5873,  64, 64, 64
L -3743.3894, 300.8850, 490.5873,  -3739.6028, 300.7530, 488.6173,  64, 64, 64
L -3739.6028, 300.7530, 488.6173,  -3739.7988, 291.2620, 488.7230,  64, 64, 64
L -3739.7988, 291.2620, 488.7230,  -3743.3894, 291.2760, 490.5910,  64, 64, 64
L -3743.3894, 291.2760, 490.5910,  -3743.3755, 277.7508, 490.5905,  64, 64, 64
L -3743.3755, 277.7508, 490.5905,  -3834.7415, 277.6483, 492.7955,  64, 64, 64
L -3076.2500, 743.3696, 469.9721,  -3063.3418, 743.5295, 468.5910,  64, 64, 64
L -3063.3418, 743.5295, 468.5910,  -3063.3369, 789.8352, 468.3104,  64, 64, 64
L -3063.3369, 789.8352, 468.3104,  -3076.6455, 790.1440, 469.6678,  64, 64, 64
L -3076.6455, 790.1440, 469.6678,  -3076.4270, 794.1303, 469.6206,  64, 64, 64
L -3076.4270, 794.1303, 469.6206,  -3085.7063, 793.6915, 470.7094,  64, 64, 64
L -3085.7063, 793.6915, 470.7094,  -3085.7058, 790.1013, 470.5948,  64, 64, 64
L -3085.7058, 790.1013, 470.5948,  -3098.4031, 789.5484, 472.6625,  64, 64, 64
L -3098.4031, 789.5484, 472.6625,  -3097.6030, 743.3573, 472.8960,  64, 64, 64
L -3097.6030, 743.3573, 472.8960,  -3085.9771, 743.3547, 470.9028,  64, 64, 64
L -3085.9771, 743.3547, 470.9028,  -3086.2183, 745.7720, 471.9662,  64, 64, 64
L -3086.2183, 745.7720, 471.9662,  -3096.4609, 745.7714, 472.1990,  64, 64, 64
L -3096.4609, 745.7714, 472.1990,  -3096.4600, 787.7290, 472.1852,  64, 64, 64
L -3096.4600, 787.7290, 472.1852,  -3065.1880, 787.7291, 471.8630,  64, 64, 64
L -3065.1880, 787.7291, 471.8559,  -3065.1902, 745.7720, 471.8559,  64, 64, 64
L -3065.1902, 745.7720, 471.8559,  -3075.9917, 745.7713, 471.9125,  64, 64, 64
L -3075.9917, 745.7713, 471.9125,  -3076.2500, 743.3696, 469.8869,  64, 64, 64
L -4899.6250, -561.8523, 690.5321,  -4885.5933, -561.9924, 690.5321,  150, 0, 200
P -3828.0000, -1889.0000, 0.0000,  0, 0, 0,  1,  Succor
P -3825.5938, -2021.1580, 462.2509,  0, 127, 0,  3,  to_Rivervale
P -4890.6265, -557.1399, 692.5500,  0, 127, 0,  3,  to_Highpass_Hold
P 1087.2435, -1450.2747, -52.9270,  0, 127, 0,  3,  to_Commonlands
