L 43, -1324, 760,  43, -1324, 760,  153, 153, 153
L 43, -1324, 760,  50, -1336, 727,  153, 153, 153
L 50, -1336, 727,  57, -1353, 711,  153, 153, 153
L 57, -1353, 711,  57, -1353, 711,  153, 153, 153
L 57, -1353, 711,  55, -1378, 668,  153, 153, 153
L 55, -1378, 668,  55, -1378, 668,  153, 153, 153
L 55, -1378, 668,  48, -1389, 649,  153, 153, 153
L 48, -1389, 649,  39, -1398, 629,  153, 153, 153
L 39, -1398, 629,  30, -1403, 613,  153, 153, 153
L 30, -1403, 613,  30, -1403, 613,  153, 153, 153
L 30, -1403, 613,  19, -1406, 599,  153, 153, 153
L 19, -1406, 599,  6, -1407, 576,  153, 153, 153
L -29, -1406, 522,  -29, -1406, 522,  153, 153, 153
L -29, -1406, 522,  -26, -1401, 531,  153, 153, 153
L -26, -1401, 531,  -17, -1391, 550,  153, 153, 153
L -17, -1391, 550,  -6, -1384, 566,  153, 153, 153
L -6, -1384, 566,  -6, -1384, 566,  153, 153, 153
L -6, -1384, 566,  6, -1381, 580,  153, 153, 153
L 6, -1381, 580,  23, -1378, 614,  153, 153, 153
L 23, -1378, 614,  31, -1367, 667,  153, 153, 153
L 31, -1367, 667,  31, -1367, 667,  153, 153, 153
L 31, -1367, 667,  32, -1358, 685,  153, 153, 153
L 32, -1358, 685,  32, -1347, 666,  153, 153, 153
L 32, -1347, 666,  34, -1341, 663,  153, 153, 153
L 34, -1341, 663,  27, -1336, 709,  153, 153, 153
L 13, -1396, 1420,  13, -1396, 1420,  153, 153, 153
L 13, -1396, 1420,  25, -1396, 1458,  153, 153, 153
L 25, -1396, 1458,  36, -1393, 1448,  153, 153, 153
L 36, -1393, 1448,  36, -1393, 1448,  153, 153, 153
L 36, -1393, 1448,  74, -1374, 1764,  153, 153, 153
L 74, -1374, 1764,  73, -1351, 1833,  153, 153, 153
L 73, -1351, 1833,  71, -1343, 1753,  153, 153, 153
L 71, -1343, 1753,  68, -1330, 1509,  153, 153, 153
L 68, -1330, 1509,  63, -1309, 1309,  153, 153, 153
L 63, -1309, 1309,  59, -1295, 1284,  153, 153, 153
L 59, -1295, 1284,  55, -1265, 1252,  153, 153, 153
L 55, -1265, 1252,  65, -1239, 1130,  153, 153, 153
L 65, -1239, 1130,  94, -1262, 1128,  153, 153, 153
L 94, -1262, 1128,  96, -1261, 1120,  153, 153, 153
L 96, -1261, 1120,  106, -1259, 1089,  153, 153, 153
L 106, -1259, 1089,  110, -1258, 1073,  153, 153, 153
L 110, -1258, 1073,  110, -1258, 1073,  153, 153, 153
L 110, -1258, 1073,  130, -1254, 991,  153, 153, 153
L 130, -1254, 991,  154, -1249, 898,  153, 153, 153
L 154, -1249, 898,  168, -1246, 813,  153, 153, 153
L 168, -1246, 813,  193, -1250, 677,  153, 153, 153
L 193, -1250, 677,  266, -1270, 959,  153, 153, 153
L 266, -1270, 959,  266, -1270, 959,  153, 153, 153
L 266, -1270, 959,  278, -1273, 993,  153, 153, 153
L 278, -1273, 993,  290, -1275, 962,  153, 153, 153
L 290, -1275, 962,  305, -1279, 827,  153, 153, 153
L 305, -1279, 827,  311, -1280, 747,  153, 153, 153
L 311, -1280, 747,  319, -1282, 672,  153, 153, 153
L 319, -1282, 672,  343, -1287, 572,  153, 153, 153
L 343, -1287, 572,  343, -1287, 572,  153, 153, 153
L 343, -1287, 572,  366, -1315, 993,  153, 153, 153
L 366, -1315, 993,  373, -1324, 1023,  153, 153, 153
L 373, -1324, 1023,  387, -1340, 1062,  153, 153, 153
L 387, -1340, 1062,  413, -1356, 1398,  153, 153, 153
L 413, -1356, 1398,  413, -1356, 1398,  153, 153, 153
L 413, -1356, 1398,  421, -1361, 1477,  153, 153, 153
L 421, -1361, 1477,  432, -1368, 1465,  153, 153, 153
L 432, -1368, 1465,  463, -1388, 1629,  153, 153, 153
L 463, -1388, 1629,  472, -1393, 1576,  153, 153, 153
L 472, -1393, 1576,  476, -1396, 1499,  153, 153, 153
L 476, -1396, 1499,  478, -1396, 1459,  153, 153, 153
L 478, -1396, 1459,  481, -1397, 1410,  153, 153, 153
L 481, -1397, 1410,  495, -1398, 1149,  153, 153, 153
L 495, -1398, 1149,  504, -1398, 1022,  153, 153, 153
L 504, -1398, 1022,  512, -1399, 927,  153, 153, 153
L 512, -1399, 927,  518, -1399, 870,  153, 153, 153
L 518, -1399, 870,  525, -1400, 818,  153, 153, 153
L 525, -1400, 818,  532, -1400, 773,  153, 153, 153
L 532, -1400, 773,  532, -1400, 773,  153, 153, 153
L 532, -1400, 773,  549, -1401, 657,  153, 153, 153
L 549, -1401, 657,  549, -1401, 657,  153, 153, 153
L 549, -1401, 657,  570, -1399, 540,  153, 153, 153
L 570, -1399, 540,  579, -1397, 517,  153, 153, 153
L 579, -1397, 517,  600, -1403, 523,  153, 153, 153
L 600, -1403, 523,  611, -1400, 563,  153, 153, 153
L 611, -1400, 563,  617, -1399, 578,  153, 153, 153
L 617, -1399, 578,  635, -1394, 663,  153, 153, 153
L 635, -1394, 663,  646, -1391, 748,  153, 153, 153
L 646, -1391, 748,  674, -1386, 1104,  153, 153, 153
L 674, -1386, 1104,  696, -1384, 1255,  153, 153, 153
L 696, -1384, 1255,  715, -1382, 1348,  153, 153, 153
L 715, -1382, 1348,  728, -1380, 1296,  153, 153, 153
L 728, -1380, 1296,  741, -1380, 1166,  153, 153, 153
L 741, -1380, 1166,  752, -1381, 949,  153, 153, 153
L 752, -1381, 949,  778, -1383, 626,  153, 153, 153
L 778, -1383, 626,  790, -1384, 577,  153, 153, 153
L 790, -1384, 577,  817, -1386, 518,  153, 153, 153
L 817, -1386, 518,  845, -1390, 481,  153, 153, 153
L 845, -1390, 481,  870, -1398, 622,  153, 153, 153
L 870, -1398, 622,  884, -1402, 746,  153, 153, 153
L 884, -1402, 746,  918, -1412, 905,  153, 153, 153
L 918, -1412, 905,  926, -1411, 986,  153, 153, 153
L 926, -1411, 986,  941, -1405, 1150,  153, 153, 153
L 941, -1405, 1150,  960, -1398, 1320,  153, 153, 153
L 960, -1398, 1320,  967, -1396, 1285,  153, 153, 153
L 967, -1396, 1285,  977, -1392, 1218,  153, 153, 153
L 977, -1392, 1218,  1027, -1395, 964,  153, 153, 153
L 1027, -1395, 964,  1050, -1399, 979,  153, 153, 153
L 1050, -1399, 979,  1100, -1409, 1220,  153, 153, 153
L 1100, -1409, 1220,  1122, -1413, 1301,  153, 153, 153
L 1122, -1413, 1301,  1201, -1436, 1596,  153, 153, 153
L 1201, -1436, 1596,  1232, -1431, 1648,  153, 153, 153
L 1232, -1431, 1648,  1246, -1427, 1593,  153, 153, 153
L 1246, -1427, 1593,  1298, -1411, 1937,  153, 153, 153
L 1298, -1411, 1937,  1325, -1403, 2010,  153, 153, 153
L 1325, -1403, 2010,  1354, -1387, 2160,  153, 153, 153
L 1354, -1387, 2160,  1357, -1382, 2078,  153, 153, 153
L 1357, -1382, 2078,  1364, -1370, 1870,  153, 153, 153
L 1364, -1370, 1870,  1373, -1355, 1712,  153, 153, 153
L 1373, -1355, 1712,  1382, -1340, 1508,  153, 153, 153
L 1382, -1340, 1508,  1399, -1311, 1149,  153, 153, 153
L 1399, -1311, 1149,  1407, -1294, 1031,  153, 153, 153
L 1407, -1294, 1031,  1407, -1274, 828,  153, 153, 153
L 1407, -1274, 828,  1407, -1263, 778,  153, 153, 153
L 1407, -1263, 778,  1402, -1232, 585,  153, 153, 153
L 1402, -1232, 585,  1396, -1225, 490,  153, 153, 153
L 1396, -1225, 490,  1372, -1192, 260,  153, 153, 153
L 1372, -1192, 260,  1361, -1163, 348,  153, 153, 153
L 1361, -1163, 348,  1348, -1102, 769,  153, 153, 153
L 1348, -1102, 769,  1348, -1094, 739,  153, 153, 153
L 1348, -1094, 739,  1352, -1064, 892,  153, 153, 153
L 1352, -1064, 892,  1361, -1049, 748,  153, 153, 153
L 1361, -1049, 748,  1368, -1036, 554,  153, 153, 153
L 1368, -1036, 554,  1380, -1016, 408,  153, 153, 153
L 1380, -1016, 408,  1387, -1006, 417,  153, 153, 153
L 1387, -1006, 417,  1398, -985, 584,  153, 153, 153
L 1398, -985, 584,  1396, -961, 630,  153, 153, 153
L 1396, -961, 630,  1383, -946, 524,  153, 153, 153
L 1383, -946, 524,  1381, -942, 502,  153, 153, 153
L 1381, -942, 502,  1378, -925, 497,  153, 153, 153
L 1378, -925, 497,  1379, -913, 513,  153, 153, 153
L 1379, -913, 513,  1385, -906, 594,  153, 153, 153
L 1385, -906, 594,  1383, -900, 572,  153, 153, 153
L 1383, -900, 572,  1381, -895, 547,  153, 153, 153
L 1381, -895, 547,  1366, -871, 348,  153, 153, 153
L 1366, -871, 348,  1358, -850, 272,  153, 153, 153
L 1358, -850, 272,  1354, -840, 231,  153, 153, 153
L 1354, -840, 231,  1334, -789, 27,  153, 153, 153
L 1334, -789, 27,  1322, -758, -22,  153, 153, 153
L 1322, -758, -22,  1313, -734, -19,  153, 153, 153
L 1313, -734, -19,  1300, -713, -16,  153, 153, 153
L 1300, -713, -16,  1279, -696, 21,  153, 153, 153
L 1279, -696, 21,  1272, -690, 28,  153, 153, 153
L 1272, -690, 28,  1250, -648, 350,  153, 153, 153
L 1250, -648, 350,  1244, -618, 238,  153, 153, 153
L 1244, -618, 238,  1244, -616, 219,  153, 153, 153
L 1244, -616, 219,  1242, -606, 93,  153, 153, 153
L 1242, -606, 93,  1241, -601, 29,  153, 153, 153
L 1241, -601, 29,  1243, -585, 31,  153, 153, 153
L 1243, -585, 31,  1276, -544, 18,  153, 153, 153
L 1276, -544, 18,  1290, -526, 69,  153, 153, 153
L 1290, -526, 69,  1317, -489, 392,  153, 153, 153
L 1317, -489, 392,  1321, -481, 437,  153, 153, 153
L 1321, -481, 437,  1333, -450, 626,  153, 153, 153
L 1333, -450, 626,  1336, -419, 819,  153, 153, 153
L 1336, -419, 819,  1339, -397, 1012,  153, 153, 153
L 1339, -397, 1012,  1355, -359, 1171,  153, 153, 153
L 12, -1396, 1455,  12, -1396, 1457,  153, 153, 153
L 12, -1396, 1457,  -9, -1396, 1459,  153, 153, 153
L -9, -1396, 1459,  -47, -1396, 1529,  153, 153, 153
L -47, -1396, 1529,  -104, -1396, 1541,  153, 153, 153
L -104, -1396, 1541,  -148, -1396, 1530,  153, 153, 153
L -148, -1396, 1530,  -157, -1396, 1510,  153, 153, 153
L -157, -1396, 1510,  -187, -1396, 1455,  153, 153, 153
L -187, -1396, 1455,  -187, -1396, 1455,  153, 153, 153
L -187, -1396, 1455,  -229, -1388, 1390,  153, 153, 153
L -229, -1388, 1390,  -254, -1381, 1389,  153, 153, 153
L -254, -1381, 1389,  -282, -1381, 1397,  153, 153, 153
L -282, -1381, 1397,  -349, -1385, 1469,  153, 153, 153
L -349, -1385, 1469,  -349, -1385, 1469,  153, 153, 153
L -349, -1385, 1469,  -364, -1386, 1444,  153, 153, 153
L -364, -1386, 1444,  -418, -1390, 1365,  153, 153, 153
L -418, -1390, 1365,  -446, -1394, 1352,  153, 153, 153
L -446, -1394, 1352,  -446, -1394, 1352,  153, 153, 153
L -446, -1394, 1352,  -487, -1399, 1303,  153, 153, 153
L -487, -1399, 1303,  -528, -1404, 1238,  153, 153, 153
L -528, -1404, 1238,  -528, -1404, 1238,  153, 153, 153
L -528, -1404, 1238,  -563, -1399, 1050,  153, 153, 153
L -563, -1399, 1050,  -623, -1389, 708,  153, 153, 153
L -623, -1389, 708,  -642, -1385, 619,  153, 153, 153
L -642, -1385, 619,  -677, -1378, 456,  153, 153, 153
L -677, -1378, 456,  -687, -1376, 431,  153, 153, 153
L -687, -1376, 431,  -719, -1370, 402,  153, 153, 153
L -719, -1370, 402,  -751, -1364, 687,  153, 153, 153
L -751, -1364, 687,  -779, -1358, 887,  153, 153, 153
L -779, -1358, 887,  -814, -1358, 787,  153, 153, 153
L -814, -1358, 787,  -814, -1358, 787,  153, 153, 153
L -814, -1358, 787,  -898, -1381, 730,  153, 153, 153
L -898, -1381, 730,  -898, -1381, 730,  153, 153, 153
L -898, -1381, 730,  -977, -1402, 645,  153, 153, 153
L -977, -1402, 645,  -987, -1404, 844,  153, 153, 153
L -987, -1404, 844,  -1017, -1401, 948,  153, 153, 153
L -1017, -1401, 948,  -1067, -1396, 834,  153, 153, 153
L -1067, -1396, 834,  -1108, -1396, 732,  153, 153, 153
L -1108, -1396, 732,  -1143, -1395, 665,  153, 153, 153
L -1143, -1395, 665,  -1183, -1390, 807,  153, 153, 153
L -1183, -1390, 807,  -1195, -1389, 918,  153, 153, 153
L -1195, -1389, 918,  -1223, -1383, 938,  153, 153, 153
L -1223, -1383, 938,  -1262, -1371, 972,  153, 153, 153
L -1262, -1371, 972,  -1286, -1352, 894,  153, 153, 153
L -1286, -1352, 894,  -1310, -1333, 874,  153, 153, 153
L -1310, -1333, 874,  -1330, -1317, 866,  153, 153, 153
L -1330, -1317, 866,  -1350, -1292, 759,  153, 153, 153
L -1350, -1292, 759,  -1350, -1292, 759,  153, 153, 153
L -1350, -1292, 759,  -1357, -1271, 681,  153, 153, 153
L -1357, -1271, 681,  -1371, -1228, 531,  153, 153, 153
L -1371, -1228, 531,  -1371, -1228, 531,  153, 153, 153
L -1371, -1228, 531,  -1378, -1207, 663,  153, 153, 153
L -1378, -1207, 663,  -1379, -1187, 1006,  153, 153, 153
L -1379, -1187, 1006,  -1379, -1150, 1001,  153, 153, 153
L -1379, -1150, 1001,  -1379, -1132, 925,  153, 153, 153
L -1379, -1132, 925,  -1377, -1111, 873,  153, 153, 153
L -1377, -1111, 873,  -1374, -1092, 973,  153, 153, 153
L -1374, -1092, 973,  -1373, -1085, 963,  153, 153, 153
L -1373, -1085, 963,  -1367, -1049, 855,  153, 153, 153
L -1367, -1049, 855,  -1364, -1033, 792,  153, 153, 153
L -1364, -1033, 792,  -1361, -1014, 972,  153, 153, 153
L -1361, -1014, 972,  -1353, -985, 1250,  153, 153, 153
L -1353, -985, 1250,  -1353, -985, 1250,  153, 153, 153
L -1353, -985, 1250,  -1337, -928, 1429,  153, 153, 153
L -1337, -928, 1429,  -1337, -928, 1429,  153, 153, 153
L -1337, -928, 1429,  -1363, -870, 1397,  153, 153, 153
L -1363, -870, 1397,  -1372, -850, 1195,  153, 153, 153
L -1372, -850, 1195,  -1388, -814, 978,  153, 153, 153
L -1388, -814, 978,  -1388, -814, 978,  153, 153, 153
L -1388, -814, 978,  -1396, -788, 870,  153, 153, 153
L -1396, -788, 870,  -1406, -755, 765,  153, 153, 153
L -1406, -755, 765,  -1413, -730, 863,  153, 153, 153
L -1413, -730, 863,  -1413, -730, 863,  153, 153, 153
L -1413, -730, 863,  -1413, -706, 800,  153, 153, 153
L -1413, -706, 800,  -1413, -675, 697,  153, 153, 153
L -1413, -675, 697,  -1415, -642, 610,  153, 153, 153
L -1415, -642, 610,  -1417, -611, 583,  153, 153, 153
L -1417, -611, 583,  -1418, -586, 631,  153, 153, 153
L -1418, -586, 631,  -1420, -557, 566,  153, 153, 153
L -1420, -557, 566,  -1403, -561, 529,  153, 153, 153
L -1403, -561, 529,  -1380, -550, 484,  153, 153, 153
L -1380, -550, 484,  -1373, -540, 488,  153, 153, 153
L -1373, -540, 488,  -1371, -534, 497,  153, 153, 153
L -1371, -534, 497,  -1374, -520, 467,  153, 153, 153
L -1374, -520, 467,  -1389, -497, 497,  153, 153, 153
L -1389, -497, 497,  -1413, -480, 825,  153, 153, 153
L -1413, -480, 825,  -1413, -477, 821,  153, 153, 153
L -1413, -477, 821,  -1411, -458, 777,  153, 153, 153
L -1411, -458, 777,  -1405, -413, 684,  153, 153, 153
L -1405, -413, 684,  -1398, -383, 686,  153, 153, 153
L -1398, -383, 686,  -1394, -367, 670,  153, 153, 153
L -1394, -367, 670,  -1387, -344, 755,  153, 153, 153
L -1387, -344, 755,  -1379, -311, 1135,  153, 153, 153
L -1379, -311, 1135,  -1370, -280, 1311,  153, 153, 153
L -1370, -280, 1311,  -1357, -267, 1182,  153, 153, 153
L -1357, -267, 1182,  -1346, -257, 1072,  153, 153, 153
L -1346, -257, 1072,  -1346, -257, 1072,  153, 153, 153
L -1346, -257, 1072,  -1350, -195, 889,  153, 153, 153
L -1350, -195, 889,  -1355, -184, 1017,  153, 153, 153
L -1355, -184, 1017,  -1377, -150, 1003,  153, 153, 153
L -1377, -150, 1003,  -1391, -130, 945,  153, 153, 153
L -1391, -130, 945,  -1401, -116, 1015,  153, 153, 153
L -1401, -116, 1015,  -1409, -95, 954,  153, 153, 153
L -1409, -95, 954,  -1416, -70, 1245,  153, 153, 153
L -1416, -70, 1245,  -1424, -29, 1294,  153, 153, 153
L -1424, -29, 1294,  -1424, -29, 1294,  153, 153, 153
L -1424, -29, 1294,  -1427, -2, 1197,  153, 153, 153
L -1427, -2, 1197,  -1429, 26, 1123,  153, 153, 153
L -1429, 26, 1123,  -1425, 70, 1018,  153, 153, 153
L -1425, 70, 1018,  -1421, 104, 1159,  153, 153, 153
L -1421, 104, 1159,  -1414, 121, 1179,  153, 153, 153
L -1414, 121, 1179,  -1411, 128, 1155,  153, 153, 153
L -1411, 128, 1155,  -1393, 168, 987,  153, 153, 153
L -1393, 168, 987,  -1388, 187, 919,  153, 153, 153
L -1388, 187, 919,  -1392, 227, 832,  153, 153, 153
L -1392, 227, 832,  -1394, 251, 785,  153, 153, 153
L -1394, 251, 785,  -1399, 298, 906,  153, 153, 153
L -1399, 298, 906,  -1403, 335, 1047,  153, 153, 153
L -1403, 335, 1047,  -1404, 347, 1024,  153, 153, 153
L -1404, 347, 1024,  -1404, 390, 1102,  153, 153, 153
L -1404, 390, 1102,  -1404, 417, 1099,  153, 153, 153
L -1404, 417, 1099,  -1404, 417, 1099,  153, 153, 153
L -1404, 417, 1099,  -1404, 440, 1091,  153, 153, 153
L -1404, 440, 1091,  -1393, 486, 960,  153, 153, 153
L -1393, 486, 960,  -1389, 498, 932,  153, 153, 153
L -1389, 498, 932,  -1375, 544, 830,  153, 153, 153
L -1375, 544, 830,  -1371, 560, 710,  153, 153, 153
L -1371, 560, 710,  -1374, 578, 841,  153, 153, 153
L -1374, 578, 841,  -1373, 618, 1074,  153, 153, 153
L -1373, 618, 1074,  -1368, 645, 1240,  153, 153, 153
L -1368, 645, 1240,  -1366, 657, 1217,  153, 153, 153
L -1366, 657, 1217,  -1361, 704, 1558,  153, 153, 153
L -1361, 704, 1558,  -1361, 717, 1528,  153, 153, 153
L -1361, 717, 1528,  -1362, 739, 1456,  153, 153, 153
L -1362, 739, 1456,  -1362, 776, 1347,  153, 153, 153
L -1362, 776, 1347,  -1362, 803, 1277,  153, 153, 153
L -1362, 803, 1277,  -1362, 803, 1277,  153, 153, 153
L -1362, 803, 1277,  -1372, 860, 1157,  153, 153, 153
L -1372, 860, 1157,  -1379, 890, 1224,  153, 153, 153
L -1379, 890, 1224,  -1375, 924, 1151,  153, 153, 153
L -1375, 924, 1151,  -1372, 948, 1084,  153, 153, 153
L -1372, 948, 1084,  -1371, 986, 991,  153, 153, 153
L -1371, 986, 991,  -1371, 1038, 867,  153, 153, 153
L -1371, 1038, 867,  -1371, 1038, 867,  153, 153, 153
L -1371, 1038, 867,  -1379, 1102, 755,  153, 153, 153
L -1379, 1102, 755,  -1375, 1141, 1061,  153, 153, 153
L -1375, 1141, 1061,  -1375, 1141, 1061,  153, 153, 153
L -1375, 1141, 1061,  -1371, 1179, 1436,  153, 153, 153
L -1371, 1179, 1436,  -1371, 1179, 1436,  153, 153, 153
L -1371, 1179, 1436,  -1367, 1212, 1354,  153, 153, 153
L -1367, 1212, 1354,  -1364, 1251, 1345,  153, 153, 153
L -1364, 1251, 1345,  -1362, 1265, 1361,  153, 153, 153
L -1362, 1265, 1361,  -1362, 1265, 1361,  153, 153, 153
L -1362, 1265, 1361,  -1362, 1265, 1361,  153, 153, 153
L -1362, 1265, 1361,  -1317, 1343, 1049,  153, 153, 153
L -1317, 1343, 1049,  -1304, 1365, 973,  153, 153, 153
L -1304, 1365, 973,  -1294, 1365, 937,  153, 153, 153
L -1294, 1365, 937,  -1283, 1365, 907,  153, 153, 153
L -1283, 1365, 907,  -1260, 1365, 839,  153, 153, 153
L -1260, 1365, 839,  -1240, 1365, 771,  153, 153, 153
L -1240, 1365, 771,  -1213, 1365, 696,  153, 153, 153
L -1213, 1365, 696,  -1177, 1365, 769,  153, 153, 153
L -1177, 1365, 769,  -1163, 1362, 894,  153, 153, 153
L -1163, 1362, 894,  -1150, 1358, 1007,  153, 153, 153
L -1150, 1358, 1007,  -1136, 1353, 1074,  153, 153, 153
L -1136, 1353, 1074,  -1120, 1347, 1052,  153, 153, 153
L -1120, 1347, 1052,  -1107, 1343, 1028,  153, 153, 153
L -1107, 1343, 1028,  -1087, 1345, 1010,  153, 153, 153
L -1087, 1345, 1010,  -1075, 1354, 983,  153, 153, 153
L -1075, 1354, 983,  -1044, 1375, 906,  153, 153, 153
L -1044, 1375, 906,  -996, 1387, 866,  153, 153, 153
L -996, 1387, 866,  -984, 1389, 939,  153, 153, 153
L -984, 1389, 939,  -964, 1386, 874,  153, 153, 153
L -964, 1386, 874,  -940, 1381, 818,  153, 153, 153
L -940, 1381, 818,  -896, 1373, 697,  153, 153, 153
L -896, 1373, 697,  -858, 1376, 720,  153, 153, 153
L -858, 1376, 720,  -827, 1378, 834,  153, 153, 153
L -827, 1378, 834,  -790, 1381, 887,  153, 153, 153
L -790, 1381, 887,  -779, 1381, 891,  153, 153, 153
L -779, 1381, 891,  -730, 1375, 895,  153, 153, 153
L -730, 1375, 895,  -699, 1371, 816,  153, 153, 153
L -699, 1371, 816,  -687, 1370, 783,  153, 153, 153
L -687, 1370, 783,  -658, 1368, 703,  153, 153, 153
L -658, 1368, 703,  -621, 1364, 415,  153, 153, 153
L -621, 1364, 415,  -582, 1360, 381,  153, 153, 153
L -582, 1360, 381,  -582, 1360, 381,  153, 153, 153
L -582, 1360, 381,  -545, 1365, 423,  153, 153, 153
L -545, 1365, 423,  -545, 1365, 423,  153, 153, 153
L -545, 1365, 423,  -542, 1365, 439,  153, 153, 153
L -542, 1365, 439,  -509, 1377, 619,  153, 153, 153
L -509, 1377, 619,  -492, 1389, 621,  153, 153, 153
L -492, 1389, 621,  -469, 1398, 633,  153, 153, 153
L -469, 1398, 633,  -466, 1395, 632,  153, 153, 153
L -466, 1395, 632,  -441, 1374, 602,  153, 153, 153
L -441, 1374, 602,  -441, 1374, 602,  153, 153, 153
L 643, 1215, -268,  643, 1215, -268,  153, 153, 153
L 643, 1215, -268,  647, 1235, -246,  153, 153, 153
L 647, 1235, -246,  637, 1282, -140,  153, 153, 153
L 637, 1282, -140,  637, 1282, -140,  153, 153, 153
L 637, 1282, -140,  637, 1282, -140,  153, 153, 153
L 637, 1282, -140,  637, 1282, -140,  153, 153, 153
L 637, 1282, -140,  637, 1282, -140,  153, 153, 153
L 637, 1282, -140,  614, 1336, 64,  153, 153, 153
L 614, 1336, 64,  614, 1336, 64,  153, 153, 153
L 614, 1336, 64,  615, 1341, 82,  153, 153, 153
L 615, 1341, 82,  617, 1346, 99,  153, 153, 153
L 617, 1346, 99,  620, 1350, 108,  153, 153, 153
L 620, 1350, 108,  628, 1354, 141,  153, 153, 153
L 628, 1354, 141,  652, 1357, 180,  153, 153, 153
L 652, 1357, 180,  652, 1357, 180,  153, 153, 153
L 652, 1357, 180,  652, 1357, 180,  153, 153, 153
L 652, 1357, 180,  695, 1368, 232,  153, 153, 153
L 695, 1368, 232,  695, 1368, 232,  153, 153, 153
L 695, 1368, 232,  715, 1397, 273,  153, 153, 153
L 715, 1397, 273,  715, 1397, 273,  153, 153, 153
L 715, 1397, 273,  715, 1397, 273,  153, 153, 153
L 715, 1397, 273,  716, 1403, 281,  153, 153, 153
L 664, 1396, 202,  664, 1396, 202,  153, 153, 153
L 664, 1396, 202,  647, 1396, 179,  153, 153, 153
L 647, 1396, 179,  631, 1394, 158,  153, 153, 153
L 631, 1394, 158,  617, 1391, 142,  153, 153, 153
L 617, 1391, 142,  605, 1385, 125,  153, 153, 153
L 605, 1385, 125,  586, 1365, 84,  153, 153, 153
L 586, 1365, 84,  586, 1365, 84,  153, 153, 153
L 586, 1365, 84,  575, 1338, 50,  153, 153, 153
L 575, 1338, 50,  574, 1324, 20,  153, 153, 153
L 574, 1324, 20,  582, 1296, -51,  153, 153, 153
L 582, 1296, -51,  588, 1284, -82,  153, 153, 153
L 588, 1284, -82,  596, 1272, -103,  153, 153, 153
L 596, 1272, -103,  605, 1261, -146,  153, 153, 153
L 605, 1261, -146,  612, 1233, -174,  153, 153, 153
L 647, 1210, -298,  647, 1210, -298,  153, 153, 153
L 647, 1210, -298,  685, 1218, -291,  153, 153, 153
L 685, 1218, -291,  685, 1218, -291,  153, 153, 153
L 685, 1218, -291,  685, 1218, -291,  153, 153, 153
L 685, 1218, -291,  718, 1228, -226,  153, 153, 153
L 718, 1228, -226,  718, 1228, -226,  153, 153, 153
L 718, 1228, -226,  744, 1239, -376,  153, 153, 153
L 744, 1239, -376,  744, 1239, -376,  153, 153, 153
L 744, 1239, -376,  744, 1239, -376,  153, 153, 153
L 744, 1239, -376,  812, 1280, -259,  153, 153, 153
L 812, 1280, -259,  812, 1280, -259,  153, 153, 153
L 812, 1280, -259,  812, 1280, -259,  153, 153, 153
L 812, 1280, -259,  836, 1287, -42,  153, 153, 153
L 836, 1287, -42,  856, 1277, -92,  153, 153, 153
L 856, 1277, -92,  876, 1277, -30,  153, 153, 153
L 876, 1277, -30,  883, 1280, 38,  153, 153, 153
L 883, 1280, 38,  883, 1281, 51,  153, 153, 153
L 883, 1281, 51,  901, 1315, 765,  153, 153, 153
L 901, 1315, 765,  917, 1323, 907,  153, 153, 153
L 917, 1323, 907,  917, 1323, 907,  153, 153, 153
L 917, 1323, 907,  955, 1330, 934,  153, 153, 153
L 955, 1330, 934,  955, 1330, 934,  153, 153, 153
L 955, 1330, 934,  962, 1326, 882,  153, 153, 153
L 962, 1326, 882,  967, 1324, 834,  153, 153, 153
L 967, 1324, 834,  987, 1311, 645,  153, 153, 153
L 987, 1311, 645,  987, 1311, 645,  153, 153, 153
L 987, 1311, 645,  987, 1311, 645,  153, 153, 153
L 987, 1311, 645,  1024, 1308, 748,  153, 153, 153
L 1024, 1308, 748,  1057, 1314, 831,  153, 153, 153
L 1057, 1314, 831,  1057, 1314, 831,  153, 153, 153
L 1057, 1314, 831,  1057, 1314, 831,  153, 153, 153
L 1057, 1314, 831,  1091, 1314, 829,  153, 153, 153
L 1091, 1314, 829,  1091, 1314, 829,  153, 153, 153
L 1091, 1314, 829,  1127, 1318, 800,  153, 153, 153
L 1127, 1318, 800,  1148, 1323, 573,  153, 153, 153
L 1148, 1323, 573,  1153, 1323, 531,  153, 153, 153
L 1153, 1323, 531,  1153, 1323, 531,  153, 153, 153
L 1153, 1323, 531,  1167, 1323, 510,  153, 153, 153
L 1167, 1323, 510,  1167, 1323, 510,  153, 153, 153
L 1167, 1323, 510,  1167, 1323, 510,  153, 153, 153
L 1167, 1323, 510,  1214, 1321, 817,  153, 153, 153
L 1214, 1321, 817,  1214, 1321, 817,  153, 153, 153
L 1214, 1321, 817,  1214, 1321, 817,  153, 153, 153
L 1214, 1321, 817,  1214, 1321, 817,  153, 153, 153
L 1214, 1321, 817,  1243, 1317, 828,  153, 153, 153
L 1243, 1317, 828,  1243, 1317, 828,  153, 153, 153
L 1243, 1317, 828,  1243, 1317, 828,  153, 153, 153
L 1243, 1317, 828,  1263, 1310, 775,  153, 153, 153
L 1263, 1310, 775,  1296, 1288, 776,  153, 153, 153
L 1296, 1288, 776,  1296, 1288, 776,  153, 153, 153
L 1296, 1288, 776,  1336, 1256, 881,  153, 153, 153
L 1336, 1256, 881,  1366, 1229, 1033,  153, 153, 153
L 1366, 1229, 1033,  1372, 1210, 947,  153, 153, 153
L 1372, 1210, 947,  1372, 1210, 947,  153, 153, 153
L 1372, 1210, 947,  1381, 1183, 898,  153, 153, 153
L 1381, 1183, 898,  1387, 1163, 859,  153, 153, 153
L 1387, 1163, 859,  1397, 1118, 843,  153, 153, 153
L 1397, 1118, 843,  1397, 1118, 843,  153, 153, 153
L 1397, 1118, 843,  1397, 1118, 843,  153, 153, 153
L 1397, 1118, 843,  1392, 1082, 745,  153, 153, 153
L 1392, 1082, 745,  1392, 1082, 745,  153, 153, 153
L 1392, 1082, 745,  1390, 1038, 546,  153, 153, 153
L 1390, 1038, 546,  1390, 993, 620,  153, 153, 153
L 1390, 993, 620,  1390, 937, 724,  153, 153, 153
L 1390, 937, 724,  1390, 937, 724,  153, 153, 153
L 1390, 937, 724,  1388, 901, 790,  153, 153, 153
L 1388, 901, 790,  1385, 876, 791,  153, 153, 153
L 1385, 876, 791,  1380, 843, 731,  153, 153, 153
L 1380, 843, 731,  1380, 843, 731,  153, 153, 153
L 1380, 843, 731,  1373, 810, 605,  153, 153, 153
L 1373, 810, 605,  1361, 756, 594,  153, 153, 153
L 1361, 756, 594,  1353, 726, 536,  153, 153, 153
L 1353, 726, 536,  1353, 726, 536,  153, 153, 153
L 1353, 726, 536,  1347, 712, 531,  153, 153, 153
L 1347, 712, 531,  1304, 661, 422,  153, 153, 153
L 1304, 661, 422,  1304, 661, 422,  153, 153, 153
L 1304, 661, 422,  1273, 622, 539,  153, 153, 153
L 1273, 622, 539,  1273, 622, 539,  153, 153, 153
L 1273, 622, 539,  1265, 611, 601,  153, 153, 153
L 1265, 611, 601,  1239, 563, 1079,  153, 153, 153
L 1239, 563, 1079,  1240, 519, 1776,  153, 153, 153
L 1240, 519, 1776,  1240, 519, 1776,  153, 153, 153
L 1240, 519, 1776,  1249, 491, 1894,  153, 153, 153
L 1249, 491, 1894,  1265, 448, 1916,  153, 153, 153
L 1265, 448, 1916,  1270, 433, 1833,  153, 153, 153
L 1270, 433, 1833,  1270, 433, 1833,  153, 153, 153
L 1270, 433, 1833,  1270, 433, 1833,  153, 153, 153
L 1270, 433, 1833,  1279, 406, 1682,  153, 153, 153
L 1279, 406, 1682,  1279, 406, 1682,  153, 153, 153
L 1279, 406, 1682,  1296, 363, 1411,  153, 153, 153
L 1296, 363, 1411,  1320, 333, 1210,  153, 153, 153
L 1320, 333, 1210,  1330, 339, 1309,  153, 153, 153
L 1330, 339, 1309,  1343, 301, 1974,  153, 153, 153
L 1343, 301, 1974,  1352, 278, 1782,  153, 153, 153
L 1352, 278, 1782,  1367, 253, 752,  153, 153, 153
L 1367, 253, 752,  1367, 253, 752,  153, 153, 153
L 1367, 253, 752,  1390, 203, 704,  153, 153, 153
L 1390, 203, 704,  1390, 203, 704,  153, 153, 153
L 1390, 203, 704,  1390, 162, 677,  153, 153, 153
L 1390, 162, 677,  1390, 162, 677,  153, 153, 153
L 1390, 162, 677,  1390, 162, 677,  153, 153, 153
L 1390, 162, 677,  1390, 120, 845,  153, 153, 153
L 1390, 120, 845,  1390, 120, 845,  153, 153, 153
L 1390, 120, 845,  1390, 74, 973,  153, 153, 153
L 1390, 74, 973,  1390, 10, 800,  153, 153, 153
L 1390, 10, 800,  1390, 10, 800,  153, 153, 153
L 1390, 10, 800,  1383, -21, 801,  153, 153, 153
L 1383, -21, 801,  1383, -21, 801,  153, 153, 153
L 1383, -21, 801,  1363, -59, 1148,  153, 153, 153
L 1363, -59, 1148,  1363, -59, 1148,  153, 153, 153
L 1363, -59, 1148,  1334, -120, 1809,  153, 153, 153
L 1334, -120, 1809,  1334, -120, 1809,  153, 153, 153
L 1334, -120, 1809,  1317, -145, 1845,  153, 153, 153
L 1317, -145, 1845,  1317, -145, 1845,  153, 153, 153
L 1317, -145, 1845,  1278, -185, 1463,  153, 153, 153
L 1278, -185, 1463,  1268, -194, 1517,  153, 153, 153
L 1268, -194, 1517,  1268, -194, 1517,  153, 153, 153
L 1268, -194, 1517,  1236, -218, 1712,  153, 153, 153
L 1236, -218, 1712,  1232, -238, 1915,  153, 153, 153
L 1232, -238, 1915,  1241, -260, 1967,  153, 153, 153
L 1241, -260, 1967,  1253, -267, 1964,  153, 153, 153
L 1253, -267, 1964,  1365, -215, 1484,  153, 153, 153
L 1365, -215, 1484,  1365, -215, 1484,  153, 153, 153
L 1365, -215, 1484,  1365, -247, 1260,  153, 153, 153
L 1365, -247, 1260,  1365, -269, 1056,  153, 153, 153
L 1365, -269, 1056,  1365, -269, 1056,  153, 153, 153
L 1365, -269, 1056,  1365, -295, 898,  153, 153, 153
L 1365, -295, 898,  1365, -307, 858,  153, 153, 153
L 1365, -307, 858,  1365, -339, 895,  153, 153, 153
L 1365, -339, 895,  1365, -339, 895,  153, 153, 153
L 1365, -339, 895,  1352, -365, 1183,  153, 153, 153
L 612, 1235, -198,  612, 1235, -198,  153, 153, 153
L 612, 1235, -198,  613, 1233, -189,  153, 153, 153
L 613, 1233, -189,  617, 1208, -115,  153, 153, 153
L 617, 1208, -115,  617, 1208, -115,  153, 153, 153
L 617, 1208, -115,  575, 1216, -15,  153, 153, 153
L 575, 1216, -15,  575, 1216, -15,  153, 153, 153
L 575, 1216, -15,  520, 1238, -18,  153, 153, 153
L 520, 1238, -18,  520, 1238, -18,  153, 153, 153
L 520, 1238, -18,  520, 1238, -18,  153, 153, 153
L 520, 1238, -18,  508, 1229, -2,  153, 153, 153
L 508, 1229, -2,  473, 1260, 262,  153, 153, 153
L 473, 1260, 262,  445, 1276, 135,  153, 153, 153
L 445, 1276, 135,  419, 1307, 510,  153, 153, 153
L 419, 1307, 510,  379, 1313, 961,  153, 153, 153
L 379, 1313, 961,  379, 1313, 961,  153, 153, 153
L 379, 1313, 961,  343, 1317, 1195,  153, 153, 153
L 343, 1317, 1195,  343, 1317, 1195,  153, 153, 153
L 343, 1317, 1195,  315, 1319, 1279,  153, 153, 153
L 315, 1319, 1279,  315, 1319, 1279,  153, 153, 153
L 315, 1319, 1279,  274, 1323, 947,  153, 153, 153
L 274, 1323, 947,  262, 1321, 866,  153, 153, 153
L 262, 1321, 866,  262, 1321, 866,  153, 153, 153
L 262, 1321, 866,  232, 1315, 857,  153, 153, 153
L 232, 1315, 857,  204, 1311, 728,  153, 153, 153
L 204, 1311, 728,  145, 1308, 975,  153, 153, 153
L 145, 1308, 975,  145, 1308, 975,  153, 153, 153
L 145, 1308, 975,  144, 1308, 911,  153, 153, 153
L 144, 1308, 911,  112, 1310, 511,  153, 153, 153
L 112, 1310, 511,  112, 1310, 511,  153, 153, 153
L 112, 1310, 511,  112, 1310, 511,  153, 153, 153
L 112, 1310, 511,  112, 1310, 511,  153, 153, 153
L 112, 1310, 511,  79, 1315, 297,  153, 153, 153
L 79, 1315, 297,  79, 1315, 297,  153, 153, 153
L 79, 1315, 297,  46, 1360, 600,  153, 153, 153
L 46, 1360, 600,  46, 1360, 600,  153, 153, 153
L 46, 1360, 600,  46, 1360, 599,  153, 153, 153
L 46, 1360, 599,  11, 1371, 572,  153, 153, 153
L 11, 1371, 572,  11, 1371, 572,  153, 153, 153
L 11, 1371, 572,  11, 1371, 572,  153, 153, 153
L 11, 1371, 572,  -84, 1346, 445,  153, 153, 153
L -84, 1346, 445,  -84, 1346, 445,  153, 153, 153
L -84, 1346, 445,  -84, 1346, 445,  153, 153, 153
L -84, 1346, 445,  -135, 1345, 550,  153, 153, 153
L -135, 1345, 550,  -135, 1345, 550,  153, 153, 153
L -135, 1345, 550,  -181, 1324, 801,  153, 153, 153
L -181, 1324, 801,  -181, 1324, 801,  153, 153, 153
L -181, 1324, 801,  -208, 1311, 979,  153, 153, 153
L -208, 1311, 979,  -231, 1314, 1014,  153, 153, 153
L -231, 1314, 1014,  -250, 1324, 1029,  153, 153, 153
L -250, 1324, 1029,  -250, 1324, 1029,  153, 153, 153
L -250, 1324, 1029,  -311, 1323, 592,  153, 153, 153
L -311, 1323, 592,  -311, 1323, 592,  153, 153, 153
L -311, 1323, 592,  -311, 1323, 592,  153, 153, 153
L -311, 1323, 592,  -350, 1351, 521,  153, 153, 153
L -350, 1351, 521,  -360, 1359, 633,  153, 153, 153
L -360, 1359, 633,  -360, 1359, 634,  153, 153, 153
L -360, 1359, 634,  -369, 1360, 619,  153, 153, 153
L -369, 1360, 619,  -389, 1362, 633,  153, 153, 153
L -389, 1362, 633,  -408, 1355, 599,  153, 153, 153
L -408, 1355, 599,  -408, 1355, 599,  153, 153, 153
L -408, 1355, 599,  -433, 1365, 562,  153, 153, 153
L -433, 1365, 562,  -462, 1384, 531,  153, 153, 153
L -256, -556, -902,  -256, -556, -902,  153, 153, 153
L -256, -556, -902,  -236, -555, -880,  153, 153, 153
L -236, -555, -880,  -228, -556, -814,  153, 153, 153
L -228, -556, -814,  -195, -519, -701,  153, 153, 153
L -195, -519, -701,  -195, -519, -701,  153, 153, 153
L -195, -519, -701,  -195, -519, -701,  153, 153, 153
L -195, -519, -701,  -195, -519, -701,  153, 153, 153
L -195, -519, -701,  -224, -446, -550,  153, 153, 153
L -224, -446, -550,  -224, -446, -550,  153, 153, 153
L -224, -446, -550,  -224, -446, -550,  153, 153, 153
L -224, -446, -550,  -224, -446, -550,  153, 153, 153
L -224, -446, -550,  -224, -446, -550,  153, 153, 153
L -224, -446, -550,  -181, -425, -555,  153, 153, 153
L -181, -425, -555,  -181, -425, -555,  153, 153, 153
L -181, -425, -555,  -181, -425, -555,  153, 153, 153
L -181, -425, -555,  -181, -419, -569,  153, 153, 153
L -181, -419, -569,  -182, -399, -620,  153, 153, 153
L -182, -399, -620,  -182, -399, -620,  153, 153, 153
L -182, -399, -620,  -182, -353, -534,  153, 153, 153
L -182, -353, -534,  -182, -353, -534,  153, 153, 153
L -182, -353, -534,  -184, -281, -548,  153, 153, 153
L -184, -281, -548,  -184, -281, -548,  153, 153, 153
L -184, -281, -548,  -184, -281, -548,  153, 153, 153
L -184, -281, -548,  -181, -253, -579,  153, 153, 153
L -181, -253, -579,  -181, -253, -579,  153, 153, 153
L -181, -253, -579,  -181, -215, -555,  153, 153, 153
L -181, -215, -555,  -181, -167, -544,  153, 153, 153
L -181, -167, -544,  -181, -167, -544,  153, 153, 153
L -181, -167, -544,  -184, -120, -548,  153, 153, 153
L -184, -120, -548,  -184, -120, -548,  153, 153, 153
L -184, -120, -548,  -184, -120, -548,  153, 153, 153
L -184, -120, -548,  -202, -87, -475,  153, 153, 153
L -202, -87, -475,  -202, -87, -475,  153, 153, 153
L -202, -87, -475,  -227, -79, -483,  153, 153, 153
L -227, -79, -483,  -236, -58, -498,  153, 153, 153
L -236, -58, -498,  -236, -58, -498,  153, 153, 153
L -236, -58, -498,  -230, -47, -499,  153, 153, 153
L -230, -47, -499,  -254, -33, -557,  153, 153, 153
L -254, -33, -557,  -254, -33, -557,  153, 153, 153
L -254, -33, -557,  -267, -32, -541,  153, 153, 153
L -267, -32, -541,  -287, -20, -519,  153, 153, 153
L -287, -20, -519,  -328, -17, -535,  153, 153, 153
L -328, -17, -535,  -328, -17, -535,  153, 153, 153
L -328, -17, -535,  -328, -17, -535,  153, 153, 153
L -328, -17, -535,  -331, -35, -533,  153, 153, 153
L -331, -35, -533,  -345, -40, -459,  153, 153, 153
L -345, -40, -459,  -345, -40, -459,  153, 153, 153
L -345, -40, -459,  -390, -32, -520,  153, 153, 153
L -390, -32, -520,  -390, -32, -520,  153, 153, 153
L -390, -32, -520,  -403, -50, -516,  153, 153, 153
L -403, -50, -516,  -403, -50, -516,  153, 153, 153
L -403, -50, -516,  -433, -50, -515,  153, 153, 153
L -433, -50, -515,  -433, -50, -515,  153, 153, 153
L -433, -50, -515,  -437, -69, -501,  153, 153, 153
L -437, -69, -501,  -437, -69, -501,  153, 153, 153
L -437, -69, -501,  -447, -76, -511,  153, 153, 153
L -447, -76, -511,  -465, -78, -497,  153, 153, 153
L -465, -78, -497,  -473, -88, -493,  153, 153, 153
L -473, -88, -493,  -473, -88, -493,  153, 153, 153
L -473, -88, -493,  -485, -104, -489,  153, 153, 153
L -485, -104, -489,  -485, -104, -489,  153, 153, 153
L -485, -104, -489,  -504, -127, -480,  153, 153, 153
L -504, -127, -480,  -526, -130, -479,  153, 153, 153
L -526, -130, -479,  -541, -123, -498,  153, 153, 153
L -541, -123, -498,  -541, -123, -498,  153, 153, 153
L -541, -123, -498,  -553, -122, -498,  153, 153, 153
L -553, -122, -498,  -553, -122, -498,  153, 153, 153
L -553, -122, -498,  -553, -142, -499,  153, 153, 153
L -553, -142, -499,  -553, -152, -500,  153, 153, 153
L -553, -152, -500,  -568, -152, -531,  153, 153, 153
L -568, -152, -531,  -569, -167, -537,  153, 153, 153
L -569, -167, -537,  -569, -167, -537,  153, 153, 153
L -569, -167, -537,  -583, -167, -512,  153, 153, 153
L -583, -167, -512,  -583, -167, -511,  153, 153, 153
L -583, -167, -511,  -583, -167, -511,  153, 153, 153
L -583, -167, -511,  -583, -244, -523,  153, 153, 153
L -583, -244, -523,  -583, -251, -520,  153, 153, 153
L -583, -251, -520,  -557, -284, -494,  153, 153, 153
L -557, -284, -494,  -557, -284, -494,  153, 153, 153
L -557, -284, -494,  -557, -284, -494,  153, 153, 153
L -557, -284, -494,  -568, -313, -518,  153, 153, 153
L -568, -313, -518,  -568, -313, -518,  153, 153, 153
L -568, -313, -518,  -553, -335, -498,  153, 153, 153
L -553, -335, -498,  -553, -335, -498,  153, 153, 153
L -553, -335, -498,  -553, -335, -498,  153, 153, 153
L -553, -335, -498,  -526, -371, -486,  153, 153, 153
L -526, -371, -486,  -526, -371, -486,  153, 153, 153
L -526, -371, -486,  -501, -372, -495,  153, 153, 153
L -501, -372, -495,  -489, -360, -499,  153, 153, 153
L -489, -360, -499,  -489, -360, -500,  153, 153, 153
L -489, -360, -500,  -434, -358, -471,  153, 153, 153
L -434, -358, -471,  -423, -352, -421,  153, 153, 153
L -423, -352, -421,  -380, -376, -352,  153, 153, 153
L -380, -376, -352,  -380, -376, -352,  153, 153, 153
L -380, -376, -352,  -347, -398, -470,  153, 153, 153
L -347, -398, -470,  -347, -398, -470,  153, 153, 153
L -347, -398, -470,  -307, -417, -589,  153, 153, 153
L -307, -417, -589,  -307, -417, -589,  153, 153, 153
L -307, -417, -589,  -280, -426, -539,  153, 153, 153
L -280, -426, -539,  -266, -422, -499,  153, 153, 153
L -266, -422, -499,  -241, -432, -508,  153, 153, 153
L -241, -432, -508,  -242, -474, -599,  153, 153, 153
L -242, -474, -599,  -242, -474, -599,  153, 153, 153
L -242, -474, -599,  -242, -474, -599,  153, 153, 153
L -242, -474, -599,  -242, -474, -599,  153, 153, 153
L -242, -474, -599,  -242, -474, -599,  153, 153, 153
L -242, -474, -599,  -243, -531, -675,  153, 153, 153
L -243, -531, -675,  -243, -531, -675,  153, 153, 153
L -243, -531, -675,  -258, -527, -660,  153, 153, 153
L -258, -527, -660,  -258, -527, -660,  153, 153, 153
L -431, -279, 2033,  -431, -279, 2033,  153, 153, 153
L -431, -279, 2033,  -441, -254, 2034,  153, 153, 153
L -441, -254, 2034,  -468, -231, 2033,  153, 153, 153
L -468, -231, 2033,  -468, -231, 2033,  153, 153, 153
L -468, -231, 2033,  -465, -215, 2033,  153, 153, 153
L -465, -215, 2033,  -432, -199, 2033,  153, 153, 153
L -432, -199, 2033,  -432, -199, 2033,  153, 153, 153
L -432, -199, 2033,  -412, -184, 2033,  153, 153, 153
L -412, -184, 2033,  -412, -184, 2033,  153, 153, 153
L -412, -184, 2033,  -412, -184, 2033,  153, 153, 153
L -412, -184, 2033,  -371, -171, 2033,  153, 153, 153
L -371, -171, 2033,  -364, -184, 2033,  153, 153, 153
L -430, -281, 2033,  -430, -281, 2033,  153, 153, 153
L -430, -281, 2033,  -413, -244, 2033,  153, 153, 153
L -413, -244, 2033,  -413, -244, 2033,  153, 153, 153
L -413, -244, 2033,  -391, -216, 2033,  153, 153, 153
L -391, -216, 2033,  -391, -216, 2033,  153, 153, 153
L -391, -216, 2033,  -391, -216, 2033,  153, 153, 153
L -391, -216, 2033,  -381, -216, 2033,  153, 153, 153
L -381, -216, 2033,  -364, -236, 2033,  153, 153, 153
L -364, -236, 2033,  -364, -243, 2036,  153, 153, 153
L -427, -287, 2035,  -427, -287, 2033,  153, 153, 153
L -427, -287, 2033,  -422, -294, 2033,  153, 153, 153
L -422, -294, 2033,  -399, -310, 2033,  153, 153, 153
L -399, -310, 2033,  -399, -310, 2033,  153, 153, 153
L -399, -310, 2033,  -399, -310, 2033,  153, 153, 153
L -399, -310, 2033,  -369, -313, 2033,  153, 153, 153
L -369, -313, 2033,  -336, -304, 2033,  153, 153, 153
L -336, -304, 2033,  -336, -304, 2033,  153, 153, 153
L -336, -304, 2033,  -312, -267, 2033,  153, 153, 153
L -312, -267, 2033,  -312, -267, 2033,  153, 153, 153
L -312, -267, 2033,  -312, -267, 2033,  153, 153, 153
L -312, -267, 2033,  -321, -211, 2033,  153, 153, 153
L -321, -211, 2033,  -321, -211, 2033,  153, 153, 153
L -321, -211, 2033,  -321, -211, 2033,  153, 153, 153
L -321, -211, 2033,  -351, -171, 2035,  153, 153, 153
L -351, -171, 2035,  -351, -171, 2035,  153, 153, 153
L -351, -171, 2035,  -352, -159, 2047,  153, 153, 153
L -345, -241, 2036,  -345, -241, 2036,  153, 153, 153
L -345, -241, 2036,  -335, -259, 2033,  153, 153, 153
L -335, -259, 2033,  -334, -267, 2033,  153, 153, 153
L -334, -267, 2033,  -349, -286, 2034,  153, 153, 153
L -349, -286, 2034,  -370, -298, 2033,  153, 153, 153
L -370, -298, 2033,  -391, -301, 2033,  153, 153, 153
L -391, -301, 2033,  -420, -293, 2033,  153, 153, 153
L -420, -293, 2033,  -427, -286, 2031,  153, 153, 153
L -351, -159, 2070,  -351, -159, 2070,  153, 153, 153
L -351, -159, 2070,  -309, -192, 2099,  153, 153, 153
L -309, -192, 2099,  -307, -209, 2035,  153, 153, 153
L -307, -209, 2035,  -307, -209, 2035,  153, 153, 153
L -307, -209, 2035,  -295, -256, 2033,  153, 153, 153
L -295, -256, 2033,  -295, -256, 2033,  153, 153, 153
L -295, -256, 2033,  -295, -256, 2033,  153, 153, 153
L -295, -256, 2033,  -294, -274, 2047,  153, 153, 153
L -294, -274, 2047,  -317, -308, 2033,  153, 153, 153
L -317, -308, 2033,  -317, -308, 2033,  153, 153, 153
L -317, -308, 2033,  -317, -308, 2033,  153, 153, 153
L -317, -308, 2033,  -420, -312, 2033,  153, 153, 153
L -420, -312, 2033,  -420, -312, 2033,  153, 153, 153
L -420, -312, 2033,  -420, -312, 2033,  153, 153, 153
L -420, -312, 2033,  -420, -312, 2033,  153, 153, 153
L -420, -312, 2033,  -420, -312, 2033,  153, 153, 153
L -420, -312, 2033,  -484, -236, 2033,  153, 153, 153
L -484, -236, 2033,  -484, -236, 2033,  153, 153, 153
L -484, -236, 2033,  -484, -236, 2033,  153, 153, 153
L -484, -236, 2033,  -484, -236, 2033,  153, 153, 153
L -484, -236, 2033,  -484, -236, 2033,  153, 153, 153
L -484, -236, 2033,  -484, -236, 2033,  153, 153, 153
L -484, -236, 2033,  -480, -204, 2033,  153, 153, 153
L -480, -204, 2033,  -451, -193, 2033,  153, 153, 153
L -451, -193, 2033,  -451, -193, 2033,  153, 153, 153
L -451, -193, 2033,  -451, -193, 2033,  153, 153, 153
L -451, -193, 2033,  -387, -161, 2044,  153, 153, 153
L -387, -161, 2044,  -387, -161, 2044,  153, 153, 153
L -387, -161, 2044,  -387, -161, 2044,  153, 153, 153
L -387, -161, 2044,  -387, -161, 2044,  153, 153, 153
L -387, -161, 2044,  -387, -161, 2044,  153, 153, 153
L -387, -161, 2044,  -365, -160, 2043,  153, 153, 153
L -365, -160, 2043,  -365, -171, 2040,  153, 153, 153
L -365, -171, 2040,  -367, -171, 2035,  153, 153, 153
L -367, -171, 2035,  -377, -172, 2033,  153, 153, 153
L -638, -489, 2105,  -638, -489, 2107,  255, 0, 255
L -638, -489, 2107,  -140, -489, 2109,  255, 0, 255
L -140, -489, 2109,  -141, 8, 2104,  255, 0, 255
L -141, 8, 2104,  -638, 7, 2106,  255, 0, 255
L -638, 7, 2106,  -637, -490, 2106,  255, 0, 255
L -364, -242, 2036,  -364, -242, 2036,  0, 255, 255
L -364, -242, 2036,  -391, -272, 1730,  0, 255, 255
L -391, -272, 1730,  -409, -266, 1601,  0, 255, 255
L -409, -266, 1601,  -409, -266, 1601,  0, 255, 255
L -409, -266, 1601,  -420, -242, 1429,  0, 255, 255
L -420, -242, 1429,  -397, -215, 1166,  0, 255, 255
L -397, -215, 1166,  -397, -215, 1166,  0, 255, 255
L -397, -215, 1166,  -397, -215, 1166,  0, 255, 255
L -397, -215, 1166,  -363, -240, 808,  0, 255, 255
L -363, -240, 808,  -363, -240, 808,  0, 255, 255
L -363, -240, 808,  -363, -240, 808,  0, 255, 255
L -363, -240, 808,  -362, -256, 696,  0, 255, 255
L -362, -256, 696,  -363, -267, 621,  0, 255, 255
L -363, -267, 621,  -400, -275, 396,  0, 255, 255
L -400, -275, 396,  -400, -275, 396,  0, 255, 255
L -400, -275, 396,  -400, -275, 396,  0, 255, 255
L -400, -275, 396,  -424, -250, 186,  0, 255, 255
L -424, -250, 186,  -424, -250, 186,  0, 255, 255
L -424, -250, 186,  -424, -221, 28,  0, 255, 255
L -424, -221, 28,  -401, -211, -105,  0, 255, 255
L -401, -211, -105,  -401, -211, -105,  0, 255, 255
L -401, -211, -105,  -363, -221, -349,  0, 255, 255
L -363, -221, -349,  -356, -242, -476,  0, 255, 255
L -356, -242, -476,  -356, -242, -476,  0, 255, 255
L -356, -242, -476,  -356, -242, -476,  0, 255, 255
L -314, -225, -465,  -314, -225, -465,  0, 255, 255
L -314, -225, -465,  -323, -207, -406,  0, 255, 255
L -323, -207, -406,  -343, -187, -328,  0, 255, 255
L -343, -187, -328,  -400, -175, -166,  0, 255, 255
L -400, -175, -166,  -400, -175, -166,  0, 255, 255
L -400, -175, -166,  -439, -194, -25,  0, 255, 255
L -439, -194, -25,  -455, -250, 153,  0, 255, 255
L -455, -250, 153,  -455, -250, 153,  0, 255, 255
L -455, -250, 153,  -399, -303, 413,  0, 255, 255
L -399, -303, 413,  -399, -303, 413,  0, 255, 255
L -399, -303, 413,  -399, -303, 413,  0, 255, 255
L -399, -303, 413,  -355, -289, 573,  0, 255, 255
L -355, -289, 573,  -355, -289, 573,  0, 255, 255
L -355, -289, 573,  -338, -221, 853,  0, 255, 255
L -338, -221, 853,  -338, -221, 853,  0, 255, 255
L -338, -221, 853,  -371, -189, 1013,  0, 255, 255
L -371, -189, 1013,  -433, -219, 1313,  0, 255, 255
L -433, -219, 1313,  -433, -219, 1313,  0, 255, 255
L -433, -219, 1313,  -433, -223, 1313,  0, 255, 255
L -433, -223, 1313,  -426, -267, 1533,  0, 255, 255
L -426, -267, 1533,  -396, -285, 1693,  0, 255, 255
L -396, -285, 1693,  -373, -282, 1812,  0, 255, 255
L -373, -282, 1812,  -356, -264, 1932,  0, 255, 255
L -356, -264, 1932,  -350, -251, 1993,  0, 255, 255
L -350, -251, 1993,  -350, -251, 1993,  0, 255, 255
L -350, -251, 1993,  -348, -245, 2034,  0, 255, 255
L -348, -245, 2034,  -345, -244, 2036,  0, 255, 255
L -20, 1026, 462,  -20, 1026, 459,  102, 99, 0
L -20, 1026, 459,  -26, 1069, 324,  102, 99, 0
L -26, 1069, 324,  -46, 1094, 265,  102, 99, 0
L -46, 1094, 265,  -70, 1111, 181,  102, 99, 0
L -70, 1111, 181,  -75, 1128, 136,  102, 99, 0
L -75, 1128, 136,  -71, 1148, 74,  102, 99, 0
L -71, 1148, 74,  -42, 1186, -42,  102, 99, 0
L -42, 1186, -42,  -38, 1228, -119,  102, 99, 0
L -38, 1228, -119,  -90, 1280, -315,  102, 99, 0
L -90, 1280, -315,  -74, 1337, -570,  102, 99, 0
L -74, 1337, -570,  -79, 1383, -677,  102, 99, 0
L -79, 1383, -677,  -99, 1405, -725,  102, 99, 0
L -99, 1405, -725,  -127, 1417, -752,  102, 99, 0
L -127, 1417, -752,  -178, 1434, -901,  102, 99, 0
L -178, 1434, -901,  -198, 1470, -1048,  102, 99, 0
L -198, 1470, -1048,  -186, 1516, -996,  102, 99, 0
L -186, 1516, -996,  -174, 1516, -947,  102, 99, 0
L -174, 1516, -947,  -164, 1566, -1118,  102, 99, 0
L -164, 1566, -1118,  -136, 1595, -1044,  102, 99, 0
L -136, 1595, -1044,  -132, 1651, -1051,  102, 99, 0
L -132, 1651, -1051,  -83, 1665, -1197,  102, 99, 0
L -83, 1665, -1197,  -54, 1697, -1282,  102, 99, 0
L -54, 1697, -1282,  -9, 1713, -1348,  102, 99, 0
L -9, 1713, -1348,  14, 1755, -1439,  102, 99, 0
L 14, 1755, -1439,  8, 1797, -1517,  102, 99, 0
L 8, 1797, -1517,  -8, 1835, -1528,  102, 99, 0
L -8, 1835, -1528,  33, 1847, -1628,  102, 99, 0
L 33, 1847, -1628,  61, 1913, -1343,  102, 99, 0
L 61, 1913, -1343,  44, 1964, -1547,  102, 99, 0
L 44, 1964, -1547,  -14, 2016, -1602,  102, 99, 0
L -14, 2016, -1602,  -60, 2013, -1599,  102, 99, 0
L -60, 2013, -1599,  -105, 1977, -1555,  102, 99, 0
L -105, 1977, -1555,  -116, 1962, -1537,  102, 99, 0
L -116, 1962, -1537,  -145, 1972, -1727,  102, 99, 0
L -145, 1972, -1727,  -158, 1984, -1780,  102, 99, 0
L -158, 1984, -1780,  -162, 2029, -1927,  102, 99, 0
L -162, 2029, -1927,  -159, 2059, -1972,  102, 99, 0
L -159, 2059, -1972,  -181, 2106, -2072,  102, 99, 0
L -181, 2106, -2072,  -207, 2128, -2170,  102, 99, 0
L -207, 2128, -2170,  -220, 2174, -2157,  102, 99, 0
L -220, 2174, -2157,  -194, 2196, -2114,  102, 99, 0
L -194, 2196, -2114,  -191, 2274, -2338,  102, 99, 0
L -191, 2274, -2338,  -205, 2305, -2354,  102, 99, 0
L -205, 2305, -2354,  -258, 2321, -2405,  102, 99, 0
L -258, 2321, -2405,  -298, 2315, -2357,  102, 99, 0
L -298, 2315, -2360,  -298, 2315, -2357,  102, 99, 0
L -298, 2315, -2357,  -324, 2277, -2394,  102, 99, 0
L -324, 2277, -2394,  -337, 2268, -2316,  102, 99, 0
L -337, 2268, -2316,  -351, 2269, -2224,  102, 99, 0
L -351, 2269, -2224,  -361, 2261, -2226,  102, 99, 0
L -361, 2261, -2226,  -362, 2246, -2225,  102, 99, 0
L -362, 2246, -2225,  -407, 2258, -2244,  102, 99, 0
L -407, 2258, -2244,  -428, 2254, -2213,  102, 99, 0
L -428, 2254, -2213,  -456, 2233, -2161,  102, 99, 0
L -456, 2233, -2161,  -469, 2185, -2092,  102, 99, 0
L -469, 2185, -2092,  -445, 2142, -2022,  102, 99, 0
L -445, 2142, -2022,  -399, 2123, -1952,  102, 99, 0
L -399, 2123, -1952,  -385, 2102, -1871,  102, 99, 0
L -385, 2102, -1871,  -389, 2079, -1811,  102, 99, 0
L -389, 2079, -1811,  -397, 2074, -1759,  102, 99, 0
L -397, 2074, -1759,  -437, 2054, -1677,  102, 99, 0
L -437, 2054, -1677,  -463, 2017, -1609,  102, 99, 0
L -463, 2017, -1609,  -466, 1996, -1498,  102, 99, 0
L -466, 1996, -1498,  -483, 1994, -1550,  102, 99, 0
L -483, 1994, -1550,  -511, 1969, -1611,  102, 99, 0
L -511, 1969, -1611,  -524, 1904, -1658,  102, 99, 0
L -524, 1904, -1658,  -511, 1869, -1604,  102, 99, 0
L -511, 1869, -1604,  -449, 1843, -1471,  102, 99, 0
L -449, 1843, -1471,  -436, 1791, -1493,  102, 99, 0
L -436, 1791, -1493,  -399, 1765, -1411,  102, 99, 0
L -399, 1765, -1411,  -391, 1742, -1294,  102, 99, 0
L -391, 1742, -1294,  -404, 1705, -1242,  102, 99, 0
L -404, 1705, -1242,  -366, 1643, -1181,  102, 99, 0
L -366, 1643, -1181,  -323, 1634, -1043,  102, 99, 0
L -323, 1634, -1043,  -311, 1560, -1069,  102, 99, 0
L -311, 1560, -1069,  -283, 1528, -1084,  102, 99, 0
L -283, 1528, -1084,  -221, 1515, -1021,  102, 99, 0
L -221, 1515, -1021,  -233, 1453, -1017,  102, 99, 0
L -233, 1453, -1017,  -203, 1408, -907,  102, 99, 0
L -203, 1408, -907,  -137, 1381, -761,  102, 99, 0
L -137, 1381, -761,  -115, 1372, -724,  102, 99, 0
L -115, 1372, -724,  -114, 1332, -463,  102, 99, 0
L -114, 1332, -463,  -127, 1286, -357,  102, 99, 0
L -127, 1286, -357,  -119, 1259, -298,  102, 99, 0
L -119, 1259, -298,  -76, 1225, -168,  102, 99, 0
L -76, 1225, -168,  -73, 1204, -74,  102, 99, 0
L -73, 1204, -74,  -110, 1148, 91,  102, 99, 0
L -110, 1148, 91,  -106, 1102, 176,  102, 99, 0
L -106, 1102, 176,  -58, 1052, 322,  102, 99, 0
L -58, 1052, 322,  -56, 1030, 381,  102, 99, 0
L -311, 1711, -1026,  -311, 1711, -1026,  102, 99, 0
L -311, 1711, -1026,  -267, 1734, -1060,  102, 99, 0
L -267, 1734, -1060,  -182, 1732, -1178,  102, 99, 0
L -182, 1732, -1178,  -148, 1715, -1151,  102, 99, 0
L -148, 1715, -1151,  -132, 1686, -1028,  102, 99, 0
L -132, 1686, -1028,  -111, 1691, -1094,  102, 99, 0
L -111, 1691, -1094,  -92, 1708, -1192,  102, 99, 0
L -92, 1708, -1192,  -73, 1727, -1271,  102, 99, 0
L -73, 1727, -1271,  -31, 1741, -1355,  102, 99, 0
L -31, 1741, -1355,  -18, 1762, -1439,  102, 99, 0
L -18, 1762, -1439,  -30, 1795, -1542,  102, 99, 0
L -30, 1795, -1542,  -39, 1833, -1426,  102, 99, 0
L -39, 1833, -1426,  -76, 1843, -1392,  102, 99, 0
L -76, 1843, -1392,  -76, 1883, -1553,  102, 99, 0
L -76, 1883, -1553,  -81, 1904, -1612,  102, 99, 0
L -81, 1904, -1612,  -98, 1908, -1546,  102, 99, 0
L -98, 1908, -1546,  -105, 1926, -1504,  102, 99, 0
L -105, 1926, -1504,  -131, 1928, -1546,  102, 99, 0
L -131, 1928, -1546,  -170, 1946, -1725,  102, 99, 0
L -170, 1946, -1725,  -191, 1968, -1783,  102, 99, 0
L -191, 1968, -1783,  -198, 2001, -1843,  102, 99, 0
L -198, 2001, -1843,  -194, 2054, -1959,  102, 99, 0
L -194, 2054, -1959,  -202, 2075, -2053,  102, 99, 0
L -202, 2075, -2053,  -237, 2106, -2167,  102, 99, 0
L -237, 2106, -2167,  -247, 2131, -2230,  102, 99, 0
L -247, 2131, -2230,  -253, 2173, -2217,  102, 99, 0
L -253, 2173, -2217,  -281, 2174, -2237,  102, 99, 0
L -281, 2174, -2237,  -304, 2188, -2245,  102, 99, 0
L -304, 2188, -2245,  -343, 2190, -2243,  102, 99, 0
L -343, 2190, -2243,  -363, 2221, -2112,  102, 99, 0
L -363, 2221, -2112,  -408, 2221, -2187,  102, 99, 0
L -408, 2221, -2187,  -424, 2215, -2188,  102, 99, 0
L -424, 2215, -2188,  -432, 2186, -2086,  102, 99, 0
L -432, 2186, -2086,  -420, 2170, -2014,  102, 99, 0
L -420, 2170, -2014,  -386, 2158, -1961,  102, 99, 0
L -386, 2158, -1961,  -359, 2134, -1918,  102, 99, 0
L -359, 2134, -1918,  -348, 2094, -1856,  102, 99, 0
L -348, 2094, -1856,  -363, 2056, -1793,  102, 99, 0
L -363, 2056, -1793,  -378, 2044, -1766,  102, 99, 0
L -378, 2044, -1766,  -411, 2028, -1693,  102, 99, 0
L -411, 2028, -1693,  -430, 1998, -1478,  102, 99, 0
L -430, 1998, -1478,  -415, 1997, -1435,  102, 99, 0
L -415, 1997, -1435,  -394, 1972, -1475,  102, 99, 0
L -394, 1972, -1475,  -379, 1945, -1522,  102, 99, 0
L -379, 1945, -1522,  -377, 1881, -1551,  102, 99, 0
L -377, 1881, -1551,  -388, 1859, -1572,  102, 99, 0
L -388, 1859, -1572,  -417, 1842, -1463,  102, 99, 0
L -417, 1842, -1463,  -407, 1811, -1460,  102, 99, 0
L -407, 1811, -1460,  -391, 1803, -1428,  102, 99, 0
L -391, 1803, -1428,  -368, 1784, -1386,  102, 99, 0
L -368, 1784, -1386,  -355, 1758, -1339,  102, 99, 0
L -355, 1758, -1339,  -355, 1745, -1311,  102, 99, 0
L -355, 1745, -1311,  -367, 1705, -1251,  102, 99, 0
L -367, 1705, -1251,  -359, 1681, -1199,  102, 99, 0
L -359, 1681, -1199,  -327, 1672, -1037,  102, 99, 0
L -327, 1672, -1037,  -311, 1711, -1030,  102, 99, 0
P 640, 1450, 0, 255, 255, 0, 2, Marus Seru
P 100, -1350, 0, 255, 255, 0, 2, The Grey
P 623, 1249, 0, 255, 255, 255, 2, Succor Point
