P 1696.0000, -1066.0000, 0.0000,  127, 64, 0,  2,  Gnomes
P 1827.0000, 350.0000, 0.0000,  127, 64, 0,  2,  Shadowmen
P 576.0000, 215.0000, 0.0000,  127, 64, 0,  2,  Orc
P -332.0000, -215.0000, 0.0000,  127, 64, 0,  2,  Orc
P -1253.0000, 278.0000, 0.0000,  127, 64, 0,  2,  Ranger_Outpost
P -1668.0000, 559.0000, 0.0000,  127, 64, 0,  2,  Orc_Chief
P -1143.0000, 897.0000, 0.0000,  127, 64, 0,  2,  Dark_Elf
P -2689.0000, 804.0000, 0.0000,  127, 64, 0,  2,  Nybright_Sisters
P -3163.0000, 798.0000, 0.0000,  127, 64, 0,  2,  Fae_Drake
P -3434.0000, 25.0000, 0.0000,  127, 64, 0,  2,  Orc
P -3607.0000, -1089.0000, 0.0000,  127, 64, 0,  2,  Faerie
P -2854.0000, -1356.0000, 0.0000,  127, 64, 0,  2,  Pixie
P -2065.0000, -1467.0000, 0.0000,  127, 64, 0,  2,  Bandit
P -2271.0000, -42.0000, 0.0000,  127, 64, 0,  2,  Undead
P -2834.3999, -1466.7303, -4.8730,  0, 0, 0,  1,  Fungus(jack)
P -2771.5137, -1363.2345, -6.4786,  0, 0, 0,  1,  Fungus
P -2824.8796, -1318.9130, -4.9454,  0, 0, 0,  1,  Fungus
P -3621.6404, -1110.9276, -4.3737,  0, 0, 0,  1,  Fungus(jack)
P -3646.8450, -1027.2112, -4.8730,  0, 0, 0,  1,  Fungus
P -3643.8936, -1068.5975, -4.8730,  0, 0, 0,  1,  Fungus(jack)
P -3624.6748, -1170.1285, -4.8730,  0, 0, 0,  1,  Fungus(jack)
P -3605.2979, -1169.7681, -4.8128,  0, 0, 0,  1,  Fungus(blue_slumber)
P -3573.3296, -1158.5261, -4.1952,  0, 0, 0,  1,  Fungus
P -3576.5991, -1087.9039, -0.4342,  0, 0, 0,  1,  Fungus(jack)
P -3598.7712, -1090.5302, -2.8413,  0, 0, 0,  1,  Fungus
P -3596.3281, -1119.2605, -3.3767,  0, 0, 0,  1,  Fungus
P -3576.3440, -1133.1958, -2.9907,  0, 0, 0,  1,  Fungus
P -3599.3267, -1148.1239, -4.7453,  0, 0, 0,  1,  Fungus
P -3610.2124, -1142.2755, -4.7861,  0, 0, 0,  1,  Fungus
P -3619.1641, -1138.2001, -4.8197,  0, 0, 0,  1,  Fungus
P -3632.6604, -1123.4838, -4.8703,  0, 0, 0,  1,  Fungus
P -3632.5786, -1088.3884, -4.8274,  0, 0, 0,  1,  Fungus
P -3651.5144, -1088.7750, -4.8730,  0, 0, 0,  1,  Fungus
P -3658.3591, -1067.7708, -4.8730,  0, 0, 0,  1,  Fungus
P -3649.9983, -1053.9058, -4.8730,  0, 0, 0,  1,  Fungus
P -3629.3242, -1049.7751, -4.5027,  0, 0, 0,  1,  Fungus
P -2856.4495, -1441.4294, -4.8730,  0, 0, 0,  1,  Fungus
P -2804.5261, -1345.3540, -5.5004,  0, 0, 0,  1,  Fungus
P -3050.1895, -1731.3571, -7.8822,  0, 0, 0,  1,  Fungus
P -3074.4238, -1716.7483, -5.7835,  0, 0, 0,  1,  Fungus
P -3101.7961, -1723.2708, -4.8730,  0, 0, 0,  1,  Fungus
P -3087.4795, -1764.9076, -4.8730,  0, 0, 0,  1,  Fungus(jack)
P -3078.8672, -1797.6486, -5.1573,  0, 0, 0,  1,  Fungus
P -3094.3694, -1821.9738, -4.8730,  0, 0, 0,  1,  Fungus
P -3056.9036, -1816.1775, -6.3730,  0, 0, 0,  1,  Fungus
P -3070.6841, -1846.1732, -4.9127,  0, 0, 0,  1,  Fungus
P -3090.8511, -1885.9670, -3.5120,  0, 0, 0,  1,  Fungus(jack)
P -3133.5852, -1831.4478, -5.6550,  0, 0, 0,  1,  Fungus
P -3111.8892, -1847.6720, -5.1790,  0, 0, 0,  1,  Fungus
P -2291.6787, -6.1193, -6.6454,  0, 0, 0,  1,  Fungus(Jack)
P -2267.3159, 4.9088, -5.7987,  0, 0, 0,  1,  Fungus(Sarco)
P -2244.5166, 1.9796, -5.2785,  0, 0, 0,  1,  X
P -2243.3599, -21.3079, -5.2525,  0, 0, 0,  1,  X
P -2228.6636, -29.8954, -2.6739,  0, 0, 0,  1,  X
P -2239.1587, -56.2378, -5.6310,  0, 0, 0,  1,  X
P -2245.9204, -78.7957, -1.5660,  0, 0, 0,  1,  X
P -2268.6001, -84.5936, -2.5971,  0, 0, 0,  1,  X
P -2289.7517, -94.6542, -5.1767,  0, 0, 0,  1,  X
P -2318.2378, -93.1072, -5.3677,  0, 0, 0,  1,  X
P -2329.5271, -71.1576, -5.8754,  0, 0, 0,  1,  X
P -2374.3337, -64.7908, -6.9908,  0, 0, 0,  1,  X
P -1107.8018, 897.7593, -0.8611,  0, 0, 0,  1,  The_Teir`Dal_Blood_Pact(Pal2.0)
P -1102.5088, 899.1887, -0.8611,  0, 0, 240,  2,  Priestess_Liandra
P -3081.8191, -1870.5640, -2.5626,  0, 0, 127,  2,  a_brownie_noble(Ench2.0)
P 1892.3431, -181.7718, -56.1163,  0, 0, 127,  2,  Scout_Rahjiq(BST1.0)
P 1765.2635, 193.8874, -4.7167,  127, 0, 0,  2,  The_Spirit_of_Malevolence(BST1.0)
P 1130.5480, -1163.6566, -4.7167,  127, 0, 0,  2,  pained_unicorn*
P 0.4445, -0.2813, -4.1036,  127, 0, 0,  2,  corrupted_brownie(Druid1.0)
P -3421.9878, 68.1041, -2.8109,  127, 0, 0,  2,  Taskmaster_Mirot(Cle1.5)
P 583.5822, -738.0004, -6.8505,  0, 0, 127,  2,  Elwinn_Prelliaen(LDoN)
