P -43.3104, -124.6631, -195.9042, 0, 0, 0, 1, Gyrospire_Beza_123
P -140.8771, 6.4504, -194.362, 127, 0, 0, 2, Sir_Bronthas
P 161.4046, -94.6568, -226.807, 127, 0, 0, 2, Black_Dire(Shm_epic)
P 112.1337, -80.9728, -223.9038, 127, 0, 0, 2, Enynti
P -90.1183, 190.3498, -157.9353, 127, 0, 0, 2, Xicotl
P -371.6603, 14.4208, -237.9038, 240, 0, 0, 1, TRAP
P -381.644, 14.1204, -237.9038, 240, 0, 0, 1, TRAP
P -179.4539, 234.7821, -165.9353, 127, 64, 0, 2, Torture_chamber
P -313.4977, 78.8002, -237.9042, 127, 64, 0, 2, Jail
P -123.2137, 237.8832, -157.9353, 127, 64, 0, 2, Gargoyle's_Lair
P -413, 324, -238, 127, 64, 0, 2, Courtyard
P 115.8927, 135.3486, -191.9353, 127, 64, 0, 2, Dinning_Hall
P -46.5645, 352.653, -178.9353, 127, 64, 0, 2, Crypt
P -356.225, 244.5746, -155.9353, 0, 0, 0, 1, Lift
P -29.786, 193.9611, -156.9525, 127, 64, 0, 2, Mayong's_bedroom_
P -77.8075, 79.5772, -163.9353, 127, 64, 0, 2, Library
P 103.165, 87.3794, -163.9353, 127, 64, 0, 2, Guest_room
P 117.7938, 256.9458, -191.9353, 127, 64, 0, 2, Kitchen
P -0.2862, 141.24, -195.9038, 127, 64, 0, 2, Ballroom
P -78.1299, 132.4362, -195.9042, 127, 64, 0, 2, Recital_Hall
P -93.9, -6.1375, -196.9042, 127, 64, 0, 2, Fountain
P -155.1802, 112.1842, -195.9038, 127, 64, 0, 2, Garden
P -392, -89, 0, 127, 64, 0, 2, Graveyard
P -377.8362, 27.6025, -235.9029, 127, 64, 0, 2, Mausoleum
P -350, 222, 0, 127, 64, 0, 2, Tower
P -89.6791, 176.5651, -165.9353, 127, 64, 0, 2, _Mayong's_bath_
P -22.1998, 131.9354, -156.586, 127, 64, 0, 2, Throne_room
P 0.2467, 24.1658, -191.9353, 127, 64, 0, 2, Entry_Hall
P -1, 58, 0, 127, 64, 0, 2, Balcony
P 76.4548, 325.9159, -191.9353, 127, 64, 0, 2, Servant's_quarters
P -80.7784, 122.7116, -157.9353, 127, 64, 0, 2, Drawing_room
P -97.174, 22.4983, -196.9031, 0, 0, 0, 1, Dusty_Ribcage(GS)
P -343.2316, 228.4682, -133.838, 0, 0, 0, 1, Taste_of_Enticement(GS)Ench1.5)
P -374.6388, 22.3658, -234.3652, 0, 0, 0, 1, Flower(GS)
P -412.9565, -17.2244, -236.3539, 0, 0, 0, 1, Rune_of_Yirno(Pal_Pre-Q)
