P -352.3016, 205.52, -139.9353, 240, 0, 0, 2, Garton_Viswin
P -380.9764, 192.192, -209.9038, 240, 0, 0, 2, The_Stone_Guardian
P 113.6808, 318.396, -191.9353, 240, 0, 0, 2, Butler_Syncall
P 89.8336, 339.1664, -191.9353, 240, 0, 0, 2, Maid_Issis
P -22, 131, 0, 240, 0, 0, 2, Princess_Cherista
P -88.281, 20.3279, -196.9042, 240, 0, 0, 2, A_Cloaked_Dhampyre
P -86.3272, 117.772, -157.9353, 240, 0, 0, 2, Advisor
P -89.7014, 175.591, -165.9353, 240, 0, 0, 2, Lasna_Cheroon
P -323.7153, 67.4244, -236.37, 240, 0, 0, 2, An_Avenging_Caitiff*
P -515.1233, 385.725, -222.3699, 240, 0, 0, 2, a_glyphed_ghoul
P 7.1787, 153.645, -186.215, 240, 0, 0, 2, Mynthi_or_a_werewolf
P 127.2891, 110.9435, -185.398, 240, 0, 0, 2, ac_aug
