L -868.9343, 0.6448, 0.1062, -840.3015, 0.6442, 0.1062, 64, 64, 64
L -840.3015, 0.6442, 0.1062, -840.3035, 60.612, 0.1062, 64, 64, 64
L -840.3035, 60.612, 0.1062, -779.606, 60.6422, 0.1062, 64, 64, 64
L -779.4184, 89.3199, 0.1062, -868.9782, 89.3242, 0.1062, 64, 64, 64
L -868.9782, 89.3242, 0.1062, -869.119, 28.9131, 0.1062, 64, 64, 64
L -868.9951, 28.9133, 0.1062, -868.9343, 0.6448, 0.1062, 255, 0, 255
L -779.606, 60.6422, 0.1062, -749.3491, 30.6249, 0.1062, 64, 64, 64
L -749.3964, 30.6718, 0.1062, -749.217, 30.645, 0.1062, 64, 64, 64
L -749.3491, 30.6249, 0.1062, -719.9741, 30.7183, 0.1062, 64, 64, 64
L -719.9741, 30.7183, 0.1062, -700.376, 56.6208, 0.1062, 64, 64, 64
L -700.376, 56.6208, 0.1062, -644.1992, 56.6593, 0.1062, 64, 64, 64
L -644.1992, 56.6593, 0.1062, -630.2146, 98.6102, 0.1062, 64, 64, 64
L -630.2146, 98.6102, 0.1062, -615.2916, 98.6195, 0.1062, 64, 64, 64
L -615.2916, 98.6195, 0.1062, -601.2342, 56.6133, 0.1062, 64, 64, 64
L -601.2342, 56.6133, 0.1062, -544.8863, 56.6148, 0.1062, 64, 64, 64
L -544.8863, 56.6148, 0.7311, -558.8881, 14.6433, 0.1172, 64, 64, 64
L -558.8881, 14.6433, 0.1172, -545.9085, 14.6562, 0.1163, 64, 64, 64
L -545.9085, 14.6562, 0.1163, -516.6766, 29.2743, 0.3221, 64, 64, 64
L -516.6766, 29.2743, 1.1463, -531.647, -13.8892, 0.5444, 64, 64, 64
L -531.647, -13.8892, 0.5444, -517.4157, -41.2597, 0.1173, 64, 64, 64
L -517.4157, -41.2597, 0.1173, -503.1677, -41.3322, 0.1163, 64, 64, 64
L -503.1677, -41.3322, 0.7136, -503.1677, -55.709, 0.5467, 64, 64, 64
L -503.1677, -55.709, 0.5467, -489.3493, -83.3239, 0.1168, 64, 64, 64
L -489.3493, -83.3239, 0.1168, -476.577, -83.3042, 0.1165, 64, 64, 64
L -476.577, -83.3042, 0.1165, -462.4966, -69.7413, 0.3295, 64, 64, 64
L -462.4966, -69.7413, 0.3295, -462.4547, -41.3239, 0.7397, 64, 64, 64
L -462.4547, -41.3239, 0.1163, -447.4144, -41.322, 0.1163, 64, 64, 64
L -447.4144, -41.322, 0.5138, -433.4463, -69.2616, 0.1172, 64, 64, 64
L -433.4463, -69.2616, 0.1172, -420.684, -69.2826, 0.1169, 64, 64, 64
L -420.684, -69.2826, 0.1169, -405.6757, -54.8783, 0.3086, 64, 64, 64
L -405.6757, -54.8783, 0.5074, -391.3736, -83.3254, 0.1162, 64, 64, 64
L -391.3736, -83.3254, 0.1162, -377.9769, -83.3155, 0.1161, 64, 64, 64
L -377.9769, -83.3155, 0.1161, -352.5366, -70.5944, 0.3028, 64, 64, 64
L -352.4864, -67.3224, -0.8525, -347.2255, -67.3229, -0.8525, 0, 0, 0
L -347.2443, -72.6161, -0.8754, -347.2255, -67.3229, -0.864, 0, 0, 0
L -349.2303, -72.665, 0.1062, -349.2282, -112.6034, 0.1062, 0, 0, 0
L -336.5169, -112.6059, 0.1062, -336.5445, -72.6129, 0.1062, 0, 0, 0
L -333.2205, -72.6094, 0.1062, -338.5201, -72.6149, 0.1062, 0, 0, 0
L -352.4925, -72.6084, 0.1062, -347.2443, -72.6161, 0.1062, 0, 0, 0
L -352.4925, -72.6084, 0.3201, -352.4864, -67.3224, 0.3407, 0, 0, 0
L -338.5206, -67.3217, 0.1062, -338.5201, -72.6149, 0.1062, 0, 0, 0
L -333.2336, -67.3199, -0.8524, -338.5206, -67.3217, -0.8524, 0, 0, 0
L -333.2205, -72.6094, -0.8526, -333.2336, -67.3199, -0.8092, 0, 0, 0
L -333.2323, -67.9274, -0.8535, -310.5194, -56.523, -0.6846, 64, 64, 64
L -310.5194, -56.523, -0.6846, -310.5187, -53.3222, -0.6683, 0, 0, 0
L -305.2289, -53.3213, -0.6337, -310.5187, -53.3222, -0.6337, 0, 0, 0
L -305.2289, -53.3213, 0.1062, -305.2307, -55.3239, 0.1062, 0, 0, 0
L -305.2307, -55.3239, 0.1062, -293.2307, -55.3235, 0.1062, 0, 0, 0
L -293.2307, -55.3235, 0.1062, -293.2285, -98.6131, 0.1062, 0, 0, 0
L -293.2285, -98.6131, 0.1062, -307.2309, -98.6127, 0.1062, 0, 0, 0
L -307.2309, -98.6127, 0.1062, -307.2309, -139.2933, 0.1062, 0, 0, 0
L -307.2309, -139.2933, 0.1062, -266.5504, -139.2934, 0.1062, 0, 0, 0
L -266.5504, -139.2934, 0.1062, -266.5504, -98.6128, 0.1062, 0, 0, 0
L -266.5504, -98.6128, 0.1062, -280.5194, -98.6192, 0.1062, 0, 0, 0
L -280.5194, -98.6192, 0.1062, -280.5192, -42.6126, 0.1062, 0, 0, 0
L -280.5192, -42.6126, 0.1062, -305.2309, -42.6128, 0.1062, 0, 0, 0
L -305.2296, -39.3577, 0.1062, -305.2316, -44.6116, 0.1062, 0, 0, 0
L -305.2316, -44.6116, 0.1062, -310.5187, -44.6199, 0.1062, 0, 0, 0
L -310.5187, -44.6199, -0.4736, -310.5208, -39.323, -0.4487, 0, 0, 0
L -305.2296, -39.3577, -0.4138, -310.5208, -39.323, -0.4142, 0, 0, 0
L -309.923, -39.3267, -0.4138, -322.5971, -14.31, -0.685, 64, 64, 64
L -322.5971, -14.31, 0.1062, -308.2762, 14.644, 0.1062, 64, 64, 64
L -308.2762, 14.644, 0.1062, -293.2307, 14.6477, 0.1062, 64, 64, 64
L -293.2307, 14.6477, -0.8938, -293.2305, -13.6984, -0.8938, 64, 64, 64
L -293.2305, -13.6984, -0.8938, -267.6612, -39.3053, -0.8938, 64, 64, 64
L -268.399, -39.3004, -0.8938, -263.2631, -39.3348, -0.8938, 0, 0, 0
L -263.2631, -39.3348, -0.8938, -263.2561, -44.6139, -0.8938, 0, 0, 0
L -263.2561, -44.6139, 0.1062, -268.4041, -44.6103, 0.1062, 0, 0, 0
L -265.2619, -44.6126, 0.1062, -265.2617, -83.3003, 0.1062, 0, 0, 0
L -265.2617, -83.3003, 0.1062, -223.2618, -83.3234, 0.1062, 0, 0, 0
L -223.2618, -83.3234, 0.1062, -223.2582, -126.5841, 0.1062, 0, 0, 0
L -223.2582, -126.5841, 0.1062, -237.2621, -126.5819, 0.1062, 0, 0, 0
L -237.2621, -126.5819, 0.1062, -237.2624, -181.2932, 0.1062, 0, 0, 0
L -237.2624, -181.2932, 0.1062, -196.5303, -181.294, 0.108, 0, 0, 0
L -196.5303, -181.294, 0.1062, -196.5543, -167.2929, 0.1062, 0, 0, 0
L -196.5543, -167.2929, 0.1062, -168.5816, -167.2932, 0.1062, 0, 0, 0
L -168.5816, -167.2932, 0.1062, -168.5812, -140.5816, 0.1062, 0, 0, 0
L -168.5812, -140.5816, 0.1062, -196.546, -140.5836, 0.1062, 0, 0, 0
L -210.5503, -126.584, 0.1062, -196.6054, -126.5819, 0.1062, 0, 0, 0
L -196.6054, -126.5819, 0.1062, -196.546, -140.5836, 0.1062, 0, 0, 0
L -210.5503, -126.584, 0.1062, -210.55, -70.6127, 0.1062, 0, 0, 0
L -210.55, -70.6127, 0.1062, -252.5507, -70.6135, 0.1062, 0, 0, 0
L -252.5507, -70.6135, 0.1062, -252.55, -44.6129, 0.1062, 0, 0, 0
L -249.3087, -44.6109, 0.1062, -254.5498, -44.6141, 0.1062, 0, 0, 0
L -254.551, -39.3258, -0.8938, -249.3207, -39.3203, -0.8938, 0, 0, 0
L -254.5498, -44.6141, -0.8916, -254.551, -39.3258, -0.8938, 0, 0, 0
L -249.3087, -44.6109, -0.8938, -249.3207, -39.3203, -0.8938, 0, 0, 0
L -268.4041, -44.6103, -0.8938, -268.399, -39.3004, -0.8938, 0, 0, 0
L -250.1971, -39.3245, -0.8938, -237.7269, -26.9186, -0.8938, 64, 64, 64
L -237.7269, -26.9186, 0.1062, -223.5175, -55.3068, 0.1062, 64, 64, 64
L -223.5175, -55.3068, 0.1062, -182.1405, -55.3387, 0.1062, 64, 64, 64
L -182.1405, -55.3387, 0.1062, -154.5812, -46.9656, 0, 64, 64, 64
L -154.5834, -13.3506, 0.1062, -154.5812, -46.9656, 0.1062, 64, 64, 64
L -126.5822, 0.6454, -0.9613, -126.5815, -13.3554, -0.9613, 0, 0, 0
L -126.5815, -13.3554, -0.9613, -135.5116, -13.3556, -0.5975, 0, 0, 0
L -135.5116, -13.3556, -0.5975, -137.5486, -9.3546, -0.5401, 0, 0, 0
L -137.5486, -9.3546, -0.4823, -142.3319, -9.3554, -0.43, 0, 0, 0
L -142.3319, -9.3554, -0.3124, -144.3448, -13.3558, -0.2607, 0, 0, 0
L -144.3448, -13.3558, -0.2607, -154.5834, -13.3506, 0.777, 0, 0, 0
L -126.5822, 0.6454, 0.1062, -120.5816, 0.6441, 0.1062, 0, 0, 0
L -120.5816, 0.6441, 0.1062, -120.582, 4.6432, 0.1062, 0, 0, 0
L -120.582, 4.6432, 0.1062, -117.2913, 4.6432, 0.1062, 0, 0, 0
L -117.2913, 4.6432, 0.1062, -117.2933, 0.6445, 0.1062, 0, 0, 0
L -117.2933, 0.6445, 0.1062, -98.6264, 0.6434, 0.1062, 0, 0, 0
L -98.6264, 0.6434, 0.1062, -98.6103, 4.2718, 0.1062, 0, 0, 0
L -98.6103, 4.2718, 0.411, -94.2314, 8.6489, 1.4507, 0, 0, 0
L -98.6127, 23.7307, 0.8269, -94.2369, 19.3541, 2.4735, 0, 0, 0
L -94.2314, 8.6489, 4.1062, -88.6214, 8.6438, 4.1062, 0, 0, 0
L -88.6214, 8.6438, 4.1062, -88.6139, 19.3562, 4.1062, 0, 0, 0
L -88.6139, 19.3562, 4.1062, -94.2369, 19.3541, 4.1062, 0, 0, 0
L -98.6127, 23.7307, 0.1062, -98.6173, 28.6437, 0.1062, 0, 0, 0
L -98.6173, 28.6437, 0.1062, -83.3237, 28.6487, 0.1062, 0, 0, 0
L -70.6154, -0.6458, 0.1062, -70.6124, 41.3147, 0.1062, 0, 0, 0
L -70.6124, 41.3147, 0.1062, -111.3245, 41.3237, 0.1062, 0, 0, 0
L -111.3245, 41.3237, 0.1062, -111.3199, 27.3539, 0.1062, 0, 0, 0
L -111.3199, 27.3539, 0.1062, -117.2933, 27.3553, 0.1062, 0, 0, 0
L -117.2933, 27.3553, 0.1062, -117.2921, 23.3561, 0.1062, 0, 0, 0
L -117.2921, 23.3561, 0.1062, -120.585, 23.3545, 0.1062, 0, 0, 0
L -120.585, 23.3545, 0.1062, -120.582, 27.3557, 0.1062, 0, 0, 0
L -120.582, 27.3557, 0.1062, -126.5841, 27.353, 0.1062, 0, 0, 0
L -126.5841, 27.353, -0.9612, -126.5815, 41.3243, -0.9613, 0, 0, 0
L -126.5815, 41.3243, -0.9613, -135.5551, 41.2956, -0.5968, 0, 0, 0
L -135.5551, 41.2956, -0.5968, -137.5377, 37.356, -0.532, 0, 0, 0
L -137.5377, 37.356, -0.4828, -142.3127, 37.3524, -0.3794, 0, 0, 0
L -142.3127, 37.3524, -0.3146, -144.387, 41.3241, -0.2595, 0, 0, 0
L -144.387, 41.3241, -0.2595, -154.5812, 41.3226, 0.856, 0, 0, 0
L -154.5812, 41.3226, 0.1062, -154.606, 83.3478, 0.1062, 64, 64, 64
L -154.606, 83.3478, 0.1062, -209.6459, 83.3181, 0.1062, 64, 64, 64
L -209.6459, 83.3181, 0.1062, -237.8242, 55.1381, 0.1062, 64, 64, 64
L -197.5894, 83.3248, 0.1062, -183.6734, 55.9542, 0.4232, 127, 127, 127
L -183.6734, 55.9542, 0.4232, -177.4436, 51.6456, 0.1062, 127, 127, 127
L -177.4436, 51.6456, 0.1062, -162.834, 53.8629, 0.1062, 127, 127, 127
L -162.834, 53.8629, 0.1062, -154.5827, 49.673, 0.1062, 127, 127, 127
L -154.5827, -19.7536, 0.1062, -172.713, -25.5808, 0.1062, 127, 127, 127
L -172.713, -25.5808, 0.1062, -179.5783, -42.302, 0.6078, 127, 127, 127
L -179.5783, -42.302, 0.6078, -192.2356, -46.3757, 0.1146, 127, 127, 127
L -192.2356, -46.3757, 0.1146, -197.3204, -55.3243, 0.1176, 127, 127, 127
L -237.8242, 55.1381, 0.1062, -279.8442, 83.1747, 0.1062, 64, 64, 64
L -279.8442, 83.1747, 0.1062, -321.2893, 55.585, 0.1062, 64, 64, 64
L -321.2893, 55.585, 0.1062, -335.3016, -14.4356, 0.1062, 64, 64, 64
L -335.3016, -14.4356, -0.622, -363.8396, -28.7232, -0.2176, 64, 64, 64
L -363.8396, -28.7232, 0.9759, -391.5557, -14.8646, 1.1863, 64, 64, 64
L -391.5557, -14.8646, 1.1863, -405.6655, -43.563, 0.7723, 64, 64, 64
L -405.6655, -43.563, 0.5782, -420.751, -28.6794, 0.7523, 64, 64, 64
L -420.751, -28.6794, 0.7523, -434.4572, -28.6381, 0.7523, 64, 64, 64
L -434.4572, -28.6381, 0.395, -434.4569, -14.3264, 0.5396, 64, 64, 64
L -434.4569, -14.3264, 0.5396, -448.1039, -0.6437, 0.7522, 64, 64, 64
L -448.1039, -0.6437, 0.7522, -461.3704, -0.6437, 0.7524, 64, 64, 64
L -461.3704, -0.6437, 0.7524, -476.4567, -30.7191, 0.3491, 64, 64, 64
L -476.4567, -30.7191, 0.3936, -476.4569, 13.5683, 0.9751, 64, 64, 64
L -476.4569, 13.5683, 0.9751, -504.6768, 27.7128, 1.18, 64, 64, 64
L -504.6768, 27.7128, 0.1553, -489.9929, 57.602, 0.4942, 64, 64, 64
L -489.9929, 57.602, 0.5405, -461.5183, 28.6433, 0.1163, 64, 64, 64
L -461.5183, 28.6433, 0.1163, -447.4347, 28.681, 0.5543, 64, 64, 64
L -447.4347, 28.681, 0.5099, -433.3679, 0.6434, 0.1162, 64, 64, 64
L -433.3679, 0.6434, 0.1162, -419.1986, 0.6465, 0.1163, 64, 64, 64
L -419.1986, 0.6465, 0.1062, -419.1995, -13.3553, 0.1062, 64, 64, 64
L -419.1995, -13.3553, 0.1062, -406.804, -13.3255, 0.1062, 64, 64, 64
L -406.804, -13.3255, 0.1062, -377.8758, 14.8856, 0.3046, 64, 64, 64
L -377.8758, 14.8856, 0.2561, -363.4778, 0.6437, 0.1162, 64, 64, 64
L -363.4778, 0.6437, 0.1162, -350.3181, 0.6445, 0.1163, 64, 64, 64
L -350.3181, 0.6445, 0.1163, -336.7398, 27.7118, 0.5392, 64, 64, 64
L -336.7398, 27.7118, 0.5392, -363.6822, 41.1676, 0.7499, 64, 64, 64
L -363.6822, 41.1676, 0.7499, -378.201, 26.9136, 0.5558, 64, 64, 64
L -378.201, 26.9136, 0.6044, -392.3027, 55.4483, 0.9731, 64, 64, 64
L -392.3027, 55.4483, 0.9731, -419.6852, 69.1688, 1.1874, 64, 64, 64
L -419.6852, 69.1688, 1.1874, -433.9909, 54.8798, 0.9758, 64, 64, 64
L -433.9909, 54.8798, 0.5845, -448.1988, 83.3007, 0.9711, 64, 64, 64
L -448.1988, 83.3007, 0.9711, -475.5181, 83.3245, 0.9708, 64, 64, 64
L -475.5181, 83.3245, 0.9708, -489.6899, 69.1774, 0.7829, 64, 64, 64
L -489.6899, 69.1774, 0.8247, -519.2039, 97.3221, 1.1897, 64, 64, 64
L -519.2039, 97.3221, 1.1897, -531.4, 97.2895, 1.1897, 64, 64, 64
L -531.4, 97.2895, 1.1897, -545.3787, 69.3233, 0.7883, 64, 64, 64
L -545.3787, 69.3233, 0.1062, -588.3989, 69.3204, 0.1062, 64, 64, 64
L -588.3989, 69.3204, 0.1062, -588.3931, 97.6693, 0.1062, 64, 64, 64
L -588.3931, 97.6693, 0.1062, -616.765, 125.2942, 0.1062, 64, 64, 64
L -616.765, 125.2942, 0.1062, -629.519, 125.2575, 0.1062, 64, 64, 64
L -629.519, 125.2575, 0.1062, -657.1013, 97.7061, 0.1062, 64, 64, 64
L -657.1013, 97.7061, 0.1062, -657.1035, 69.3242, 0.1062, 64, 64, 64
L -657.1035, 69.3242, 0.1062, -700.15, 69.3229, 0.1062, 64, 64, 64
L -700.15, 69.3229, 0.1062, -720.1326, 119.2879, 0.1062, 64, 64, 64
L -720.1326, 119.2879, 0.1062, -749.4918, 119.2566, 0.1062, 64, 64, 64
L -749.4918, 119.2566, 0.1062, -779.4184, 89.3199, 0.1062, 64, 64, 64
L -349.2282, -112.6034, 0.1062, -363.199, -112.6458, 0.1062, 0, 0, 0
L -363.199, -112.6458, 0.1062, -363.197, -195.262, 0.1062, 0, 0, 0
L -363.197, -195.262, 0.1062, -349.2302, -195.2623, 0.1062, 0, 0, 0
L -322.5235, -168.5809, 0.1062, -322.5188, -112.6427, 0.1062, 0, 0, 0
L -322.5188, -112.6427, 0.1062, -336.5169, -112.6059, 0.1062, 0, 0, 0
L -322.5197, -153.892, 0.1062, -363.199, -153.6921, 0.1062, 240, 240, 0
L -349.2302, -195.2623, 0.1062, -349.2305, -265.2615, 0.1062, 0, 0, 0
L -347.2221, -241.8324, 0.1062, -338.5106, -241.8017, 0.1062, 127, 127, 0
L -338.5144, -241.2598, 0.1062, -336.5188, -241.2622, 0.1062, 0, 0, 0
L -336.5181, -252.5515, 0.1062, -336.5217, -195.2597, 0.1062, 0, 0, 0
L -336.5217, -195.2597, 0.1062, -322.5192, -195.2616, 0.1062, 0, 0, 0
L -322.5192, -195.2616, 0.1062, -322.5192, -181.2915, 0.1062, 0, 0, 0
L -322.5192, -181.2915, 0.1062, -279.2305, -181.2905, 0.1062, 0, 0, 0
L -279.2305, -181.2905, -0.8964, -279.2289, -252.3728, -13.8938, 127, 64, 0
L -279.2289, -252.3728, -13.8938, -279.2307, -265.262, -13.8938, 127, 64, 0
L -279.2307, -265.262, -13.8938, -210.5492, -265.2606, -13.8938, 127, 64, 0
L -210.5504, -265.2606, -13.8938, -210.5751, -252.5506, -13.8938, 127, 64, 0
L -210.5751, -252.5506, -13.8938, -238.5526, -252.5503, -13.8938, 127, 64, 0
L -251.2607, -252.5509, -13.8938, -266.5509, -252.5538, -13.8938, 127, 64, 0
L -322.5235, -168.5809, 0.1062, -266.5504, -168.5819, 0.1062, 0, 0, 0
L -266.5504, -168.5819, 0.1062, -266.5527, -181.5878, 0.1062, 127, 64, 0
L -266.5527, -181.5878, 0.1062, -266.5509, -252.5538, -13.733, 127, 64, 0
L -347.2302, -244.5534, 0.1062, -347.2291, -241.2582, 0.1062, 0, 0, 0
L -338.5144, -241.2598, 0.1062, -338.5226, -244.5526, 0.1062, 0, 0, 0
L -338.5226, -244.5526, 0.1062, -336.5504, -244.5502, 0.1062, 0, 0, 0
L -338.4748, -244.1418, 0.1062, -347.2379, -244.1211, 0.1062, 127, 127, 0
L -347.2302, -244.5534, 0.1062, -349.2303, -244.5504, 0.1062, 0, 0, 0
L -349.2305, -265.2615, 0.1062, -321.2293, -265.2577, 0.1062, 0, 0, 0
L -349.2309, -241.2621, 0.1062, -347.2291, -241.2582, 0.1062, 0, 0, 0
L -321.2285, -252.5526, 0.1062, -336.5181, -252.5515, 0.1062, 0, 0, 0
L -321.2293, -265.2577, 0.1062, -321.2309, -291.2309, 0.1062, 0, 0, 0
L -321.2309, -291.2309, 0.1062, -319.2294, -291.2248, 0.1062, 0, 0, 0
L -319.2294, -291.2248, 0.1062, -319.2309, -293.2307, 0.1062, 0, 0, 0
L -319.2309, -293.2307, 0.1062, -310.519, -293.2303, 0.1062, 0, 0, 0
L -310.519, -293.2303, 0.1062, -310.4997, -291.2278, 0.1062, 0, 0, 0
L -310.4997, -291.2278, 0.1062, -308.5199, -291.2307, 0.1062, 0, 0, 0
L -308.5199, -291.2307, 0.1062, -308.519, -237.2607, 0.1062, 0, 0, 0
L -308.5192, -240.5504, 0.1062, -310.5169, -240.5514, 0.1062, 0, 0, 0
L -310.4782, -240.1302, 0.1062, -319.2662, -240.1151, 0.1062, 127, 127, 0
L -319.2339, -240.5534, 0.1062, -321.2311, -240.5503, 0.1062, 0, 0, 0
L -321.2371, -210.5501, 0.1062, -321.2285, -252.5526, 0.1062, 0, 0, 0
L -310.5169, -240.5514, 0.1062, -310.5237, -237.2606, 0.1062, 0, 0, 0
L -319.2339, -240.5534, 0.1062, -319.2285, -237.2601, 0.1062, 0, 0, 0
L -319.2285, -237.2601, 0.1062, -321.2307, -237.262, 0.1066, 0, 0, 0
L -321.2371, -210.5501, 0.1062, -294.5206, -210.5504, 0.1062, 0, 0, 0
L -294.5206, -210.5504, 0.1062, -294.519, -237.2614, 0.1062, 0, 0, 0
L -294.519, -237.2614, 0.1062, -310.5237, -237.2606, 0.1062, 0, 0, 0
L -310.5602, -237.8076, 0.1062, -319.2411, -237.7926, 0.1062, 127, 127, 0
L -83.3237, 28.6487, 0.1062, -83.3246, -13.356, 0.1062, 0, 0, 0
L -83.3246, -13.356, 0.1062, -27.3547, -13.3541, 0.1062, 0, 0, 0
L -27.3547, -13.3541, 0.1062, -27.3558, -27.3432, 0.1062, 0, 0, 0
L -27.3558, -27.3432, 0.1062, 27.3555, -27.3292, 0.1062, 0, 0, 0
L 27.3555, -27.3292, 0.1062, 27.3536, -13.3566, 0.1062, 0, 0, 0
L 27.3536, -13.3566, 0.1062, 56.6113, -13.3503, 0.1062, 0, 0, 0
L 56.6113, -13.3503, 0.1062, 56.6208, -39.3245, 0.1062, 0, 0, 0
L 56.6208, -39.3245, 1.7223, 58.6152, -39.3207, 1.6489, 0, 0, 0
L 58.6152, -39.3207, 1.5361, 58.6188, -44.6113, 1.5016, 0, 0, 0
L 85.7091, -44.6383, 1.7384, 81.3319, -44.6347, 2.35, 0, 0, 0
L 54.2884, -44.6189, 2.35, 28.7207, -70.1946, -1.353, 0, 0, 0
L 28.7207, -70.1946, -1.353, 38.7355, -110.272, -13.8938, 64, 64, 64
L 26.7188, -148.4464, -15.8938, -70.3984, -168.6878, -15.8938, 64, 64, 64
L -70.3984, -168.6878, -16.8937, -84.7644, -125.6149, -16.8937, 64, 64, 64
L -84.7644, -125.6149, -17.2754, -55.6833, -111.972, -19.6997, 64, 64, 64
L -55.6833, -111.972, -23.8937, -41.5874, -139.2593, -23.8937, 64, 64, 64
L -41.5874, -139.2593, -23.8937, -28.2961, -139.2932, -23.8937, 64, 64, 64
L -28.2961, -139.2932, -23.8937, -14.1, -125.245, -23.8937, 64, 64, 64
L -14.1, -125.245, -24.8937, -0.1759, -138.8516, -24.8928, 64, 64, 64
L -0.1759, -138.8516, -24.8928, 13.219, -112.917, -24.8928, 64, 64, 64
L 11.6114, -115.3032, -24.8928, 10.4299, -115.9304, -24.8937, 127, 127, 127
L 10.4299, -115.9304, -24.8937, 0.7617, -108.653, -24.8937, 127, 127, 127
L 0.7617, -108.653, -24.8937, 2.1284, -101.69, -24.8928, 127, 127, 127
L 13.219, -112.917, -24.8928, -0.1, -98.8794, -24.8937, 64, 64, 64
L -0.1, -98.8794, -24.8937, -14.282, -113.1631, -24.8937, 64, 64, 64
L -14.282, -113.1631, -23.8937, -28.3761, -70.877, -23.8937, 64, 64, 64
L -28.3761, -70.877, -23.8937, -55.9654, -84.6925, -23.8937, 64, 64, 64
L -55.9654, -84.6925, -25.7876, -83.9352, -70.7051, -28.5471, 64, 64, 64
L -83.9352, -70.7051, -28.5471, -111.2513, -84.3292, -25.6583, 64, 64, 64
L -111.2513, -84.3292, -25.6583, -111.3247, -97.7912, -22.8329, 64, 64, 64
L -111.3247, -97.7912, -22.8329, -97.1063, -126.225, -17.9166, 64, 64, 64
L -97.1063, -126.225, -16.8937, -125.1804, -140.3091, -16.8937, 64, 64, 64
L -125.1804, -140.3091, -16.8937, -111.4624, -195.2616, -16.8937, 64, 64, 64
L -111.4624, -195.2616, -16.8937, -98.519, -195.2284, -16.8937, 64, 64, 64
L -98.519, -195.2284, -16.8937, -70.1187, -181.2883, -16.8937, 64, 64, 64
L -13.7355, -181.2908, -15.8938, -70.1187, -181.2883, -15.8938, 64, 64, 64
L -13.7355, -181.2908, -14.8938, 0.834, -195.817, -14.8933, 0, 0, 0
L 55.3293, -125.2921, -13.8938, 55.3091, -133.687, -13.8938, 64, 64, 64
L 55.3091, -133.687, -13.8938, 41.4116, -147.5817, -13.8938, 64, 64, 64
L 41.4116, -147.5817, -14.8938, 27.2939, -181.9593, -14.8938, 64, 64, 64
L 27.2939, -181.9593, -13.8938, 41.3245, -210.1049, -13.8938, 64, 64, 64
L 41.3245, -210.1049, -13.8938, 41.323, -238.55, -13.8938, 64, 64, 64
L 41.323, -238.55, -13.8938, 69.5751, -238.5541, -13.8938, 64, 64, 64
L 55.3868, -238.5494, -13.8947, 55.1762, -243.3765, -13.8938, 127, 127, 127
L 55.1762, -243.3765, -13.9559, 60.7278, -246.4431, -13.8956, 127, 127, 127
L 60.7278, -246.4431, -13.8956, 71.3422, -258.2398, -13.8938, 127, 127, 127
L 71.3422, -258.2398, -13.8938, 73.1042, -257.6573, -13.8938, 64, 64, 64
L 73.1042, -257.6573, -13.8938, 76.274, -251.4624, -13.8963, 127, 127, 127
L 69.5751, -238.5541, -13.8963, 83.7913, -266.9943, -13.8938, 64, 64, 64
L 83.7913, -266.9943, -13.8938, 98.615, -252.1741, -13.8938, 64, 64, 64
L 98.615, -252.1741, -13.8938, 98.6179, -223.6434, -13.8938, 64, 64, 64
L 98.6179, -223.6434, -13.8938, 84.2528, -209.277, -13.8938, 64, 64, 64
L 84.2528, -209.277, -13.8938, 70.3352, -209.2005, -13.8938, 64, 64, 64
L 70.3352, -209.2005, -13.8938, 56.8575, -182.2727, -13.8938, 64, 64, 64
L 56.8575, -182.2727, -13.8938, 84.3498, -168.4647, -13.8938, 64, 64, 64
L 84.3498, -168.4647, -13.8938, 98.2676, -154.5809, -13.8938, 64, 64, 64
L 98.2676, -154.5809, -13.8938, 125.5026, -154.5819, -13.8938, 64, 64, 64
L 125.5026, -154.5819, -13.8938, 139.2637, -182.292, -13.8938, 64, 64, 64
L 139.2637, -182.292, -13.8938, 139.2479, -209.6841, -13.8938, 64, 64, 64
L 139.2479, -209.6841, -13.8938, 125.3003, -223.6264, -13.8938, 64, 64, 64
L 125.3003, -223.6264, -13.8938, 125.2477, -237.6865, -13.8938, 64, 64, 64
L 125.2477, -237.6865, -13.8938, 111.566, -251.9047, -13.8938, 64, 64, 64
L 111.566, -251.9047, -13.8938, 125.134, -266.133, -13.8938, 64, 64, 64
L 125.134, -266.133, -13.8938, 111.1837, -293.9997, -13.8938, 64, 64, 64
L 111.1837, -293.9997, -14.8379, 125.2181, -308.656, -12.9796, 64, 64, 64
L 125.2181, -308.656, -12.9796, 111.2951, -377.918, -0.2538, 64, 64, 64
L 111.2951, -377.918, 0.1062, 125.1898, -405.8978, 0.1062, 64, 64, 64
L 125.1898, -405.8978, 0.1062, 111.5135, -433.1677, 0.1062, 64, 64, 64
L 111.5135, -433.1677, 0.1062, 98.1521, -433.1684, 0.1062, 64, 64, 64
L 98.1521, -433.1684, 0.1062, 70.16, -419.1481, 0.1062, 64, 64, 64
L 70.16, -419.1481, 0.1062, 27.8663, -433.1684, 0.1062, 64, 64, 64
L 27.8663, -433.1684, 0.1062, 13.7401, -433.1628, 0.1062, 64, 64, 64
L -14.6471, -461.5434, 0.1062, -14.6433, -503.3854, 0.1062, 64, 64, 64
L -14.6433, -503.3854, 0.1062, -42.1141, -517.1345, 0.1062, 64, 64, 64
L -42.1141, -517.1345, 0.1062, -56.2349, -517.1354, 0.1062, 64, 64, 64
L -56.2349, -517.1354, 0.1062, -76.9656, -537.86, 0.1062, 64, 64, 64
L -97.9711, -516.8667, 0.1062, -76.9656, -537.86, 0.1062, 64, 64, 64
L -97.9711, -516.8667, 0.1062, -126.1745, -545.1077, 0.1062, 64, 64, 64
L -126.1745, -545.1077, 0.1062, -153.7292, -545.774, 0.1062, 64, 64, 64
L -153.7292, -545.774, 0.1062, -181.9371, -516.8655, 0.1062, 64, 64, 64
L -181.9371, -516.8655, 0.1062, -196.1305, -531.933, 0.1062, 64, 64, 64
L -196.1305, -531.933, 0.1062, -223.4524, -531.105, 0.1062, 64, 64, 64
L -223.4524, -531.105, 0.1062, -237.2527, -489.7382, 0.1062, 64, 64, 64
L -237.2527, -489.7382, 0.1062, -237.2289, -448.448, 0.1062, 64, 64, 64
L -237.2289, -448.448, 0.1062, -223.6073, -434.4567, 0.1062, 64, 64, 64
L -223.6073, -434.4567, 0.1062, -167.473, -434.4583, 0.1062, 64, 64, 64
L -167.473, -434.4583, 0.1062, -151.5506, -386.7377, 0.1062, 64, 64, 64
L -151.5506, -386.7377, 0.1059, -112.7763, -406.1598, 0.1062, 64, 64, 64
L -112.7763, -406.1598, 0.1062, -126.6752, -447.9871, 0.1062, 64, 64, 64
L -123.7245, -400.6789, 0.107, -142.9164, -405.9159, 0.1042, 127, 127, 127
L -142.2567, -391.3928, 0.1042, -143.335, -408.4947, 0.1062, 127, 127, 127
L -143.335, -408.4947, 0.1062, -156.7318, -413.502, 0.1062, 127, 127, 127
L -156.7318, -413.502, 0.1062, -158.5199, -412.3068, 0.1062, 127, 127, 127
L -158.5199, -412.3068, 0.1062, -158.5561, -407.7228, 0.1067, 127, 127, 127
L -126.6752, -447.9871, 0.1062, -112.8786, -461.8124, 0.1062, 64, 64, 64
L -112.8786, -461.8124, 0.1062, -127.4934, -476.4572, 0.1062, 64, 64, 64
L -127.4934, -476.4572, 0.1062, -97.3239, -476.4592, 0.1062, 64, 64, 64
L -97.3239, -476.4592, 0.1062, -97.3242, -420.1687, 0.1062, 64, 64, 64
L -97.3242, -420.1687, 0.1062, -55.536, -377.8457, 0.1062, 0, 0, 0
L -55.536, -377.8457, 0.1062, -69.571, -363.8439, 0.1062, 0, 0, 0
L -69.571, -363.8439, 0.1062, -55.1608, -349.9821, 0.1062, 64, 64, 64
L -55.1608, -349.9821, 0.1062, -69.3247, -325.6786, 0.1062, 64, 64, 64
L -69.3247, -325.6786, 0.1062, -69.3251, -308.309, 0.1062, 64, 64, 64
L -69.3251, -308.309, 0.1062, -41.1058, -294.1614, 0.1062, 64, 64, 64
L -14.2889, -337.756, 0.1062, 0.2467, -322.5393, 0.1062, 64, 64, 64
L 0.2467, -322.5393, 0.1062, 13.7606, -322.5466, 0.1062, 64, 64, 64
L 13.7606, -322.5466, 0.1062, 27.7302, -336.5192, 0.1062, 64, 64, 64
L 27.7302, -336.5192, 0.1062, 42.6137, -336.5219, 0.1062, 64, 64, 64
L 42.6137, -336.5219, 0.1062, 42.6129, -322.5192, 0.1062, 64, 64, 64
L 42.6129, -322.5192, 0.1062, 69.325, -322.519, 0.1062, 64, 64, 64
L 69.325, -322.519, 0.1062, 69.3213, -364.4884, 0.1062, 64, 64, 64
L 69.3213, -364.4884, 0.1062, 83.3242, -364.4877, 0.1062, 64, 64, 64
L 83.3242, -364.4877, 0.1062, 83.3239, -377.1995, 0.1062, 64, 64, 64
L 83.3239, -377.1995, 0.1062, 42.6128, -377.1999, 0.1062, 64, 64, 64
L 42.6128, -377.1999, 0.1062, 42.6135, -363.5697, 0.1062, 64, 64, 64
L 42.6135, -363.5697, 0.1062, 28.46, -348.9649, 0.1062, 0, 0, 0
L 28.46, -348.9649, 0.1062, 13.7001, -363.2004, 0.1062, 0, 0, 0
L 13.7001, -363.2004, 0.1062, -28.2677, -363.1983, 0.1062, 64, 64, 64
L -55.1852, -420.1578, 0.1062, 14.688, -378.5479, 0.1062, 64, 64, 64
L 1.654, -386.3609, 0.1064, 3.8784, -394.1732, 0.1062, 127, 127, 127
L 3.8784, -394.1732, 0.1062, 5.9947, -394.3018, 0.1062, 127, 127, 127
L 5.9947, -394.3018, 0.1062, 7.5907, -396.346, 0.1062, 127, 127, 127
L 7.5907, -396.346, 0.1062, 13.2878, -398.2484, 0.1062, 127, 127, 127
L 13.2878, -398.2484, 0.1062, 21.4241, -389.4413, 0.1062, 127, 127, 127
L 21.4241, -389.4413, 0.1062, 26.153, -388.9094, 0.1062, 127, 127, 127
L 26.153, -388.9094, 0.1062, 31.3019, -389.7375, 0.1062, 127, 127, 127
L 31.3019, -389.7375, 0.1062, 32.2543, -384.6132, 0.1062, 127, 127, 127
L 14.688, -378.5479, 0.1062, 55.9692, -392.5226, 0.1062, 64, 64, 64
L 55.9692, -392.5226, 0.1062, 98.7399, -378.2669, 0.1062, 64, 64, 64
L -55.1891, -420.1444, 0.1062, -41.2697, -461.8645, 0.1062, 64, 64, 64
L -55.7922, -490.8978, 0.1062, -84.8747, -461.8224, 0.1062, 64, 64, 64
L -84.8747, -461.8224, 0.1062, -70.6119, -447.5002, 0.1062, 64, 64, 64
L -70.6119, -447.5002, 0.1062, -70.6159, -405.5828, 0.1062, 64, 64, 64
L -70.6159, -405.5828, 0.1062, -28.2677, -363.1983, 0.1062, 64, 64, 64
L -55.7922, -490.8978, 0.1062, -41.2697, -461.8645, 0.1062, 64, 64, 64
L 13.7401, -433.1628, 0.1062, -14.6471, -461.5434, 0.1062, 64, 64, 64
L -14.2889, -337.756, -3.7484, -28.735, -293.6983, -14.4345, 240, 240, 240
L -28.735, -293.6983, -14.8938, -13.8239, -278.7855, -14.8938, 64, 64, 64
L -13.8239, -278.7855, -13.8938, 0.3915, -307.2173, -13.8938, 64, 64, 64
L 0.3915, -307.2173, -13.8938, 27.8748, -307.2169, -13.8938, 64, 64, 64
L 27.8748, -307.2169, -13.8938, 84.926, -279.89, -13.8938, 64, 64, 64
L 84.926, -279.89, -13.8938, 98.7549, -293.7466, -13.8938, 64, 64, 64
L 98.7549, -293.7466, -15.1645, 84.6557, -321.9395, -10.3788, 64, 64, 64
L 84.6557, -321.9395, -10.3788, 98.7399, -378.2669, -0.2889, 64, 64, 64
L -41.3226, -294.5738, -15.88, -41.3543, -343.4513, -1.6435, 240, 240, 240
L -41.1058, -294.1614, -14.8938, -55.325, -265.6829, -14.8938, 0, 0, 0
L -55.325, -265.6829, -14.8938, -55.3243, -252.3263, -14.8938, 0, 0, 0
L -55.3243, -252.3263, -14.8938, -27.5581, -238.4047, -14.8938, 0, 0, 0
L -27.5581, -238.4047, -17.3148, 0.834, -195.817, -17.4175, 0, 0, 0
L 0.3451, -196.5502, -17.4175, 13.5357, -196.5503, -17.3549, 0, 0, 240
L 13.5357, -196.5503, -17.3549, 25.195, -231.5285, -17.2935, 0, 0, 240
L 33.524, -234.2188, -17.2935, 3.4504, -224.5048, -17.3268, 127, 127, 127
L 3.4504, -224.5048, -17.2749, -1.7243, -241.662, -17.2738, 127, 127, 127
L -1.7243, -241.662, -17.2775, 18.7421, -263.5808, -17.5734, 127, 127, 127
L 9.5144, -253.4296, -17.5734, -13.7124, -265.421, -17.2612, 0, 0, 240
L -13.7124, -265.421, -17.2612, -27.2565, -237.9523, -17.5584, 0, 0, 240
L 33.524, -234.2188, -13.8938, 38.7638, -261.4737, -13.8938, 127, 127, 127
L 38.7638, -261.4737, -13.8938, 18.7421, -263.5808, -13.8938, 127, 127, 127
L -1.4065, -241.418, -44.8626, 9.5143, -253.4291, -44.8626, 0, 127, 127
L 9.5143, -253.4291, -44.8626, -13.7652, -264.9347, -44.8626, 0, 127, 127
L -13.7652, -264.9347, -44.8626, -27.4604, -237.5311, -44.8626, 0, 127, 127
L -1.3926, -241.4307, -44.8626, -14.9695, -234.1154, -44.8626, 0, 127, 127
L -14.9695, -234.1154, -44.8626, -13.4951, -225.2904, -44.8626, 0, 127, 127
L -13.4951, -225.2904, -44.8626, 4.871, -224.2555, -44.8626, 0, 127, 127
L 4.871, -224.2555, -44.8626, 25.1947, -231.529, -44.8626, 0, 127, 127
L 25.1947, -231.529, -44.8626, 13.5319, -196.5501, -44.8626, 0, 127, 127
L 13.5319, -196.5501, -44.8626, 0.3452, -196.5501, -44.8626, 0, 127, 127
L 0.3452, -196.5501, -44.8626, -30.1009, -185.5858, -36.8888, 0, 127, 127
L -30.1009, -185.5858, -36.8888, -63.6477, -186.5715, -36.3521, 0, 127, 127
L -63.6477, -186.5715, -36.3521, -83.7275, -210.6299, -37.2845, 0, 127, 127
L -83.7275, -210.6299, -40.9784, -111.5986, -210.5581, -51.9063, 0, 127, 127
L -111.5986, -210.5581, -51.9063, -119.2937, -224.884, -42.3939, 0, 127, 127
L -119.2937, -224.884, -42.3939, -119.2942, -237.73, -32.8203, 0, 127, 127
L -119.2942, -237.73, -32.8203, -111.2154, -251.9189, -23.3168, 0, 0, 240
L -111.5893, -251.2621, -23.3171, -98.2299, -251.2566, -23.3166, 0, 0, 240
L -98.88, -251.9069, -23.3166, -70.2724, -223.2992, -42.5197, 0, 0, 240
L -70.2724, -223.2992, -40.7064, -41.6888, -219.2154, -40.7807, 0, 127, 127
L -41.6888, -219.2154, -38.4382, -27.4604, -237.5311, -40.2683, 0, 127, 127
L -111.6098, -251.2355, -23.3354, -119.2937, -237.7361, -23.2563, 0, 0, 240
L -119.2937, -237.7361, -23.2563, -119.2938, -224.766, -23.2636, 0, 0, 240
L -119.2938, -224.766, -23.2636, -111.5951, -210.5514, -23.3012, 0, 0, 240
L -111.5951, -210.5514, -23.3012, -84.2355, -210.5501, -23.6175, 0, 0, 240
L -84.2355, -210.5501, -23.6175, -70.8795, -223.9061, -23.2717, 0, 0, 240
L -98.88, -251.9069, -21.2978, -84.781, -266.54, -14.827, 64, 46, 64
L -84.781, -266.54, -14.827, -98.6132, -293.728, -1.8452, 64, 46, 64
L -111.2154, -251.9189, -20.812, -120.2933, -266.1378, -14.7628, 64, 46, 64
L -120.2933, -266.1378, -14.7628, -120.278, -279.7115, -7.9607, 64, 46, 64
L -120.278, -279.7115, -7.9607, -111.3222, -293.6875, -1.691, 64, 46, 64
L -111.3222, -293.6875, 0.1062, -111.3264, -322.1383, 0.1062, 64, 46, 64
L -111.3248, -311.2309, 0.1062, -109.3294, -311.2275, 0.1062, 64, 46, 64
L -109.298, -311.7447, 0.1062, -100.5915, -311.7096, 0.1062, 240, 0, 0
L -100.6115, -311.2284, 0.1062, -98.6614, -311.2303, 0.1062, 64, 46, 64
L -98.6132, -293.728, 0.1062, -98.6135, -322.149, 0.1062, 64, 46, 64
L 26.7188, -148.4464, -13.8938, 22.8226, -120.1851, -13.8938, 64, 46, 64
L 22.8226, -120.1851, -13.8938, 38.7355, -110.272, -13.8938, 64, 46, 64
L 55.3293, -125.2921, -12.8938, 83.671, -125.2942, -9.8938, 64, 46, 64
L 83.671, -125.2942, -9.8938, 111.3187, -97.7074, -5.8937, 64, 46, 64
L 111.3187, -97.7074, -5.8937, 111.2875, -70.1989, -3.8938, 64, 46, 64
L 111.2875, -70.1989, -3.8938, 85.7091, -44.6383, -0.8938, 64, 46, 64
L 81.3319, -44.6347, 0.1062, 81.3195, -39.3211, 0.1062, 0, 0, 0
L 81.3195, -39.3211, 0.1062, 83.3248, -39.3247, 0.1062, 0, 0, 0
L 83.3248, -39.3247, 0.1062, 83.3234, -13.3565, 0.1062, 0, 0, 0
L 58.6188, -44.6113, 1.6092, 54.2884, -44.6189, 1.7237, 0, 0, 0
L 87.1811, -71.8329, -13.8938, 89.4364, -76.3513, -13.8938, 240, 240, 240
L 89.4364, -76.3513, -13.8938, 93.6205, -80.534, -13.8938, 240, 240, 240
L 93.6205, -80.534, -13.8938, 99.5614, -82.5109, -13.8938, 240, 240, 240
L 99.5614, -82.5109, -13.8938, 103.2242, -86.1358, -13.8938, 240, 240, 240
L 103.2242, -86.1358, -13.8938, 99.3571, -99.5551, -13.8938, 240, 240, 240
L 99.3571, -99.5551, -13.8938, 87.5764, -105.4419, -13.8938, 240, 240, 240
L 87.5764, -105.4419, -13.8938, 83.4017, -109.6353, -13.8938, 240, 240, 240
L 83.4017, -109.6353, -13.8938, 81.4398, -115.4645, -13.8938, 240, 240, 240
L 81.4398, -115.4645, -13.8938, 75.8601, -117.2935, -13.8938, 240, 240, 240
L 75.8601, -117.2935, -13.8938, 70.3764, -117.293, -13.8938, 240, 240, 240
L 70.3764, -117.293, -13.8938, 66.5019, -110.6072, -13.8938, 240, 240, 240
L 62.7028, -109.1538, -13.8938, 66.5019, -110.6072, -13.8938, 240, 240, 240
L 62.7028, -109.1538, -13.8938, 55.6674, -125.2922, -13.8938, 127, 127, 127
L 65.5823, -110.2553, -12.8917, 62.6308, -125.2931, -12.8938, 127, 127, 127
L 69.1984, -115.2604, -11.8938, 70.1925, -125.2933, -11.8943, 127, 127, 127
L 79.7729, -125.293, -10.8938, 74.3735, -117.2934, -10.8938, 127, 127, 127
L 91.4471, -117.5493, -9.8908, 79.1891, -116.2022, -9.8938, 127, 127, 127
L 83.1367, -110.4224, -8.8935, 97.1681, -111.8273, -8.8938, 127, 127, 127
L 86.6585, -106.3639, -7.8937, 101.487, -107.9557, -7.8907, 127, 127, 127
L 108.523, -100.5019, -6.8902, 97.4355, -100.5153, -6.8937, 127, 127, 127
L 111.3254, -93.1677, -5.8909, 100.7604, -94.6858, -5.8937, 127, 127, 127
L 111.3255, -79.3657, -4.8899, 102.6895, -85.6066, -3.8938, 127, 127, 127
L 110.2442, -69.1539, -3.8935, 99.9536, -82.8991, -3.8938, 127, 127, 127
L 94.4645, -80.2437, -2.9417, 104.9201, -63.862, -2.8938, 127, 127, 127
L 90.1559, -77.707, -1.8938, 98.9277, -57.8451, -1.8938, 127, 127, 127
L 87.1811, -71.8329, -0.8938, 69.8102, -83.5558, -0.8938, 240, 240, 240
L 69.8102, -83.5558, -0.8938, 56.4277, -70.433, -0.8938, 240, 240, 240
L 56.4277, -70.433, -0.8938, 56.3155, -44.6154, -0.8938, 240, 240, 240
L 83.3234, -13.3565, 0.1062, 98.6135, -13.3498, 0.1062, 0, 0, 0
L 98.6143, -17.3557, 0.1062, 100.6143, -17.3523, 0.1062, 0, 0, 0
L 100.6143, -17.3523, 0.1062, 100.6122, -20.6477, 0.1062, 0, 0, 0
L 100.6122, -20.6477, 0.1062, 98.6133, -20.6442, 0.1062, 0, 0, 0
L 98.6135, -13.3498, 0.1062, 98.6129, -41.3233, 0.1062, 0, 0, 0
L 98.6129, -41.3233, 0.1062, 112.6111, -41.3243, 0.1062, 0, 0, 0
L 112.6111, -41.3243, 0.1062, 112.6243, -55.3248, 0.1062, 0, 0, 0
L 112.6243, -55.3248, 0.1062, 140.5844, -55.3218, 0.1062, 0, 0, 0
L 140.5844, -55.3218, 0.1062, 140.5827, -98.6089, -2.4538, 0, 0, 0
L 125.2908, -42.6169, 0.1062, 153.2927, -42.6126, 0.1062, 0, 0, 0
L 153.2927, -42.6126, 0.1062, 153.2926, -98.6131, -2.7056, 0, 0, 0
L 153.2926, -98.6131, -2.8938, 167.2927, -98.6364, -2.3599, 0, 0, 0
L 167.2927, -98.6364, -2.8938, 167.2901, -139.2863, -2.8938, 0, 0, 0
L 167.2901, -139.2863, -2.8938, 126.7493, -139.296, -2.8938, 0, 0, 0
L 126.7493, -139.296, -2.8938, 126.4745, -98.6529, -2.8938, 0, 0, 0
L 140.5827, -98.6089, -2.8938, 126.4745, -98.6529, -2.661, 0, 0, 0
L 137.2923, -109.3239, -2.8938, 156.5814, -109.3211, -2.8938, 127, 127, 127
L 156.5814, -109.3211, -2.8938, 156.5862, -128.5819, -2.8938, 127, 127, 127
L 156.5862, -128.5819, -2.8938, 137.2926, -128.5848, -2.8938, 127, 127, 127
L 137.2926, -128.5848, -2.8938, 137.2923, -109.3239, -2.8938, 127, 127, 127
L 125.2908, -42.6169, 0.1062, 125.2934, -28.6439, 0.1062, 0, 0, 0
L 125.2934, -28.6439, 0.1062, 111.3331, -28.6456, 0.1062, 0, 0, 0
L 111.3075, -20.6437, 0.1062, 109.3258, -20.6477, 0.1062, 0, 0, 0
L 109.3258, -20.6477, 0.1062, 109.3216, -17.3565, 0.1062, 0, 0, 0
L 109.3216, -17.3565, 0.1062, 111.3251, -17.3525, 0.1062, 0, 0, 0
L 111.3331, -28.6456, 0.1062, 111.2924, 28.6458, 0.1062, 0, 0, 0
L 111.3004, 17.3557, 0.1062, 109.3267, 17.3546, 0.1062, 0, 0, 0
L 109.3267, 17.3546, 0.1062, 109.3179, 20.6519, 0.1062, 0, 0, 0
L 109.3179, 20.6519, 0.1062, 111.278, 20.6446, 0.1062, 0, 0, 0
L 111.2924, 28.6458, 0.1062, 140.5829, 28.6473, 0.1062, 0, 0, 0
L 140.5829, 28.6473, 0.1062, 140.5807, 0.1176, 0.1063, 0, 0, 0
L 140.5807, 0.1176, 0.1063, 140.5823, -14.8074, -7.8937, 0, 0, 0
L 140.5823, -14.8074, -7.8937, 140.5817, -27.3557, -7.8937, 0, 0, 0
L 140.5817, -27.3557, -7.8937, 153.5049, -27.3536, -7.8937, 0, 0, 0
L 153.5049, -27.3536, -7.8937, 164.753, -27.3556, -13.8938, 0, 0, 0
L 164.753, -27.3556, -13.8938, 168.5836, -27.3527, -13.8938, 0, 0, 0
L -27.3553, -0.6439, 0.1072, -70.6154, -0.6458, 0.1062, 0, 0, 0
L -27.3553, -0.6439, 0.1062, -27.356, 27.3561, 0.1062, 0, 0, 0
L -27.356, 27.3561, 0.1062, 27.3558, 27.356, 0.1062, 0, 0, 0
L 27.3558, 27.356, 0.1062, 27.3562, 13.3556, 0.1062, 0, 0, 0
L 27.3562, 13.3556, 0.1062, 98.6136, 13.3546, 0.1062, 0, 0, 0
L 98.6136, 13.3546, 0.1062, 98.6129, 28.6439, 0.1062, 0, 0, 0
L 98.6132, 20.6437, 0.1062, 100.6097, 20.6477, 0.1062, 0, 0, 0
L 100.6097, 20.6477, 0.1072, 100.6192, 17.3521, 0.1062, 0, 0, 0
L 100.6192, 17.3521, 0.1062, 98.6127, 17.3562, 0.1062, 0, 0, 0
L 98.6145, 28.6439, 0.1072, 98.6268, 41.2785, 0.1062, 240, 0, 0
L 69.3238, 41.3265, 0.1062, 69.3242, 55.2875, 0.1062, 0, 0, 0
L 69.3242, 55.2875, 0.1062, 56.6803, 55.3241, 0.1062, 0, 0, 0
L 56.6803, 55.3241, 0.1062, 56.6128, 28.6448, 0.1062, 0, 0, 0
L 56.6128, 28.6448, 0.1062, 98.6145, 28.6439, 0.1062, 0, 0, 0
L 140.5695, 41.21, 0.1072, 69.3238, 41.3265, 0.1062, 0, 0, 0
L 82.924, 41.3042, 1.6413, 82.8722, 28.6447, 1.6261, 240, 0, 0
L 140.5834, 59.3248, 0.1072, 140.5695, 41.21, 0.1062, 0, 0, 0
L 140.5823, 56.664, 1.6376, 153.2932, 56.354, 1.6157, 240, 0, 0
L 153.2932, -0.4168, 0.1072, 153.2932, 59.3237, 0.1062, 0, 0, 0
L 153.2932, 59.3237, 0.1062, 151.2915, 59.3239, 0.1062, 0, 0, 0
L 151.6006, 59.4198, 0.1072, 142.5828, 59.4254, 0.1072, 0, 0, 0
L 142.5828, 59.3245, 0.1072, 140.5817, 59.3245, 0.1062, 0, 0, 0
L 153.2907, -0.4173, 0.1062, 153.293, -14.6438, -6.8937, 0, 0, 0
L 153.293, -14.6438, -8.8938, 164.2625, -14.6449, -13.8938, 0, 0, 0
L 164.2625, -14.6449, -13.8938, 168.5832, -14.6445, -13.8938, 0, 0, 0
L 168.5832, -14.6445, -13.8938, 168.579, 41.3243, -13.8938, 0, 0, 0
L 168.5818, 3.2799, -13.8938, 170.5756, 3.4403, -13.8938, 0, 0, 0
L 170.6297, 3.9331, -13.8938, 179.2978, 3.9239, -13.8938, 240, 0, 0
L 179.2949, 3.3536, -13.8938, 181.2487, 3.3561, -13.8938, 0, 0, 0
L 181.1814, 28.6444, -13.8938, 181.2966, -14.644, -13.8938, 0, 0, 0
L 181.2966, -14.644, -13.8938, 238.5526, -14.6464, -13.8938, 0, 0, 0
L 199.2622, -14.6448, -13.8938, 199.2606, -16.6642, -13.8938, 0, 0, 0
L 199.7044, -16.662, -13.8938, 199.569, -25.3588, -13.8938, 127, 127, 0
L 199.2586, -25.3562, -13.8938, 199.2621, -27.356, -13.8938, 0, 0, 0
L 238.5555, -27.3586, -13.8938, 181.2975, -27.3548, -13.8938, 0, 0, 0
L 181.2975, -27.3548, -13.8938, 181.2075, -70.6145, -13.8938, 0, 0, 0
L 181.2601, -45.3243, -13.8938, 179.2974, -45.3213, -13.8938, 0, 0, 0
L 179.2603, -45.8243, -13.8938, 170.5814, -45.8254, -13.8938, 127, 127, 0
L 170.5803, -45.3218, -13.8938, 168.5825, -45.3245, -13.8938, 0, 0, 0
L 168.5799, -83.3242, -13.8938, 168.5836, -27.3527, -13.8938, 0, 0, 0
L 170.5803, -45.3218, -13.8938, 170.5869, -48.6156, -13.8938, 0, 0, 0
L 179.2974, -45.3213, -13.8938, 179.2903, -48.5103, -13.8938, 0, 0, 0
L 179.2903, -48.5103, -13.8938, 181.2929, -48.6477, -13.8938, 0, 0, 0
L 181.2075, -70.6145, -13.8938, 210.5461, -70.6137, -13.8938, 0, 0, 0
L 170.5869, -48.6156, -13.8938, 168.5823, -48.6128, -13.8938, 0, 0, 0
L 168.5799, -83.3242, -13.8938, 210.5514, -83.3208, -13.8938, 0, 0, 0
L 179.25, -48.1122, -13.8938, 170.6064, -48.1133, -13.8938, 127, 127, 0
L 210.5514, -83.3208, -13.8938, 210.5493, -140.572, -13.8938, 0, 0, 0
L 210.5501, -117.2925, -13.8938, 212.5508, -117.2904, -13.8938, 0, 0, 0
L 212.5679, -117.7437, -13.8938, 221.2358, -117.7436, -13.8938, 127, 127, 0
L 221.2673, -117.3007, -13.8938, 223.2621, -117.2789, -13.8938, 0, 0, 0
L 223.2647, -140.5595, -13.8938, 223.2566, -69.3221, -13.8938, 0, 0, 0
L 212.5508, -117.2904, -13.8938, 212.5502, -120.5854, -13.8938, 0, 0, 0
L 221.2673, -117.3007, -13.8938, 221.2576, -120.584, -13.8938, 0, 0, 0
L 221.2576, -120.584, -13.8938, 223.2615, -120.5816, -13.8938, 0, 0, 0
L 223.2647, -140.5595, -14.8938, 237.7147, -140.6561, -14.8938, 0, 0, 0
L 237.7147, -140.6561, -14.8938, 251.2399, -154.1816, -14.8938, 0, 0, 0
L 251.2399, -154.1816, -14.8938, 251.2042, -181.7281, -14.8938, 0, 0, 0
L 251.2042, -181.7281, -14.8938, 237.5855, -195.2616, -14.8938, 0, 0, 0
L 237.5855, -195.2616, -14.8938, 196.1281, -195.2178, -14.8938, 0, 0, 0
L 196.1281, -195.2178, -14.8938, 182.5812, -181.6293, -14.8938, 0, 0, 0
L 182.5812, -181.6293, -14.8938, 182.6024, -154.1829, -14.8938, 0, 0, 0
L 182.6024, -154.1829, -14.8938, 196.1, -140.6538, -14.8938, 0, 0, 0
L 196.1, -140.6538, -14.8938, 210.5493, -140.572, -14.8938, 0, 0, 0
L 210.5506, -120.5815, -13.8938, 212.5502, -120.5854, -13.8938, 0, 0, 0
L 212.5414, -120.442, -13.8938, 221.2697, -120.369, -13.8938, 127, 127, 0
L 210.5461, -70.6137, -13.8938, 210.5747, -56.6129, -13.8938, 0, 0, 0
L 210.5747, -56.6129, -13.8938, 238.5508, -56.6171, -13.8938, 0, 0, 0
L 238.5508, -56.6171, -13.8938, 238.5555, -27.3586, -13.8938, 0, 0, 0
L 202.5503, -27.3556, -13.8938, 202.5518, -25.352, -13.8938, 0, 0, 0
L 201.8565, -25.356, -13.8938, 202.67, -16.6362, -13.8938, 127, 127, 0
L 202.5519, -16.6413, -13.8938, 202.5515, -14.644, -13.8938, 0, 0, 0
L 238.5526, -14.6464, -13.8938, 238.5504, 13.3543, -13.8938, 0, 0, 0
L 238.5504, 13.3543, -13.8938, 266.5522, 13.3545, -13.8938, 0, 0, 0
L 266.5522, 13.3545, -14.4497, 266.5541, 84.6162, -28.354, 127, 64, 0
L 266.5541, 84.6162, -27.8937, 252.5509, 84.6128, -27.8937, 127, 64, 0
L 252.5509, 84.6128, -27.8937, 252.5532, 98.6136, -27.8937, 127, 64, 0
L 252.5532, 98.6136, -27.8937, 209.2623, 98.6178, -27.8937, 127, 64, 0
L 209.2623, 98.6178, -27.8937, 209.2561, 69.3238, -27.8937, 127, 64, 0
L 209.2561, 69.3238, -27.8937, 225.2616, 69.3198, -27.5291, 127, 64, 0
L 225.2616, 69.3198, -27.8937, 225.2034, 56.6133, -27.5974, 127, 64, 0
L 225.2034, 56.6133, -27.5974, 196.5509, 56.6126, -27.8937, 127, 64, 0
L 196.5509, 56.6126, -27.8937, 196.5517, 126.5824, -27.8937, 127, 64, 0
L 196.5517, 126.5824, -27.8937, 181.2891, 126.5805, -27.8937, 127, 64, 0
L 188.5871, 126.5815, -27.8937, 188.5782, 128.582, -27.8937, 127, 64, 0
L 188.133, 128.5822, -27.8937, 188.105, 137.2974, -27.8937, 127, 127, 0
L 188.5835, 137.2949, -27.8937, 188.5822, 139.2934, -27.8937, 127, 64, 0
L 168.5817, 139.2939, -27.8937, 209.2621, 139.2932, -27.8937, 127, 64, 0
L 209.2621, 139.2932, -27.8937, 209.2607, 111.3255, -27.8937, 127, 64, 0
L 209.2607, 111.3255, -27.8937, 252.5352, 111.3199, -27.8937, 127, 64, 0
L 252.5352, 111.3199, -27.8937, 252.5946, 125.7149, -27.8937, 127, 64, 0
L 252.5946, 125.7149, -27.8937, 266.2371, 139.2933, -27.8937, 127, 64, 0
L 266.2371, 139.2933, -27.8937, 279.5602, 139.2931, -27.8937, 127, 64, 0
L 279.5602, 139.2931, -27.8937, 293.2316, 125.6542, -27.8937, 127, 64, 0
L 293.2316, 125.6542, -27.8937, 293.2307, 84.6124, -27.8937, 127, 64, 0
L 293.2307, 84.6124, -27.8937, 279.2789, 84.6153, -27.8937, 127, 64, 0
L 251.2613, -56.6129, -13.8938, 251.2621, 0.6455, -13.8938, 0, 0, 0
L 251.2621, 0.6455, -13.8938, 279.2309, 0.6453, -13.8938, 0, 0, 0
L 279.2309, 0.6453, -13.8938, 279.2262, 13.7086, -13.8938, 0, 0, 0
L 279.2262, 13.7086, -13.8938, 279.2789, 84.6153, -27.8937, 127, 64, 0
L 251.2613, -56.6129, -13.8938, 266.5505, -56.6141, -13.8938, 0, 0, 0
L 266.5505, -56.6141, -13.8938, 266.5504, -28.6887, -13.8938, 0, 0, 0
L 266.5504, -28.6887, -13.8938, 294.5197, -28.6284, -13.8938, 0, 0, 0
L 287.2302, -28.6442, -13.8938, 287.2305, -30.6408, -13.8938, 0, 0, 0
L 287.7468, -30.6704, -13.8938, 287.7468, -39.2967, -13.8938, 127, 127, 0
L 279.2284, -41.3245, -13.8938, 294.5212, -41.3245, -13.8938, 0, 0, 0
L 287.2307, -41.3245, -13.8938, 287.2298, -39.3211, -13.8938, 0, 0, 0
L 279.2284, -41.3245, -13.8938, 279.2305, -69.3245, -13.8938, 0, 0, 0
L 279.2305, -69.3245, -13.8938, 223.2566, -69.3221, -13.8938, 0, 0, 0
L 199.2606, -16.6642, -13.8938, 202.5519, -16.6413, -13.8938, 0, 0, 0
L 199.2586, -25.3562, -13.8938, 202.5518, -25.352, -13.8938, 0, 0, 0
L 287.2298, -39.3211, -13.8938, 290.5201, -39.3254, -13.8938, 0, 0, 0
L 287.2305, -30.6408, -13.8938, 290.5079, -30.6467, -13.8938, 0, 0, 0
L 290.5079, -30.6467, -13.8938, 290.553, -28.6371, -13.8938, 0, 0, 0
L 290.5201, -39.3254, -13.8938, 290.5197, -41.3245, -13.8938, 0, 0, 0
L 294.5212, -41.3245, -13.8938, 294.519, -55.3048, -13.8938, 0, 0, 0
L 294.519, -55.3048, -13.8938, 335.2307, -55.3243, -13.8938, 0, 0, 0
L 335.2307, -55.3243, -13.8938, 335.2307, -14.6441, -13.8938, 0, 0, 0
L 335.2307, -14.6441, -13.8938, 294.519, -14.6446, -13.8938, 0, 0, 0
L 294.519, -14.6446, -13.8938, 294.5197, -28.6284, -13.8938, 0, 0, 0
L 290.346, -30.6891, -13.8938, 290.518, -39.3494, -13.8938, 127, 127, 0
L 188.5835, 137.2949, -27.8937, 185.2892, 137.2895, -27.8937, 127, 64, 0
L 188.5782, 128.582, -27.8937, 185.2917, 128.5826, -27.8937, 127, 64, 0
L 185.2917, 128.5826, -27.8937, 185.2932, 126.5829, -27.8937, 127, 64, 0
L 185.2892, 137.2895, -27.8937, 185.2929, 139.2933, -27.8937, 127, 64, 0
L 168.5817, 139.2939, -27.8937, 168.586, 97.3238, -27.8937, 127, 64, 0
L 168.586, 97.3238, -27.8937, 69.3217, 97.3234, -27.8937, 127, 64, 0
L 69.3217, 97.3234, -26.8937, 69.3221, 126.5848, -26.8937, 127, 64, 0
L 69.322, 115.3245, -26.8937, 67.3234, 115.322, -26.8937, 127, 64, 0
L 67.365, 115.7429, -26.8937, 58.573, 115.7429, -26.8937, 240, 0, 0
L 58.6094, 115.3207, -26.8937, 56.6129, 115.3241, -26.8937, 127, 64, 0
L 56.6144, 126.5781, -26.8937, 56.6124, 111.3238, -26.8937, 127, 64, 0
L 56.6124, 111.3238, -26.8937, 42.6129, 111.3241, -26.8937, 127, 64, 0
L 42.6129, 111.3241, -26.8937, 42.6141, 97.3211, -26.8937, 127, 64, 0
L 42.6141, 97.3211, -26.8937, 27.3542, 97.3341, -26.8937, 127, 64, 0
L 38.4804, 95.3243, -26.8937, 38.4724, 86.6126, -26.8937, 127, 127, 0
L 38.6475, 86.6124, -26.8937, 38.6437, 84.6195, -26.8937, 127, 64, 0
L 27.3649, 84.6235, -26.8937, 56.6137, 84.6129, -26.8937, 127, 64, 0
L 56.6137, 84.6129, -27.8937, 56.6137, 0.6442, -27.8937, 127, 64, 0
L 56.6137, 0.6442, -27.8937, 125.2934, 0.6445, -27.8937, 127, 64, 0
L 125.2934, 0.6445, -27.8937, 125.2895, 14.6463, -27.8937, 127, 64, 0
L 125.2895, 14.6463, -27.8937, 181.2934, 14.6449, -27.8937, 127, 64, 0
L 181.2934, 14.6449, -27.8937, 181.2891, 126.5805, -27.8937, 127, 64, 0
L 185.7156, 128.6086, -27.8937, 185.6808, 137.3457, -27.8937, 127, 127, 0
L 168.5818, 70.6131, -27.8937, 168.5824, 27.3541, -27.8937, 127, 64, 0
L 168.5824, 27.3541, -27.8937, 125.2935, 27.353, -27.8937, 127, 64, 0
L 125.2935, 27.353, -27.8937, 125.2875, 70.6127, -27.8937, 127, 64, 0
L 125.2875, 70.6127, -27.8937, 142.58, 70.6136, -27.8937, 127, 64, 0
L 142.5801, 70.5167, -27.8937, 151.2915, 70.519, -27.8937, 240, 0, 0
L 151.2915, 70.615, -27.8937, 168.5818, 70.6131, -27.8937, 127, 64, 0
L 95.3294, 56.6133, -27.8937, 112.6127, 56.6137, -27.8937, 127, 64, 0
L 112.6127, 56.6137, -27.8937, 112.6163, 13.3554, -27.8937, 127, 64, 0
L 112.6163, 13.3554, -27.8937, 69.3242, 13.3529, -27.8937, 127, 64, 0
L 69.3242, 13.3529, -27.8937, 69.3221, 56.6129, -27.8937, 127, 64, 0
L 69.3221, 56.6129, -27.8937, 86.6162, 56.6154, -27.8937, 127, 64, 0
L 95.3183, 53.3241, -28.8937, 109.3247, 53.3247, -28.8937, 127, 64, 0
L 109.3247, 53.3247, -28.8937, 109.3247, 16.6442, -28.8937, 127, 64, 0
L 109.3247, 16.6442, -28.8937, 72.6128, 16.6441, -28.8937, 127, 64, 0
L 72.6128, 16.6441, -28.8937, 72.6126, 53.3247, -28.8937, 127, 64, 0
L 72.6126, 53.3247, -28.8937, 86.6115, 53.3241, -28.8937, 127, 64, 0
L 95.3294, 56.6133, -27.8937, 95.3178, 53.1661, -27.8937, 127, 64, 0
L 86.6113, 53.164, -27.8937, 86.6162, 56.6154, -27.8937, 127, 64, 0
L 86.6158, 56.4018, -27.8937, 95.3286, 56.4084, -27.8937, 240, 0, 0
L 95.3178, 53.1661, -28.8937, 86.6113, 53.164, -28.8937, 240, 0, 0
L 142.5851, 67.3233, -28.8937, 128.5817, 67.3247, -28.8937, 127, 64, 0
L 128.5817, 67.3247, -28.8937, 128.6097, 30.6441, -28.8937, 127, 64, 0
L 128.6097, 30.6441, -28.8937, 165.2931, 30.6437, -28.8937, 127, 64, 0
L 165.2931, 30.6437, -28.8937, 165.2933, 67.3243, -28.8937, 127, 64, 0
L 165.2933, 67.3243, -28.8937, 151.2932, 67.3238, -28.8754, 127, 64, 0
L 151.2932, 67.3238, -27.8937, 151.2915, 70.615, -27.8937, 127, 64, 0
L 142.58, 70.6136, -27.8937, 142.5851, 67.3233, -27.8937, 127, 64, 0
L 142.5851, 67.2813, -28.8937, 151.2932, 67.2797, -28.8937, 240, 0, 0
L 38.6475, 95.3245, -26.8937, 35.3554, 95.3225, -26.8937, 127, 64, 0
L 38.6475, 86.6124, -26.8937, 35.3676, 86.6136, -26.8937, 127, 64, 0
L 35.3676, 86.6136, -26.8937, 35.3072, 84.6131, -26.8937, 127, 64, 0
L 27.3649, 84.6235, -26.8937, 27.3113, 70.6132, -26.8937, 127, 64, 0
L 27.3113, 70.6132, -26.8937, -13.3551, 70.6129, -26.8937, 127, 64, 0
L -13.3551, 70.6129, -26.8937, -13.3551, 111.3234, -26.8937, 127, 64, 0
L -13.3551, 111.3234, -26.8937, 27.3533, 111.3245, -26.8937, 127, 64, 0
L 27.3533, 111.3245, -26.8937, 27.3542, 97.3341, -26.8937, 127, 64, 0
L 35.3554, 95.3225, -26.8937, 35.3549, 97.3245, -26.8937, 127, 64, 0
L 38.6475, 95.3245, -26.8937, 38.6441, 97.3241, -26.8937, 127, 64, 0
L 35.9834, 86.6158, -26.8937, 35.9802, 95.3247, -26.8937, 127, 127, 0
L 67.3234, 115.322, -26.8937, 67.3251, 118.5764, -26.8937, 127, 64, 0
L 58.6094, 115.3207, -26.8937, 58.6176, 118.5828, -26.8937, 127, 64, 0
L 58.6176, 118.5828, -26.8937, 56.6126, 118.5816, -26.8937, 127, 64, 0
L 67.3251, 118.5764, -26.8937, 69.3242, 118.5816, -26.8937, 127, 64, 0
L 69.3221, 126.5848, -26.8937, 83.2884, 126.5819, -26.8937, 127, 64, 0
L 83.2884, 126.5819, -26.8937, 83.326, 140.5841, -26.8937, 127, 64, 0
L 83.326, 140.5841, -26.8937, 98.2407, 140.5783, -26.8937, 127, 64, 0
L 89.2904, 140.5817, -26.8937, 89.3666, 142.5899, -26.8937, 127, 64, 0
L 89.7426, 142.6023, -26.8937, 89.7236, 151.28, -26.8937, 240, 0, 0
L 89.3185, 151.2939, -26.8937, 89.3245, 153.2925, -26.8937, 127, 64, 0
L 98.2411, 153.2975, -26.8937, 83.326, 153.2892, -26.8937, 127, 64, 0
L 83.326, 153.2892, -26.8937, 83.3158, 167.2933, -26.8937, 127, 64, 0
L 83.3158, 167.2933, -26.8937, 42.6139, 167.2933, -26.8937, 127, 64, 0
L 42.6139, 167.2933, -26.8937, 42.6126, 126.628, -26.8937, 127, 64, 0
L 42.6126, 126.628, -26.8937, 56.6144, 126.5781, -26.8937, 127, 64, 0
L 58.6126, 117.8687, -26.8937, 67.3248, 117.8696, -26.8937, 240, 0, 0
L 89.3666, 142.5899, -26.8937, 92.5966, 142.5806, -26.8937, 127, 64, 0
L 89.3185, 151.2939, -26.8937, 92.6141, 151.2898, -26.8937, 127, 64, 0
L 92.6141, 151.2898, -26.8937, 92.6143, 153.2937, -26.8937, 127, 64, 0
L 98.2411, 153.2975, -26.8937, 112.1782, 167.2372, -26.8937, 127, 64, 0
L 112.1782, 167.2372, -26.8937, 125.591, 167.2927, -26.8937, 127, 64, 0
L 125.591, 167.2927, -26.8937, 139.2485, 153.7155, -26.8937, 127, 64, 0
L 139.2485, 153.7155, -26.8937, 139.293, 140.2587, -26.8937, 127, 64, 0
L 139.293, 140.2587, -26.8937, 125.6306, 126.5815, -26.8937, 127, 64, 0
L 125.6306, 126.5815, -26.8937, 112.2005, 126.6158, -26.8937, 127, 64, 0
L 112.2005, 126.6158, -26.8937, 98.2407, 140.5783, -26.8937, 127, 64, 0
L 92.2498, 142.5492, -26.8937, 92.2736, 151.3702, -26.8937, 240, 0, 0
L 92.5966, 142.5806, -26.8937, 92.6358, 140.5815, -26.8937, 127, 64, 0
L 179.2949, 3.3536, -13.8938, 179.2887, 6.6468, -13.8938, 0, 0, 0
L 170.5756, 3.4403, -13.8938, 170.5869, 6.6448, -13.8938, 0, 0, 0
L 170.5869, 6.6448, -13.8938, 168.5817, 6.6451, -13.8938, 0, 0, 0
L 179.2887, 6.6468, -13.8938, 181.2924, 6.6441, -13.8938, 0, 0, 0
L 170.5347, 6.2388, -13.8938, 179.3443, 6.2542, -13.8938, 240, 0, 0
L 168.579, 41.3243, -13.8938, 196.1708, 41.323, -13.8938, 0, 0, 0
L 196.1708, 41.323, -13.8938, 210.1365, 55.2875, -13.8938, 0, 0, 0
L 210.1365, 55.2875, -13.8938, 223.6359, 55.3248, -13.8938, 0, 0, 0
L 223.6359, 55.3248, -13.8938, 237.2624, 41.6257, -13.8938, 0, 0, 0
L 237.2624, 41.6257, -13.8938, 237.2616, 28.327, -13.8938, 0, 0, 0
L 237.2616, 28.327, -13.8938, 223.5729, 14.6446, -13.8938, 0, 0, 0
L 223.5729, 14.6446, -13.8938, 210.1071, 14.7111, -13.8938, 0, 0, 0
L 210.1071, 14.7111, -13.8938, 196.1713, 28.6499, -13.8938, 0, 0, 0
L 196.1713, 28.6499, -13.8938, 181.1814, 28.6444, -13.8938, 127, 64, 0
L 140.5696, 41.3224, 0.1062, 153.2932, 41.3194, 0.1062, 240, 0, 0
L 151.2915, 59.3239, 0.1062, 151.2933, 61.3245, 0.1062, 0, 0, 0
L 151.2933, 61.3245, 0.1062, 142.581, 61.3185, 0.1062, 0, 0, 0
L 142.581, 61.3185, 0.1062, 142.5828, 59.3245, 0.1062, 0, 0, 0
L -111.3264, -322.1383, 0.1062, -125.645, -336.5015, 0.1062, 0, 0, 0
L -125.645, -336.5015, 0.1062, -139.2937, -336.5783, 0.1062, 0, 0, 0
L -139.2937, -336.5783, 0.1062, -139.2839, -349.2312, 0.1062, 0, 0, 0
L -125.6642, -349.2348, 0.1062, -139.2934, -349.2123, 0.1062, 0, 0, 0
L -125.6642, -349.2348, 0.1062, -111.3255, -363.5704, 0.1062, 0, 0, 0
L -111.3255, -363.5704, 0.1062, -111.3245, -377.1992, 0.1062, 0, 0, 0
L -111.3245, -377.1992, 0.1062, -98.6143, -377.1995, 0.1062, 0, 0, 0
L -98.6143, -377.1995, 0.1062, -98.6141, -363.5726, 0.1062, 0, 0, 0
L -98.6141, -363.5726, 0.1062, -84.2396, -349.23, 0.1062, 0, 0, 0
L -84.2396, -349.23, 0.1062, -70.6303, -349.2307, 0.1062, 0, 0, 0
L -70.6303, -349.2307, 0.1062, -70.6132, -336.5661, 0.1062, 0, 0, 0
L -70.6132, -336.5661, 0.1062, -84.2396, -336.5183, 0.1062, 0, 0, 0
L -84.2396, -336.5183, 0.1062, -98.6135, -322.149, 0.1062, 0, 0, 0
L -100.6141, -314.815, 0.1062, -109.3389, -314.337, 0.1062, 240, 0, 0
L -100.6115, -311.2284, 0.1062, -100.6145, -314.5129, 0.1062, 0, 0, 0
L -109.3294, -311.2275, 0.1062, -109.3207, -314.5171, 0.1062, 0, 0, 0
L -111.3245, -314.521, 0.1062, -109.3207, -314.5171, 0.1062, 0, 0, 0
L -98.6129, -314.5287, 0.1062, -100.6145, -314.5129, 0.1062, 0, 0, 0
L -251.2607, -252.5509, -13.8938, -251.2607, -196.5504, -13.8938, 127, 64, 0
L -251.2607, -196.5504, -13.8938, -238.2138, -196.5535, -13.8938, 127, 64, 0
L -238.2138, -196.5535, -13.8938, -209.2579, -196.55, -27.8937, 127, 64, 0
L -238.5526, -252.5503, -13.8938, -238.5542, -209.2601, -13.8938, 127, 64, 0
L -238.5542, -209.2601, -14.8938, -209.2682, -209.2615, -27.8937, 127, 64, 0
L -209.2682, -209.2615, -27.8937, -209.2188, -223.2615, -27.8937, 127, 64, 0
L -209.2188, -223.2615, -27.8937, -181.2899, -223.222, -27.8937, 127, 64, 0
L -192.5817, -223.2379, -27.8937, -192.5835, -221.2626, -27.8937, 127, 64, 0
L -209.2579, -196.55, -27.8937, -209.2646, -167.2923, -27.8937, 127, 64, 0
L -209.262, -178.5825, -27.8937, -207.2621, -178.5828, -27.8937, 127, 64, 0
L -207.1972, -178.971, -27.8937, -198.5989, -178.986, -27.8937, 127, 127, 0
L -198.5548, -178.5863, -27.8937, -196.5504, -178.5817, -27.8937, 127, 64, 0
L -196.5458, -167.2931, -27.8937, -196.552, -182.5852, -27.8937, 127, 64, 0
L -196.552, -182.5852, -27.8937, -153.2826, -182.5413, -27.8937, 127, 64, 0
L -192.6495, -182.5812, -27.8937, -192.526, -184.5792, -27.8937, 127, 64, 0
L -192.1041, -184.5598, -27.8937, -192.87, -193.311, -27.8937, 127, 127, 0
L -192.5822, -193.2901, -27.8937, -192.5816, -195.2624, -27.8937, 127, 64, 0
L -153.2911, -195.2787, -27.8937, -196.5528, -195.2607, -27.8937, 127, 64, 0
L -196.5528, -195.2607, -27.8937, -196.5512, -210.5463, -27.8937, 127, 64, 0
L -196.5512, -210.5463, -27.8937, -168.6077, -210.754, -27.8937, 127, 64, 0
L -192.5817, -210.5757, -27.8937, -192.5823, -212.5493, -27.8937, 127, 64, 0
L -192.324, -212.5432, -27.8937, -192.228, -221.2675, -27.8937, 127, 127, 0
L -189.2883, -221.2607, -27.8937, -192.5835, -221.2626, -27.8937, 127, 64, 0
L -192.5823, -212.5493, -27.8937, -189.2901, -212.5529, -27.8937, 127, 64, 0
L -189.2901, -212.5529, -27.8937, -189.2932, -210.5516, -27.8937, 127, 64, 0
L -168.6077, -210.754, -27.8937, -168.5824, -238.554, -27.8937, 127, 64, 0
L -154.5819, -238.5309, -27.8937, -168.5824, -238.554, -27.8937, 127, 64, 0
L -154.5819, -238.5309, -27.8937, -154.5817, -279.2296, -27.8937, 127, 64, 0
L -154.5817, -279.2296, -27.8937, -195.2626, -279.225, -27.8937, 127, 64, 0
L -195.2626, -279.225, -27.8937, -195.2446, -238.5499, -27.8937, 127, 64, 0
L -195.2446, -238.5499, -27.8937, -181.2924, -238.5517, -27.8937, 127, 64, 0
L -181.2924, -238.5517, -27.8937, -181.2899, -223.222, -27.8937, 127, 64, 0
L -189.2923, -223.2621, -27.8937, -189.2883, -221.2607, -27.8937, 127, 64, 0
L -189.7282, -221.2697, -27.8937, -189.7101, -212.5093, -27.8937, 127, 127, 0
L -189.2901, -193.2957, -27.8937, -192.5822, -193.2901, -27.8937, 127, 64, 0
L -192.526, -184.5792, -27.8937, -189.2897, -184.5851, -27.8937, 127, 64, 0
L -189.2897, -184.5851, -27.8937, -189.293, -182.6528, -27.8937, 127, 64, 0
L -153.2826, -182.5413, -27.8937, -153.2911, -125.2951, -27.8937, 127, 64, 0
L -153.2911, -195.2787, -27.8937, -153.2933, -209.2597, -27.8937, 127, 64, 0
L -153.2933, -209.2597, -27.8937, -139.2921, -209.261, -27.8937, 127, 64, 0
L -189.2932, -195.181, -27.8937, -189.2901, -193.2957, -27.8937, 127, 64, 0
L -189.7701, -193.3152, -27.8937, -189.7638, -184.5569, -27.8937, 127, 127, 0
L -139.2921, -209.261, -27.8937, -139.2918, -294.5203, -27.8935, 127, 64, 0
L -139.292, -271.262, -27.8935, -137.2882, -271.2563, -27.8937, 127, 64, 0
L -137.2487, -271.7955, -27.8937, -128.5681, -271.7742, -27.8937, 127, 127, 0
L -128.5772, -271.257, -27.8937, -126.5825, -271.2622, -27.8937, 127, 64, 0
L -126.5831, -307.2298, -27.8937, -126.5816, -196.5514, -27.8937, 127, 64, 0
L -126.5816, -196.5514, -27.8937, -140.5822, -196.5551, -27.8937, 127, 64, 0
L -140.5822, -196.5551, -27.8937, -140.5814, -112.6222, -27.8937, 127, 64, 0
L -140.5814, -112.6222, -27.8937, -154.5658, -112.6178, -27.8937, 127, 64, 0
L -154.5658, -112.6178, -27.8937, -154.6237, -98.6132, -27.8937, 127, 64, 0
L -154.6237, -98.6132, -27.8937, -182.5817, -98.6199, -27.8937, 127, 64, 0
L -182.5817, -98.6199, -27.8937, -182.5892, -69.3289, -27.8937, 127, 64, 0
L -182.5892, -69.3289, -27.8937, -168.5817, -69.2738, -27.8937, 127, 64, 0
L -168.5817, -69.2738, -27.8937, -168.5826, -42.6129, -27.8937, 127, 64, 0
L -168.5826, -42.6129, -27.8937, -209.2617, -42.6612, -27.8937, 127, 64, 0
L -209.2617, -42.6612, -27.8937, -209.2614, -69.325, -27.8937, 127, 64, 0
L -209.2614, -69.325, -27.8937, -195.2596, -69.319, -27.8937, 127, 64, 0
L -195.2596, -69.319, -27.8937, -195.256, -98.6123, -27.8937, 127, 64, 0
L -195.256, -98.6123, -27.8937, -210.5514, -98.6242, -27.8937, 127, 64, 0
L -210.5514, -98.6242, -27.8937, -210.5508, -84.6129, -27.8937, 127, 64, 0
L -210.5508, -84.6129, -27.8937, -251.6809, -84.6551, -27.8937, 127, 64, 0
L -251.6809, -84.6551, -27.8937, -279.2198, -112.2242, -27.8937, 127, 64, 0
L -279.2198, -112.2242, -27.8937, -279.2302, -153.2932, -27.8937, 127, 64, 0
L -279.2302, -153.2932, -27.8937, -265.6621, -153.2911, -27.8937, 127, 64, 0
L -265.6621, -153.2911, -27.8937, -251.4987, -167.2933, -27.8937, 127, 64, 0
L -251.4987, -167.2933, -27.8937, -209.2646, -167.2923, -27.8937, 127, 64, 0
L -209.2616, -175.2479, -27.8937, -207.2589, -175.3238, -27.8937, 127, 64, 0
L -207.2595, -175.8118, -27.8937, -198.5337, -175.789, -27.8937, 127, 127, 0
L -198.5455, -175.2887, -27.8937, -196.5502, -175.2923, -27.8937, 127, 64, 0
L -196.5458, -167.2931, -27.8937, -182.5812, -167.2932, -27.8937, 127, 64, 0
L -182.5812, -167.2932, -27.8937, -182.5843, -153.3043, -27.8937, 127, 64, 0
L -182.5843, -153.3043, -27.8937, -168.581, -153.246, -27.8937, 127, 64, 0
L -168.581, -153.246, -27.8937, -168.5824, -140.5817, -27.8937, 127, 64, 0
L -168.5824, -140.5817, -27.8937, -182.584, -140.5851, -27.8937, 127, 64, 0
L -182.584, -140.5851, -27.8937, -182.5817, -126.6342, -27.8937, 127, 64, 0
L -182.5817, -126.6342, -27.8937, -195.262, -126.5829, -27.8937, 127, 64, 0
L -195.262, -126.5829, -27.8937, -195.2606, -140.5841, -27.8937, 127, 64, 0
L -195.2606, -140.5841, -27.8937, -266.5507, -140.5826, -27.8937, 127, 64, 0
L -266.5507, -140.5826, -27.8937, -266.5582, -125.2909, -27.8937, 127, 64, 0
L -207.2621, -178.5828, -27.8937, -207.2589, -175.3238, -27.8937, 127, 64, 0
L -198.5455, -175.2887, -27.8937, -198.5548, -178.5863, -27.8937, 127, 64, 0
L -266.5582, -125.2909, -27.8937, -210.5504, -125.2925, -27.8937, 127, 64, 0
L -210.5504, -125.2925, -27.8937, -210.5535, -111.3247, -27.8937, 127, 64, 0
L -210.5535, -111.3247, -27.8937, -167.2925, -111.3208, -27.8937, 127, 64, 0
L -167.2925, -111.3208, -27.8937, -167.2932, -125.2925, -27.8937, 127, 64, 0
L -167.2932, -125.2925, -27.8937, -153.2911, -125.2951, -27.8937, 127, 64, 0
L -137.2922, -274.5244, -27.8937, -137.2882, -271.2563, -27.8937, 127, 64, 0
L -128.5772, -271.257, -27.8937, -128.5851, -274.5212, -27.8937, 127, 64, 0
L -128.5851, -274.5212, -27.8937, -126.5827, -274.5192, -27.8937, 127, 64, 0
L -128.5334, -274.1207, -27.8937, -137.2599, -274.844, -27.8937, 127, 127, 0
L -137.2922, -274.5244, -27.8937, -139.292, -274.519, -27.8937, 127, 64, 0
L -139.2918, -294.5203, -27.8937, -195.2615, -294.519, -27.8937, 127, 64, 0
L -195.2615, -294.519, -27.8937, -195.2627, -308.5205, -27.8937, 127, 64, 0
L -195.2627, -308.5205, -29.8937, -210.5516, -308.5187, -29.8937, 127, 64, 0
L -209.2607, -308.5188, -29.8937, -209.2614, -349.2307, -29.8937, 0, 0, 240
L -209.2614, -349.2307, -29.8937, -182.5816, -349.23, -29.8937, 0, 0, 240
L -182.5816, -349.23, -29.8937, -182.6056, -322.1161, -29.8937, 0, 0, 240
L -182.6056, -322.1161, -29.8937, -196.1538, -308.5387, -29.8937, 0, 0, 240
L -126.5831, -307.2298, -27.8937, -154.2059, -307.2312, -27.8937, 127, 64, 0
L -154.2059, -307.2312, -27.8937, -168.5818, -321.6014, -27.8937, 127, 64, 0
L -168.5818, -321.6014, -26.5913, -168.5831, -349.5457, -20.9593, 127, 64, 0
L -168.5831, -349.5457, -20.9593, -168.6382, -363.199, -20.8937, 127, 64, 0
L -168.6382, -363.199, -20.8937, -181.16, -363.2001, -20.8937, 127, 64, 0
L -181.16, -363.2001, -20.8937, -210.2033, -363.1949, -13.8938, 127, 64, 0
L -210.2033, -363.1949, -13.8938, -223.2198, -363.1995, -13.8938, 127, 64, 0
L -223.2198, -363.1995, -13.8938, -223.2606, -350.5803, -13.8938, 127, 64, 0
L -223.2606, -350.5803, -13.8938, -223.2596, -321.1775, -0.8937, 127, 64, 0
L -223.2596, -321.1775, -0.8937, -223.1431, -265.2608, 0.1062, 127, 64, 0
L -223.179, -282.5187, 0.1062, -221.2669, -282.5221, 0.1062, 127, 64, 0
L -221.2059, -282.427, 0.1062, -212.5143, -282.889, 0.1062, 127, 127, 0
L -212.5481, -282.5199, 0.1062, -210.5501, -282.5203, 0.1062, 127, 64, 0
L -210.5492, -265.2606, 0.1062, -210.5516, -308.5187, 0.1062, 127, 64, 0
L -212.5481, -282.5199, 0.1062, -212.5541, -279.228, 0.1062, 127, 64, 0
L -221.2669, -282.5221, 0.1069, -221.258, -279.2266, 0.1062, 127, 64, 0
L -221.258, -279.2266, 0.1062, -223.2612, -279.2309, 0.1062, 127, 64, 0
L -212.5541, -279.228, 0.1062, -210.5716, -279.2311, 0.1062, 127, 64, 0
L -212.5809, -279.7531, 0.1062, -221.2821, -279.7099, 0.1062, 127, 127, 0
L -210.552, -265.8494, 0.945, -223.1442, -265.8521, 0.956, 240, 0, 0
P -852.1798, -50, 0.1062, 0, 0, 0, 1, Map_by_Goodurden
P -852.845, -30, 0.1062, 0, 0, 0, 1, L:25_H:25
P -867.8229, 0.6494, 0.1062, 0, 127, 0, 3, to_Lavastorm
P -858, 76, 0, 0, 0, 0, 1, Succor
