L 1416, -1, -286,  1416, -1, -282,  153, 153, 153
L 1416, -1, -282,  1436, -61, -110,  153, 153, 153
L 1436, -61, -110,  1485, -91, 36,  153, 153, 153
L 1485, -91, 36,  1542, -49, 48,  153, 153, 153
L 1542, -49, 48,  1708, 36, 685,  153, 153, 153
L 1708, 36, 685,  1913, 118, 447,  153, 153, 153
L 1913, 118, 447,  2020, 154, 288,  153, 153, 153
L 2020, 154, 288,  2058, 134, 222,  153, 153, 153
L 2058, 134, 222,  2156, 157, 769,  153, 153, 153
L 2156, 157, 769,  2225, 193, 648,  153, 153, 153
L 2225, 193, 648,  2267, 197, 569,  153, 153, 153
L 2267, 197, 569,  2326, 219, 477,  153, 153, 153
L 2326, 219, 477,  2501, 237, 776,  153, 153, 153
L 2501, 237, 776,  2441, 188, 132,  153, 153, 153
L 2441, 188, 132,  2500, 61, 37,  153, 153, 153
L 2500, 61, 37,  2370, 61, 39,  153, 153, 153
L 2370, 61, 39,  2366, 48, 134,  153, 153, 153
L 2366, 48, 134,  2579, 47, 138,  153, 153, 153
L 2579, 47, 138,  2580, 61, 137,  153, 153, 153
L 2580, 61, 137,  2569, 61, 137,  153, 153, 153
L 2569, 61, 137,  2510, 190, 137,  153, 153, 153
L 2510, 190, 137,  2511, 238, 138,  153, 153, 153
L 2511, 238, 138,  2668, 316, 137,  153, 153, 153
L 2668, 316, 137,  2784, 317, 137,  153, 153, 153
L 2784, 317, 137,  2900, 204, 137,  153, 153, 153
L 2900, 204, 137,  2905, 77, 137,  153, 153, 153
L 2905, 77, 137,  2866, -78, 137,  153, 153, 153
L 2866, -78, 137,  2772, -98, 138,  153, 153, 153
L 2772, -98, 138,  2665, -98, 137,  153, 153, 153
L 2665, -98, 137,  2573, -22, 137,  153, 153, 153
L 2573, -22, 137,  2580, -20, 137,  153, 153, 153
L 2580, -20, 137,  2580, -10, 137,  153, 153, 153
L 2580, -10, 137,  2368, -8, 141,  153, 153, 153
L 2368, -8, 141,  2366, -21, 112,  153, 153, 153
L 2366, -21, 112,  2516, -23, 39,  153, 153, 153
L 2516, -23, 39,  2616, -136, 37,  153, 153, 153
L 2616, -136, 37,  2791, -137, 107,  153, 153, 153
L 2791, -137, 107,  2813, -185, 360,  153, 153, 153
L 2813, -185, 360,  2783, -244, 253,  153, 153, 153
L 2783, -244, 253,  2706, -357, 37,  153, 153, 153
L 2706, -357, 37,  2662, -353, 39,  153, 153, 153
L 2662, -353, 39,  2629, -472, 211,  153, 153, 153
L 2629, -472, 211,  2388, -637, 9,  153, 153, 153
L 2388, -637, 9,  2267, -805, 339,  153, 153, 153
L 2267, -805, 339,  2267, -805, 339,  153, 153, 153
L 2267, -805, 339,  2268, -835, 718,  153, 153, 153
L 2268, -835, 718,  2258, -886, 595,  153, 153, 153
L 2258, -886, 595,  2232, -913, 513,  153, 153, 153
L 2232, -913, 513,  2093, -1025, 139,  153, 153, 153
L 2093, -1025, 139,  2067, -1038, 86,  153, 153, 153
L 2067, -1038, 86,  1911, -1116, 37,  153, 153, 153
L 1911, -1116, 37,  1864, -1088, 45,  153, 153, 153
L 1864, -1088, 45,  1807, -1101, 37,  153, 153, 153
L 1807, -1101, 37,  1807, -1196, 159,  153, 153, 153
L 1807, -1196, 159,  1699, -1322, 37,  153, 153, 153
L 1699, -1322, 37,  1643, -1352, 37,  153, 153, 153
L 1643, -1352, 37,  1627, -1397, 37,  153, 153, 153
L 1627, -1397, 37,  1505, -1477, 37,  153, 153, 153
L 1505, -1477, 37,  1452, -1481, 37,  153, 153, 153
L 1452, -1481, 37,  1431, -1553, 732,  153, 153, 153
L 1431, -1553, 732,  1320, -1620, 433,  153, 153, 153
L 1320, -1620, 433,  1151, -1676, 715,  153, 153, 153
L 1151, -1676, 715,  1089, -1704, 557,  153, 153, 153
L 1089, -1704, 557,  979, -1717, 287,  153, 153, 153
L 979, -1717, 287,  902, -1718, 467,  153, 153, 153
L 902, -1718, 467,  743, -1750, 135,  153, 153, 153
L 743, -1750, 135,  530, -1793, 727,  153, 153, 153
L 530, -1793, 727,  487, -1797, 724,  153, 153, 153
L 487, -1797, 724,  421, -1799, 548,  153, 153, 153
L 421, -1799, 548,  341, -1819, 362,  153, 153, 153
L 341, -1819, 362,  190, -1837, 77,  153, 153, 153
L 190, -1837, 77,  166, -1813, 42,  153, 153, 153
L 166, -1813, 42,  133, -1837, 37,  153, 153, 153
L 133, -1837, 37,  95, -1837, 38,  153, 153, 153
L 95, -1837, 38,  102, -1760, 320,  153, 153, 153
L 102, -1760, 320,  92, -1732, 252,  153, 153, 153
L 92, -1732, 252,  81, -1715, 196,  153, 153, 153
L 81, -1715, 196,  69, -1692, 130,  153, 153, 153
L 69, -1692, 130,  77, -1689, 117,  153, 153, 153
L 77, -1689, 117,  77, -1690, 114,  153, 153, 153
L 77, -1690, 114,  281, -1690, 37,  153, 153, 153
L 281, -1690, 37,  281, -1469, 39,  153, 153, 153
L 281, -1469, 39,  148, -1467, 37,  153, 153, 153
L 148, -1467, 37,  147, -1482, 40,  153, 153, 153
L 147, -1482, 40,  147, -1491, 88,  153, 153, 153
L 147, -1491, 88,  247, -1492, 87,  153, 153, 153
L 247, -1492, 87,  247, -1667, 87,  153, 153, 153
L 247, -1667, 87,  -8, -1667, 87,  153, 153, 153
L -8, -1667, 87,  -8, -1492, 87,  153, 153, 153
L -8, -1492, 87,  87, -1492, 88,  153, 153, 153
L 87, -1492, 88,  91, -1482, 38,  153, 153, 153
L 91, -1482, 38,  91, -1469, 40,  153, 153, 153
L 91, -1469, 40,  -28, -1468, 37,  153, 153, 153
L -28, -1468, 37,  -28, -1342, 37,  153, 153, 153
L -28, -1342, 37,  31, -1341, 40,  153, 153, 153
L 31, -1341, 40,  31, -1282, 37,  153, 153, 153
L 31, -1282, 37,  74, -1282, 37,  153, 153, 153
L 74, -1282, 37,  76, -1240, 86,  153, 153, 153
L 76, -1240, 86,  -43, -1237, 90,  153, 153, 153
L -43, -1237, 90,  -43, -1162, 87,  153, 153, 153
L -43, -1162, 87,  75, -1161, 89,  153, 153, 153
L 75, -1161, 89,  76, -1079, 87,  153, 153, 153
L 76, -1079, 87,  -43, -1077, 87,  153, 153, 153
L -43, -1077, 87,  -43, -1002, 87,  153, 153, 153
L -43, -1002, 87,  75, -1002, 87,  153, 153, 153
L 75, -1002, 87,  75, -918, 90,  153, 153, 153
L 75, -918, 90,  -3, -917, 87,  153, 153, 153
L -3, -917, 87,  -4, -757, 89,  153, 153, 153
L -4, -757, 89,  -87, -825, 86,  153, 153, 153
L -87, -825, 86,  -87, -877, 86,  153, 153, 153
L -87, -877, 86,  -198, -877, 37,  153, 153, 153
L -198, -877, 37,  -207, -882, 37,  153, 153, 153
L -207, -882, 37,  -207, -1241, 37,  153, 153, 153
L -207, -1241, 37,  -47, -1242, 37,  153, 153, 153
L -47, -1242, 37,  -37, -1467, 37,  153, 153, 153
L -37, -1467, 37,  -41, -1467, 40,  153, 153, 153
L -41, -1467, 40,  -40, -1693, 37,  153, 153, 153
L -40, -1693, 37,  -6, -1692, 37,  153, 153, 153
L -6, -1692, 37,  -13, -1726, 37,  153, 153, 153
L -13, -1726, 37,  -30, -1746, 40,  153, 153, 153
L -30, -1746, 40,  -30, -1758, 38,  153, 153, 153
L -30, -1758, 38,  -39, -1775, 38,  153, 153, 153
L -39, -1775, 38,  -36, -1799, 123,  153, 153, 153
L -36, -1799, 123,  -47, -1831, 66,  153, 153, 153
L -47, -1831, 66,  -126, -1818, 37,  153, 153, 153
L -126, -1818, 37,  -138, -1793, 37,  153, 153, 153
L -138, -1793, 37,  -166, -1785, 67,  153, 153, 153
L -166, -1785, 67,  -212, -1802, 174,  153, 153, 153
L -212, -1802, 174,  -326, -1786, 388,  153, 153, 153
L -326, -1786, 388,  -409, -1750, 459,  153, 153, 153
L -409, -1750, 459,  -484, -1702, 539,  153, 153, 153
L -484, -1702, 539,  -519, -1662, 415,  153, 153, 153
L -519, -1662, 415,  -643, -1582, 589,  153, 153, 153
L -643, -1582, 589,  -687, -1539, 775,  153, 153, 153
L -687, -1539, 775,  -763, -1443, 533,  153, 153, 153
L -763, -1443, 533,  -807, -1356, 352,  153, 153, 153
L -807, -1356, 352,  -830, -1316, 441,  153, 153, 153
L -830, -1316, 441,  -870, -1235, 239,  153, 153, 153
L -870, -1235, 239,  -874, -1232, 229,  153, 153, 153
L -874, -1232, 229,  -938, -1191, 318,  153, 153, 153
L -938, -1191, 318,  -959, -1159, 228,  153, 153, 153
L -959, -1159, 228,  -1005, -1130, 567,  153, 153, 153
L -1005, -1130, 567,  -1026, -1104, 474,  153, 153, 153
L -1026, -1104, 474,  -1094, -1054, 667,  153, 153, 153
L -1094, -1054, 667,  -1114, -1042, 618,  153, 153, 153
L -1114, -1042, 618,  -1226, -989, 656,  153, 153, 153
L -1226, -989, 656,  -1247, -919, 533,  153, 153, 153
L -1247, -919, 533,  -1327, -839, 294,  153, 153, 153
L -1327, -839, 294,  -1328, -798, 208,  153, 153, 153
L -1328, -798, 208,  -1370, -757, 100,  153, 153, 153
L -1370, -757, 100,  -1449, -717, 37,  153, 153, 153
L -1449, -717, 37,  -1489, -675, 37,  153, 153, 153
L -1489, -675, 37,  -1527, -600, 37,  153, 153, 153
L -1527, -600, 37,  -1567, -559, 37,  153, 153, 153
L -1567, -559, 37,  -1567, -525, 37,  153, 153, 153
L -1567, -525, 37,  -1609, -437, 37,  153, 153, 153
L -1609, -437, 37,  -1687, -359, 37,  153, 153, 153
L -1687, -359, 37,  -1726, -282, 37,  153, 153, 153
L -1726, -282, 37,  -1765, -241, 36,  153, 153, 153
L -1765, -241, 36,  -1791, -191, 254,  153, 153, 153
L -1791, -191, 254,  -1849, -158, 300,  153, 153, 153
L -1849, -158, 300,  -1886, -120, 199,  153, 153, 153
L -1886, -120, 199,  -1969, -117, 69,  153, 153, 153
L -1969, -117, 69,  -2126, 39, 37,  153, 153, 153
L -2126, 39, 37,  -2127, 116, 37,  153, 153, 153
L -2127, 116, 37,  -1969, 276, 37,  153, 153, 153
L -1969, 276, 37,  -1904, 293, 37,  153, 153, 153
L -1904, 293, 37,  -1891, 280, 38,  153, 153, 153
L -1891, 280, 38,  -1879, 285, 85,  153, 153, 153
L -1879, 285, 85,  -1809, 316, 68,  153, 153, 153
L -1809, 316, 68,  -1692, 277, 37,  153, 153, 153
L -1692, 277, 37,  -1622, 277, 37,  153, 153, 153
L -1622, 277, 37,  -1567, 235, 437,  153, 153, 153
L -1567, 235, 437,  -1519, 211, 311,  153, 153, 153
L -1519, 211, 311,  -1483, 162, 154,  153, 153, 153
L -1483, 162, 154,  -1460, 166, 206,  153, 153, 153
L -1460, 166, 206,  -1336, -31, 699,  153, 153, 153
L -1336, -31, 699,  -1281, -151, 469,  153, 153, 153
L -1281, -151, 469,  -1248, -245, 231,  153, 153, 153
L -1248, -245, 231,  -1165, -304, 765,  153, 153, 153
L -1165, -304, 765,  -1022, -320, 432,  153, 153, 153
L -1022, -320, 432,  -932, -322, 257,  153, 153, 153
L -932, -322, 257,  -868, -416, 57,  153, 153, 153
L -868, -416, 57,  -838, -477, 37,  153, 153, 153
L -838, -477, 37,  -779, -493, 397,  153, 153, 153
L -779, -493, 397,  -745, -499, 313,  153, 153, 153
L -745, -499, 313,  -754, -521, 293,  153, 153, 153
L -754, -521, 293,  -676, -518, 406,  153, 153, 153
L -676, -518, 406,  -654, -522, 374,  153, 153, 153
L -654, -522, 374,  -483, -522, 164,  153, 153, 153
L -483, -522, 164,  -417, -491, 394,  153, 153, 153
L -417, -491, 394,  -177, -521, 37,  153, 153, 153
L -177, -521, 37,  -53, -553, 651,  153, 153, 153
L -53, -553, 651,  95, -598, 492,  153, 153, 153
L 95, -598, 492,  -205, -598, 39,  153, 153, 153
L -205, -598, 39,  -207, -800, 37,  153, 153, 153
L -207, -800, 37,  -166, -802, 50,  153, 153, 153
L -166, -802, 50,  -163, -682, 87,  153, 153, 153
L -163, -682, 87,  72, -682, 87,  153, 153, 153
L 72, -682, 87,  72, -799, 87,  153, 153, 153
L 72, -799, 87,  116, -801, 88,  153, 153, 153
L 116, -801, 88,  116, -682, 87,  153, 153, 153
L 116, -682, 87,  192, -682, 87,  153, 153, 153
L 192, -682, 87,  192, -842, 89,  153, 153, 153
L 192, -842, 89,  312, -842, 87,  153, 153, 153
L 312, -842, 87,  312, -917, 87,  153, 153, 153
L 312, -917, 87,  194, -917, 88,  153, 153, 153
L 194, -917, 88,  192, -1000, 88,  153, 153, 153
L 192, -1000, 88,  312, -1002, 87,  153, 153, 153
L 312, -1002, 87,  312, -1077, 87,  153, 153, 153
L 312, -1077, 87,  194, -1077, 87,  153, 153, 153
L 194, -1077, 87,  192, -1160, 88,  153, 153, 153
L 192, -1160, 88,  312, -1162, 87,  153, 153, 153
L 312, -1162, 87,  312, -1232, 87,  153, 153, 153
L 312, -1232, 87,  194, -1237, 89,  153, 153, 153
L 194, -1237, 89,  192, -1279, 43,  153, 153, 153
L 192, -1279, 43,  241, -1282, 37,  153, 153, 153
L 241, -1282, 37,  252, -1340, 39,  153, 153, 153
L 252, -1340, 39,  312, -1342, 37,  153, 153, 153
L 312, -1342, 37,  312, -1380, 37,  153, 153, 153
L 312, -1380, 37,  337, -1381, 38,  153, 153, 153
L 337, -1381, 38,  336, -685, 37,  153, 153, 153
L 336, -685, 37,  352, -682, 37,  153, 153, 153
L 352, -682, 37,  440, -668, 37,  153, 153, 153
L 440, -668, 37,  536, -645, 665,  153, 153, 153
L 536, -645, 665,  631, -602, 538,  153, 153, 153
L 631, -602, 538,  655, -602, 470,  153, 153, 153
L 655, -602, 470,  749, -562, 277,  153, 153, 153
L 749, -562, 277,  831, -482, 135,  153, 153, 153
L 831, -482, 135,  865, -480, 88,  153, 153, 153
L 865, -480, 88,  908, -473, 37,  153, 153, 153
L 908, -473, 37,  951, -406, 651,  153, 153, 153
L 951, -406, 651,  1065, -363, 393,  153, 153, 153
L 1065, -363, 393,  1219, -287, 718,  153, 153, 153
L 1219, -287, 718,  1383, -167, 371,  153, 153, 153
L 1383, -167, 371,  1360, -19, -312,  153, 153, 153
L 506, -1552, 130,  506, -1552, 130,  153, 153, 153
L 506, -1552, 130,  506, -1487, 87,  153, 153, 153
L 506, -1487, 87,  520, -1486, 90,  153, 153, 153
L 520, -1486, 90,  519, -1477, 58,  153, 153, 153
L 519, -1477, 58,  498, -1477, 38,  153, 153, 153
L 498, -1477, 38,  498, -1562, 37,  153, 153, 153
L 498, -1562, 37,  580, -1561, 40,  153, 153, 153
L 580, -1561, 40,  580, -1478, 40,  153, 153, 153
L 580, -1478, 40,  558, -1477, 78,  153, 153, 153
L 558, -1477, 78,  557, -1484, 87,  153, 153, 153
L 557, -1484, 87,  572, -1487, 87,  153, 153, 153
L 572, -1487, 87,  572, -1545, 137,  153, 153, 153
L 572, -1545, 137,  506, -1552, 87,  153, 153, 153
L 1521, -802, 37,  1521, -802, 38,  153, 153, 153
L 1521, -802, 38,  1716, -802, 37,  153, 153, 153
L 1716, -802, 37,  1716, -997, 37,  153, 153, 153
L 1716, -997, 37,  1476, -999, 37,  153, 153, 153
L 1476, -999, 37,  1477, -1041, 82,  153, 153, 153
L 1477, -1041, 82,  1759, -1042, 37,  153, 153, 153
L 1759, -1042, 37,  1761, -759, 37,  153, 153, 153
L 1761, -759, 37,  1478, -758, 40,  153, 153, 153
L 1478, -758, 40,  1476, -920, 38,  153, 153, 153
L 1476, -920, 38,  1521, -920, 37,  153, 153, 153
L 1521, -920, 37,  1521, -803, 37,  153, 153, 153
L -408, -682, 88,  -408, -682, 90,  153, 153, 153
L -408, -682, 90,  -332, -682, 87,  153, 153, 153
L -332, -682, 87,  -332, -767, 87,  153, 153, 153
L -332, -767, 87,  -332, -807, 87,  153, 153, 153
L -332, -807, 87,  -330, -817, 89,  153, 153, 153
L -330, -817, 89,  -319, -817, 67,  153, 153, 153
L -319, -817, 67,  -318, -670, 37,  153, 153, 153
L -318, -670, 37,  -420, -667, 39,  153, 153, 153
L -420, -667, 39,  -422, -815, 41,  153, 153, 153
L -422, -815, 41,  -411, -817, 37,  153, 153, 153
L -411, -817, 37,  -410, -817, 89,  153, 153, 153
L -410, -817, 89,  -408, -807, 87,  153, 153, 153
L -408, -807, 87,  -408, -682, 87,  153, 153, 153
L -612, -757, 90,  -612, -757, 88,  153, 153, 153
L -612, -757, 88,  -707, -757, 87,  153, 153, 153
L -707, -757, 87,  -708, -717, 89,  153, 153, 153
L -708, -717, 89,  -748, -717, 87,  153, 153, 153
L -748, -717, 87,  -752, -721, 83,  153, 153, 153
L -752, -721, 83,  -751, -782, 48,  153, 153, 153
L -751, -782, 48,  -588, -781, 39,  153, 153, 153
L -588, -781, 39,  -588, -578, 37,  153, 153, 153
L -588, -578, 37,  -750, -578, 37,  153, 153, 153
L -750, -578, 37,  -752, -640, 37,  153, 153, 153
L -752, -640, 37,  -747, -642, 89,  153, 153, 153
L -747, -642, 89,  -708, -642, 89,  153, 153, 153
L -708, -642, 89,  -707, -602, 87,  153, 153, 153
L -707, -602, 87,  -612, -602, 87,  153, 153, 153
L -612, -602, 87,  -612, -757, 87,  153, 153, 153
L -1087, -957, 87,  -1087, -957, 90,  153, 153, 153
L -1087, -957, 90,  -1087, -862, 87,  153, 153, 153
L -1087, -862, 87,  -1090, -857, 42,  153, 153, 153
L -1090, -857, 42,  -1112, -859, 37,  153, 153, 153
L -1112, -859, 37,  -1111, -981, 37,  153, 153, 153
L -1111, -981, 37,  -989, -982, 37,  153, 153, 153
L -989, -982, 37,  -988, -858, 39,  153, 153, 153
L -988, -858, 39,  -1008, -857, 37,  153, 153, 153
L -1008, -857, 37,  -1012, -862, 87,  153, 153, 153
L -1012, -862, 87,  -1012, -957, 87,  153, 153, 153
L -1012, -957, 87,  -1087, -957, 87,  153, 153, 153
L -1996, 54, 37,  -1996, 54, 37,  153, 153, 153
L -1996, 54, 37,  -1976, 134, 37,  153, 153, 153
L -1976, 134, 37,  -2009, 144, 37,  153, 153, 153
L -2009, 144, 37,  -2028, 66, 37,  153, 153, 153
L -2028, 66, 37,  -1993, 57, 37,  153, 153, 153
L 2771, 65, -64,  2771, 65, -66,  255, 0, 0
L 2771, 65, -66,  2736, 46, -224,  255, 0, 0
L 2736, 46, -224,  2719, 46, -81,  255, 0, 0
L 2719, 46, -81,  2685, 65, -2,  255, 0, 0
L 2685, 65, -2,  2686, 113, 0,  255, 0, 0
L 2686, 113, 0,  2720, 132, -2,  255, 0, 0
L 2720, 132, -2,  2738, 131, -2,  255, 0, 0
L 2738, 131, -2,  2770, 113, -10,  255, 0, 0
L 2770, 113, -10,  2771, 65, -1,  255, 0, 0
L 2720, 66, -589,  2720, 66, -589,  255, 0, 0
L 2720, 66, -589,  2720, 112, -605,  255, 0, 0
L 2720, 112, -605,  2736, 112, -577,  255, 0, 0
L 2736, 112, -577,  2736, 66, -585,  255, 0, 0
L 2736, 66, -585,  2720, 66, -605,  255, 0, 0
L -738, -1037, 37,  -738, -1037, 37,  153, 153, 153
L -738, -1037, 37,  -735, -1162, 37,  153, 153, 153
L -735, -1162, 37,  -642, -1158, 37,  153, 153, 153
L -642, -1158, 37,  -644, -1038, 37,  153, 153, 153
L -644, -1038, 37,  -735, -1037, 37,  153, 153, 153
L -1241, -484, 31,  -1128, -484, 31,  153, 153, 153
L -1128, -484, 31,  -1128, -556, 31,  153, 153, 153
L -1128, -556, 31,  -1241, -556, 31,  153, 153, 153
L -1241, -556, 31,  -1241, -484, 31,  153, 153, 153
L -748, -1110, 31,  -748, -1142, 31,  153, 153, 153
L -748, -1142, 31,  -780, -1142, 31,  153, 153, 153
L -780, -1142, 31,  -780, -1110, 31,  153, 153, 153
L -780, -1110, 31,  -748, -1110, 31,  153, 153, 153
L -209, -921, 31,  -248, -921, 31,  153, 153, 153
L -248, -921, 31,  -248, -881, 31,  153, 153, 153
L -248, -881, 31,  -208, -881, 31,  153, 153, 153
L -208, -881, 31,  -208, -921, 31,  153, 153, 153
L -208, -800, 31,  -248, -800, 31,  153, 153, 153
L -248, -800, 31,  -248, -760, 31,  153, 153, 153
L -248, -760, 31,  -209, -760, 31,  153, 153, 153
L -209, -760, 31,  -209, -800, 31,  153, 153, 153
L 841, 220, -2558,  841, 220, -2558,  0, 0, 0
L 841, 220, -2558,  820, 301, -2561,  0, 0, 0
L 820, 301, -2561,  800, 361, -2561,  0, 0, 0
L 800, 361, -2561,  758, 361, -2561,  0, 0, 0
L 758, 361, -2561,  695, 341, -2559,  0, 0, 0
L 695, 341, -2559,  639, 341, -2559,  0, 0, 0
L 639, 341, -2559,  615, 299, -2559,  0, 0, 0
L 615, 299, -2559,  576, 260, -2561,  0, 0, 0
L 576, 260, -2561,  499, 261, -2504,  0, 0, 0
L 499, 261, -2504,  476, 179, -2561,  0, 0, 0
L 476, 179, -2561,  439, 144, -2611,  0, 0, 0
L 439, 144, -2611,  401, 122, -2564,  0, 0, 0
L 401, 122, -2564,  358, 141, -2561,  0, 0, 0
L 358, 141, -2561,  319, 122, -2530,  0, 0, 0
L 319, 122, -2530,  281, 141, -2559,  0, 0, 0
L 281, 141, -2559,  259, 142, -2561,  0, 0, 0
L 259, 142, -2561,  240, 161, -2560,  0, 0, 0
L 240, 161, -2560,  221, 161, -2561,  0, 0, 0
L 221, 161, -2561,  221, 217, -2561,  0, 0, 0
L 221, 217, -2561,  203, 257, -2320,  0, 0, 0
L 203, 257, -2320,  202, 319, -2303,  0, 0, 0
L 202, 319, -2303,  221, 347, -2392,  0, 0, 0
L 221, 347, -2392,  221, 357, -2419,  0, 0, 0
L 221, 357, -2419,  238, 357, -2456,  0, 0, 0
L 238, 357, -2456,  241, 377, -2503,  0, 0, 0
L 241, 377, -2503,  260, 417, -2561,  0, 0, 0
L 260, 417, -2561,  280, 437, -2558,  0, 0, 0
L 280, 437, -2558,  322, 437, -2511,  0, 0, 0
L 322, 437, -2511,  362, 455, -2274,  0, 0, 0
L 362, 455, -2274,  402, 430, -2379,  0, 0, 0
L 402, 430, -2379,  427, 393, -2484,  0, 0, 0
L 427, 393, -2484,  462, 331, -2558,  0, 0, 0
L 462, 331, -2558,  480, 316, -2561,  0, 0, 0
L 480, 316, -2561,  500, 317, -2561,  0, 0, 0
L 500, 317, -2561,  539, 337, -2561,  0, 0, 0
L 539, 337, -2561,  554, 351, -2561,  0, 0, 0
L 554, 351, -2561,  601, 378, -2518,  0, 0, 0
L 601, 378, -2518,  559, 446, -2461,  0, 0, 0
L 559, 446, -2461,  541, 499, -2461,  0, 0, 0
L 541, 499, -2461,  562, 542, -2461,  0, 0, 0
L 562, 542, -2461,  561, 577, -2177,  0, 0, 0
L 561, 577, -2177,  599, 577, -2265,  0, 0, 0
L 599, 577, -2265,  645, 592, -2375,  0, 0, 0
L 645, 592, -2375,  749, 591, -1997,  0, 0, 0
L 749, 591, -1997,  776, 558, -2086,  0, 0, 0
L 776, 558, -2086,  776, 538, -2141,  0, 0, 0
L 776, 538, -2141,  799, 473, -2331,  0, 0, 0
L 799, 473, -2331,  819, 436, -2442,  0, 0, 0
L 819, 436, -2442,  849, 437, -2509,  0, 0, 0
L 849, 437, -2509,  898, 395, -2560,  0, 0, 0
L 898, 395, -2560,  916, 335, -2561,  0, 0, 0
L 916, 335, -2561,  917, 278, -2561,  0, 0, 0
L 917, 278, -2561,  956, 258, -2557,  0, 0, 0
L 956, 258, -2557,  998, 257, -2561,  0, 0, 0
L 998, 257, -2561,  1063, 237, -2566,  0, 0, 0
L 1060, 237, -2610,  1060, 237, -2612,  0, 204, 255
L 1060, 237, -2612,  1061, 295, -2726,  0, 204, 255
L 1061, 295, -2726,  1079, 335, -2808,  0, 204, 255
L 1079, 335, -2808,  1121, 357, -2881,  0, 204, 255
L 1121, 357, -2881,  1177, 357, -2966,  0, 204, 255
L 1177, 357, -2966,  1219, 376, -2655,  0, 204, 255
L 1219, 376, -2655,  1276, 335, -2614,  0, 204, 255
L 1276, 335, -2614,  1316, 257, -2612,  0, 204, 255
L 1316, 257, -2612,  1316, 218, -2612,  0, 204, 255
L 1316, 218, -2612,  1293, 177, -2615,  0, 204, 255
L 1293, 177, -2615,  1235, 121, -2615,  0, 204, 255
L 1235, 121, -2615,  1213, 121, -2613,  0, 204, 255
L 1213, 121, -2613,  1134, 124, -2609,  0, 204, 255
L 1134, 124, -2609,  1101, 140, -2609,  0, 204, 255
L 1101, 140, -2609,  1078, 142, -2611,  0, 204, 255
L 1078, 142, -2611,  1061, 141, -2626,  0, 204, 255
L 1061, 141, -2626,  1061, 243, -2875,  0, 204, 255
L 1219, 376, -2607,  1219, 376, -2610,  0, 0, 0
L 1219, 376, -2610,  1259, 416, -2561,  0, 0, 0
L 1259, 416, -2561,  1321, 437, -2561,  0, 0, 0
L 1321, 437, -2561,  1357, 437, -2561,  0, 0, 0
L 1357, 437, -2561,  1399, 396, -2558,  0, 0, 0
L 1399, 396, -2558,  1437, 377, -2559,  0, 0, 0
L 1437, 377, -2559,  1477, 396, -2561,  0, 0, 0
L 1477, 396, -2561,  1558, 356, -2561,  0, 0, 0
L 1558, 356, -2561,  1577, 337, -2561,  0, 0, 0
L 1577, 337, -2561,  1597, 297, -2560,  0, 0, 0
L 1597, 297, -2560,  1622, 298, -2559,  0, 0, 0
L 1622, 298, -2559,  1658, 316, -2561,  0, 0, 0
L 1658, 316, -2561,  1677, 297, -2561,  0, 0, 0
L 1677, 297, -2561,  1663, 286, -2561,  0, 0, 0
L 1663, 286, -2561,  1681, 251, -2558,  0, 0, 0
L 1681, 251, -2558,  1676, 240, -2561,  0, 0, 0
L 1676, 240, -2561,  1695, 219, -2561,  0, 0, 0
L 1695, 219, -2561,  1758, 216, -2561,  0, 0, 0
L 1758, 216, -2561,  1778, 197, -2559,  0, 0, 0
L 1778, 197, -2559,  1822, 197, -2561,  0, 0, 0
L 1822, 197, -2561,  1840, 216, -2268,  0, 0, 0
L 1840, 216, -2268,  1855, 208, -2287,  0, 0, 0
L 1855, 208, -2287,  1922, 172, -2379,  0, 0, 0
L 1922, 172, -2379,  1941, 142, -2423,  0, 0, 0
L 1941, 142, -2423,  1953, 108, -2464,  0, 0, 0
L 1953, 108, -2464,  1975, 79, -2395,  0, 0, 0
L 1975, 79, -2395,  1975, 77, -2390,  0, 0, 0
L 1975, 77, -2390,  1913, 1, -2495,  0, 0, 0
L 1913, 1, -2495,  1878, 1, -2530,  0, 0, 0
L 1878, 1, -2530,  1876, -12, -2550,  0, 0, 0
L 1876, -12, -2550,  1857, -77, -2561,  0, 0, 0
L 1857, -77, -2561,  1836, -100, -2558,  0, 0, 0
L 1836, -100, -2558,  1835, -142, -2561,  0, 0, 0
L 1835, -142, -2561,  1817, -178, -2562,  0, 0, 0
L 1817, -178, -2562,  1832, -213, -2561,  0, 0, 0
L 1832, -213, -2561,  1856, -240, -2454,  0, 0, 0
L 1856, -240, -2454,  1856, -280, -2489,  0, 0, 0
L 1856, -280, -2489,  1880, -304, -2522,  0, 0, 0
L 1880, -304, -2522,  1931, -320, -2561,  0, 0, 0
L 1931, -320, -2561,  1972, -356, -2560,  0, 0, 0
L 1972, -356, -2560,  1976, -419, -2561,  0, 0, 0
L 1976, -419, -2561,  2019, -466, -2561,  0, 0, 0
L 2019, -466, -2561,  2035, -498, -2561,  0, 0, 0
L 2035, -498, -2561,  2036, -541, -2561,  0, 0, 0
L 2036, -541, -2561,  2056, -580, -2561,  0, 0, 0
L 2056, -580, -2561,  2077, -601, -2559,  0, 0, 0
L 2077, -601, -2559,  2106, -586, -2310,  0, 0, 0
L 2106, -586, -2310,  2139, -602, -2351,  0, 0, 0
L 2139, -602, -2351,  2161, -561, -2422,  0, 0, 0
L 2161, -561, -2422,  2200, -541, -2479,  0, 0, 0
L 2200, -541, -2479,  2191, -510, -2512,  0, 0, 0
L 2191, -510, -2512,  2180, -442, -2561,  0, 0, 0
L 2180, -442, -2561,  2170, -418, -2561,  0, 0, 0
L 2170, -418, -2561,  2181, -403, -2555,  0, 0, 0
L 2181, -403, -2555,  2181, -379, -2483,  0, 0, 0
L 2181, -379, -2483,  2200, -320, -2547,  0, 0, 0
L 2200, -320, -2547,  2179, -278, -2560,  0, 0, 0
L 2179, -278, -2560,  2137, -258, -2560,  0, 0, 0
L 2137, -258, -2560,  2063, -258, -2561,  0, 0, 0
L 2063, -258, -2561,  1959, -237, -2561,  0, 0, 0
L 1959, -237, -2561,  1943, -204, -2561,  0, 0, 0
L 1943, -204, -2561,  1942, -179, -2561,  0, 0, 0
L 1942, -179, -2561,  1960, -161, -2561,  0, 0, 0
L 1960, -161, -2561,  1980, -121, -2561,  0, 0, 0
L 1980, -121, -2561,  2023, -80, -2561,  0, 0, 0
L 2023, -80, -2561,  2065, -60, -2561,  0, 0, 0
L 2065, -60, -2561,  2119, -42, -2534,  0, 0, 0
L 2119, -42, -2534,  2237, -22, -2462,  0, 0, 0
L 2237, -22, -2462,  2300, 37, -2462,  0, 0, 0
L 2300, 37, -2461,  2300, 37, -2458,  255, 0, 0
L 2300, 37, -2458,  2396, 56, -2516,  255, 0, 0
L 2396, 56, -2516,  2415, -77, -2515,  255, 0, 0
L 2415, -77, -2515,  2359, -58, -2510,  255, 0, 0
L 2359, -58, -2510,  2301, 37, -2510,  255, 0, 0
L 2359, -58, -2511,  2359, -58, -2508,  0, 0, 0
L 2359, -58, -2508,  2275, -79, -2460,  0, 0, 0
L 2275, -79, -2460,  2238, -97, -2258,  0, 0, 0
L 2238, -97, -2258,  2155, -78, -2433,  0, 0, 0
L 2155, -78, -2433,  2097, -98, -2561,  0, 0, 0
L 2097, -98, -2561,  2067, -98, -2561,  0, 0, 0
L 2067, -98, -2561,  2018, -137, -2561,  0, 0, 0
L 2018, -137, -2561,  2034, -159, -2561,  0, 0, 0
L 2034, -159, -2561,  2065, -164, -2561,  0, 0, 0
L 2065, -164, -2561,  2117, -177, -2561,  0, 0, 0
L 2117, -177, -2561,  2177, -202, -2561,  0, 0, 0
L 2177, -202, -2561,  2196, -241, -2561,  0, 0, 0
L 2196, -241, -2561,  2217, -264, -2561,  0, 0, 0
L 2217, -264, -2561,  2224, -284, -2561,  0, 0, 0
L 2224, -284, -2561,  2236, -356, -2561,  0, 0, 0
L 2236, -356, -2561,  2218, -377, -2561,  0, 0, 0
L 2218, -377, -2561,  2216, -438, -2561,  0, 0, 0
L 2216, -438, -2561,  2233, -474, -2509,  0, 0, 0
L 2233, -474, -2509,  2217, -498, -2557,  0, 0, 0
L 2217, -498, -2557,  2216, -560, -2561,  0, 0, 0
L 2216, -560, -2561,  2197, -597, -2560,  0, 0, 0
L 2197, -597, -2560,  2176, -618, -2561,  0, 0, 0
L 2176, -618, -2561,  2137, -638, -2560,  0, 0, 0
L 2137, -638, -2560,  2119, -655, -2561,  0, 0, 0
L 2119, -655, -2561,  2060, -638, -2561,  0, 0, 0
L 2060, -638, -2561,  2040, -637, -2561,  0, 0, 0
L 2040, -637, -2561,  2019, -617, -2561,  0, 0, 0
L 2019, -617, -2561,  2008, -595, -2561,  0, 0, 0
L 2008, -595, -2561,  2015, -592, -2561,  0, 0, 0
L 2015, -592, -2561,  2013, -566, -2561,  0, 0, 0
L 2013, -566, -2561,  2000, -562, -2561,  0, 0, 0
L 2000, -562, -2561,  2000, -548, -2561,  0, 0, 0
L 2000, -548, -2561,  1980, -518, -2560,  0, 0, 0
L 1980, -518, -2560,  1960, -457, -2561,  0, 0, 0
L 1960, -457, -2561,  1941, -420, -2561,  0, 0, 0
L 1941, -420, -2561,  1940, -382, -2561,  0, 0, 0
L 1940, -382, -2561,  1899, -358, -2561,  0, 0, 0
L 1899, -358, -2561,  1867, -347, -2561,  0, 0, 0
L 1867, -347, -2561,  1867, -337, -2561,  0, 0, 0
L 1867, -337, -2561,  1841, -316, -2561,  0, 0, 0
L 1841, -316, -2561,  1834, -321, -2560,  0, 0, 0
L 1834, -321, -2560,  1822, -283, -2561,  0, 0, 0
L 1822, -283, -2561,  1801, -241, -2561,  0, 0, 0
L 1801, -241, -2561,  1754, -238, -2550,  0, 0, 0
L 1754, -238, -2550,  1700, -198, -2458,  0, 0, 0
L 1700, -198, -2458,  1659, -236, -2558,  0, 0, 0
L 1659, -236, -2558,  1636, -278, -2553,  0, 0, 0
L 1636, -278, -2553,  1594, -299, -2560,  0, 0, 0
L 1594, -299, -2560,  1538, -318, -2560,  0, 0, 0
L 1538, -318, -2560,  1497, -338, -2529,  0, 0, 0
L 1497, -338, -2529,  1477, -378, -2561,  0, 0, 0
L 1477, -378, -2561,  1418, -437, -2560,  0, 0, 0
L 1418, -437, -2560,  1376, -500, -2560,  0, 0, 0
L 1376, -500, -2560,  1356, -559, -2561,  0, 0, 0
L 1356, -559, -2561,  1365, -577, -2561,  0, 0, 0
L 1365, -577, -2561,  1362, -599, -2496,  0, 0, 0
L 1362, -599, -2496,  1365, -610, -2515,  0, 0, 0
L 1365, -610, -2515,  1341, -634, -2561,  0, 0, 0
L 1341, -634, -2561,  1296, -761, -2559,  0, 0, 0
L 1296, -761, -2559,  1316, -820, -2561,  0, 0, 0
L 1316, -820, -2561,  1294, -862, -2561,  0, 0, 0
L 1294, -862, -2561,  1250, -924, -2561,  0, 0, 0
L 1250, -924, -2561,  1219, -955, -2561,  0, 0, 0
L 1219, -955, -2561,  1058, -997, -2561,  0, 0, 0
L 1058, -997, -2561,  983, -978, -2561,  0, 0, 0
L 983, -978, -2561,  926, -995, -2175,  0, 0, 0
L 926, -995, -2175,  876, -977, -2255,  0, 0, 0
L 876, -977, -2255,  836, -978, -2355,  0, 0, 0
L 836, -978, -2355,  822, -993, -2396,  0, 0, 0
L 822, -993, -2396,  778, -977, -2472,  0, 0, 0
L 778, -977, -2472,  756, -1041, -2560,  0, 0, 0
L 756, -1041, -2560,  756, -1117, -2561,  0, 0, 0
L 756, -1117, -2561,  776, -1196, -2561,  0, 0, 0
L 776, -1196, -2561,  736, -1282, -2561,  0, 0, 0
L 736, -1282, -2561,  736, -1378, -2559,  0, 0, 0
L 736, -1378, -2559,  669, -1425, -2467,  0, 0, 0
L 669, -1425, -2467,  659, -1436, -2305,  0, 0, 0
L 659, -1436, -2305,  638, -1416, -2348,  0, 0, 0
L 638, -1416, -2348,  572, -1441, -2469,  0, 0, 0
L 572, -1441, -2469,  556, -1458, -2503,  0, 0, 0
L 556, -1458, -2503,  515, -1477, -2558,  0, 0, 0
L 515, -1477, -2558,  468, -1477, -2561,  0, 0, 0
L 468, -1477, -2561,  465, -1466, -2538,  0, 0, 0
L 465, -1466, -2538,  451, -1461, -2555,  0, 0, 0
L 451, -1461, -2555,  443, -1469, -2553,  0, 0, 0
L 443, -1469, -2553,  448, -1481, -2396,  0, 0, 0
L 448, -1481, -2396,  427, -1488, -2630,  0, 0, 0
L 428, -1487, -2562,  428, -1487, -2561,  0, 204, 255
L 428, -1487, -2561,  371, -1512, -2759,  0, 204, 255
L 371, -1512, -2759,  294, -1516, -2886,  0, 204, 255
L 294, -1516, -2886,  261, -1483, -2924,  0, 204, 255
L 261, -1483, -2924,  238, -1497, -2949,  0, 204, 255
L 238, -1497, -2949,  222, -1488, -2961,  0, 204, 255
L 222, -1488, -2961,  221, -1480, -2959,  0, 204, 255
L 221, -1480, -2959,  225, -1467, -2961,  0, 204, 255
L 225, -1467, -2961,  239, -1462, -2958,  0, 204, 255
L 239, -1462, -2958,  241, -1446, -2961,  0, 204, 255
L 241, -1446, -2961,  254, -1437, -2961,  0, 204, 255
L 254, -1437, -2961,  292, -1418, -2936,  0, 204, 255
L 292, -1418, -2936,  327, -1389, -2961,  0, 204, 255
L 327, -1389, -2961,  387, -1382, -2850,  0, 204, 255
L 387, -1382, -2850,  426, -1386, -2814,  0, 204, 255
L 426, -1386, -2814,  427, -1488, -2813,  0, 204, 255
L 427, -1386, -2642,  427, -1386, -2709,  0, 0, 0
L 427, -1386, -2709,  435, -1400, -2561,  0, 0, 0
L 435, -1400, -2561,  466, -1404, -2543,  0, 0, 0
L 466, -1404, -2543,  519, -1422, -2548,  0, 0, 0
L 519, -1422, -2548,  540, -1403, -2528,  0, 0, 0
L 540, -1403, -2528,  622, -1362, -2555,  0, 0, 0
L 622, -1362, -2555,  658, -1362, -2560,  0, 0, 0
L 658, -1362, -2560,  681, -1340, -2511,  0, 0, 0
L 681, -1340, -2511,  681, -1280, -2530,  0, 0, 0
L 681, -1280, -2530,  701, -1221, -2558,  0, 0, 0
L 701, -1221, -2558,  679, -1157, -2561,  0, 0, 0
L 679, -1157, -2561,  640, -1138, -2578,  0, 0, 0
L 640, -1138, -2578,  597, -1158, -2560,  0, 0, 0
L 597, -1158, -2560,  579, -1176, -2561,  0, 0, 0
L 579, -1176, -2561,  539, -1197, -2561,  0, 0, 0
L 539, -1197, -2561,  510, -1168, -2532,  0, 0, 0
L 510, -1168, -2532,  502, -1159, -2479,  0, 0, 0
L 502, -1159, -2479,  520, -1123, -2505,  0, 0, 0
L 520, -1123, -2505,  561, -1142, -2559,  0, 0, 0
L 561, -1142, -2559,  585, -1140, -2566,  0, 0, 0
L 585, -1140, -2566,  639, -1122, -2654,  0, 0, 0
L 639, -1122, -2654,  679, -1122, -2561,  0, 0, 0
L 679, -1122, -2561,  700, -1062, -2561,  0, 0, 0
L 700, -1062, -2561,  723, -959, -2535,  0, 0, 0
L 723, -959, -2535,  759, -922, -2561,  0, 0, 0
L 759, -922, -2561,  822, -921, -2561,  0, 0, 0
L 822, -921, -2561,  820, -898, -2561,  0, 0, 0
L 820, -898, -2561,  781, -820, -2557,  0, 0, 0
L 781, -820, -2557,  717, -818, -2561,  0, 0, 0
L 717, -818, -2561,  679, -836, -2561,  0, 0, 0
L 679, -836, -2561,  660, -817, -2561,  0, 0, 0
L 660, -817, -2561,  620, -738, -2561,  0, 0, 0
L 620, -738, -2561,  597, -716, -2558,  0, 0, 0
L 597, -716, -2558,  559, -697, -2560,  0, 0, 0
L 559, -697, -2560,  517, -696, -2559,  0, 0, 0
L 517, -696, -2559,  480, -678, -2561,  0, 0, 0
L 480, -678, -2561,  439, -697, -2238,  0, 0, 0
L 439, -697, -2238,  400, -658, -2340,  0, 0, 0
L 400, -658, -2340,  382, -657, -2389,  0, 0, 0
L 382, -657, -2389,  361, -618, -2483,  0, 0, 0
L 361, -618, -2483,  321, -617, -2555,  0, 0, 0
L 321, -617, -2555,  299, -597, -2561,  0, 0, 0
L 299, -597, -2561,  279, -616, -2561,  0, 0, 0
L 279, -616, -2561,  257, -658, -2561,  0, 0, 0
L 257, -658, -2561,  257, -761, -2561,  0, 0, 0
L 257, -761, -2561,  297, -781, -2561,  0, 0, 0
L 297, -781, -2561,  335, -819, -2561,  0, 0, 0
L 335, -819, -2561,  356, -858, -2364,  0, 0, 0
L 356, -858, -2364,  337, -901, -2438,  0, 0, 0
L 337, -901, -2438,  337, -937, -2503,  0, 0, 0
L 337, -937, -2503,  278, -997, -2561,  0, 0, 0
L 278, -997, -2561,  238, -996, -2542,  0, 0, 0
L 238, -996, -2542,  221, -979, -2561,  0, 0, 0
L 221, -979, -2561,  208, -977, -2559,  0, 0, 0
L 208, -977, -2559,  182, -977, -2466,  0, 0, 0
L 182, -977, -2466,  144, -942, -2555,  0, 0, 0
L 144, -942, -2555,  122, -899, -2531,  0, 0, 0
L 122, -899, -2531,  141, -860, -2482,  0, 0, 0
L 141, -860, -2482,  182, -818, -2513,  0, 0, 0
L 182, -818, -2513,  221, -741, -2552,  0, 0, 0
L 221, -741, -2552,  202, -701, -2561,  0, 0, 0
L 202, -701, -2561,  183, -680, -2226,  0, 0, 0
L 183, -680, -2226,  203, -640, -2252,  0, 0, 0
L 203, -640, -2252,  241, -621, -2332,  0, 0, 0
L 241, -621, -2332,  280, -562, -2384,  0, 0, 0
L 280, -562, -2384,  282, -519, -2424,  0, 0, 0
L 282, -519, -2424,  299, -484, -2457,  0, 0, 0
L 299, -484, -2457,  343, -462, -2482,  0, 0, 0
L 343, -462, -2482,  360, -462, -2494,  0, 0, 0
L 360, -462, -2494,  396, -444, -2513,  0, 0, 0
L 396, -444, -2513,  362, -399, -2544,  0, 0, 0
L 362, -399, -2544,  380, -363, -2561,  0, 0, 0
L 380, -363, -2561,  419, -382, -2555,  0, 0, 0
L 419, -382, -2555,  440, -362, -2561,  0, 0, 0
L 440, -362, -2561,  477, -343, -2561,  0, 0, 0
L 477, -343, -2561,  499, -323, -2362,  0, 0, 0
L 499, -323, -2362,  523, -344, -2392,  0, 0, 0
L 523, -344, -2392,  558, -362, -2427,  0, 0, 0
L 558, -362, -2427,  583, -337, -2458,  0, 0, 0
L 583, -337, -2458,  600, -302, -2480,  0, 0, 0
L 600, -302, -2480,  601, -259, -2499,  0, 0, 0
L 601, -259, -2499,  560, -238, -2523,  0, 0, 0
L 560, -238, -2523,  518, -197, -2556,  0, 0, 0
L 518, -197, -2556,  517, -236, -2561,  0, 0, 0
L 517, -236, -2561,  481, -219, -2487,  0, 0, 0
L 481, -219, -2487,  481, -182, -2506,  0, 0, 0
L 481, -182, -2506,  515, -182, -2525,  0, 0, 0
L 515, -182, -2525,  560, -222, -2554,  0, 0, 0
L 560, -222, -2554,  599, -183, -2559,  0, 0, 0
L 599, -183, -2559,  600, -176, -2561,  0, 0, 0
L 600, -176, -2561,  579, -117, -2561,  0, 0, 0
L 579, -117, -2561,  557, -96, -2561,  0, 0, 0
L 557, -96, -2561,  519, -97, -2561,  0, 0, 0
L 519, -97, -2561,  501, -79, -2561,  0, 0, 0
L 501, -79, -2561,  455, -76, -2548,  0, 0, 0
L 455, -76, -2548,  401, -58, -2561,  0, 0, 0
L 401, -58, -2561,  401, -21, -2477,  0, 0, 0
L 401, -21, -2477,  424, 0, -2478,  0, 0, 0
L 424, 0, -2478,  459, 16, -2454,  0, 0, 0
L 459, 16, -2454,  497, -2, -2476,  0, 0, 0
L 497, -2, -2476,  516, -40, -2497,  0, 0, 0
L 516, -40, -2497,  596, -81, -2544,  0, 0, 0
L 596, -81, -2544,  616, -101, -2556,  0, 0, 0
L 616, -101, -2556,  636, -142, -2561,  0, 0, 0
L 636, -142, -2561,  637, -178, -2561,  0, 0, 0
L 637, -178, -2561,  680, -162, -2559,  0, 0, 0
L 680, -162, -2559,  700, -142, -2561,  0, 0, 0
L 700, -142, -2561,  736, -142, -2491,  0, 0, 0
L 736, -142, -2491,  736, -172, -2492,  0, 0, 0
L 736, -172, -2492,  699, -178, -2515,  0, 0, 0
L 699, -178, -2515,  655, -202, -2545,  0, 0, 0
L 655, -202, -2545,  637, -239, -2561,  0, 0, 0
L 637, -239, -2561,  636, -279, -2561,  0, 0, 0
L 636, -279, -2561,  616, -320, -2520,  0, 0, 0
L 616, -320, -2520,  616, -439, -2561,  0, 0, 0
L 616, -439, -2561,  636, -480, -2561,  0, 0, 0
L 636, -480, -2561,  674, -465, -2561,  0, 0, 0
L 674, -465, -2561,  696, -499, -2553,  0, 0, 0
L 696, -499, -2553,  679, -516, -2561,  0, 0, 0
L 679, -516, -2561,  676, -559, -2560,  0, 0, 0
L 676, -559, -2560,  696, -602, -2561,  0, 0, 0
L 696, -602, -2561,  696, -639, -2561,  0, 0, 0
L 696, -639, -2561,  658, -658, -2560,  0, 0, 0
L 658, -658, -2560,  636, -704, -2560,  0, 0, 0
L 636, -704, -2560,  657, -722, -2561,  0, 0, 0
L 657, -722, -2561,  677, -761, -2560,  0, 0, 0
L 677, -761, -2560,  696, -780, -2561,  0, 0, 0
L 696, -780, -2561,  795, -782, -2561,  0, 0, 0
L 795, -782, -2561,  818, -803, -2561,  0, 0, 0
L 818, -803, -2561,  835, -837, -2561,  0, 0, 0
L 835, -837, -2561,  836, -878, -2561,  0, 0, 0
L 836, -878, -2561,  855, -900, -2561,  0, 0, 0
L 855, -900, -2561,  917, -922, -2444,  0, 0, 0
L 917, -922, -2444,  958, -902, -2468,  0, 0, 0
L 958, -902, -2468,  1042, -922, -2509,  0, 0, 0
L 1042, -922, -2509,  1060, -922, -2520,  0, 0, 0
L 1060, -922, -2520,  1085, -909, -2533,  0, 0, 0
L 1085, -909, -2533,  1096, -922, -2541,  0, 0, 0
L 1096, -922, -2541,  1111, -918, -2546,  0, 0, 0
L 1111, -918, -2546,  1120, -922, -2553,  0, 0, 0
L 1120, -922, -2553,  1180, -902, -2561,  0, 0, 0
L 1180, -902, -2561,  1221, -860, -2559,  0, 0, 0
L 1221, -860, -2559,  1241, -818, -2560,  0, 0, 0
L 1241, -818, -2560,  1260, -763, -2561,  0, 0, 0
L 1260, -763, -2561,  1242, -739, -2406,  0, 0, 0
L 1242, -739, -2406,  1261, -698, -2399,  0, 0, 0
L 1261, -698, -2399,  1283, -636, -2449,  0, 0, 0
L 1283, -636, -2449,  1300, -602, -2467,  0, 0, 0
L 1300, -602, -2467,  1301, -560, -2485,  0, 0, 0
L 1301, -560, -2485,  1379, -403, -2560,  0, 0, 0
L 1379, -403, -2560,  1381, -360, -2560,  0, 0, 0
L 1381, -360, -2560,  1316, -322, -2444,  0, 0, 0
L 1316, -322, -2444,  1243, -298, -2170,  0, 0, 0
L 1243, -298, -2170,  1199, -317, -1689,  0, 0, 0
L 1199, -317, -1689,  1161, -297, -1809,  0, 0, 0
L 1161, -297, -1809,  1161, -260, -1881,  0, 0, 0
L 1161, -260, -1881,  1182, -218, -1763,  0, 0, 0
L 1182, -218, -1763,  1199, -185, -1680,  0, 0, 0
L 1199, -185, -1680,  1182, -131, -1471,  0, 0, 0
L 1182, -131, -1471,  1182, -78, -1420,  0, 0, 0
L 1182, -78, -1420,  1181, -26, -1215,  0, 0, 0
L 1181, -26, -1215,  1219, 36, -1147,  0, 0, 0
L 1219, 36, -1147,  1293, 55, -965,  0, 0, 0
L 1293, 55, -965,  1335, 38, -668,  0, 0, 0
L 1335, 38, -668,  1377, 37, -433,  0, 0, 0
L 1377, 37, -433,  1417, -2, -285,  0, 0, 0
L 1417, -2, -285,  1436, -59, -138,  0, 0, 0
L 1436, -59, -138,  1511, -106, 37,  0, 0, 0
L 1390, -155, 28,  1390, -155, 28,  0, 0, 0
L 1390, -155, 28,  1380, -96, -168,  0, 0, 0
L 1380, -96, -168,  1357, -17, -396,  0, 0, 0
L 1357, -17, -396,  1314, 1, -685,  0, 0, 0
L 1314, 1, -685,  1255, 0, -980,  0, 0, 0
L 1255, 0, -980,  1236, -19, -1066,  0, 0, 0
L 1236, -19, -1066,  1236, -60, -1218,  0, 0, 0
L 1236, -60, -1218,  1256, -101, -1237,  0, 0, 0
L 1256, -101, -1237,  1217, -217, -1763,  0, 0, 0
L 1217, -217, -1763,  1217, -222, -1814,  0, 0, 0
L 1217, -222, -1814,  1257, -242, -1967,  0, 0, 0
L 1257, -242, -1967,  1297, -242, -2289,  0, 0, 0
L 1297, -242, -2289,  1419, -323, -2555,  0, 0, 0
L 1419, -323, -2555,  1459, -302, -2561,  0, 0, 0
L 1459, -302, -2561,  1471, -290, -2561,  0, 0, 0
L 1471, -290, -2561,  1580, -262, -2561,  0, 0, 0
L 1580, -262, -2561,  1598, -244, -2561,  0, 0, 0
L 1598, -244, -2561,  1620, -201, -2559,  0, 0, 0
L 1620, -201, -2559,  1645, -179, -2561,  0, 0, 0
L 1645, -179, -2561,  1679, -162, -2561,  0, 0, 0
L 1679, -162, -2561,  1697, -162, -2561,  0, 0, 0
L 1697, -162, -2561,  1718, -125, -2564,  0, 0, 0
L 1718, -125, -2564,  1760, -82, -2563,  0, 0, 0
L 1760, -82, -2563,  1799, -82, -2562,  0, 0, 0
L 1799, -82, -2562,  1832, -17, -2561,  0, 0, 0
L 1832, -17, -2561,  1849, -7, -2561,  0, 0, 0
L 1849, -7, -2561,  1845, 20, -2546,  0, 0, 0
L 1845, 20, -2546,  1859, 37, -2561,  0, 0, 0
L 1859, 37, -2561,  1878, 37, -2561,  0, 0, 0
L 1878, 37, -2561,  1920, 57, -2561,  0, 0, 0
L 1920, 57, -2561,  1920, 81, -2561,  0, 0, 0
L 1920, 81, -2561,  1901, 119, -2561,  0, 0, 0
L 1901, 119, -2561,  1888, 132, -2561,  0, 0, 0
L 1888, 132, -2561,  1865, 153, -2559,  0, 0, 0
L 1865, 153, -2559,  1845, 150, -2508,  0, 0, 0
L 1845, 150, -2508,  1839, 141, -2486,  0, 0, 0
L 1839, 141, -2486,  1815, 143, -2561,  0, 0, 0
L 1815, 143, -2561,  1781, 160, -2561,  0, 0, 0
L 1781, 160, -2561,  1707, 179, -2561,  0, 0, 0
L 1707, 179, -2561,  1695, 180, -2561,  0, 0, 0
L 1695, 180, -2561,  1681, 148, -2561,  0, 0, 0
L 1681, 148, -2561,  1640, 122, -2561,  0, 0, 0
L 1640, 122, -2561,  1614, 134, -2561,  0, 0, 0
L 1614, 134, -2561,  1581, 141, -2561,  0, 0, 0
L 1581, 141, -2561,  1562, 159, -2561,  0, 0, 0
L 1562, 159, -2561,  1561, 179, -2561,  0, 0, 0
L 1561, 179, -2561,  1581, 224, -2561,  0, 0, 0
L 1581, 224, -2561,  1581, 236, -2561,  0, 0, 0
L 1581, 236, -2561,  1559, 281, -2561,  0, 0, 0
L 1559, 281, -2561,  1539, 301, -2561,  0, 0, 0
L 1539, 301, -2561,  1499, 321, -2561,  0, 0, 0
L 1499, 321, -2561,  1481, 339, -2561,  0, 0, 0
L 1481, 339, -2561,  1419, 322, -2561,  0, 0, 0
L 1419, 322, -2561,  1401, 340, -2561,  0, 0, 0
L 1401, 340, -2561,  1339, 363, -2561,  0, 0, 0
L 1339, 363, -2561,  1321, 399, -2561,  0, 0, 0
L 1321, 399, -2561,  1313, 399, -2561,  0, 0, 0
L 1313, 399, -2561,  1276, 380, -2561,  0, 0, 0
L 1276, 380, -2561,  1277, 337, -2674,  0, 0, 0
L 1061, 141, -2708,  1061, 141, -2708,  0, 0, 0
L 1061, 141, -2708,  999, 122, -2278,  0, 0, 0
L 999, 122, -2278,  978, 142, -2561,  0, 0, 0
L 978, 142, -2561,  910, 166, -2561,  0, 0, 0
L 910, 166, -2561,  882, 180, -2561,  0, 0, 0
L 882, 180, -2561,  846, 214, -2561,  0, 0, 0
L 846, 214, -2561,  841, 220, -2561,  0, 0, 0
L 678, -463, -2561,  678, -463, -2561,  0, 0, 0
L 678, -463, -2561,  718, -462, -2161,  0, 0, 0
L 718, -462, -2161,  741, -442, -2161,  0, 0, 0
L 741, -442, -2161,  798, -443, -2161,  0, 0, 0
L 798, -443, -2161,  840, -483, -2161,  0, 0, 0
L 840, -483, -2161,  861, -462, -2161,  0, 0, 0
L 861, -462, -2161,  878, -462, -2161,  0, 0, 0
L 878, -462, -2161,  885, -469, -2161,  0, 0, 0
L 885, -469, -2161,  896, -480, -1938,  0, 0, 0
L 896, -480, -1938,  879, -515, -2161,  0, 0, 0
L 879, -515, -2161,  850, -513, -1965,  0, 0, 0
L 850, -513, -1965,  836, -498, -2161,  0, 0, 0
L 836, -498, -2161,  816, -498, -2144,  0, 0, 0
L 816, -498, -2144,  816, -531, -2101,  0, 0, 0
L 816, -531, -2101,  816, -579, -2059,  0, 0, 0
L 816, -579, -2059,  798, -597, -2048,  0, 0, 0
L 798, -597, -2048,  759, -617, -1983,  0, 0, 0
L 759, -617, -1983,  720, -578, -1978,  0, 0, 0
L 720, -578, -1978,  696, -600, -2561,  0, 0, 0
L 696, -499, -2561,  696, -499, -2561,  0, 0, 0
L 696, -499, -2561,  719, -477, -2161,  0, 0, 0
L 719, -477, -2161,  760, -458, -2161,  0, 0, 0
L 760, -458, -2161,  780, -458, -2161,  0, 0, 0
L 780, -458, -2161,  801, -480, -2161,  0, 0, 0
L 801, -480, -2161,  801, -559, -2051,  0, 0, 0
L 801, -559, -2051,  760, -582, -2010,  0, 0, 0
L 760, -582, -2010,  743, -567, -1895,  0, 0, 0
L 743, -567, -1895,  722, -563, -1962,  0, 0, 0
L 722, -563, -1962,  694, -562, -1961,  0, 0, 0
L 694, -562, -1961,  690, -569, -1961,  0, 0, 0
L 690, -569, -1961,  677, -561, -2561,  0, 0, 0
L 2736, 66, -567,  2736, 66, -567,  255, 0, 0
L 2736, 66, -567,  2720, 66, -562,  255, 0, 0
L 2720, 66, -562,  2720, 112, -576,  255, 0, 0
L 2720, 112, -576,  2736, 112, -599,  255, 0, 0
L 2736, 112, -599,  2736, 66, -622,  255, 0, 0
L 2685, 65, 0,  2685, 65, 0,  255, 0, 0
L 2685, 65, 0,  2685, 113, 3,  255, 0, 0
L 2685, 113, 3,  2719, 132, 1,  255, 0, 0
L 2719, 132, 1,  2719, 132, 0,  255, 0, 0
L 2719, 132, 0,  2737, 132, -12,  255, 0, 0
L 2737, 132, -12,  2771, 113, 0,  255, 0, 0
L 2771, 113, 0,  2771, 65, -5,  255, 0, 0
L 2771, 65, -5,  2737, 46, 1,  255, 0, 0
L 2737, 46, 1,  2685, 65, 11,  255, 0, 0
L 2757, 157, -1958,  2757, 157, -1961,  255, 0, 0
L 2757, 157, -1961,  2786, 138, -1957,  255, 0, 0
L 2786, 138, -1957,  2835, 117, -1939,  255, 0, 0
L 2835, 117, -1939,  2835, 59, -1921,  255, 0, 0
L 2835, 59, -1921,  2797, 2, -1893,  255, 0, 0
L 2797, 2, -1893,  2749, 11, -1960,  255, 0, 0
L 2749, 11, -1960,  2698, 1, -1848,  255, 0, 0
L 2698, 1, -1848,  2639, -37, -1700,  255, 0, 0
L 2639, -37, -1700,  2579, -38, -1595,  255, 0, 0
L 2579, -38, -1595,  2500, -77, -1692,  255, 0, 0
L 2500, -77, -1692,  2480, 18, -2425,  255, 0, 0
L 2480, 18, -2425,  2537, 58, -2941,  255, 0, 0
L 2537, 58, -2941,  2588, 76, -2884,  255, 0, 0
L 2588, 76, -2884,  2636, 38, -2932,  255, 0, 0
L 2636, 38, -2932,  2636, -38, -2930,  255, 0, 0
L 2640, 41, -1188,  2640, 41, -1188,  255, 0, 0
L 2640, 41, -1188,  2698, 31, -1197,  255, 0, 0
L 2757, 157, -1960,  2757, 157, -1959,  255, 0, 0
L 2757, 157, -1959,  2700, 147, -1960,  255, 0, 0
L 2700, 147, -1960,  2640, 156, -1961,  255, 0, 0
L 2640, 156, -1961,  2636, 38, -2621,  255, 0, 0
L 2497, -78, -2844,  2497, -78, -2846,  255, 0, 0
L 2497, -78, -2846,  2418, -78, -2701,  255, 0, 0
L 2398, 57, -2835,  2398, 57, -2835,  255, 0, 0
L 2398, 57, -2835,  2480, 18, -2974,  255, 0, 0
L 2560, 137, -2416,  2560, 137, -2418,  255, 0, 0
L 2560, 137, -2418,  2636, 156, -2403,  255, 0, 0
L 2560, 137, -2461,  2560, 137, -2461,  255, 0, 0
L 2560, 137, -2461,  2534, 57, -2842,  255, 0, 0
L -729, -1048, -15,  -729, -1048, -15,  0, 0, 0
L -729, -1048, -15,  -730, -1283, -869,  0, 0, 0
L -730, -1283, -869,  -811, -1321, -882,  0, 0, 0
L -811, -1321, -882,  -1009, -1321, -1130,  0, 0, 0
L -1009, -1321, -1130,  -1087, -1399, -1220,  0, 0, 0
L -1087, -1399, -1220,  -1089, -1486, -1380,  0, 0, 0
L -1089, -1486, -1380,  -1128, -1481, -1380,  0, 0, 0
L -1128, -1481, -1380,  -1128, -1558, -1380,  0, 0, 0
L -1128, -1558, -1380,  -1090, -1557, -1380,  0, 0, 0
L -1090, -1557, -1380,  -1088, -1598, -1380,  0, 0, 0
L -1088, -1598, -1380,  -1011, -1598, -1380,  0, 0, 0
L -1011, -1598, -1380,  -1010, -1559, -1380,  0, 0, 0
L -1010, -1559, -1380,  -784, -1558, -1580,  0, 0, 0
L -784, -1558, -1580,  -783, -1542, -1580,  0, 0, 0
L -783, -1542, -1580,  -778, -1511, -1580,  0, 0, 0
L -778, -1511, -1580,  -749, -1508, -1580,  0, 0, 0
L -749, -1508, -1580,  -732, -1501, -1580,  0, 0, 0
L -732, -1501, -1580,  -717, -1492, -1580,  0, 0, 0
L -717, -1492, -1580,  -709, -1488, -1580,  0, 0, 0
L -709, -1488, -1580,  -696, -1483, -1580,  0, 0, 0
L -696, -1483, -1580,  -683, -1483, -1580,  0, 0, 0
L -683, -1483, -1580,  -656, -1478, -1580,  0, 0, 0
L -656, -1478, -1580,  -594, -1463, -1580,  0, 0, 0
L -594, -1463, -1580,  -571, -1454, -1580,  0, 0, 0
L -571, -1454, -1580,  -566, -1399, -1580,  0, 0, 0
L -566, -1399, -1580,  -571, -1383, -1580,  0, 0, 0
L -571, -1383, -1580,  -566, -1341, -1580,  0, 0, 0
L -566, -1341, -1580,  -550, -1307, -1568,  0, 0, 0
L -550, -1307, -1568,  -541, -1255, -1580,  0, 0, 0
L -541, -1255, -1580,  -540, -1217, -1580,  0, 0, 0
L -540, -1217, -1580,  -497, -1177, -1580,  0, 0, 0
L -497, -1177, -1580,  -439, -1178, -1691,  0, 0, 0
L -457, -1101, -1651,  -457, -1101, -1651,  0, 0, 0
L -457, -1101, -1651,  -532, -1137, -1580,  0, 0, 0
L -532, -1137, -1580,  -579, -1200, -1580,  0, 0, 0
L -579, -1200, -1580,  -589, -1246, -1580,  0, 0, 0
L -589, -1246, -1580,  -593, -1285, -1580,  0, 0, 0
L -593, -1285, -1580,  -589, -1297, -1580,  0, 0, 0
L -589, -1297, -1580,  -594, -1321, -1580,  0, 0, 0
L -594, -1321, -1580,  -599, -1386, -1580,  0, 0, 0
L -599, -1386, -1580,  -589, -1404, -1580,  0, 0, 0
L -589, -1404, -1580,  -590, -1436, -1580,  0, 0, 0
L -590, -1436, -1580,  -603, -1447, -1580,  0, 0, 0
L -603, -1447, -1580,  -617, -1451, -1580,  0, 0, 0
L -617, -1451, -1580,  -661, -1453, -1580,  0, 0, 0
L -661, -1453, -1580,  -664, -1455, -1580,  0, 0, 0
L -664, -1455, -1580,  -676, -1464, -1580,  0, 0, 0
L -676, -1464, -1580,  -715, -1466, -1580,  0, 0, 0
L -715, -1466, -1580,  -741, -1489, -1580,  0, 0, 0
L -741, -1489, -1580,  -755, -1496, -1580,  0, 0, 0
L -755, -1496, -1580,  -767, -1496, -1578,  0, 0, 0
L -767, -1496, -1578,  -796, -1481, -1580,  0, 0, 0
L -796, -1481, -1580,  -1009, -1481, -1381,  0, 0, 0
L -1009, -1481, -1381,  -1011, -1440, -1232,  0, 0, 0
L -1011, -1440, -1232,  -971, -1399, -1131,  0, 0, 0
L -971, -1399, -1131,  -729, -1398, -840,  0, 0, 0
L -729, -1398, -840,  -692, -1360, -831,  0, 0, 0
L -692, -1360, -831,  -652, -1281, -831,  0, 0, 0
L -652, -1281, -831,  -651, -1048, -16,  0, 0, 0
L -457, -1101, -1709,  -457, -1101, -1709,  0, 204, 255
L -457, -1101, -1709,  -438, -1120, -1796,  0, 204, 255
L -438, -1120, -1796,  -439, -1178, -1796,  0, 204, 255
L -439, -1178, -1796,  -341, -1178, -1854,  0, 204, 255
L -341, -1178, -1854,  -218, -1158, -1882,  0, 204, 255
L -218, -1158, -1882,  -199, -1198, -1884,  0, 204, 255
L -199, -1198, -1884,  -161, -1218, -1955,  0, 204, 255
L -161, -1218, -1955,  -104, -1218, -1886,  0, 204, 255
L -104, -1218, -1886,  -60, -1198, -1884,  0, 204, 255
L -60, -1198, -1884,  -42, -1180, -1910,  0, 204, 255
L -42, -1180, -1910,  -41, -1121, -1885,  0, 204, 255
L -41, -1121, -1885,  -22, -1080, -1885,  0, 204, 255
L -22, -1080, -1885,  7, -1067, -1917,  0, 204, 255
L 7, -1067, -1917,  37, -1040, -1884,  0, 204, 255
L 37, -1040, -1884,  38, -1001, -1940,  0, 204, 255
L 38, -1001, -1940,  15, -958, -1891,  0, 204, 255
L 15, -958, -1891,  -2, -939, -1883,  0, 204, 255
L -2, -939, -1883,  -1, -924, -1884,  0, 204, 255
L -1, -924, -1884,  -19, -884, -1880,  0, 204, 255
L -19, -884, -1880,  -38, -881, -1879,  0, 204, 255
L -38, -881, -1879,  -58, -863, -1880,  0, 204, 255
L -58, -863, -1880,  -100, -861, -1878,  0, 204, 255
L -100, -861, -1878,  -121, -851, -1879,  0, 204, 255
L -121, -851, -1879,  -141, -820, -1880,  0, 204, 255
L -141, -820, -1880,  -161, -786, -1879,  0, 204, 255
L -161, -786, -1879,  -135, -758, -1880,  0, 204, 255
L -135, -758, -1880,  -123, -741, -1880,  0, 204, 255
L -123, -741, -1880,  -121, -704, -1880,  0, 204, 255
L -121, -704, -1880,  -141, -660, -1877,  0, 204, 255
L -141, -660, -1877,  -180, -621, -1880,  0, 204, 255
L -180, -621, -1880,  -141, -619, -1880,  0, 204, 255
L -141, -619, -1880,  -99, -619, -1759,  0, 204, 255
L -99, -619, -1759,  -61, -638, -1731,  0, 204, 255
L -61, -638, -1731,  -61, -620, -1683,  0, 204, 255
L -61, -620, -1683,  -102, -600, -1762,  0, 204, 255
L -102, -600, -1762,  -120, -581, -1807,  0, 204, 255
L -120, -581, -1807,  -143, -583, -1841,  0, 204, 255
L -143, -583, -1841,  -177, -600, -1879,  0, 204, 255
L -177, -600, -1879,  -181, -561, -1878,  0, 204, 255
L -181, -561, -1878,  -221, -521, -1880,  0, 204, 255
L -221, -521, -1880,  -221, -482, -1768,  0, 204, 255
L -221, -482, -1768,  -240, -496, -1799,  0, 204, 255
L -240, -496, -1799,  -254, -483, -1830,  0, 204, 255
L -254, -483, -1830,  -277, -481, -1830,  0, 204, 255
L -277, -481, -1830,  -239, -520, -1824,  0, 204, 255
L -239, -520, -1824,  -199, -599, -1879,  0, 204, 255
L -199, -599, -1879,  -199, -640, -1879,  0, 204, 255
L -199, -640, -1879,  -139, -699, -1878,  0, 204, 255
L -139, -699, -1878,  -139, -720, -1878,  0, 204, 255
L -139, -720, -1878,  -159, -760, -1880,  0, 204, 255
L -159, -760, -1880,  -173, -762, -1880,  0, 204, 255
L -173, -762, -1880,  -181, -767, -1880,  0, 204, 255
L -181, -767, -1880,  -160, -817, -1880,  0, 204, 255
L -160, -817, -1880,  -149, -869, -1880,  0, 204, 255
L -149, -869, -1880,  -160, -881, -1882,  0, 204, 255
L -160, -881, -1882,  -191, -897, -1925,  0, 204, 255
L -191, -897, -1925,  -217, -918, -1752,  0, 204, 255
L -217, -918, -1752,  -220, -985, -1647,  0, 204, 255
L -220, -985, -1647,  -238, -1038, -1648,  0, 204, 255
L -238, -1038, -1648,  -240, -1081, -1651,  0, 204, 255
L -240, -1081, -1651,  -337, -1100, -1649,  0, 204, 255
L -337, -1100, -1649,  -457, -1101, -1650,  0, 204, 255
L -61, -638, -1691,  -61, -638, -1691,  0, 0, 0
L -61, -638, -1691,  -41, -639, -1630,  0, 0, 0
L -41, -639, -1630,  0, -619, -1629,  0, 0, 0
L 0, -619, -1629,  20, -659, -1602,  0, 0, 0
L 20, -659, -1602,  39, -659, -1629,  0, 0, 0
L 39, -659, -1629,  77, -639, -1630,  0, 0, 0
L 77, -639, -1630,  58, -601, -1630,  0, 0, 0
L 58, -601, -1630,  19, -581, -1630,  0, 0, 0
L 19, -581, -1630,  0, -601, -1628,  0, 0, 0
L 0, -601, -1628,  -20, -602, -1630,  0, 0, 0
L -20, -602, -1630,  -41, -621, -1629,  0, 0, 0
L -41, -621, -1629,  -61, -620, -1731,  0, 0, 0
L -221, -482, -1768,  -221, -482, -1768,  0, 0, 0
L -221, -482, -1768,  -241, -461, -1627,  0, 0, 0
L -241, -461, -1627,  -287, -460, -1627,  0, 0, 0
L -287, -460, -1627,  -300, -441, -1630,  0, 0, 0
L -300, -441, -1630,  -320, -441, -1627,  0, 0, 0
L -320, -441, -1627,  -340, -421, -1629,  0, 0, 0
L -340, -421, -1629,  -425, -422, -1630,  0, 0, 0
L -425, -422, -1630,  -434, -431, -1628,  0, 0, 0
L -434, -431, -1628,  -441, -401, -1630,  0, 0, 0
L -441, -401, -1630,  -461, -401, -1629,  0, 0, 0
L -461, -401, -1629,  -523, -379, -1627,  0, 0, 0
L -523, -379, -1627,  -541, -361, -1629,  0, 0, 0
L -541, -361, -1629,  -579, -341, -1630,  0, 0, 0
L -579, -341, -1630,  -618, -380, -1629,  0, 0, 0
L -618, -380, -1629,  -660, -402, -1629,  0, 0, 0
L -660, -402, -1629,  -703, -442, -1629,  0, 0, 0
L -703, -442, -1629,  -719, -441, -1629,  0, 0, 0
L -719, -441, -1629,  -740, -421, -1630,  0, 0, 0
L -740, -421, -1630,  -780, -401, -1329,  0, 0, 0
L -780, -401, -1329,  -799, -420, -1446,  0, 0, 0
L -799, -420, -1446,  -799, -457, -1498,  0, 0, 0
L -799, -457, -1498,  -778, -481, -1522,  0, 0, 0
L -778, -481, -1522,  -779, -498, -1528,  0, 0, 0
L -779, -498, -1528,  -744, -516, -1533,  0, 0, 0
L -744, -516, -1533,  -710, -503, -1560,  0, 0, 0
L -710, -503, -1560,  -639, -436, -1620,  0, 0, 0
L -639, -436, -1620,  -617, -397, -1630,  0, 0, 0
L -617, -397, -1630,  -581, -379, -1630,  0, 0, 0
L -581, -379, -1630,  -535, -399, -1630,  0, 0, 0
L -535, -399, -1630,  -520, -399, -1630,  0, 0, 0
L -520, -399, -1630,  -501, -417, -1629,  0, 0, 0
L -501, -417, -1629,  -457, -420, -1630,  0, 0, 0
L -457, -420, -1630,  -460, -483, -1628,  0, 0, 0
L -460, -483, -1628,  -479, -523, -1629,  0, 0, 0
L -479, -523, -1629,  -479, -559, -1630,  0, 0, 0
L -479, -559, -1630,  -469, -569, -1630,  0, 0, 0
L -469, -569, -1630,  -460, -578, -1465,  0, 0, 0
L -460, -578, -1465,  -435, -556, -1493,  0, 0, 0
L -435, -556, -1493,  -404, -540, -1521,  0, 0, 0
L -404, -540, -1521,  -404, -526, -1527,  0, 0, 0
L -404, -526, -1527,  -415, -496, -1550,  0, 0, 0
L -415, -496, -1550,  -429, -486, -1559,  0, 0, 0
L -429, -486, -1559,  -441, -459, -1581,  0, 0, 0
L -441, -459, -1581,  -414, -436, -1607,  0, 0, 0
L -414, -436, -1607,  -376, -440, -1630,  0, 0, 0
L -376, -440, -1630,  -356, -460, -1629,  0, 0, 0
L -356, -460, -1629,  -318, -479, -1629,  0, 0, 0
L -318, -479, -1629,  -278, -479, -1627,  0, 0, 0
L -278, -479, -1627,  -277, -481, -1737,  0, 0, 0
L -160, -1218, -1679,  -160, -1218, -1679,  0, 0, 0
L -160, -1218, -1679,  -139, -1240, -1580,  0, 0, 0
L -139, -1240, -1580,  -119, -1282, -1580,  0, 0, 0
L -119, -1282, -1580,  -121, -1463, -1497,  0, 0, 0
L -121, -1463, -1497,  -138, -1479, -1534,  0, 0, 0
L -138, -1479, -1534,  -139, -1539, -1580,  0, 0, 0
L -139, -1539, -1580,  -119, -1559, -1580,  0, 0, 0
L -119, -1559, -1580,  -119, -1601, -1580,  0, 0, 0
L -119, -1601, -1580,  -139, -1659, -1580,  0, 0, 0
L -139, -1659, -1580,  -118, -1700, -1558,  0, 0, 0
L -118, -1700, -1558,  -98, -1740, -1580,  0, 0, 0
L -98, -1740, -1580,  -80, -1757, -1580,  0, 0, 0
L -80, -1757, -1580,  -41, -1757, -1580,  0, 0, 0
L -41, -1757, -1580,  19, -1738, -1580,  0, 0, 0
L 19, -1738, -1580,  98, -1658, -1580,  0, 0, 0
L 98, -1658, -1580,  98, -1617, -1580,  0, 0, 0
L 98, -1617, -1580,  116, -1601, -1580,  0, 0, 0
L 116, -1601, -1580,  202, -1557, -1580,  0, 0, 0
L 202, -1557, -1580,  239, -1578, -1580,  0, 0, 0
L 239, -1578, -1580,  278, -1559, -1580,  0, 0, 0
L 278, -1559, -1580,  278, -1557, -1399,  0, 0, 0
L 278, -1557, -1399,  298, -1479, -1580,  0, 0, 0
L 298, -1479, -1580,  258, -1401, -1580,  0, 0, 0
L 258, -1401, -1580,  198, -1421, -1580,  0, 0, 0
L 198, -1421, -1580,  162, -1439, -1580,  0, 0, 0
L 162, -1439, -1580,  180, -1479, -1580,  0, 0, 0
L 180, -1479, -1580,  180, -1518, -1580,  0, 0, 0
L 180, -1518, -1580,  136, -1541, -1580,  0, 0, 0
L 136, -1541, -1580,  118, -1539, -1538,  0, 0, 0
L 118, -1539, -1538,  77, -1461, -1580,  0, 0, 0
L 77, -1461, -1580,  58, -1462, -1580,  0, 0, 0
L 58, -1462, -1580,  41, -1481, -1580,  0, 0, 0
L 41, -1481, -1580,  60, -1518, -1580,  0, 0, 0
L 60, -1518, -1580,  80, -1519, -1580,  0, 0, 0
L 80, -1519, -1580,  103, -1567, -1556,  0, 0, 0
L 103, -1567, -1556,  92, -1568, -1580,  0, 0, 0
L 92, -1568, -1580,  79, -1582, -1580,  0, 0, 0
L 79, -1582, -1580,  43, -1654, -1580,  0, 0, 0
L 43, -1654, -1580,  39, -1661, -1541,  0, 0, 0
L 39, -1661, -1541,  20, -1680, -1541,  0, 0, 0
L 20, -1680, -1541,  0, -1680, -1580,  0, 0, 0
L 0, -1680, -1580,  -41, -1721, -1580,  0, 0, 0
L -41, -1721, -1580,  -80, -1720, -1580,  0, 0, 0
L -80, -1720, -1580,  -101, -1656, -1580,  0, 0, 0
L -101, -1656, -1580,  -99, -1595, -1580,  0, 0, 0
L -99, -1595, -1580,  -73, -1551, -1580,  0, 0, 0
L -73, -1551, -1580,  -78, -1537, -1580,  0, 0, 0
L -78, -1537, -1580,  -64, -1525, -1580,  0, 0, 0
L -64, -1525, -1580,  -62, -1486, -1580,  0, 0, 0
L -62, -1486, -1580,  -71, -1470, -1446,  0, 0, 0
L -71, -1470, -1446,  -84, -1449, -1580,  0, 0, 0
L -84, -1449, -1580,  -81, -1420, -1580,  0, 0, 0
L -81, -1420, -1580,  -101, -1359, -1580,  0, 0, 0
L -101, -1359, -1580,  -101, -1318, -1580,  0, 0, 0
L -101, -1318, -1580,  -87, -1292, -1580,  0, 0, 0
L -87, -1292, -1580,  -95, -1279, -1580,  0, 0, 0
L -95, -1279, -1580,  -93, -1268, -1580,  0, 0, 0
L -93, -1268, -1580,  -121, -1240, -1580,  0, 0, 0
L -121, -1240, -1580,  -120, -1218, -1689,  0, 0, 0
L -634, -1104, 31,  -601, -1104, 31,  153, 153, 153
L -601, -1104, 31,  -601, -1136, 31,  153, 153, 153
L -601, -1136, 31,  -633, -1137, 31,  153, 153, 153
L -633, -1137, 31,  -634, -1105, 31,  153, 153, 153
L -600, -1134, 31,  -599, -1147, 31,  153, 153, 153
L -599, -1147, 31,  -593, -1154, 31,  153, 153, 153
L -593, -1154, 31,  -589, -1146, 31,  153, 153, 153
L -589, -1146, 31,  -589, -1121, 31,  153, 153, 153
L -589, -1121, 31,  -592, -1117, 31,  153, 153, 153
L -592, -1117, 31,  -599, -1117, 31,  153, 153, 153
L -599, -1117, 31,  -601, -1120, 31,  153, 153, 153
L -601, -1120, 31,  -601, -1133, 31,  153, 153, 153
L 170, -1549, 68,  170, -1630, 68,  153, 153, 153
L 170, -1630, 68,  68, -1630, 68,  153, 153, 153
L 68, -1630, 68,  68, -1549, 68,  153, 153, 153
L 68, -1549, 68,  170, -1549, 68,  153, 153, 153
L 160, -1620, 168,  78, -1620, 168,  153, 153, 153
L 78, -1620, 168,  78, -1559, 168,  153, 153, 153
L 78, -1559, 168,  160, -1559, 168,  153, 153, 153
L 160, -1559, 168,  160, -1620, 168,  153, 153, 153
L 1013, -1334, 18,  1013, -1445, 18,  153, 153, 153
L 1013, -1445, 18,  1084, -1445, 18,  153, 153, 153
L 1084, -1445, 18,  1084, -1334, 18,  153, 153, 153
L 1084, -1334, 18,  1013, -1334, 18,  153, 153, 153
L 1011, -1399, 18,  1011, -1431, 18,  153, 153, 153
L 1011, -1431, 18,  980, -1431, 18,  153, 153, 153
L 980, -1431, 18,  980, -1399, 18,  153, 153, 153
L 980, -1399, 18,  1011, -1399, 18,  153, 153, 153
L 1086, -1431, 18,  1086, -1400, 18,  153, 153, 153
L 1086, -1400, 18,  1117, -1400, 18,  153, 153, 153
L 1117, -1400, 18,  1118, -1431, 18,  153, 153, 153
L 1118, -1431, 18,  1086, -1431, 18,  153, 153, 153
L 1444, -1003, 18,  1475, -1003, 18,  153, 153, 153
L 1475, -1003, 18,  1475, -1035, 18,  153, 153, 153
L 1475, -1035, 18,  1443, -1035, 18,  153, 153, 153
L 1443, -1035, 18,  1443, -1003, 18,  153, 153, 153
L 1457, -1036, 18,  1433, -1039, 18,  153, 153, 153
L 1433, -1039, 18,  1427, -1043, 18,  153, 153, 153
L 1427, -1043, 18,  1433, -1046, 18,  153, 153, 153
L 1433, -1046, 18,  1458, -1046, 18,  153, 153, 153
L 1458, -1046, 18,  1462, -1044, 18,  153, 153, 153
L 1462, -1044, 18,  1462, -1038, 18,  153, 153, 153
L 1462, -1038, 18,  1457, -1037, 18,  153, 153, 153
L 919, -935, 18,  808, -935, 18,  153, 153, 153
L 808, -935, 18,  808, -864, 18,  153, 153, 153
L 808, -864, 18,  919, -864, 18,  153, 153, 153
L 919, -864, 18,  919, -936, 18,  153, 153, 153
L 894, -864, 18,  894, -796, 18,  153, 153, 153
L 894, -796, 18,  824, -796, 18,  153, 153, 153
L 824, -796, 18,  824, -864, 18,  153, 153, 153
L 808, -796, 18,  808, -724, 18,  153, 153, 153
L 808, -724, 18,  919, -724, 18,  153, 153, 153
L 919, -724, 18,  920, -795, 18,  153, 153, 153
L 920, -795, 18,  808, -795, 18,  153, 153, 153
L 2369, -21, 18,  2369, -41, 18,  153, 153, 153
L 2369, -41, 18,  2337, -41, 18,  153, 153, 153
L 2337, -41, 18,  2337, -11, 18,  153, 153, 153
L 2337, -11, 18,  2338, -10, 82,  153, 153, 153
L 2338, -10, 82,  2367, -10, 91,  153, 153, 153
L 2369, 60, 18,  2369, 80, 18,  153, 153, 153
L 2369, 80, 18,  2337, 80, 18,  153, 153, 153
L 2337, 80, 18,  2337, 50, 18,  153, 153, 153
L 2337, 50, 18,  2339, 50, 78,  153, 153, 153
L 2339, 50, 78,  2367, 50, 78,  153, 153, 153
L 2677, 115, 118,  2682, 120, 118,  153, 153, 153
L 2682, 120, 118,  2717, 140, 118,  153, 153, 153
L 2717, 140, 118,  2718, 159, 118,  153, 153, 153
L 2718, 159, 118,  2739, 159, 118,  153, 153, 153
L 2739, 159, 118,  2739, 140, 118,  153, 153, 153
L 2739, 140, 118,  2773, 120, 118,  153, 153, 153
L 2773, 120, 118,  2778, 115, 118,  153, 153, 153
L 2778, 115, 118,  2799, 115, 118,  153, 153, 153
L 2799, 115, 118,  2799, 63, 118,  153, 153, 153
L 2799, 63, 118,  2778, 63, 118,  153, 153, 153
L 2778, 63, 118,  2774, 59, 118,  153, 153, 153
L 2774, 59, 118,  2739, 38, 118,  153, 153, 153
L 2739, 38, 118,  2738, 18, 118,  153, 153, 153
L 2738, 18, 118,  2717, 19, 118,  153, 153, 153
L 2717, 19, 118,  2717, 38, 118,  153, 153, 153
L 2717, 38, 118,  2683, 58, 118,  153, 153, 153
L 2683, 58, 118,  2677, 63, 118,  153, 153, 153
L 2677, 63, 118,  2657, 63, 118,  153, 153, 153
L 2657, 63, 118,  2657, 115, 118,  153, 153, 153
L 2657, 115, 118,  2677, 115, 118,  153, 153, 153
L 482, -585, -2628,  482, -585, -2631,  0, 204, 255
L 482, -585, -2631,  468, -571, -2631,  0, 204, 255
L 468, -571, -2631,  455, -562, -2631,  0, 204, 255
L 455, -562, -2631,  450, -585, -2632,  0, 204, 255
L 450, -585, -2632,  450, -599, -2631,  0, 204, 255
L 450, -599, -2631,  459, -618, -2631,  0, 204, 255
L 459, -618, -2631,  472, -605, -2653,  0, 204, 255
L 472, -605, -2653,  482, -585, -2631,  0, 204, 255
L 553, -498, -2619,  567, -465, -2631,  0, 204, 255
L 567, -465, -2631,  544, -441, -2631,  0, 204, 255
L 544, -441, -2631,  520, -460, -2631,  0, 204, 255
L 520, -460, -2631,  525, -484, -2631,  0, 204, 255
L 525, -484, -2631,  553, -498, -2631,  0, 204, 255
L 491, -225, -2580,  498, -223, -2580,  0, 0, 0
L 498, -223, -2580,  505, -215, -2580,  0, 0, 0
L 505, -215, -2580,  503, -208, -2580,  0, 0, 0
L 503, -208, -2580,  498, -210, -2580,  0, 0, 0
L 498, -210, -2580,  500, -213, -2580,  0, 0, 0
L 500, -213, -2580,  499, -214, -2580,  0, 0, 0
L 499, -214, -2580,  496, -218, -2580,  0, 0, 0
L 496, -218, -2580,  494, -219, -2580,  0, 0, 0
L 494, -219, -2580,  490, -221, -2580,  0, 0, 0
L 490, -221, -2580,  489, -221, -2580,  0, 0, 0
L 489, -221, -2580,  485, -218, -2580,  0, 0, 0
L 485, -218, -2580,  484, -213, -2580,  0, 0, 0
L 484, -213, -2580,  484, -211, -2580,  0, 0, 0
L 484, -211, -2580,  484, -210, -2580,  0, 0, 0
L 484, -210, -2580,  487, -207, -2580,  0, 0, 0
L 487, -207, -2580,  489, -206, -2580,  0, 0, 0
L 489, -206, -2580,  493, -204, -2580,  0, 0, 0
L 493, -204, -2580,  491, -199, -2580,  0, 0, 0
L 491, -199, -2580,  484, -203, -2580,  0, 0, 0
L 484, -203, -2580,  480, -208, -2580,  0, 0, 0
L 480, -208, -2580,  480, -209, -2580,  0, 0, 0
L 400, -20, -2580,  400, -43, -2580,  0, 0, 0
L 400, -43, -2580,  405, -47, -2580,  0, 0, 0
L 405, -47, -2580,  419, -47, -2580,  0, 0, 0
L 419, -47, -2580,  425, -44, -2580,  0, 0, 0
L 425, -44, -2580,  425, -39, -2580,  0, 0, 0
L 425, -39, -2580,  424, -39, -2580,  0, 0, 0
L 424, -39, -2580,  420, -41, -2580,  0, 0, 0
L 420, -41, -2580,  417, -42, -2580,  0, 0, 0
L 417, -42, -2580,  407, -42, -2580,  0, 0, 0
L 407, -42, -2580,  404, -40, -2580,  0, 0, 0
L 404, -40, -2580,  404, -21, -2580,  0, 0, 0
L 404, -21, -2580,  405, -21, -2580,  0, 0, 0
L 405, -21, -2580,  419, -21, -2580,  0, 0, 0
L 419, -21, -2580,  420, -21, -2580,  0, 0, 0
L 420, -21, -2580,  420, -27, -2580,  0, 0, 0
L 420, -27, -2580,  424, -28, -2580,  0, 0, 0
L 424, -28, -2580,  424, -17, -2580,  0, 0, 0
L 424, -17, -2580,  404, -17, -2580,  0, 0, 0
L 459, -79, -2580,  419, -99, -2244,  0, 0, 0
L 419, -99, -2244,  399, -118, -2200,  0, 0, 0
L 399, -118, -2200,  398, -160, -2180,  0, 0, 0
L 398, -160, -2180,  378, -200, -2180,  0, 0, 0
L 378, -200, -2180,  389, -212, -2180,  0, 0, 0
L 389, -212, -2180,  398, -220, -2180,  0, 0, 0
L 398, -220, -2180,  398, -239, -2180,  0, 0, 0
L 398, -239, -2180,  378, -259, -2180,  0, 0, 0
L 378, -259, -2180,  357, -270, -2180,  0, 0, 0
L 357, -270, -2180,  339, -279, -2180,  0, 0, 0
L 339, -279, -2180,  300, -239, -2180,  0, 0, 0
L 300, -239, -2180,  259, -239, -2180,  0, 0, 0
L 259, -239, -2180,  179, -199, -2180,  0, 0, 0
L 179, -199, -2180,  98, -280, -2180,  0, 0, 0
L 98, -280, -2180,  118, -300, -2180,  0, 0, 0
L 118, -300, -2180,  157, -320, -2076,  0, 0, 0
L 157, -320, -2076,  138, -339, -2180,  0, 0, 0
L 138, -339, -2180,  138, -359, -2180,  0, 0, 0
L 138, -359, -2180,  159, -381, -2180,  0, 0, 0
L 159, -381, -2180,  219, -381, -2180,  0, 0, 0
L 219, -381, -2180,  240, -361, -2180,  0, 0, 0
L 240, -361, -2180,  240, -301, -2180,  0, 0, 0
L 240, -301, -2180,  259, -301, -2180,  0, 0, 0
L 259, -301, -2180,  299, -321, -2180,  0, 0, 0
L 299, -321, -2180,  319, -321, -2180,  0, 0, 0
L 319, -321, -2180,  357, -340, -2180,  0, 0, 0
L 357, -340, -2180,  378, -361, -2180,  0, 0, 0
L 378, -361, -2180,  379, -361, -2580,  0, 0, 0
L 360, -400, -2580,  359, -398, -2180,  0, 0, 0
L 359, -398, -2180,  339, -359, -2180,  0, 0, 0
L 339, -359, -2180,  299, -339, -2180,  0, 0, 0
L 299, -339, -2180,  238, -399, -2180,  0, 0, 0
L 238, -399, -2180,  199, -419, -2180,  0, 0, 0
L 199, -419, -2180,  160, -419, -2180,  0, 0, 0
L 160, -419, -2180,  140, -399, -2180,  0, 0, 0
L 140, -399, -2180,  100, -379, -2180,  0, 0, 0
L 100, -379, -2180,  80, -359, -2180,  0, 0, 0
L 80, -359, -2180,  80, -280, -2180,  0, 0, 0
L 80, -280, -2180,  100, -241, -2180,  0, 0, 0
L 100, -241, -2180,  120, -221, -2180,  0, 0, 0
L 120, -221, -2180,  140, -181, -2180,  0, 0, 0
L 140, -181, -2180,  238, -181, -2180,  0, 0, 0
L 238, -181, -2180,  258, -201, -2180,  0, 0, 0
L 258, -201, -2180,  299, -221, -2180,  0, 0, 0
L 299, -221, -2180,  340, -201, -2180,  0, 0, 0
L 340, -201, -2180,  360, -141, -2180,  0, 0, 0
L 360, -141, -2180,  380, -101, -2180,  0, 0, 0
L 380, -101, -2180,  400, -81, -2230,  0, 0, 0
L 400, -81, -2230,  400, -61, -2280,  0, 0, 0
L 400, -61, -2280,  400, -59, -2580,  0, 0, 0
L 389, -212, -2180,  376, -212, -2180,  0, 0, 0
L 376, -212, -2180,  370, -215, -2180,  0, 0, 0
L 370, -215, -2180,  371, -220, -2180,  0, 0, 0
L 371, -220, -2180,  376, -218, -2180,  0, 0, 0
L 376, -218, -2180,  378, -217, -2180,  0, 0, 0
L 378, -217, -2180,  388, -217, -2180,  0, 0, 0
L 388, -217, -2180,  391, -218, -2180,  0, 0, 0
L 391, -218, -2180,  391, -238, -2180,  0, 0, 0
L 391, -238, -2180,  391, -238, -2180,  0, 0, 0
L 391, -238, -2180,  376, -238, -2180,  0, 0, 0
L 376, -238, -2180,  376, -238, -2180,  0, 0, 0
L 376, -238, -2180,  375, -231, -2180,  0, 0, 0
L 375, -231, -2180,  372, -231, -2180,  0, 0, 0
L 372, -231, -2180,  371, -242, -2180,  0, 0, 0
L 371, -242, -2180,  395, -241, -2180,  0, 0, 0
L 395, -241, -2180,  395, -218, -2180,  0, 0, 0
L 357, -270, -2180,  356, -258, -2180,  0, 0, 0
L 356, -258, -2180,  349, -248, -2180,  0, 0, 0
L 349, -248, -2180,  340, -248, -2180,  0, 0, 0
L 340, -248, -2180,  341, -253, -2180,  0, 0, 0
L 341, -253, -2180,  345, -253, -2180,  0, 0, 0
L 345, -253, -2180,  347, -254, -2180,  0, 0, 0
L 347, -254, -2180,  350, -259, -2180,  0, 0, 0
L 350, -259, -2180,  351, -261, -2180,  0, 0, 0
L 351, -261, -2180,  352, -267, -2180,  0, 0, 0
L 352, -267, -2180,  351, -268, -2180,  0, 0, 0
L 351, -268, -2180,  346, -272, -2180,  0, 0, 0
L 346, -272, -2180,  341, -272, -2180,  0, 0, 0
L 341, -272, -2180,  338, -271, -2180,  0, 0, 0
L 338, -271, -2180,  337, -270, -2180,  0, 0, 0
L 337, -270, -2180,  335, -266, -2180,  0, 0, 0
L 335, -266, -2180,  334, -264, -2180,  0, 0, 0
L 334, -264, -2180,  332, -258, -2180,  0, 0, 0
L 332, -258, -2180,  327, -259, -2180,  0, 0, 0
L 327, -259, -2180,  329, -267, -2180,  0, 0, 0
L 329, -267, -2180,  334, -273, -2180,  0, 0, 0
L 720, -141, -2580,  714, -148, -2580,  0, 0, 0
L 714, -148, -2580,  716, -155, -2580,  0, 0, 0
L 716, -155, -2580,  720, -153, -2580,  0, 0, 0
L 720, -153, -2580,  719, -150, -2580,  0, 0, 0
L 719, -150, -2580,  719, -149, -2580,  0, 0, 0
L 719, -149, -2580,  723, -145, -2580,  0, 0, 0
L 723, -145, -2580,  725, -144, -2580,  0, 0, 0
L 725, -144, -2580,  729, -142, -2580,  0, 0, 0
L 729, -142, -2580,  730, -143, -2580,  0, 0, 0
L 730, -143, -2580,  734, -146, -2580,  0, 0, 0
L 734, -146, -2580,  735, -150, -2580,  0, 0, 0
L 735, -150, -2580,  735, -152, -2580,  0, 0, 0
L 735, -152, -2580,  734, -154, -2580,  0, 0, 0
L 734, -154, -2580,  731, -156, -2580,  0, 0, 0
L 731, -156, -2580,  730, -157, -2580,  0, 0, 0
L 730, -157, -2580,  725, -159, -2580,  0, 0, 0
L 725, -159, -2580,  727, -164, -2580,  0, 0, 0
L 727, -164, -2580,  734, -160, -2580,  0, 0, 0
L 734, -160, -2580,  738, -156, -2580,  0, 0, 0
L 123, -895, -2580,  129, -899, -2580,  0, 0, 0
L 129, -899, -2580,  137, -902, -2580,  0, 0, 0
L 137, -902, -2580,  139, -898, -2580,  0, 0, 0
L 139, -898, -2580,  137, -896, -2580,  0, 0, 0
L 137, -896, -2580,  135, -897, -2580,  0, 0, 0
L 135, -897, -2580,  135, -898, -2580,  0, 0, 0
L 135, -898, -2580,  130, -895, -2580,  0, 0, 0
L 130, -895, -2580,  126, -893, -2580,  0, 0, 0
L 126, -893, -2580,  126, -892, -2580,  0, 0, 0
L 126, -892, -2580,  130, -883, -2580,  0, 0, 0
L 130, -883, -2580,  132, -883, -2580,  0, 0, 0
L 132, -883, -2580,  134, -883, -2580,  0, 0, 0
L 134, -883, -2580,  139, -885, -2580,  0, 0, 0
L 139, -885, -2580,  141, -887, -2580,  0, 0, 0
L 141, -887, -2580,  143, -888, -2580,  0, 0, 0
L 143, -888, -2580,  145, -886, -2580,  0, 0, 0
L 145, -886, -2580,  136, -879, -2580,  0, 0, 0
L 136, -879, -2580,  132, -879, -2580,  0, 0, 0
L 132, -879, -2580,  131, -878, -2580,  0, 0, 0
L 178, -977, -2580,  178, -957, -2580,  0, 0, 0
L 178, -957, -2580,  189, -957, -2580,  0, 0, 0
L 189, -957, -2580,  189, -961, -2580,  0, 0, 0
L 189, -961, -2580,  182, -961, -2580,  0, 0, 0
L 182, -961, -2580,  182, -962, -2580,  0, 0, 0
L 182, -962, -2580,  182, -976, -2580,  0, 0, 0
L 182, -976, -2580,  182, -977, -2580,  0, 0, 0
L 182, -977, -2580,  201, -977, -2580,  0, 0, 0
L 201, -977, -2580,  203, -974, -2580,  0, 0, 0
L 203, -974, -2580,  203, -964, -2580,  0, 0, 0
L 203, -964, -2580,  202, -961, -2580,  0, 0, 0
L 202, -961, -2580,  200, -956, -2580,  0, 0, 0
L 200, -956, -2580,  204, -956, -2580,  0, 0, 0
L 204, -956, -2580,  208, -963, -2580,  0, 0, 0
L 208, -963, -2580,  208, -976, -2580,  0, 0, 0
L 208, -976, -2580,  207, -978, -2580,  0, 0, 0
L 207, -978, -2580,  207, -978, -2580,  0, 0, 0
L 507, -1145, -2580,  512, -1143, -2580,  0, 0, 0
L 512, -1143, -2580,  522, -1144, -2580,  0, 0, 0
L 522, -1144, -2580,  528, -1147, -2580,  0, 0, 0
L 528, -1147, -2580,  529, -1147, -2580,  0, 0, 0
L 529, -1147, -2580,  526, -1153, -2580,  0, 0, 0
L 526, -1153, -2580,  521, -1150, -2580,  0, 0, 0
L 521, -1150, -2580,  518, -1149, -2580,  0, 0, 0
L 518, -1149, -2580,  514, -1148, -2580,  0, 0, 0
L 514, -1148, -2580,  512, -1148, -2580,  0, 0, 0
L 512, -1148, -2580,  510, -1150, -2580,  0, 0, 0
L 510, -1150, -2580,  507, -1154, -2580,  0, 0, 0
L 507, -1154, -2580,  506, -1160, -2580,  0, 0, 0
L 506, -1160, -2580,  507, -1161, -2580,  0, 0, 0
L 507, -1161, -2580,  511, -1164, -2580,  0, 0, 0
L 511, -1164, -2580,  513, -1165, -2580,  0, 0, 0
L 513, -1165, -2580,  520, -1166, -2580,  0, 0, 0
L 520, -1166, -2580,  521, -1166, -2580,  0, 0, 0
L 521, -1166, -2580,  523, -1162, -2580,  0, 0, 0
L 523, -1162, -2580,  528, -1165, -2580,  0, 0, 0
L 528, -1165, -2580,  524, -1171, -2580,  0, 0, 0
L 524, -1171, -2580,  511, -1170, -2580,  0, 0, 0
L 1754, -189, -2630,  1761, -189, -2630,  0, 204, 255
L 1761, -189, -2630,  1760, -184, -2630,  0, 204, 255
L 1760, -184, -2630,  1772, -182, -2629,  0, 204, 255
L 1772, -182, -2629,  1777, -175, -2630,  0, 204, 255
L 1777, -175, -2630,  1768, -162, -2630,  0, 204, 255
L 1768, -162, -2630,  1749, -170, -2630,  0, 204, 255
L 1749, -170, -2630,  1754, -189, -2630,  0, 204, 255
P -2034, 44, 0, 255, 255, 0, 2, Western Wastes
