P -574.8523, -349.9200, -163.4036,  240, 0, 0,  2,  Pierre
P 370.1274, -250.9878, -218.3463,  240, 0, 0,  2,  Domninator_Yisaki
P 1745.7253, -139.5262, -255.2058,  240, 0, 0,  2,  a_bloodthirsty_carrion_bat*
P 196.3956, -1454.5380, -159.9353,  240, 0, 0,  2,  a_great_green_slime
P 397.5610, -1419.4852, -287.9440,  240, 0, 0,  2,  a_fierce_entropy_serpent
P 2827.4009, -61.7721, 10.3000,  240, 0, 0,  2,  a_Chetari_Darkling
P 698.3075, -583.5790, -199.9042,  240, 0, 0,  2,  Vaniki_(122hrs)
P 567.2540, -478.1564, -259.9041,  240, 0, 0,  2,  Vaniki_(122hrs)5d+2hrs)
P 1241.6764, 388.3428, -259.9041,  240, 0, 0,  2,  Vaniki_(122hrs)
P 612.4000, 506.5200, -249.2970,  240, 0, 0,  2,  Vaniki_(122hrs)
P -720.8541, -486.6447, -163.4045,  240, 0, 0,  2,  Slani_Veekilaleeki
P 1698.8228, -974.4057, 1.8408,  240, 0, 0,  2,  Queen_Raltaas
P 501.5534, -350.8625, -259.9041,  240, 0, 0,  2,  a_crazed_Chelaki
P 2290.1448, -26.4096, -249.9042,  240, 0, 0,  2,  a_Chetari_Warlord
P 350.1809, 242.8509, -259.9041,  127, 0, 0,  3,  Zlandicar
P -632.6690, -620.6372, 6.5545,  240, 0, 0,  2,  a_deadly_phase_spider
P 2019.5549, -940.8164, 3.5167,  240, 0, 0,  2,  _a_masterful_dragon_construct
P 906.9339, -1541.6454, 1.8347,  240, 0, 0,  2,  a_venemous_phase_spider
P 169.3700, -941.5828, -258.3942,  240, 0, 0,  2,  Seeker_Bulava
