P 366.0000, 222.0000, 3.6259,  0, 0, 240,  3,  Jarvah_(Tailor)
P 296.1420, 212.6015, 14.6259,  0, 0, 240,  3,  Putad_(Smith)
P 499.0000, 412.0000, 12.6259,  0, 0, 240,  3,  Wista_(Merchant)
P 279.0000, 204.0000, 14.8453,  0, 0, 240,  3,  Ungia_(Smith)
P 386.0000, 240.0000, 3.6259,  0, 0, 240,  3,  Bronk_(Armor)
P 418.2890, 603.7653, 23.8130,  0, 0, 240,  3,  Spell_Vendors
P 437.0000, 562.0000, 1.9000,  0, 0, 240,  3,  Zumzal_(Merchant)
P 417.7049, 533.6874, 1.9000,  0, 0, 240,  3,  Spell_Vendors
P 95.0000, -205.0000, 0.1000,  0, 0, 240,  3,  Nola_(Soulbinder)
P 407.2178, 471.6911, 1.6051,  0, 0, 240,  3,  Luruk_(Berserker_Tomes)
P 78.0000, 191.0000, 39.9000,  0, 127, 0,  3,  Priest_of_Discord
