P -994.5575, 371.8360, -11.2479,  240, 0, 0,  2,  Ashenpaw*HighSun
P 633.2813, -829.9910, 6.1935,  240, 0, 0,  2,  Callowwing*HighSun
P -1445.6193, 3572.4958, -12.1620,  240, 0, 0,  2,  Grimtooth*HighSun
P 744.4352, 2089.1484, -9.6874,  240, 0, 0,  2,  Korvik_the_Cursed*HighSun
P -1154.5631, 1414.1554, -10.8963,  240, 0, 0,  2,  Lieutenant_Midraim*HighSun
P 1656.6791, 2832.7366, -11.2479,  240, 0, 0,  2,  Swiftclaw*HighSun
P 124.1586, 2936.1475, -9.7088,  240, 0, 0,  2,  Timbur_the_tiny
P 520.4922, 661.5049, -11.2479,  240, 0, 0,  2,  Ashenpaw
P -2377.6770, 1544.3668, -10.1980,  240, 0, 0,  2,  Ashenpaw
P -1261.4227, -571.3931, -1.5120,  240, 0, 0,  2,  Lieutenant_Midraim
P -2912.3955, 3011.2261, -3.9355,  240, 0, 0,  2,  Swiftclaw
P -2810.1299, -976.9611, 5.2064,  240, 0, 0,  2,  Swiftclaw
P -2104.6699, 3174.3640, -5.9800,  240, 0, 0,  2,  Lieutenant_Midrain
P -2268.5784, 1445.3232, -11.2479,  240, 0, 0,  2,  Ashen
P -945.6340, 149.2861, -11.2479,  240, 0, 0,  2,  Lieutenant_Midrain
P -2367.4790, 1063.6287, -10.4534,  240, 0, 0,  2,  Swift
P 1589.1350, 3383.5071, -11.2479,  0, 0, 0,  2,  G
P 1655.6080, 2829.1360, -9.1372,  240, 0, 0,  2,  Timbur_the_tiny
P -1090.2047, -22.2106, -4.8796,  240, 0, 0,  2,  Timbur_the_tiny
