L 2738.6521, -131.2464, -18.6180,  2969.7700, -54.1878, 118.4602,  100, 50, 0
L 2966.7170, -38.4164, 119.2886,  2744.7749, -109.5490, -11.2164,  100, 50, 0
L 2959.5549, -46.5780, 114.4347,  2965.6018, -37.5110, 118.1830,  100, 50, 0
L 2964.2075, -53.6325, 119.1266,  2959.5549, -46.5780, 114.4347,  100, 50, 0
L 2967.5156, -55.4530, 120.3648,  2964.2075, -53.6325, 119.1266,  100, 50, 0
L 2971.7961, -53.5283, 121.6948,  2967.5156, -55.4530, 120.3648,  100, 50, 0
L 2975.4055, -46.5745, 122.8486,  2971.7961, -53.5283, 121.6948,  100, 50, 0
L 2973.7124, -41.4382, 122.2391,  2975.4055, -46.5745, 122.8486,  100, 50, 0
L 2965.6018, -37.5110, 119.3050,  2973.7124, -41.4382, 122.2391,  100, 50, 0
L 2726.5442, -123.4732, -38.8579,  2729.4636, -109.6550, -38.6595,  100, 50, 0
L 2731.5811, -129.4782, -38.7424,  2726.5442, -123.4732, -38.8579,  100, 50, 0
L 2739.9229, -130.1293, -38.3759,  2731.5811, -129.4782, -38.7424,  100, 50, 0
L 2749.5488, -121.9082, -37.7342,  2739.9229, -130.1293, -38.3759,  100, 50, 0
L 2748.9063, -114.8811, -37.3093,  2749.5488, -121.9082, -37.7342,  100, 50, 0
L 2742.6819, -106.9712, -36.9748,  2748.9063, -114.8811, -37.3093,  100, 50, 0
L 2729.4636, -109.6550, -38.4964,  2742.6819, -106.9712, -36.9748,  100, 50, 0
L 2968.9961, 31.8916, 117.2471,  2747.3516, 91.4446, -11.8466,  100, 50, 0
L 2958.9468, 23.4128, 116.4736,  2960.5630, 20.5467, 116.7720,  100, 50, 0
L 2961.3516, 31.5130, 118.8551,  2958.9468, 23.4128, 116.4736,  100, 50, 0
L 2965.1836, 32.3442, 121.4705,  2961.3516, 31.5130, 118.8551,  100, 50, 0
L 2972.5850, 30.6324, 122.5186,  2965.1836, 32.3442, 121.4705,  100, 50, 0
L 2974.6509, 24.9231, 123.1640,  2972.5850, 30.6324, 122.5186,  100, 50, 0
L 2973.7295, 19.8713, 123.5931,  2974.6509, 24.9231, 123.1640,  100, 50, 0
L 2968.5015, 17.6389, 120.7562,  2973.7295, 19.8713, 123.5931,  100, 50, 0
L 2742.8728, 82.7640, -10.5462,  2968.5015, 17.6389, 120.7562,  100, 50, 0
L 2747.7078, 90.1965, -37.1469,  2742.8728, 82.7640, -36.4740,  100, 50, 0
L 2745.6848, 97.2896, -38.6462,  2747.3516, 91.4446, -37.1469,  100, 50, 0
L 2737.9438, 102.4038, -38.8558,  2745.6848, 97.2896, -38.6462,  100, 50, 0
L 2729.8826, 100.5092, -39.4480,  2737.9438, 102.4038, -38.8558,  100, 50, 0
L 2724.5000, 95.1363, -39.1739,  2729.8826, 100.5092, -39.4480,  100, 50, 0
L 2726.3193, 85.2730, -39.9720,  2724.5000, 95.1363, -39.1739,  100, 50, 0
L 2733.1433, 80.2454, -38.9217,  2726.3193, 85.2730, -39.9720,  100, 50, 0
L 2742.3418, 81.1844, -38.7389,  2733.1433, 80.2454, -38.9217,  100, 50, 0
L 2774.7903, 11.2387, -37.7760,  2775.5476, -38.4234, -37.6503,  100, 50, 0
L 2775.3809, -37.6670, -37.6561,  3095.7805, -36.1931, -36.7177,  240, 240, 240
L 3095.9451, 14.5394, -36.8014,  2774.9492, 12.6120, -37.7740,  240, 240, 240
L 3095.7805, -36.1931, -33.5927,  3095.9451, 14.5394, -36.8014,  150, 0, 200
L 1467.6226, 2781.1875, -10.6240,  1475.9380, 2778.7766, -10.6240,  64, 64, 64
L 1470.3420, 2789.5027, -10.6240,  1467.6226, 2781.1875, -10.6173,  64, 64, 64
L 1478.3490, 2787.9131, -10.6207,  1470.3420, 2789.5027, -10.6206,  64, 64, 64
L 1475.9380, 2778.7766, -10.6240,  1478.3490, 2787.9131, -10.6216,  64, 64, 64
L 1493.6367, 2782.6985, -10.6236,  1491.2256, 2774.3833, -10.6193,  64, 64, 64
L 1485.3217, 2785.1099, -10.6166,  1493.6367, 2782.6985, -10.6184,  64, 64, 64
L 1482.9108, 2776.7949, -10.6240,  1485.3217, 2785.1099, -10.6197,  64, 64, 64
L 1491.2256, 2774.3833, -10.6240,  1482.9108, 2776.7949, -10.6227,  64, 64, 64
L 1509.2141, 2748.4221, -10.6240,  1506.8109, 2740.1045, -10.6179,  64, 64, 64
L 1501.1210, 2750.7603, -10.6181,  1509.2141, 2748.4221, -10.6196,  64, 64, 64
L 1498.4535, 2742.5193, -10.6240,  1501.1210, 2750.7603, -10.6240,  64, 64, 64
L 1506.8109, 2740.1045, -10.6240,  1498.4535, 2742.5193, -10.6203,  64, 64, 64
L 1496.5190, 2735.5332, -10.6240,  1494.1122, 2727.2173, -10.6235,  64, 64, 64
L 1504.8353, 2733.1262, -10.6227,  1496.5190, 2735.5332, -10.6196,  64, 64, 64
L 1502.4282, 2724.8098, -10.6240,  1504.8353, 2733.1262, -10.6240,  64, 64, 64
L 1494.1122, 2727.2173, -10.6240,  1502.4282, 2724.8098, -10.6240,  64, 64, 64
L 1466.6772, 2715.1641, -10.6240,  1464.2656, 2706.8484, -10.6240,  64, 64, 64
L 1474.9924, 2712.7522, -10.6232,  1466.6772, 2715.1641, -10.6196,  64, 64, 64
L 1472.5807, 2704.4373, -10.6240,  1474.9924, 2712.7522, -10.6189,  64, 64, 64
L 1464.2656, 2706.8484, -10.6240,  1472.5807, 2704.4373, -10.6203,  64, 64, 64
L 1451.3894, 2719.5564, -10.6240,  1448.9781, 2711.2415, -10.6240,  64, 64, 64
L 1459.7045, 2717.1450, -10.6166,  1451.3894, 2719.5564, -10.6220,  64, 64, 64
L 1457.2932, 2708.8301, -10.6240,  1459.7045, 2717.1450, -10.6221,  64, 64, 64
L 1448.9781, 2711.2415, -10.6240,  1457.2932, 2708.8301, -10.6240,  64, 64, 64
L 1429.8137, 2753.6411, -10.6168,  1438.1292, 2751.2292, -10.6155,  64, 64, 64
L 1427.4027, 2745.3257, -10.6240,  1429.8137, 2753.6411, -10.6227,  64, 64, 64
L 1435.7177, 2742.9146, -10.6240,  1427.4027, 2745.3257, -10.6239,  64, 64, 64
L 1438.1292, 2751.2292, -10.6240,  1435.7177, 2742.9146, -10.6237,  64, 64, 64
L 1431.7971, 2760.6133, -10.6240,  1440.1105, 2758.2024, -10.6240,  64, 64, 64
L 1434.2064, 2768.9290, -10.6240,  1431.7971, 2760.6133, -10.6239,  64, 64, 64
L 1442.5219, 2766.5171, -10.6187,  1434.2064, 2768.9290, -10.6231,  64, 64, 64
L 1440.1105, 2758.2024, -10.6240,  1442.5219, 2766.5171, -10.6240,  64, 64, 64
L 1465.8040, 2758.3779, -10.6240,  1481.7542, 2753.2019, -10.6210,  64, 64, 64
L 1460.2598, 2741.4146, -10.6240,  1465.8040, 2758.3779, -10.6240,  64, 64, 64
L 1476.9202, 2736.5276, -10.6240,  1460.2598, 2741.4146, -10.6240,  64, 64, 64
L 1481.7542, 2753.2019, -10.6240,  1476.9202, 2736.5276, -10.6240,  64, 64, 64
L -165.7571, 1225.3511, 64.6590,  -165.9859, 1244.2000, 64.7760,  64, 64, 64
L -109.3695, 1229.4417, 64.4955,  -105.9979, 1229.4282, 63.2252,  64, 64, 64
L -109.3340, 1226.5525, 64.4955,  -109.3695, 1229.4417, 64.4955,  64, 64, 64
L -124.9051, 1217.3040, 64.4955,  -109.3340, 1226.5525, 64.4955,  64, 64, 64
L -140.6964, 1226.1664, 64.4955,  -124.9051, 1217.3040, 64.4955,  64, 64, 64
L -140.7607, 1231.2118, 64.4955,  -140.6964, 1226.1664, 64.4955,  64, 64, 64
L -144.1319, 1231.2000, 65.6283,  -140.7607, 1231.2118, 64.4955,  64, 64, 64
L -144.8610, 1227.4762, 65.6283,  -144.1319, 1231.2000, 65.6283,  64, 64, 64
L -163.6551, 1227.2357, 65.6283,  -144.8610, 1227.4762, 65.6283,  64, 64, 64
L -163.8395, 1242.2738, 65.6283,  -163.6551, 1227.2357, 65.6283,  64, 64, 64
L -144.2708, 1242.5139, 65.6283,  -163.8395, 1242.2738, 65.6283,  64, 64, 64
L -144.2316, 1239.3304, 65.6283,  -144.2708, 1242.5139, 65.6283,  64, 64, 64
L -140.8586, 1239.1941, 64.4955,  -144.2316, 1239.3304, 65.6283,  64, 64, 64
L -140.9210, 1244.2762, 64.4955,  -140.8586, 1239.1941, 64.4955,  64, 64, 64
L -125.6264, 1253.3605, 64.4955,  -140.9210, 1244.2762, 64.4955,  64, 64, 64
L -109.5561, 1244.6613, 64.4955,  -125.6264, 1253.3605, 64.4955,  64, 64, 64
L -109.5224, 1241.9012, 64.4955,  -109.5561, 1244.6613, 64.4955,  64, 64, 64
L -106.1529, 1242.5790, 63.3915,  -109.5224, 1241.9012, 64.4955,  64, 64, 64
L -106.2094, 1246.6566, 63.4373,  -106.1486, 1241.7017, 63.3868,  64, 64, 64
L -105.9440, 1225.7780, 63.1679,  -106.1000, 1229.6769, 63.2284,  64, 64, 64
L -124.9960, 1213.4972, 63.4846,  -105.9440, 1225.7780, 63.1679,  64, 64, 64
L -143.6982, 1223.9866, 64.7710,  -124.9960, 1213.4972, 63.4846,  64, 64, 64
L -144.6340, 1225.6207, 64.1186,  -143.6982, 1223.9866, 64.7710,  64, 64, 64
L -165.7571, 1225.3511, 64.6146,  -144.6340, 1225.6207, 64.1186,  64, 64, 64
L -144.2934, 1244.3694, 64.3615,  -165.9859, 1244.2000, 64.8773,  64, 64, 64
L -143.7435, 1246.5193, 64.3683,  -144.2934, 1244.3694, 64.3615,  64, 64, 64
L -125.2433, 1257.3253, 64.5500,  -143.7435, 1246.5193, 64.3683,  64, 64, 64
L -106.2094, 1246.6566, 63.4682,  -125.2433, 1257.3253, 64.5500,  64, 64, 64
L -1224.4912, 4077.1965, -39.7428,  -1193.3486, 4077.4863, -38.7873,  64, 64, 64
L -1175.4779, 4503.3208, -30.6445,  -1175.4369, 4212.2808, -33.7802,  240, 240, 240
L -1248.1293, 4503.4590, -30.6552,  -1175.4785, 4503.3496, -30.6552,  150, 0, 200
L 2581.3462, -1495.7753, 22.2801,  -3148.9253, -1498.9742, 234.9028,  0, 125, 0
L 2948.8591, -1498.9060, -65.3050,  2581.3462, -1495.7753, 22.2801,  0, 125, 0
L 2944.7712, -1144.1738, -65.2642,  2948.8591, -1498.9060, -65.3050,  0, 0, 255
L 2949.9363, -795.2186, -63.5221,  2944.7712, -1144.1738, -65.2642,  0, 0, 255
L 2841.8384, -569.4743, -65.9390,  2949.9363, -795.2186, -63.5221,  0, 0, 255
L 2837.7683, -530.7315, -65.1818,  2841.8384, -569.4743, -65.9390,  0, 0, 255
L 2893.4875, -289.3265, -64.4363,  2837.7683, -530.7315, -65.1818,  0, 0, 255
L 2889.9500, 141.5021, -64.3141,  2893.4875, -289.3265, -64.4363,  0, 0, 255
L 2649.5938, 457.2980, -64.6779,  2889.9500, 141.5021, -64.3141,  0, 0, 255
L 2659.6299, 595.4224, -64.9954,  2649.5938, 457.2980, -64.6779,  0, 0, 255
L 2783.6777, 603.1843, -64.4303,  2659.6299, 595.4224, -64.9954,  0, 0, 255
L 2935.4675, 633.1287, -63.9564,  2783.6777, 603.1843, -64.4303,  0, 0, 255
L 2934.4065, 943.5707, -65.3579,  2935.4675, 633.1287, -63.9564,  0, 0, 255
L 2946.2280, 1100.8347, -64.7941,  2934.4065, 943.5707, -65.3579,  0, 0, 255
L 2787.2437, 1240.4468, -63.8018,  2946.2280, 1100.8347, -64.7941,  0, 0, 255
L 2635.8770, 1399.1898, -65.2503,  2787.2437, 1240.4468, -63.8018,  0, 0, 255
L 2639.1560, 1558.7273, -64.3443,  2635.8770, 1399.1898, -65.2503,  0, 0, 255
L 2786.1558, 1726.9138, -64.9309,  2639.1560, 1558.7273, -64.3443,  0, 0, 255
L 2775.2969, 1995.9019, -65.5694,  2786.1558, 1726.9138, -64.9309,  0, 0, 255
L 2828.6113, 2295.3503, -64.8396,  2775.2969, 1995.9019, -65.5694,  0, 0, 255
L 2819.1096, 2621.7207, -65.5635,  2828.6113, 2295.3503, -64.8396,  0, 0, 255
L 2783.7136, 2651.4883, -64.1875,  2819.1096, 2621.7207, -65.5635,  0, 0, 255
L 2627.2095, 2923.9080, -63.9772,  2783.7136, 2651.4883, -64.1875,  0, 0, 255
L 2624.2034, 3210.1997, -64.7852,  2627.2095, 2923.9080, -63.9772,  0, 0, 255
L 2614.5073, 3374.2388, -64.7360,  2624.2034, 3210.1997, -64.7852,  0, 0, 255
L 2606.2915, 3560.4985, -64.2057,  2614.5073, 3374.2388, -64.7360,  0, 0, 255
L 2303.5884, 3861.5320, -63.6593,  2606.2915, 3560.4985, -64.2057,  0, 0, 255
L 2296.7832, 4007.2639, -63.4309,  2303.5884, 3861.5320, -63.6593,  0, 0, 255
L 2154.5000, 4235.2207, -65.9459,  2296.7832, 4007.2639, -63.4309,  0, 0, 255
L 1988.9834, 4247.4380, -64.9354,  2154.5000, 4235.2207, -65.9459,  0, 0, 255
L 1885.8214, 4023.9568, -65.7883,  1988.9834, 4247.4380, -64.9354,  0, 0, 255
L 1880.1066, 3977.4465, -64.4492,  1885.8214, 4023.9568, -65.7883,  0, 0, 255
L 1776.8828, 3999.3049, -64.5113,  1880.1066, 3977.4465, -64.4492,  0, 0, 255
L 1498.5620, 4256.4497, -65.1013,  1776.8828, 3999.3049, -64.5113,  0, 0, 255
L 1352.4813, 4250.8931, -64.3447,  1498.5620, 4256.4497, -65.1013,  0, 0, 255
L 1198.9000, 4052.6841, -64.5961,  1352.4813, 4250.8931, -64.3447,  0, 0, 255
L 1162.7689, 4034.4268, -64.5846,  1198.9000, 4052.6841, -64.5961,  0, 0, 255
L 867.4880, 4213.4297, -63.4519,  1162.7689, 4034.4268, -64.5846,  0, 0, 255
L 715.7418, 4250.8267, -63.8297,  867.4880, 4213.4297, -63.4519,  0, 0, 255
L 548.1104, 4251.1392, -63.8862,  715.7418, 4250.8267, -63.8297,  0, 0, 255
L 419.8442, 4200.2275, -64.3619,  548.1104, 4251.1392, -63.8862,  0, 0, 255
L 272.9504, 3985.4707, -62.5400,  419.8442, 4200.2275, -64.3619,  0, 0, 255
L 233.6778, 3981.1912, -64.1539,  272.9504, 3985.4707, -62.5400,  0, 0, 255
L 118.5533, 3997.4780, -63.8239,  233.6778, 3981.1912, -64.1539,  0, 0, 255
L -93.5557, 4127.8115, -64.7079,  118.5533, 3997.4780, -63.8239,  0, 0, 255
L -177.2895, 4134.7397, -65.9130,  -93.5557, 4127.8115, -64.7079,  0, 0, 255
L -289.3534, 4005.2410, -65.3830,  -177.2895, 4134.7397, -65.9130,  0, 0, 255
L -355.8281, 3978.1890, -65.1042,  -289.3534, 4005.2410, -65.3830,  0, 0, 255
L -403.2656, 3972.7041, -62.9343,  -355.8281, 3978.1890, -65.1042,  0, 0, 255
L -453.2755, 3999.3274, -65.1850,  -403.2656, 3972.7041, -62.9343,  0, 0, 255
L -732.2984, 4290.6772, -64.1696,  -453.2755, 3999.3274, -65.1850,  0, 0, 255
L -907.3048, 4296.4106, -65.3619,  -732.2984, 4290.6772, -64.1696,  0, 0, 255
L -1049.2240, 4239.1597, -65.6422,  -907.3048, 4296.4106, -65.3619,  0, 0, 255
L -1373.4677, 4203.9487, -65.8657,  -1049.2240, 4239.1597, -65.6422,  0, 0, 255
L -1496.6492, 4204.2271, -65.6179,  -1373.4677, 4203.9487, -65.8657,  0, 0, 255
L -1635.9471, 3980.6003, -65.1698,  -1496.6492, 4204.2271, -65.6179,  0, 0, 255
L -2025.7917, 3983.6350, -65.7107,  -1635.9471, 3980.6003, -65.1698,  0, 0, 255
L -2067.1563, 4003.2007, -66.8440,  -2025.7917, 3983.6350, -65.7107,  0, 0, 255
L -2331.8191, 4153.3994, -65.5443,  -2067.1563, 4003.2007, -66.8440,  0, 0, 255
L -2490.8999, 4243.2192, -64.1312,  -2331.8191, 4153.3994, -65.5443,  0, 0, 255
L -2631.4695, 4245.3027, -65.6427,  -2490.8999, 4243.2192, -64.1312,  0, 0, 255
L -2811.1372, 4298.7769, -64.8104,  -2631.4695, 4245.3027, -65.6427,  0, 0, 255
L -2947.8052, 4132.3579, -64.8811,  -2811.1372, 4298.7769, -64.8104,  0, 0, 255
L -3007.6521, 4100.2334, -65.3093,  -2947.8052, 4132.3579, -64.8811,  0, 0, 255
L -3150.6736, 4179.7720, -65.1705,  -3007.6521, 4100.2334, -65.3093,  0, 0, 255
L -3148.9253, -1498.9742, 232.9555,  -3150.6736, 4179.7720, -65.3979,  255, 0, 255
L -3146.3379, -657.5720, -0.1865,  -2174.2227, -667.9926, -7.4989,  60, 40, 0
L -1760.8840, -194.8206, -7.4989,  -2177.1514, -624.9430, -7.4989,  60, 40, 0
L -2177.1514, -624.9430, -7.4989,  -3150.7256, -612.7885, -0.1865,  60, 40, 0
L -1760.9836, -194.2198, -7.4989,  -1410.6385, 142.7947, -7.4989,  60, 40, 0
L -1410.6385, 142.7947, -7.4989,  -1095.4504, 455.8690, -7.4989,  60, 40, 0
L -1095.4504, 455.8690, -7.4989,  -918.7522, 633.9311, -7.4989,  60, 40, 0
L -918.7522, 633.9311, -7.4989,  61.9890, 646.9750, -7.4989,  60, 40, 0
L 61.9890, 646.9750, -7.4989,  150.9515, 715.2006, -7.4989,  60, 40, 0
L 240.8512, 763.6150, -7.4989,  406.1147, 633.8000, -7.4989,  60, 40, 0
L 406.1147, 633.8000, -7.4989,  422.4988, 318.1716, -7.4989,  60, 40, 0
L 422.4988, 318.1716, -7.4989,  745.6240, 329.7737, -7.4989,  60, 40, 0
L 745.6240, 329.7737, -7.4989,  1048.2844, 16.9133, 1.9780,  60, 40, 0
L 1048.2844, 16.9133, 1.9780,  2774.4109, 11.9314, -34.8160,  60, 40, 0
L 2775.3784, -38.6131, -34.3725,  1000.7060, -31.9100, -7.4989,  60, 40, 0
L 1000.7060, -31.9100, -7.4989,  693.4243, 280.8120, -7.4989,  60, 40, 0
L 693.4243, 280.8120, -7.4989,  -923.2413, 282.6001, -7.4989,  60, 40, 0
L -923.2413, 282.6001, -7.4989,  -1047.6848, 409.4861, -7.4989,  60, 40, 0
L -1047.6848, 409.4861, -7.4989,  -2174.2227, -667.9926, -7.4989,  60, 40, 0
L -996.9039, 474.9640, -7.4989,  -878.5759, 328.5684, -7.4989,  60, 40, 0
L -878.5759, 328.5684, -7.4989,  360.2848, 325.1682, -7.4989,  60, 40, 0
L 360.2848, 325.1682, -7.4989,  350.6988, 632.6000, -7.4989,  60, 40, 0
L 350.6988, 632.6000, -7.4989,  219.8559, 738.5122, -7.4989,  60, 40, 0
L 219.8559, 738.5122, -7.4989,  70.6880, 603.2969, -7.4989,  60, 40, 0
L 70.6880, 603.2969, -7.4989,  -894.1719, 586.9732, -7.4989,  60, 40, 0
L -894.1719, 586.9732, -7.4989,  -996.9039, 474.9640, -7.4989,  60, 40, 0
L 240.8512, 763.6150, -7.4989,  412.3045, 948.3160, -7.4989,  59, 39, 0
L 412.3045, 948.3160, -7.4989,  407.8351, 1590.9601, -7.4989,  59, 39, 0
L 407.8351, 1590.9601, -7.4989,  -1175.8140, 3093.6353, 5.9339,  60, 40, 0
L -1175.8140, 3093.6353, 5.9339,  -1187.1396, 3990.9583, -19.1990,  60, 40, 0
L -1187.1396, 3990.9583, -19.1990,  -1239.6847, 3988.5632, -21.2010,  60, 40, 0
L -1239.6847, 3988.5632, -21.2010,  -1233.5413, 3057.5500, -2.3801,  60, 40, 0
L -1233.5413, 3057.5500, -2.3801,  363.5407, 1546.4420, -7.4989,  60, 40, 0
L 363.5407, 1546.4420, -7.4989,  362.4087, 949.7546, -7.4989,  59, 39, 0
L 362.4087, 949.7546, -7.4989,  150.9515, 715.2006, -6.7488,  59, 39, 0
L 119.9903, 578.8478, -7.4989,  130.8641, 606.7872, -7.4989,  100, 50, 0
L 130.8641, 606.7872, -7.4989,  138.4848, 605.8090, -7.4989,  100, 50, 0
L 138.4848, 605.8090, -7.4989,  143.2653, 613.9524, -7.4989,  100, 50, 0
L 143.2653, 613.9524, -7.4989,  146.1776, 612.2303, -7.4989,  100, 50, 0
L 146.1776, 612.2303, -7.4989,  143.9233, 602.9062, -7.4984,  100, 50, 0
L 143.9233, 602.9062, -7.4984,  151.1045, 599.7811, -7.4989,  100, 50, 0
L 151.1045, 599.7811, -7.4989,  139.1314, 571.4736, -7.4989,  100, 50, 0
L 139.1314, 571.4736, -7.4989,  119.9903, 578.8478, -7.4989,  100, 50, 0
L 127.9574, 711.3723, -7.4989,  149.2043, 684.4417, -7.4989,  100, 50, 0
L 149.2043, 684.4417, -7.4989,  158.5228, 689.5230, -7.4989,  100, 50, 0
L 158.5228, 689.5230, -7.4989,  164.2438, 684.3745, -7.4989,  100, 50, 0
L 164.2438, 684.3745, -7.4989,  166.3888, 685.5700, -7.4989,  100, 50, 0
L 166.3888, 685.5700, -7.4989,  162.9232, 693.3660, -7.4657,  100, 50, 0
L 162.9232, 693.3660, -7.4657,  169.3870, 697.9600, -7.4989,  100, 50, 0
L 169.3870, 697.9600, -7.4989,  148.9663, 724.7767, -7.4989,  100, 50, 0
L 148.9663, 724.7767, -7.4989,  127.9574, 711.3723, -7.4989,  100, 50, 0
L 214.8670, 619.5384, -7.4989,  206.9762, 613.2140, -7.4989,  100, 50, 0
L 206.9762, 613.2140, -7.4989,  228.7346, 589.1706, -7.4989,  100, 50, 0
L 228.7346, 589.1706, -7.4989,  247.3782, 604.5584, -7.4989,  100, 50, 0
L 247.3782, 604.5584, -7.4989,  226.6593, 629.1760, -7.4989,  100, 50, 0
L 226.6593, 629.1760, -7.4989,  218.3599, 623.2247, -7.4989,  100, 50, 0
L 218.3599, 623.2247, -7.4989,  211.4218, 629.6353, -7.4989,  100, 50, 0
L 211.4218, 629.6353, -7.4989,  209.5160, 628.1807, -7.4989,  100, 50, 0
L 209.5160, 628.1807, -7.4989,  214.9230, 619.5463, -7.4698,  100, 50, 0
L 176.1230, 636.5434, -7.4989,  178.7421, 630.6230, -7.4989,  100, 50, 0
L 178.7421, 630.6230, -7.4989,  176.5646, 623.7322, -7.4989,  100, 50, 0
L 176.5646, 623.7322, -7.4989,  167.2891, 623.5095, -7.4989,  100, 50, 0
L 167.2891, 623.5095, -7.4989,  164.2849, 631.4536, -7.4989,  100, 50, 0
L 164.2849, 631.4536, -7.4989,  167.2493, 637.6235, -7.4989,  100, 50, 0
L 167.2493, 637.6235, -7.4989,  176.1230, 636.5434, -7.4989,  100, 50, 0
L 205.1904, 609.7703, -6.7205,  208.1200, 565.7650, -7.4989,  100, 50, 0
L 208.1200, 565.7650, -7.4989,  190.5461, 562.8982, -5.8453,  100, 50, 0
L 190.5461, 562.8982, -5.8453,  170.6396, 564.9642, -7.4989,  100, 50, 0
L 170.6396, 564.9642, -7.4989,  169.2715, 607.9071, -7.7000,  100, 50, 0
L 115.5840, 642.8970, -7.1424,  84.4849, 660.6340, -7.2328,  100, 50, 0
L 84.4849, 660.6340, -7.2328,  89.3636, 676.8325, -7.2775,  100, 50, 0
L 89.3636, 676.8325, -7.2775,  100.3529, 691.9247, -7.2401,  100, 50, 0
L 100.3529, 691.9247, -7.2401,  136.6254, 673.2467, -7.4989,  100, 50, 0
L 206.7320, 726.9727, -7.4989,  183.7210, 689.2472, -7.1180,  100, 50, 0
L 214.6363, 669.2885, -7.4989,  235.7461, 703.9484, -7.2119,  100, 50, 0
L 235.7461, 703.9484, -7.2119,  206.7320, 726.9727, -7.4810,  100, 50, 0
L -1156.9185, 3638.4583, -11.2802,  -1075.8667, 3638.3613, -11.2995,  64, 64, 64
L -1075.8667, 3638.3613, -11.3102,  -1075.7946, 3557.2947, -11.6600,  64, 64, 64
L -1075.7946, 3557.2947, -11.6767,  -1156.9645, 3557.3003, -11.6471,  64, 64, 64
L -1156.9645, 3557.3003, -11.6353,  -1156.9185, 3638.4583, -11.2944,  64, 64, 64
L -1156.8607, 3733.6375, -10.8369,  -1156.8235, 3814.4250, -10.4713,  64, 64, 64
L -1156.8235, 3814.4250, -10.4518,  -1076.2350, 3814.4409, -10.4704,  64, 64, 64
L -1076.2350, 3814.4409, -10.5006,  -1075.9907, 3733.5623, -10.8536,  64, 64, 64
L -1075.9907, 3733.5623, -10.8550,  -1156.8607, 3733.6375, -10.8420,  64, 64, 64
L -1264.4556, 3733.5806, -10.8361,  -1345.3801, 3733.5679, -10.8091,  64, 64, 64
L -1345.3801, 3733.5679, -10.7943,  -1345.3124, 3814.4268, -10.4611,  64, 64, 64
L -1345.3124, 3814.4268, -10.4154,  -1264.4666, 3814.4243, -10.4450,  64, 64, 64
L -1264.4666, 3814.4243, -10.4595,  -1264.4556, 3733.5806, -10.8064,  64, 64, 64
L -1263.8330, 3638.4546, -11.2818,  -1263.3730, 3557.3003, -11.6158,  64, 64, 64
L -1263.3730, 3557.3003, -11.6418,  -1344.2273, 3557.3992, -11.6244,  64, 64, 64
L -1344.2273, 3557.3992, -11.6204,  -1344.1548, 3638.4526, -11.2533,  64, 64, 64
L -1344.1548, 3638.4526, -11.2571,  -1263.8330, 3638.4546, -11.2718,  64, 64, 64
L -1224.4912, 4077.1965, -34.3740,  -1224.1110, 4124.4375, -34.3740,  64, 64, 64
L -1224.1110, 4124.4375, -34.3740,  -1222.5359, 4124.4375, -34.3740,  64, 64, 64
L -1222.5359, 4124.4375, -34.3740,  -1222.6575, 4133.2490, -33.9365,  64, 64, 64
L -1222.6575, 4133.2490, -33.9365,  -1235.6250, 4133.3379, -33.9365,  64, 64, 64
L -1235.6250, 4133.3379, -33.9365,  -1235.6240, 4145.4614, -33.7177,  64, 64, 64
L -1235.6240, 4145.4614, -33.7177,  -1235.6250, 4192.2808, -10.7177,  64, 64, 64
L -1235.6250, 4192.2808, -10.7177,  -1235.6648, 4192.6978, -9.7177,  64, 64, 64
L -1235.6648, 4192.6978, -9.7177,  -1235.6874, 4146.5811, 12.2821,  64, 64, 64
L -1245.7499, 4133.3325, 14.2196,  -1195.6249, 4133.3433, 14.2196,  64, 64, 64
L -1195.6249, 4133.3433, 14.2196,  -1195.4718, 4192.7554, 14.2196,  64, 64, 64
L -1194.7845, 4133.3433, 39.6340,  -1194.3324, 4195.1475, 14.2196,  64, 64, 64
L -1194.7845, 4133.3433, 39.6340,  -1175.6874, 4133.3433, 39.6340,  64, 64, 64
L -1175.6874, 4133.3433, 39.6340,  -1175.6851, 4146.3867, 39.6340,  64, 64, 64
L -1175.6851, 4146.3867, 39.6340,  -1175.6847, 4203.3750, 63.6340,  64, 64, 64
L -1175.6847, 4203.3750, 63.6340,  -1245.7500, 4203.3745, 63.9000,  64, 64, 64
L -1245.7500, 4203.3745, 63.9000,  -1245.7500, 4133.3433, 63.9000,  64, 64, 64
L -1245.7500, 4133.3433, 63.9000,  -1175.6874, 4133.3433, 63.9000,  64, 64, 64
L -1175.6874, 4133.3433, 63.9000,  -1175.6874, 4151.9482, 63.9000,  64, 64, 64
L -1185.3710, 4194.9888, 63.6340,  -1184.7653, 4143.8008, 39.6340,  64, 64, 64
L -1184.7653, 4143.8008, 39.6340,  -1185.6165, 4143.6514, 39.6340,  64, 64, 64
L -1185.6165, 4143.6514, 39.6340,  -1185.6249, 4192.5908, 14.2196,  64, 64, 64
L -1185.6249, 4192.5908, 14.2196,  -1185.6229, 4203.3750, 14.2196,  64, 64, 64
L -1185.6229, 4203.3750, 14.2196,  -1245.7500, 4203.3745, 14.2196,  64, 64, 64
L -1245.7500, 4203.3745, 14.2196,  -1245.7500, 4133.3433, 14.2196,  64, 64, 64
L -1244.9375, 4144.5933, 13.2821,  -1244.8475, 4203.3750, -9.7177,  64, 64, 64
L -1244.8475, 4203.3750, -9.7177,  -1225.9481, 4203.3745, -9.7177,  64, 64, 64
L -1225.9480, 4203.3149, -9.7177,  -1225.8560, 4146.2808, -33.7177,  64, 64, 64
L -1195.3749, 4203.3750, -33.9365,  -1175.6874, 4203.3750, -33.9365,  64, 64, 64
L -1175.6874, 4203.3750, -33.9365,  -1175.6874, 4133.3433, -33.9365,  64, 64, 64
L -1175.6874, 4133.3433, -33.9365,  -1195.3402, 4133.3428, -33.9365,  64, 64, 64
L -1193.3486, 4077.4863, -39.5190,  -1193.2986, 4124.4375, -34.3740,  64, 64, 64
L -1193.2986, 4124.4375, -34.3740,  -1195.3315, 4124.4727, -34.3740,  64, 64, 64
L -1195.3315, 4124.4727, -34.3740,  -1195.3402, 4133.3428, -33.9089,  64, 64, 64
L -1225.9480, 4203.3149, -33.9365,  -1222.5947, 4203.5410, -33.9365,  64, 64, 64
L -1222.5947, 4203.5410, -33.9365,  -1222.5460, 4212.2759, -33.7802,  64, 64, 64
L -1222.5460, 4212.2759, -33.7802,  -1247.5771, 4212.2808, -33.7802,  64, 64, 64
L -1195.3749, 4203.3750, -33.4390,  -1195.3749, 4212.2803, -33.4390,  64, 64, 64
L -1175.4369, 4212.2808, -33.7802,  -1195.3749, 4212.2803, -33.7802,  64, 64, 64
L -1247.6267, 4212.2808, -33.7802,  -1248.1293, 4503.4590, -33.7802,  240, 240, 240
L -3150.3860, 4178.3809, 73.7352,  -3176.8721, 4194.2559, 73.7330,  0, 0, 255
L 2948.7712, -1498.9060, -64.5559,  3236.6563, -1498.9060, -63.3845,  0, 0, 255
P -3030.1038, 1535.5530, -0.1865,  0, 127, 0,  3,  to_West_Karana
P 3071.1372, -11.8330, -36.7177,  0, 127, 0,  3,  to_East_Karana
P -1212.9202, 4499.8989, -32.8436,  0, 127, 0,  3,  to_South_Karana
