L 1804.0000, 2227.0000, 37.0000,  1804.0000, 2227.0000, 3.0000,  0, 0, 0
L 1804.0000, 2227.0000, 3.0000,  1804.0000, 2207.0000, 3.0000,  0, 0, 0
L 1804.0000, 2207.0000, 3.0000,  1789.0000, 2192.0000, 3.0000,  0, 0, 0
L 1789.0000, 2192.0000, 3.0000,  1742.0000, 2192.0000, 3.0000,  0, 0, 0
L 1742.0000, 2192.0000, 3.0000,  1724.0000, 2175.0000, -11.0000,  0, 0, 0
L 1724.0000, 2175.0000, -118.0000,  1724.0000, 2175.0000, -11.0000,  0, 0, 0
L 1724.0000, 2175.0000, -11.0000,  1742.0000, 2140.0000, -14.0000,  0, 0, 0
L 1742.0000, 2140.0000, -14.0000,  1805.0000, 2140.0000, -14.0000,  0, 0, 0
L 1805.0000, 2140.0000, -14.0000,  1805.0000, 2128.0000, -14.0000,  0, 0, 0
L 1805.0000, 2128.0000, -14.0000,  1740.0000, 2127.0000, -14.0000,  0, 0, 0
L 1740.0000, 2127.0000, -14.0000,  1724.0000, 2096.0000, -14.0000,  0, 0, 0
L 1724.0000, 2096.0000, -14.0000,  1694.0000, 2080.0000, -14.0000,  0, 0, 0
L 1694.0000, 2080.0000, -14.0000,  1677.0000, 2080.0000, -196.0000,  0, 0, 0
L 1677.0000, 2080.0000, -196.0000,  1676.0000, 2156.0000, -207.0000,  0, 0, 0
L 1676.0000, 2156.0000, -207.0000,  1631.0000, 2156.0000, -193.0000,  0, 0, 0
L 1631.0000, 2156.0000, -193.0000,  1600.0000, 2140.0000, -190.0000,  0, 0, 0
L 1600.0000, 2140.0000, -190.0000,  1584.0000, 2109.0000, -188.0000,  0, 0, 0
L 1584.0000, 2109.0000, -1889.0000,  1584.0000, 2109.0000, -188.0000,  0, 0, 0
L 1584.0000, 2109.0000, -188.0000,  1534.0000, 2108.0000, -172.0000,  0, 0, 0
L 1534.0000, 2108.0000, -172.0000,  1517.0000, 2156.0000, -172.0000,  0, 0, 0
L 1677.0000, 2080.0000, -1980.0000,  1677.0000, 2080.0000, -198.0000,  0, 0, 0
L 1677.0000, 2080.0000, -198.0000,  1644.0000, 2046.0000, -193.0000,  0, 0, 0
L 1644.0000, 2046.0000, -193.0000,  1617.0000, 2046.0000, -190.0000,  0, 0, 0
L 1617.0000, 2046.0000, -190.0000,  1600.0000, 2064.0000, -189.0000,  0, 0, 0
L 1600.0000, 2064.0000, -189.0000,  1583.0000, 2096.0000, -188.0000,  0, 0, 0
L 1583.0000, 2096.0000, -1885.0000,  1583.0000, 2096.0000, -188.0000,  0, 0, 0
L 1583.0000, 2096.0000, -188.0000,  1533.0000, 2080.0000, -172.0000,  0, 0, 0
L 1533.0000, 2080.0000, -172.0000,  1516.0000, 2047.0000, -172.0000,  0, 0, 0
L 1516.0000, 2047.0000, -172.0000,  1516.0000, 1967.0000, -172.0000,  0, 0, 0
L 1516.0000, 1967.0000, -172.0000,  1453.0000, 1905.0000, -172.0000,  0, 0, 0
L 1453.0000, 1905.0000, -172.0000,  1358.0000, 1904.0000, -172.0000,  0, 0, 0
L 1358.0000, 1904.0000, -172.0000,  1325.0000, 1857.0000, -172.0000,  0, 0, 0
L 1325.0000, 1857.0000, -172.0000,  1278.0000, 1856.0000, -172.0000,  0, 0, 0
L 1278.0000, 1856.0000, -172.0000,  1244.0000, 1823.0000, -172.0000,  0, 0, 0
L 1244.0000, 1823.0000, -172.0000,  1260.0000, 1790.0000, -172.0000,  0, 0, 0
L 1260.0000, 1790.0000, -172.0000,  1251.0000, 1771.0000, -172.0000,  0, 0, 0
L 1251.0000, 1771.0000, -172.0000,  1201.0000, 1791.0000, -167.0000,  0, 0, 0
L 1201.0000, 1791.0000, -167.0000,  1216.0000, 1821.0000, -172.0000,  0, 0, 0
L 1216.0000, 1821.0000, -172.0000,  1182.0000, 1873.0000, -172.0000,  0, 0, 0
L 1182.0000, 1873.0000, -172.0000,  1167.0000, 1873.0000, -172.0000,  0, 0, 0
L 1167.0000, 1873.0000, -172.0000,  1135.0000, 1904.0000, -172.0000,  0, 0, 0
L 1135.0000, 1904.0000, -172.0000,  1107.0000, 1905.0000, -172.0000,  0, 0, 0
L 1107.0000, 1905.0000, -172.0000,  1097.0000, 1912.0000, -172.0000,  0, 0, 0
L 1097.0000, 1912.0000, -172.0000,  1038.0000, 1888.0000, -172.0000,  0, 0, 0
L 1793.0000, 2224.0000, 37.0000,  1793.0000, 2224.0000, 3.0000,  0, 0, 0
L 1793.0000, 2224.0000, 3.0000,  1792.0000, 2221.0000, 3.0000,  0, 0, 0
L 1792.0000, 2221.0000, 3.0000,  1776.0000, 2205.0000, 3.0000,  0, 0, 0
L 1776.0000, 2205.0000, 3.0000,  1727.0000, 2204.0000, 2.0000,  0, 0, 0
L 1727.0000, 2204.0000, 2.0000,  1696.0000, 2172.0000, -14.0000,  0, 0, 0
L 1696.0000, 2172.0000, -142.0000,  1696.0000, 2172.0000, -14.0000,  0, 0, 0
L 1696.0000, 2172.0000, -14.0000,  1677.0000, 2156.0000, -192.0000,  0, 0, 0
L 1517.0000, 2156.0000, -1721.0000,  1517.0000, 2156.0000, -172.0000,  0, 0, 0
L 1517.0000, 2156.0000, -172.0000,  1487.0000, 2156.0000, -172.0000,  0, 0, 0
L 1487.0000, 2156.0000, -172.0000,  1473.0000, 2141.0000, -172.0000,  0, 0, 0
L 1473.0000, 2141.0000, -172.0000,  1473.0000, 2079.0000, -172.0000,  0, 0, 0
L 1473.0000, 2079.0000, -172.0000,  1488.0000, 2049.0000, -172.0000,  0, 0, 0
L 1488.0000, 2049.0000, -172.0000,  1489.0000, 1983.0000, -172.0000,  0, 0, 0
L 1489.0000, 1983.0000, -172.0000,  1440.0000, 1933.0000, -172.0000,  0, 0, 0
L 1440.0000, 1933.0000, -172.0000,  1358.0000, 1932.0000, -172.0000,  0, 0, 0
L 1358.0000, 1932.0000, -172.0000,  1292.0000, 1965.0000, -172.0000,  0, 0, 0
L 1292.0000, 1965.0000, -172.0000,  1293.0000, 2031.0000, -172.0000,  0, 0, 0
L 1293.0000, 2031.0000, -172.0000,  1307.0000, 2061.0000, -172.0000,  0, 0, 0
L 1307.0000, 2061.0000, -172.0000,  1278.0000, 2076.0000, -172.0000,  0, 0, 0
L 1278.0000, 2076.0000, -172.0000,  1246.0000, 2107.0000, -172.0000,  0, 0, 0
L 1246.0000, 2107.0000, -172.0000,  1217.0000, 2093.0000, -172.0000,  0, 0, 0
L 1217.0000, 2093.0000, -172.0000,  1217.0000, 2063.0000, -172.0000,  0, 0, 0
L 1217.0000, 2063.0000, -172.0000,  1231.0000, 2048.0000, -172.0000,  0, 0, 0
L 1231.0000, 2048.0000, -172.0000,  1246.0000, 2048.0000, -172.0000,  0, 0, 0
L 1246.0000, 2048.0000, -172.0000,  1263.0000, 2033.0000, -172.0000,  0, 0, 0
L 1263.0000, 2033.0000, -172.0000,  1281.0000, 1999.0000, -172.0000,  0, 0, 0
L 1281.0000, 1999.0000, -172.0000,  1264.0000, 1964.0000, -172.0000,  0, 0, 0
L 1264.0000, 1964.0000, -172.0000,  1215.0000, 1948.0000, -172.0000,  0, 0, 0
L 1215.0000, 1948.0000, -172.0000,  1135.0000, 1932.0000, -172.0000,  0, 0, 0
L 1135.0000, 1932.0000, -172.0000,  1086.0000, 1932.0000, -172.0000,  0, 0, 0
L 1086.0000, 1932.0000, -172.0000,  1022.0000, 1948.0000, -171.0000,  0, 0, 0
L 1022.0000, 1948.0000, -171.0000,  972.0000, 1964.0000, -172.0000,  240, 240, 240
L 972.0000, 1964.0000, -172.0000,  972.0000, 2110.0000, -172.0000,  0, 0, 0
L 972.0000, 2110.0000, -172.0000,  974.0000, 2112.0000, -220.0000,  0, 0, 0
L 974.0000, 2112.0000, -220.0000,  928.0000, 2112.0000, -220.0000,  0, 0, 0
L 1165.0000, 1324.0000, -1721.0000,  1165.0000, 1324.0000, -172.0000,  0, 0, 0
L 1165.0000, 1324.0000, -172.0000,  1180.0000, 1278.0000, -172.0000,  0, 0, 0
L 1180.0000, 1278.0000, -172.0000,  1229.0000, 1261.0000, -172.0000,  0, 0, 0
L 1229.0000, 1261.0000, -172.0000,  1244.0000, 1215.0000, -172.0000,  0, 0, 0
L 1244.0000, 1215.0000, -172.0000,  1228.0000, 1183.0000, -172.0000,  0, 0, 0
L 1228.0000, 1183.0000, -172.0000,  1261.0000, 1165.0000, -172.0000,  0, 0, 0
L 1261.0000, 1165.0000, -172.0000,  1276.0000, 1135.0000, -172.0000,  0, 0, 0
L 1276.0000, 1135.0000, -172.0000,  1261.0000, 1105.0000, -172.0000,  0, 0, 0
L 1261.0000, 1105.0000, -172.0000,  1231.0000, 1105.0000, -172.0000,  0, 0, 0
L 1231.0000, 1105.0000, -172.0000,  1198.0000, 1137.0000, -172.0000,  0, 0, 0
L 1198.0000, 1137.0000, -172.0000,  1166.0000, 1137.0000, -172.0000,  0, 0, 0
L 1166.0000, 1137.0000, -172.0000,  1135.0000, 1153.0000, -172.0000,  0, 0, 0
L 1135.0000, 1153.0000, -172.0000,  1102.0000, 1185.0000, -172.0000,  0, 0, 0
L 1102.0000, 1185.0000, -172.0000,  1071.0000, 1185.0000, -172.0000,  0, 0, 0
L 1071.0000, 1185.0000, -172.0000,  1022.0000, 1201.0000, -172.0000,  0, 0, 0
L 1022.0000, 1201.0000, -172.0000,  989.0000, 1168.0000, -172.0000,  0, 0, 0
L 989.0000, 1168.0000, -172.0000,  957.0000, 1152.0000, -172.0000,  0, 0, 0
L 957.0000, 1152.0000, -172.0000,  988.0000, 1069.0000, -172.0000,  0, 0, 0
L 988.0000, 1069.0000, -172.0000,  988.0000, 1039.0000, -172.0000,  0, 0, 0
L 988.0000, 1039.0000, -172.0000,  958.0000, 1009.0000, -172.0000,  0, 0, 0
L 958.0000, 1009.0000, -172.0000,  877.0000, 1008.0000, -172.0000,  0, 0, 0
L 877.0000, 1008.0000, -172.0000,  861.0000, 993.0000, -172.0000,  0, 0, 0
L 861.0000, 993.0000, -172.0000,  860.0000, 944.0000, -172.0000,  0, 0, 0
L 860.0000, 944.0000, -172.0000,  853.0000, 937.0000, -172.0000,  0, 0, 0
L 853.0000, 937.0000, -172.0000,  849.0000, 935.0000, -170.0000,  0, 0, 0
L 849.0000, 935.0000, -170.0000,  842.0000, 927.0000, -170.0000,  0, 0, 0
L 842.0000, 927.0000, -170.0000,  843.0000, 923.0000, -170.0000,  0, 0, 0
L 843.0000, 923.0000, -170.0000,  844.0000, 922.0000, -170.0000,  0, 0, 0
L 844.0000, 922.0000, -170.0000,  844.0000, 919.0000, -170.0000,  0, 0, 0
L 844.0000, 919.0000, -170.0000,  845.0000, 894.0000, -172.0000,  0, 0, 0
L 845.0000, 894.0000, -172.0000,  861.0000, 877.0000, -172.0000,  0, 0, 0
L 861.0000, 877.0000, -172.0000,  909.0000, 876.0000, -172.0000,  0, 0, 0
L 909.0000, 876.0000, -172.0000,  924.0000, 862.0000, -172.0000,  0, 0, 0
L 924.0000, 862.0000, -172.0000,  924.0000, 843.0000, -172.0000,  0, 0, 0
L 913.0000, 841.0000, -1721.0000,  913.0000, 841.0000, -172.0000,  0, 0, 0
L 913.0000, 841.0000, -172.0000,  912.0000, 848.0000, -172.0000,  0, 0, 0
L 912.0000, 848.0000, -172.0000,  896.0000, 865.0000, -172.0000,  0, 0, 0
L 896.0000, 865.0000, -172.0000,  848.0000, 865.0000, -172.0000,  0, 0, 0
L 848.0000, 865.0000, -172.0000,  817.0000, 896.0000, -172.0000,  0, 0, 0
L 817.0000, 896.0000, -172.0000,  817.0000, 918.0000, -170.0000,  0, 0, 0
L 817.0000, 918.0000, -170.0000,  818.0000, 923.0000, -170.0000,  0, 0, 0
L 818.0000, 923.0000, -170.0000,  818.0000, 930.0000, -170.0000,  0, 0, 0
L 818.0000, 930.0000, -170.0000,  814.0000, 934.0000, -170.0000,  0, 0, 0
L 814.0000, 934.0000, -170.0000,  808.0000, 936.0000, -172.0000,  0, 0, 0
L 808.0000, 936.0000, -172.0000,  801.0000, 944.0000, -172.0000,  0, 0, 0
L 801.0000, 944.0000, -172.0000,  801.0000, 1006.0000, -172.0000,  0, 0, 0
L 801.0000, 1006.0000, -172.0000,  816.0000, 1021.0000, -172.0000,  0, 0, 0
L 816.0000, 1021.0000, -172.0000,  847.0000, 1036.0000, -172.0000,  0, 0, 0
L 847.0000, 1036.0000, -172.0000,  911.0000, 1036.0000, -172.0000,  0, 0, 0
L 911.0000, 1036.0000, -172.0000,  945.0000, 1070.0000, -172.0000,  0, 0, 0
L 945.0000, 1070.0000, -172.0000,  928.0000, 1152.0000, -172.0000,  0, 0, 0
L 928.0000, 1152.0000, -172.0000,  881.0000, 1184.0000, -172.0000,  0, 0, 0
L 881.0000, 1184.0000, -172.0000,  864.0000, 1232.0000, -172.0000,  0, 0, 0
L 864.0000, 1232.0000, -172.0000,  781.0000, 1232.0000, -172.0000,  0, 0, 0
L 781.0000, 1232.0000, -172.0000,  717.0000, 1200.0000, -172.0000,  0, 0, 0
L 717.0000, 1200.0000, -172.0000,  716.0000, 1135.0000, -172.0000,  0, 0, 0
L 716.0000, 1135.0000, -172.0000,  685.0000, 1057.0000, -172.0000,  0, 0, 0
L 685.0000, 1057.0000, -172.0000,  639.0000, 1057.0000, -172.0000,  0, 0, 0
L 639.0000, 1057.0000, -172.0000,  590.0000, 1025.0000, -172.0000,  0, 0, 0
L 590.0000, 1025.0000, -172.0000,  560.0000, 1025.0000, -172.0000,  0, 0, 0
L 560.0000, 1025.0000, -172.0000,  528.0000, 1104.0000, -172.0000,  0, 0, 0
L 528.0000, 1104.0000, -172.0000,  496.0000, 1105.0000, -172.0000,  0, 0, 0
L 496.0000, 1105.0000, -172.0000,  482.0000, 1136.0000, -171.0000,  0, 0, 0
L 482.0000, 1136.0000, -171.0000,  496.0000, 1164.0000, -172.0000,  0, 0, 0
L 496.0000, 1164.0000, -172.0000,  541.0000, 1164.0000, -172.0000,  0, 0, 0
L 541.0000, 1164.0000, -172.0000,  557.0000, 1133.0000, -172.0000,  0, 0, 0
L 557.0000, 1133.0000, -172.0000,  590.0000, 1132.0000, -172.0000,  0, 0, 0
L 590.0000, 1132.0000, -172.0000,  639.0000, 1084.0000, -172.0000,  0, 0, 0
L 639.0000, 1084.0000, -172.0000,  689.0000, 1135.0000, -172.0000,  0, 0, 0
L 689.0000, 1135.0000, -172.0000,  689.0000, 1198.0000, -172.0000,  0, 0, 0
L 689.0000, 1198.0000, -172.0000,  641.0000, 1264.0000, -172.0000,  0, 0, 0
L 641.0000, 1264.0000, -172.0000,  576.0000, 1265.0000, -172.0000,  0, 0, 0
L 576.0000, 1265.0000, -172.0000,  545.0000, 1311.0000, -172.0000,  0, 0, 0
L 545.0000, 1311.0000, -172.0000,  545.0000, 1406.0000, -187.0000,  0, 0, 0
L 545.0000, 1406.0000, -187.0000,  509.0000, 1441.0000, -188.0000,  0, 0, 0
L 509.0000, 1441.0000, -188.0000,  465.0000, 1456.0000, -188.0000,  0, 0, 0
L 465.0000, 1456.0000, -188.0000,  449.0000, 1503.0000, -188.0000,  0, 0, 0
L 449.0000, 1503.0000, -188.0000,  398.0000, 1457.0000, -172.0000,  0, 0, 0
L 398.0000, 1457.0000, -172.0000,  397.0000, 1407.0000, -165.0000,  0, 0, 0
L 397.0000, 1407.0000, -165.0000,  381.0000, 1391.0000, -172.0000,  0, 0, 0
L 381.0000, 1391.0000, -172.0000,  381.0000, 1358.0000, -172.0000,  0, 0, 0
L 381.0000, 1358.0000, -172.0000,  397.0000, 1326.0000, -172.0000,  0, 0, 0
L 397.0000, 1326.0000, -172.0000,  397.0000, 1295.0000, -172.0000,  0, 0, 0
L 397.0000, 1295.0000, -172.0000,  381.0000, 1265.0000, -172.0000,  0, 0, 0
L 381.0000, 1265.0000, -172.0000,  352.0000, 1265.0000, -172.0000,  0, 0, 0
L 352.0000, 1265.0000, -172.0000,  337.0000, 1280.0000, -172.0000,  0, 0, 0
L 337.0000, 1280.0000, -172.0000,  337.0000, 1310.0000, -172.0000,  0, 0, 0
L 337.0000, 1310.0000, -172.0000,  353.0000, 1359.0000, -172.0000,  0, 0, 0
L 353.0000, 1359.0000, -172.0000,  300.0000, 1393.0000, -172.0000,  0, 0, 0
L 300.0000, 1393.0000, -172.0000,  176.0000, 1393.0000, -188.0000,  0, 0, 0
L 176.0000, 1393.0000, -188.0000,  144.0000, 1425.0000, -188.0000,  0, 0, 0
L 144.0000, 1425.0000, -188.0000,  112.0000, 1425.0000, -188.0000,  0, 0, 0
L 112.0000, 1425.0000, -188.0000,  77.0000, 1456.0000, -188.0000,  0, 0, 0
L 77.0000, 1456.0000, -188.0000,  45.0000, 1440.0000, -188.0000,  0, 0, 0
L 45.0000, 1440.0000, -188.0000,  45.0000, 1359.0000, -188.0000,  0, 0, 0
L 45.0000, 1359.0000, -188.0000,  94.0000, 1340.0000, -187.0000,  0, 0, 0
L 94.0000, 1340.0000, -187.0000,  107.0000, 1330.0000, -187.0000,  0, 0, 0
L 107.0000, 1330.0000, -187.0000,  77.0000, 1249.0000, -188.0000,  0, 0, 0
L 77.0000, 1249.0000, -188.0000,  64.0000, 1249.0000, -188.0000,  0, 0, 0
L 64.0000, 1249.0000, -188.0000,  33.0000, 1264.0000, -188.0000,  0, 0, 0
L 33.0000, 1264.0000, -188.0000,  17.0000, 1312.0000, -188.0000,  0, 0, 0
L 17.0000, 1312.0000, -188.0000,  -15.0000, 1313.0000, -188.0000,  0, 0, 0
L -15.0000, 1313.0000, -188.0000,  -46.0000, 1328.0000, -188.0000,  0, 0, 0
L -46.0000, 1328.0000, -188.0000,  -63.0000, 1392.0000, -188.0000,  0, 0, 0
L -63.0000, 1392.0000, -188.0000,  -96.0000, 1393.0000, -188.0000,  0, 0, 0
L -96.0000, 1393.0000, -188.0000,  -159.0000, 1409.0000, -188.0000,  0, 0, 0
L -159.0000, 1409.0000, -188.0000,  -223.0000, 1409.0000, -188.0000,  0, 0, 0
L -223.0000, 1409.0000, -188.0000,  -258.0000, 1360.0000, -188.0000,  0, 0, 0
L -258.0000, 1360.0000, -188.0000,  -194.0000, 1278.0000, -188.0000,  0, 0, 0
L -194.0000, 1278.0000, -188.0000,  -178.0000, 1198.0000, -188.0000,  0, 0, 0
L -178.0000, 1198.0000, -188.0000,  -161.0000, 1196.0000, -188.0000,  0, 0, 0
L -161.0000, 1196.0000, -188.0000,  -130.0000, 1166.0000, -188.0000,  0, 0, 0
L -130.0000, 1166.0000, -188.0000,  -130.0000, 1119.0000, -188.0000,  0, 0, 0
L -130.0000, 1119.0000, -188.0000,  -145.0000, 1105.0000, -188.0000,  0, 0, 0
L -145.0000, 1105.0000, -188.0000,  -162.0000, 1104.0000, -188.0000,  0, 0, 0
L -162.0000, 1104.0000, -188.0000,  -177.0000, 1089.0000, -188.0000,  0, 0, 0
L -177.0000, 1089.0000, -188.0000,  -207.0000, 1089.0000, -188.0000,  0, 0, 0
L -207.0000, 1089.0000, -188.0000,  -222.0000, 1104.0000, -188.0000,  0, 0, 0
L -222.0000, 1104.0000, -188.0000,  -239.0000, 1105.0000, -188.0000,  0, 0, 0
L -239.0000, 1105.0000, -188.0000,  -254.0000, 1119.0000, -188.0000,  0, 0, 0
L -254.0000, 1119.0000, -188.0000,  -254.0000, 1134.0000, -188.0000,  0, 0, 0
L -254.0000, 1134.0000, -188.0000,  -239.0000, 1164.0000, -188.0000,  0, 0, 0
L -239.0000, 1164.0000, -188.0000,  -223.0000, 1165.0000, -188.0000,  0, 0, 0
L -223.0000, 1165.0000, -188.0000,  -206.0000, 1199.0000, -188.0000,  0, 0, 0
L -206.0000, 1199.0000, -188.0000,  -238.0000, 1279.0000, -188.0000,  0, 0, 0
L -238.0000, 1279.0000, -188.0000,  -287.0000, 1328.0000, -188.0000,  0, 0, 0
L -287.0000, 1328.0000, -188.0000,  -321.0000, 1297.0000, -188.0000,  0, 0, 0
L -321.0000, 1297.0000, -188.0000,  -353.0000, 1296.0000, -188.0000,  0, 0, 0
L -353.0000, 1296.0000, -188.0000,  -386.0000, 1198.0000, -188.0000,  0, 0, 0
L -386.0000, 1198.0000, -188.0000,  -386.0000, 1166.0000, -188.0000,  0, 0, 0
L -386.0000, 1166.0000, -188.0000,  -355.0000, 1134.0000, -188.0000,  0, 0, 0
L -355.0000, 1134.0000, -188.0000,  -369.0000, 1105.0000, -188.0000,  0, 0, 0
L -369.0000, 1105.0000, -188.0000,  -383.0000, 1105.0000, -188.0000,  0, 0, 0
L -383.0000, 1105.0000, -188.0000,  -414.0000, 1120.0000, -188.0000,  0, 0, 0
L -414.0000, 1120.0000, -188.0000,  -414.0000, 1150.0000, -188.0000,  0, 0, 0
L -414.0000, 1150.0000, -188.0000,  -433.0000, 1153.0000, -188.0000,  0, 0, 0
L -433.0000, 1153.0000, -188.0000,  -463.0000, 1137.0000, -188.0000,  0, 0, 0
L -463.0000, 1137.0000, -188.0000,  -480.0000, 1137.0000, -188.0000,  0, 0, 0
L -480.0000, 1137.0000, -188.0000,  -497.0000, 1106.0000, -188.0000,  0, 0, 0
L -497.0000, 1106.0000, -188.0000,  -542.0000, 1089.0000, -188.0000,  0, 0, 0
L -542.0000, 1089.0000, -188.0000,  -559.0000, 1089.0000, -188.0000,  0, 0, 0
L -559.0000, 1089.0000, -188.0000,  -590.0000, 1120.0000, -188.0000,  0, 0, 0
L -590.0000, 1120.0000, -188.0000,  -622.0000, 1121.0000, -188.0000,  0, 0, 0
L -622.0000, 1121.0000, -188.0000,  -637.0000, 1151.0000, -188.0000,  0, 0, 0
L -637.0000, 1151.0000, -188.0000,  -669.0000, 1183.0000, -188.0000,  0, 0, 0
L -669.0000, 1183.0000, -188.0000,  -669.0000, 1197.0000, -188.0000,  0, 0, 0
L -669.0000, 1197.0000, -188.0000,  -624.0000, 1212.0000, -188.0000,  0, 0, 0
L -624.0000, 1212.0000, -188.0000,  -577.0000, 1196.0000, -188.0000,  0, 0, 0
L -577.0000, 1196.0000, -188.0000,  -558.0000, 1180.0000, -188.0000,  0, 0, 0
L -558.0000, 1180.0000, -188.0000,  -513.0000, 1180.0000, -188.0000,  0, 0, 0
L -513.0000, 1180.0000, -188.0000,  -478.0000, 1164.0000, -188.0000,  0, 0, 0
L -478.0000, 1164.0000, -188.0000,  -430.0000, 1165.0000, -188.0000,  0, 0, 0
L -430.0000, 1165.0000, -188.0000,  -398.0000, 1197.0000, -188.0000,  0, 0, 0
L -398.0000, 1197.0000, -188.0000,  -398.0000, 1246.0000, -188.0000,  0, 0, 0
L -398.0000, 1246.0000, -188.0000,  -414.0000, 1311.0000, -188.0000,  0, 0, 0
L -414.0000, 1311.0000, -188.0000,  -430.0000, 1343.0000, -188.0000,  0, 0, 0
L -430.0000, 1343.0000, -188.0000,  -430.0000, 1365.0000, -188.0000,  0, 0, 0
L -430.0000, 1365.0000, -188.0000,  -424.0000, 1382.0000, -188.0000,  0, 0, 0
L -424.0000, 1382.0000, -188.0000,  -438.0000, 1399.0000, -188.0000,  0, 0, 0
L -438.0000, 1399.0000, -188.0000,  -446.0000, 1428.0000, -188.0000,  0, 0, 0
L -446.0000, 1428.0000, -188.0000,  -445.0000, 1458.0000, -188.0000,  0, 0, 0
L -445.0000, 1458.0000, -188.0000,  -430.0000, 1521.0000, -204.0000,  0, 0, 0
L -430.0000, 1521.0000, -204.0000,  -430.0000, 1581.0000, -204.0000,  0, 0, 0
L -430.0000, 1581.0000, -204.0000,  -479.0000, 1632.0000, -204.0000,  0, 0, 0
L -479.0000, 1632.0000, -204.0000,  -575.0000, 1648.0000, -218.0000,  0, 0, 0
L -575.0000, 1648.0000, -218.0000,  -610.0000, 1633.0000, -220.0000,  0, 0, 0
L -610.0000, 1633.0000, -220.0000,  -638.0000, 1633.0000, -220.0000,  0, 0, 0
L -638.0000, 1633.0000, -220.0000,  -706.0000, 1551.0000, -220.0000,  0, 0, 0
L -706.0000, 1551.0000, -220.0000,  -706.0000, 1440.0000, -236.0000,  0, 0, 0
L -706.0000, 1440.0000, -236.0000,  -751.0000, 1410.0000, -236.0000,  0, 0, 0
L -751.0000, 1410.0000, -236.0000,  -897.0000, 1409.0000, -251.0000,  0, 0, 0
L -897.0000, 1409.0000, -251.0000,  -975.0000, 1393.0000, -252.0000,  0, 0, 0
L -975.0000, 1393.0000, -252.0000,  -1008.0000, 1425.0000, -252.0000,  0, 0, 0
L -1008.0000, 1425.0000, -252.0000,  -1120.0000, 1425.0000, -267.0000,  0, 0, 0
L -1120.0000, 1425.0000, -267.0000,  -1169.0000, 1376.0000, -268.0000,  0, 0, 0
L -1169.0000, 1376.0000, -268.0000,  -1185.0000, 1282.0000, -282.0000,  0, 0, 0
L -1185.0000, 1282.0000, -282.0000,  -1138.0000, 1245.0000, -284.0000,  0, 0, 0
L -1138.0000, 1245.0000, -284.0000,  -1138.0000, 1217.0000, -284.0000,  0, 0, 0
L -1138.0000, 1217.0000, -284.0000,  -1169.0000, 1185.0000, -284.0000,  0, 0, 0
L -1169.0000, 1185.0000, -284.0000,  -1199.0000, 1185.0000, -284.0000,  0, 0, 0
L -1199.0000, 1185.0000, -284.0000,  -1231.0000, 1217.0000, -284.0000,  0, 0, 0
L -1231.0000, 1217.0000, -284.0000,  -1279.0000, 1185.0000, -284.0000,  0, 0, 0
L -1279.0000, 1185.0000, -284.0000,  -1327.0000, 1185.0000, -284.0000,  0, 0, 0
L -1327.0000, 1185.0000, -284.0000,  -1373.0000, 1216.0000, -284.0000,  0, 0, 0
L -1373.0000, 1216.0000, -284.0000,  -1390.0000, 1264.0000, -284.0000,  0, 0, 0
L -1390.0000, 1264.0000, -284.0000,  -1437.0000, 1265.0000, -284.0000,  0, 0, 0
L -1437.0000, 1265.0000, -284.0000,  -1501.0000, 1312.0000, -291.0000,  0, 0, 0
L -1501.0000, 1312.0000, -291.0000,  -1502.0000, 1360.0000, -300.0000,  0, 0, 0
L -1502.0000, 1360.0000, -300.0000,  -1537.0000, 1426.0000, -300.0000,  0, 0, 0
L -1537.0000, 1426.0000, -300.0000,  -1551.0000, 1425.0000, -300.0000,  0, 0, 0
L -1551.0000, 1425.0000, -300.0000,  -1597.0000, 1456.0000, -300.0000,  0, 0, 0
L -1597.0000, 1456.0000, -300.0000,  -1597.0000, 1502.0000, -300.0000,  0, 0, 0
L -1597.0000, 1502.0000, -300.0000,  -1629.0000, 1520.0000, -300.0000,  0, 0, 0
L -1629.0000, 1520.0000, -300.0000,  -1645.0000, 1551.0000, -300.0000,  0, 0, 0
L -1645.0000, 1551.0000, -300.0000,  -1645.0000, 1581.0000, -300.0000,  0, 0, 0
L -1645.0000, 1581.0000, -300.0000,  -1630.0000, 1632.0000, -310.0000,  0, 0, 0
L -1630.0000, 1632.0000, -310.0000,  -1645.0000, 1663.0000, -313.0000,  0, 0, 0
L -1645.0000, 1663.0000, -3136.0000,  -1645.0000, 1663.0000, -313.0000,  0, 0, 0
L -1645.0000, 1663.0000, -313.0000,  -1661.0000, 1695.0000, -319.0000,  0, 0, 0
L -1661.0000, 1695.0000, -319.0000,  -1661.0000, 1742.0000, -319.0000,  0, 0, 0
L -1661.0000, 1742.0000, -319.0000,  -1628.0000, 1789.0000, -319.0000,  0, 0, 0
L -1628.0000, 1789.0000, -319.0000,  -1600.0000, 1803.0000, -319.0000,  0, 0, 0
L -1600.0000, 1803.0000, -319.0000,  -1552.0000, 1788.0000, -320.0000,  0, 0, 0
L -1552.0000, 1788.0000, -320.0000,  -1522.0000, 1758.0000, -336.0000,  0, 0, 0
L -1522.0000, 1758.0000, -336.0000,  -1487.0000, 1740.0000, -347.0000,  0, 0, 0
L -1487.0000, 1740.0000, -347.0000,  -1437.0000, 1741.0000, -348.0000,  0, 0, 0
L -1437.0000, 1741.0000, -348.0000,  -1391.0000, 1788.0000, -348.0000,  0, 0, 0
L -1391.0000, 1788.0000, -348.0000,  -1389.0000, 1836.0000, -348.0000,  0, 0, 0
L -1389.0000, 1836.0000, -348.0000,  -1404.0000, 1869.0000, -332.0000,  0, 0, 0
L -1404.0000, 1869.0000, -332.0000,  -1421.0000, 1887.0000, -330.0000,  0, 0, 0
L -1421.0000, 1887.0000, -330.0000,  -1419.0000, 1939.0000, -324.0000,  0, 0, 0
L -1419.0000, 1939.0000, -324.0000,  -1406.0000, 1964.0000, -317.0000,  0, 0, 0
L -1406.0000, 1964.0000, -3170.0000,  -1406.0000, 1964.0000, -317.0000,  0, 0, 0
L -1406.0000, 1964.0000, -317.0000,  -1390.0000, 1997.0000, -300.0000,  0, 0, 0
L -1390.0000, 1997.0000, -300.0000,  -1359.0000, 2012.0000, -300.0000,  0, 0, 0
L -1359.0000, 2012.0000, -300.0000,  -1344.0000, 2012.0000, -302.0000,  0, 0, 0
L -1344.0000, 2012.0000, -302.0000,  -1313.0000, 1997.0000, -305.0000,  0, 0, 0
L -1313.0000, 1997.0000, -305.0000,  -1298.0000, 1950.0000, -315.0000,  0, 0, 0
L -1298.0000, 1950.0000, -315.0000,  -1298.0000, 1934.0000, -315.0000,  0, 0, 0
L -1298.0000, 1934.0000, -315.0000,  -1314.0000, 1919.0000, -326.0000,  0, 0, 0
L -1314.0000, 1919.0000, -3268.0000,  -1314.0000, 1919.0000, -326.0000,  0, 0, 0
L -1314.0000, 1919.0000, -326.0000,  -1329.0000, 1888.0000, -330.0000,  0, 0, 0
L -1329.0000, 1888.0000, -330.0000,  -1359.0000, 1873.0000, -331.0000,  0, 0, 0
L -1359.0000, 1873.0000, -331.0000,  -1378.0000, 1839.0000, -337.0000,  0, 0, 0
L -1378.0000, 1839.0000, -337.0000,  -1378.0000, 1775.0000, -345.0000,  0, 0, 0
L -1378.0000, 1775.0000, -345.0000,  -1424.0000, 1729.0000, -348.0000,  0, 0, 0
L -1424.0000, 1729.0000, -348.0000,  -1486.0000, 1729.0000, -348.0000,  0, 0, 0
L -1486.0000, 1729.0000, -348.0000,  -1520.0000, 1712.0000, -334.0000,  0, 0, 0
L -1520.0000, 1712.0000, -334.0000,  -1522.0000, 1682.0000, -336.0000,  0, 0, 0
L -1522.0000, 1682.0000, -336.0000,  -1568.0000, 1649.0000, -320.0000,  0, 0, 0
L -1568.0000, 1649.0000, -320.0000,  -1584.0000, 1649.0000, -317.0000,  0, 0, 0
L -1584.0000, 1648.0000, -3175.0000,  -1584.0000, 1648.0000, -317.0000,  0, 0, 0
L -1584.0000, 1648.0000, -317.0000,  -1613.0000, 1634.0000, -308.0000,  0, 0, 0
L -1613.0000, 1634.0000, -308.0000,  -1619.0000, 1630.0000, -307.0000,  0, 0, 0
L -1619.0000, 1630.0000, -307.0000,  -1616.0000, 1579.0000, -300.0000,  0, 0, 0
L -1616.0000, 1579.0000, -300.0000,  -1601.0000, 1548.0000, -300.0000,  0, 0, 0
L -1601.0000, 1548.0000, -300.0000,  -1570.0000, 1533.0000, -300.0000,  0, 0, 0
L -1570.0000, 1533.0000, -300.0000,  -1534.0000, 1549.0000, -300.0000,  0, 0, 0
L -1534.0000, 1549.0000, -300.0000,  -1517.0000, 1583.0000, -298.0000,  0, 0, 0
L -1517.0000, 1583.0000, -298.0000,  -1517.0000, 1616.0000, -284.0000,  0, 0, 0
L -1517.0000, 1616.0000, -284.0000,  -1517.0000, 1629.0000, -284.0000,  0, 0, 0
L -1517.0000, 1629.0000, -284.0000,  -1486.0000, 1660.0000, -284.0000,  0, 0, 0
L -1486.0000, 1660.0000, -284.0000,  -1424.0000, 1660.0000, -268.0000,  0, 0, 0
L -1424.0000, 1660.0000, -268.0000,  -1405.0000, 1678.0000, -270.0000,  0, 0, 0
L -1405.0000, 1678.0000, -270.0000,  -1406.0000, 1696.0000, -276.0000,  153, 153, 153
L -1458.0000, 1518.0000, -3001.0000,  -1458.0000, 1518.0000, -300.0000,  0, 0, 0
L -1458.0000, 1518.0000, -300.0000,  -1473.0000, 1472.0000, -300.0000,  0, 0, 0
L -1473.0000, 1472.0000, -300.0000,  -1505.0000, 1440.0000, -300.0000,  0, 0, 0
L -1505.0000, 1440.0000, -300.0000,  -1457.0000, 1357.0000, -298.0000,  0, 0, 0
L -1457.0000, 1357.0000, -298.0000,  -1361.0000, 1292.0000, -284.0000,  0, 0, 0
L -1361.0000, 1292.0000, -284.0000,  -1281.0000, 1308.0000, -284.0000,  0, 0, 0
L -1281.0000, 1308.0000, -284.0000,  -1217.0000, 1277.0000, -284.0000,  0, 0, 0
L -1217.0000, 1277.0000, -284.0000,  -1213.0000, 1374.0000, -268.0000,  0, 0, 0
L -1213.0000, 1374.0000, -268.0000,  -1198.0000, 1421.0000, -268.0000,  0, 0, 0
L -1198.0000, 1421.0000, -268.0000,  -1119.0000, 1452.0000, -266.0000,  0, 0, 0
L -1119.0000, 1452.0000, -266.0000,  -1008.0000, 1452.0000, -252.0000,  0, 0, 0
L -1008.0000, 1452.0000, -252.0000,  -896.0000, 1436.0000, -251.0000,  0, 0, 0
L -896.0000, 1436.0000, -251.0000,  -784.0000, 1436.0000, -236.0000,  0, 0, 0
L -784.0000, 1436.0000, -236.0000,  -734.0000, 1485.0000, -236.0000,  0, 0, 0
L -734.0000, 1485.0000, -236.0000,  -733.0000, 1550.0000, -220.0000,  0, 0, 0
L -733.0000, 1550.0000, -220.0000,  -671.0000, 1644.0000, -220.0000,  0, 0, 0
L -671.0000, 1644.0000, -220.0000,  -654.0000, 1677.0000, -220.0000,  0, 0, 0
L -654.0000, 1677.0000, -220.0000,  -608.0000, 1692.0000, -220.0000,  0, 0, 0
L -608.0000, 1692.0000, -220.0000,  -576.0000, 1676.0000, -219.0000,  0, 0, 0
L -576.0000, 1676.0000, -219.0000,  -433.0000, 1676.0000, -204.0000,  0, 0, 0
L -433.0000, 1676.0000, -204.0000,  -402.0000, 1629.0000, -204.0000,  0, 0, 0
L -402.0000, 1629.0000, -204.0000,  -401.0000, 1452.0000, -188.0000,  0, 0, 0
L -401.0000, 1452.0000, -188.0000,  -350.0000, 1404.0000, -188.0000,  0, 0, 0
L -350.0000, 1404.0000, -188.0000,  -305.0000, 1388.0000, -188.0000,  0, 0, 0
L -305.0000, 1388.0000, -188.0000,  -286.0000, 1438.0000, -188.0000,  0, 0, 0
L -286.0000, 1438.0000, -188.0000,  -271.0000, 1452.0000, -188.0000,  0, 0, 0
L -271.0000, 1452.0000, -188.0000,  -257.0000, 1452.0000, -188.0000,  0, 0, 0
L -257.0000, 1452.0000, -188.0000,  -226.0000, 1437.0000, -188.0000,  0, 0, 0
L -226.0000, 1437.0000, -188.0000,  -158.0000, 1420.0000, -188.0000,  0, 0, 0
L -158.0000, 1420.0000, -188.0000,  -65.0000, 1436.0000, -188.0000,  0, 0, 0
L -65.0000, 1436.0000, -188.0000,  -15.0000, 1484.0000, -188.0000,  0, 0, 0
L -15.0000, 1484.0000, -188.0000,  30.0000, 1468.0000, -188.0000,  0, 0, 0
L 30.0000, 1468.0000, -188.0000,  65.0000, 1502.0000, -188.0000,  0, 0, 0
L 65.0000, 1502.0000, -188.0000,  31.0000, 1553.0000, -188.0000,  0, 0, 0
L 31.0000, 1553.0000, -188.0000,  0.0000, 1553.0000, -188.0000,  0, 0, 0
L 0.0000, 1553.0000, -188.0000,  -30.0000, 1568.0000, -188.0000,  0, 0, 0
L -30.0000, 1568.0000, -188.0000,  -30.0000, 1598.0000, -188.0000,  0, 0, 0
L -30.0000, 1598.0000, -188.0000,  0.0000, 1628.0000, -188.0000,  0, 0, 0
L 0.0000, 1628.0000, -188.0000,  46.0000, 1644.0000, -188.0000,  0, 0, 0
L 46.0000, 1644.0000, -188.0000,  76.0000, 1614.0000, -188.0000,  0, 0, 0
L 76.0000, 1614.0000, -188.0000,  61.0000, 1583.0000, -188.0000,  0, 0, 0
L 61.0000, 1583.0000, -188.0000,  109.0000, 1549.0000, -188.0000,  0, 0, 0
L 109.0000, 1549.0000, -188.0000,  109.0000, 1517.0000, -188.0000,  0, 0, 0
L 109.0000, 1517.0000, -188.0000,  157.0000, 1485.0000, -188.0000,  0, 0, 0
L 157.0000, 1485.0000, -188.0000,  157.0000, 1454.0000, -188.0000,  0, 0, 0
L 157.0000, 1454.0000, -188.0000,  175.0000, 1451.0000, -188.0000,  0, 0, 0
L 175.0000, 1451.0000, -188.0000,  225.0000, 1420.0000, -186.0000,  0, 0, 0
L 225.0000, 1420.0000, -186.0000,  302.0000, 1420.0000, -172.0000,  0, 0, 0
L 302.0000, 1420.0000, -172.0000,  352.0000, 1468.0000, -172.0000,  0, 0, 0
L 352.0000, 1468.0000, -172.0000,  382.0000, 1468.0000, -172.0000,  0, 0, 0
L 382.0000, 1468.0000, -172.0000,  449.0000, 1534.0000, -188.0000,  0, 0, 0
L 449.0000, 1534.0000, -188.0000,  465.0000, 1597.0000, -185.0000,  0, 0, 0
L 465.0000, 1597.0000, -185.0000,  525.0000, 1612.0000, -188.0000,  0, 0, 0
L 525.0000, 1612.0000, -188.0000,  637.0000, 1612.0000, -183.0000,  0, 0, 0
L 637.0000, 1612.0000, -183.0000,  637.0000, 1581.0000, -188.0000,  0, 0, 0
L 637.0000, 1581.0000, -188.0000,  690.0000, 1564.0000, -186.0000,  0, 0, 0
L 690.0000, 1564.0000, -186.0000,  877.0000, 1564.0000, -169.0000,  0, 0, 0
L 877.0000, 1564.0000, -169.0000,  907.0000, 1534.0000, -171.0000,  0, 0, 0
L 907.0000, 1534.0000, -171.0000,  909.0000, 1503.0000, -171.0000,  0, 0, 0
L 909.0000, 1503.0000, -171.0000,  926.0000, 1498.0000, -172.0000,  0, 0, 0
L 926.0000, 1498.0000, -172.0000,  957.0000, 1471.0000, -171.0000,  0, 0, 0
L 957.0000, 1471.0000, -171.0000,  991.0000, 1470.0000, -172.0000,  0, 0, 0
L 991.0000, 1470.0000, -172.0000,  1007.0000, 1502.0000, -172.0000,  0, 0, 0
L 1007.0000, 1502.0000, -172.0000,  1009.0000, 1520.0000, -179.0000,  0, 0, 0
L 1009.0000, 1520.0000, -179.0000,  1022.0000, 1535.0000, -187.0000,  0, 0, 0
L 1022.0000, 1535.0000, -187.0000,  1024.0000, 1566.0000, -205.0000,  0, 0, 0
L 1024.0000, 1566.0000, -205.0000,  1003.0000, 1586.0000, -220.0000,  0, 0, 0
L 1055.0000, 1425.0000, -1721.0000,  1055.0000, 1425.0000, -172.0000,  0, 0, 0
L 1055.0000, 1425.0000, -172.0000,  1037.0000, 1441.0000, -172.0000,  0, 0, 0
L 1037.0000, 1441.0000, -172.0000,  1022.0000, 1441.0000, -172.0000,  0, 0, 0
L 1022.0000, 1441.0000, -172.0000,  991.0000, 1425.0000, -171.0000,  0, 0, 0
L 991.0000, 1425.0000, -171.0000,  978.0000, 1392.0000, -169.0000,  0, 0, 0
L 978.0000, 1392.0000, -169.0000,  965.0000, 1385.0000, -167.0000,  0, 0, 0
L 965.0000, 1385.0000, -167.0000,  962.0000, 1424.0000, -165.0000,  0, 0, 0
L 962.0000, 1424.0000, -165.0000,  944.0000, 1456.0000, -172.0000,  0, 0, 0
L 944.0000, 1456.0000, -172.0000,  928.0000, 1457.0000, -172.0000,  0, 0, 0
L 928.0000, 1457.0000, -172.0000,  881.0000, 1534.0000, -171.0000,  0, 0, 0
L 881.0000, 1534.0000, -171.0000,  703.0000, 1537.0000, -183.0000,  0, 0, 0
L 703.0000, 1537.0000, -183.0000,  681.0000, 1505.0000, -177.0000,  0, 0, 0
L 681.0000, 1505.0000, -177.0000,  648.0000, 1504.0000, -188.0000,  0, 0, 0
L 648.0000, 1504.0000, -188.0000,  603.0000, 1438.0000, -188.0000,  0, 0, 0
L 603.0000, 1438.0000, -188.0000,  573.0000, 1408.0000, -188.0000,  0, 0, 0
L 573.0000, 1408.0000, -188.0000,  573.0000, 1341.0000, -172.0000,  0, 0, 0
L 573.0000, 1341.0000, -172.0000,  638.0000, 1292.0000, -172.0000,  0, 0, 0
L 638.0000, 1292.0000, -172.0000,  719.0000, 1292.0000, -172.0000,  0, 0, 0
L 719.0000, 1292.0000, -172.0000,  783.0000, 1260.0000, -172.0000,  0, 0, 0
L 783.0000, 1260.0000, -172.0000,  862.0000, 1260.0000, -172.0000,  0, 0, 0
L 862.0000, 1260.0000, -172.0000,  913.0000, 1295.0000, -172.0000,  0, 0, 0
L 913.0000, 1295.0000, -172.0000,  908.0000, 1305.0000, -172.0000,  0, 0, 0
L 908.0000, 1305.0000, -172.0000,  908.0000, 1332.0000, -172.0000,  0, 0, 0
L 908.0000, 1332.0000, -172.0000,  954.0000, 1365.0000, -172.0000,  0, 0, 0
L 954.0000, 1365.0000, -172.0000,  986.0000, 1365.0000, -172.0000,  0, 0, 0
L 986.0000, 1365.0000, -172.0000,  1022.0000, 1356.0000, -172.0000,  0, 0, 0
L 1022.0000, 1356.0000, -172.0000,  1056.0000, 1388.0000, -172.0000,  0, 0, 0
L 1056.0000, 1388.0000, -172.0000,  1071.0000, 1388.0000, -172.0000,  0, 0, 0
L 1071.0000, 1388.0000, -172.0000,  1101.0000, 1372.0000, -172.0000,  0, 0, 0
L 1101.0000, 1372.0000, -172.0000,  1116.0000, 1326.0000, -172.0000,  0, 0, 0
L 1116.0000, 1326.0000, -172.0000,  1165.0000, 1324.0000, -172.0000,  0, 0, 0
L 1165.0000, 1324.0000, -172.0000,  1181.0000, 1277.0000, -172.0000,  0, 0, 0
L 1181.0000, 1277.0000, -172.0000,  1229.0000, 1260.0000, -172.0000,  0, 0, 0
L 1117.0000, 1213.0000, -1721.0000,  1117.0000, 1213.0000, -172.0000,  0, 0, 0
L 1117.0000, 1213.0000, -172.0000,  1169.0000, 1214.0000, -172.0000,  0, 0, 0
L 1169.0000, 1214.0000, -172.0000,  1152.0000, 1248.0000, -172.0000,  0, 0, 0
L 1152.0000, 1248.0000, -172.0000,  1119.0000, 1249.0000, -172.0000,  0, 0, 0
L 1119.0000, 1249.0000, -172.0000,  1117.0000, 1213.0000, -172.0000,  0, 0, 0
L 1005.0000, 1261.0000, -1721.0000,  1005.0000, 1261.0000, -172.0000,  0, 0, 0
L 1005.0000, 1261.0000, -172.0000,  1055.0000, 1276.0000, -172.0000,  0, 0, 0
L 1055.0000, 1276.0000, -172.0000,  1024.0000, 1328.0000, -172.0000,  0, 0, 0
L 1024.0000, 1328.0000, -172.0000,  972.0000, 1294.0000, -172.0000,  0, 0, 0
L 972.0000, 1294.0000, -172.0000,  1005.0000, 1261.0000, -172.0000,  0, 0, 0
L -1458.0000, 1518.0000, -3001.0000,  -1458.0000, 1518.0000, -300.0000,  0, 0, 0
L -1458.0000, 1518.0000, -300.0000,  -1489.0000, 1548.0000, -300.0000,  0, 0, 0
L -1489.0000, 1548.0000, -300.0000,  -1506.0000, 1582.0000, -299.0000,  0, 0, 0
L -1506.0000, 1582.0000, -299.0000,  -1506.0000, 1615.0000, -284.0000,  0, 0, 0
L -1506.0000, 1615.0000, -284.0000,  -1472.0000, 1648.0000, -284.0000,  0, 0, 0
L -1472.0000, 1648.0000, -284.0000,  -1417.0000, 1649.0000, -268.0000,  0, 0, 0
L -1417.0000, 1649.0000, -268.0000,  -1391.0000, 1649.0000, -269.0000,  0, 0, 0
L -1391.0000, 1649.0000, -269.0000,  -1359.0000, 1633.0000, -269.0000,  0, 0, 0
L -1359.0000, 1633.0000, -269.0000,  -1329.0000, 1633.0000, -269.0000,  0, 0, 0
L -1329.0000, 1633.0000, -269.0000,  -1314.0000, 1678.0000, -270.0000,  0, 0, 0
L -1314.0000, 1678.0000, -270.0000,  -1345.0000, 1708.0000, -269.0000,  0, 0, 0
L -1345.0000, 1708.0000, -269.0000,  -1389.0000, 1708.0000, -271.0000,  0, 0, 0
L -1389.0000, 1708.0000, -2716.0000,  -1391.0000, 1708.0000, -276.0000,  0, 0, 255
L -1391.0000, 1708.0000, -276.0000,  -1381.0000, 1698.0000, -274.0000,  127, 64, 0
L -1381.0000, 1698.0000, -274.0000,  -1346.0000, 1692.0000, -274.0000,  127, 64, 0
L -1346.0000, 1692.0000, -274.0000,  -1327.0000, 1673.0000, -274.0000,  127, 64, 0
L -1327.0000, 1673.0000, -274.0000,  -1335.0000, 1650.0000, -275.0000,  127, 64, 0
L -1335.0000, 1650.0000, -275.0000,  -1360.0000, 1648.0000, -274.0000,  127, 64, 0
L -1360.0000, 1648.0000, -274.0000,  -1376.0000, 1656.0000, -275.0000,  127, 64, 0
L -1376.0000, 1656.0000, -275.0000,  -1391.0000, 1675.0000, -275.0000,  127, 64, 0
L -1391.0000, 1675.0000, -275.0000,  -1392.0000, 1686.0000, -274.0000,  127, 64, 0
L -1392.0000, 1686.0000, -274.0000,  -1406.0000, 1696.0000, -276.0000,  127, 64, 0
L -1406.0000, 1696.0000, -276.0000,  -1522.0000, 1695.0000, -320.0000,  127, 64, 0
L -1522.0000, 1695.0000, -320.0000,  -1522.0000, 1694.0000, -323.0000,  0, 0, 0
L -1392.0000, 1708.0000, -2761.0000,  -1392.0000, 1708.0000, -276.0000,  0, 0, 255
L -1392.0000, 1708.0000, -276.0000,  -1522.0000, 1711.0000, -320.0000,  127, 64, 0
L 1055.0000, 1425.0000, -1721.0000,  1055.0000, 1425.0000, -172.0000,  0, 0, 0
L 1055.0000, 1425.0000, -172.0000,  1087.0000, 1425.0000, -172.0000,  0, 0, 0
L 1087.0000, 1425.0000, -172.0000,  1104.0000, 1393.0000, -172.0000,  0, 0, 0
L 1104.0000, 1393.0000, -172.0000,  1150.0000, 1393.0000, -172.0000,  0, 0, 0
L 1150.0000, 1393.0000, -172.0000,  1168.0000, 1361.0000, -172.0000,  0, 0, 0
L 1168.0000, 1361.0000, -172.0000,  1182.0000, 1361.0000, -172.0000,  0, 0, 0
L 1182.0000, 1361.0000, -172.0000,  1216.0000, 1329.0000, -165.0000,  0, 0, 0
L 1216.0000, 1329.0000, -165.0000,  1232.0000, 1330.0000, -160.0000,  0, 0, 0
L 1232.0000, 1330.0000, -160.0000,  1260.0000, 1344.0000, -172.0000,  0, 0, 0
L 1260.0000, 1344.0000, -172.0000,  1263.0000, 1362.0000, -172.0000,  0, 0, 0
L 1263.0000, 1362.0000, -172.0000,  1277.0000, 1361.0000, -172.0000,  0, 0, 0
L 1277.0000, 1361.0000, -172.0000,  1292.0000, 1407.0000, -163.0000,  0, 0, 0
L 1292.0000, 1407.0000, -163.0000,  1276.0000, 1438.0000, -172.0000,  0, 0, 0
L 1276.0000, 1438.0000, -172.0000,  1276.0000, 1549.0000, -172.0000,  0, 0, 0
L 1276.0000, 1549.0000, -172.0000,  1310.0000, 1601.0000, -171.0000,  0, 0, 0
L 1310.0000, 1601.0000, -171.0000,  1375.0000, 1601.0000, -162.0000,  0, 0, 0
L 1375.0000, 1601.0000, -162.0000,  1423.0000, 1617.0000, -153.0000,  0, 0, 0
L 1423.0000, 1617.0000, -153.0000,  1492.0000, 1617.0000, -122.0000,  0, 0, 0
L 1492.0000, 1617.0000, -122.0000,  1517.0000, 1617.0000, -122.0000,  0, 0, 0
L 1517.0000, 1617.0000, -122.0000,  1564.0000, 1680.0000, -110.0000,  0, 0, 0
L 1564.0000, 1680.0000, -110.0000,  1565.0000, 1825.0000, -57.0000,  0, 0, 0
L 1565.0000, 1825.0000, -57.0000,  1661.0000, 1888.0000, -43.0000,  0, 0, 0
L 1661.0000, 1888.0000, -43.0000,  1760.0000, 1889.0000, 5.0000,  0, 0, 0
L 1760.0000, 1889.0000, 5.0000,  1837.0000, 1889.0000, 22.0000,  0, 0, 0
L 1837.0000, 1889.0000, 221.0000,  1837.0000, 1889.0000, 22.0000,  0, 0, 0
L 1837.0000, 1889.0000, 22.0000,  1868.0000, 1967.0000, 33.0000,  0, 0, 0
L 1868.0000, 1967.0000, 33.0000,  1868.0000, 1986.0000, 34.0000,  0, 0, 0
L 1868.0000, 1986.0000, 34.0000,  1868.0000, 2046.0000, 22.0000,  0, 0, 0
L 1868.0000, 2046.0000, 222.0000,  1868.0000, 2046.0000, 22.0000,  0, 0, 0
L 1868.0000, 2046.0000, 22.0000,  1886.0000, 2049.0000, 18.0000,  0, 0, 0
L 1886.0000, 2049.0000, 18.0000,  1923.0000, 2081.0000, 21.0000,  0, 0, 0
L 1923.0000, 2081.0000, 21.0000,  1952.0000, 2064.0000, 21.0000,  0, 0, 0
L 1952.0000, 2064.0000, 21.0000,  1952.0000, 1999.0000, 25.0000,  0, 0, 0
L 1952.0000, 1999.0000, 25.0000,  1952.0000, 1984.0000, 97.0000,  0, 0, 0
L 1952.0000, 1984.0000, 97.0000,  1964.0000, 1984.0000, 97.0000,  0, 0, 0
L 1964.0000, 1984.0000, 97.0000,  1964.0000, 1999.0000, 25.0000,  0, 0, 0
L 1964.0000, 1999.0000, 25.0000,  1964.0000, 2077.0000, 25.0000,  0, 0, 0
L 1964.0000, 2077.0000, 25.0000,  1933.0000, 2092.0000, 21.0000,  0, 0, 0
L 1933.0000, 2092.0000, 21.0000,  1918.0000, 2092.0000, 18.0000,  0, 0, 0
L 1918.0000, 2092.0000, 18.0000,  1883.0000, 2110.0000, 15.0000,  0, 0, 0
L 1883.0000, 2110.0000, 15.0000,  1869.0000, 2140.0000, 17.0000,  0, 0, 0
L 1869.0000, 2140.0000, 17.0000,  1805.0000, 2140.0000, -14.0000,  0, 0, 0
L 1805.0000, 2128.0000, -142.0000,  1805.0000, 2128.0000, -14.0000,  0, 0, 0
L 1805.0000, 2128.0000, -14.0000,  1822.0000, 2128.0000, 17.0000,  0, 0, 0
L 1822.0000, 2128.0000, 17.0000,  1856.0000, 2112.0000, 17.0000,  0, 0, 0
L 1856.0000, 2112.0000, 17.0000,  1857.0000, 2053.0000, 20.0000,  0, 0, 0
L 1857.0000, 2053.0000, 209.0000,  1857.0000, 2053.0000, 20.0000,  0, 0, 0
L 1857.0000, 2053.0000, 20.0000,  1857.0000, 2047.0000, 21.0000,  0, 0, 0
L 1857.0000, 2047.0000, 21.0000,  1841.0000, 1984.0000, 35.0000,  0, 0, 0
L 1841.0000, 1984.0000, 35.0000,  1808.0000, 1918.0000, 25.0000,  0, 0, 0
L 1808.0000, 1918.0000, 25.0000,  1758.0000, 1900.0000, 4.0000,  0, 0, 0
L 1758.0000, 1900.0000, 4.0000,  1675.0000, 1900.0000, -33.0000,  0, 0, 0
L 1675.0000, 1900.0000, -33.0000,  1631.0000, 1900.0000, -48.0000,  0, 0, 0
L 1631.0000, 1900.0000, -48.0000,  1553.0000, 1853.0000, -58.0000,  0, 0, 0
L 1553.0000, 1853.0000, -58.0000,  1552.0000, 1693.0000, -108.0000,  0, 0, 0
L 1552.0000, 1693.0000, -108.0000,  1487.0000, 1628.0000, -120.0000,  0, 0, 0
L 1487.0000, 1628.0000, -120.0000,  1342.0000, 1628.0000, -166.0000,  0, 0, 0
L 1342.0000, 1628.0000, -166.0000,  1312.0000, 1613.0000, -170.0000,  0, 0, 0
L 1312.0000, 1613.0000, -170.0000,  1296.0000, 1612.0000, -172.0000,  0, 0, 0
L 1296.0000, 1612.0000, -172.0000,  1265.0000, 1567.0000, -172.0000,  0, 0, 0
L 1265.0000, 1567.0000, -172.0000,  1265.0000, 1487.0000, -186.0000,  0, 0, 0
L 1265.0000, 1487.0000, -186.0000,  1249.0000, 1438.0000, -172.0000,  0, 0, 0
L 1249.0000, 1438.0000, -172.0000,  1198.0000, 1420.0000, -172.0000,  0, 0, 0
L 1198.0000, 1420.0000, -172.0000,  1183.0000, 1420.0000, -172.0000,  0, 0, 0
L 1183.0000, 1420.0000, -172.0000,  1151.0000, 1404.0000, -172.0000,  0, 0, 0
L 1151.0000, 1404.0000, -172.0000,  1119.0000, 1404.0000, -172.0000,  0, 0, 0
L 1119.0000, 1404.0000, -172.0000,  1101.0000, 1436.0000, -172.0000,  0, 0, 0
L 1101.0000, 1436.0000, -172.0000,  1084.0000, 1438.0000, -172.0000,  0, 0, 0
L 1084.0000, 1438.0000, -172.0000,  1071.0000, 1464.0000, -172.0000,  0, 0, 0
L 1071.0000, 1464.0000, -172.0000,  1052.0000, 1468.0000, -172.0000,  0, 0, 0
L 1052.0000, 1468.0000, -172.0000,  1021.0000, 1501.0000, -172.0000,  0, 0, 0
L 1021.0000, 1501.0000, -172.0000,  1036.0000, 1535.0000, -187.0000,  0, 0, 0
L 1036.0000, 1535.0000, -187.0000,  1036.0000, 1581.0000, -207.0000,  0, 0, 0
L 1036.0000, 1581.0000, -207.0000,  1004.0000, 1614.0000, -220.0000,  0, 0, 0
L 1004.0000, 1614.0000, -220.0000,  973.0000, 1660.0000, -220.0000,  0, 0, 0
L 973.0000, 1660.0000, -220.0000,  943.0000, 1660.0000, -220.0000,  0, 0, 0
L 943.0000, 1660.0000, -220.0000,  911.0000, 1676.0000, -220.0000,  0, 0, 0
L 911.0000, 1676.0000, -220.0000,  878.0000, 1660.0000, -220.0000,  0, 0, 0
L 878.0000, 1660.0000, -220.0000,  815.0000, 1660.0000, -220.0000,  0, 0, 0
L 815.0000, 1660.0000, -220.0000,  781.0000, 1710.0000, -220.0000,  0, 0, 0
L 781.0000, 1710.0000, -220.0000,  765.0000, 1789.0000, -220.0000,  0, 0, 0
L 765.0000, 1789.0000, -220.0000,  764.0000, 1838.0000, -220.0000,  0, 0, 0
L 764.0000, 1838.0000, -220.0000,  748.0000, 1870.0000, -220.0000,  0, 0, 0
L 748.0000, 1870.0000, -220.0000,  764.0000, 1903.0000, -220.0000,  0, 0, 0
L 764.0000, 1903.0000, -220.0000,  880.0000, 1904.0000, -220.0000,  0, 0, 0
L 880.0000, 1904.0000, -220.0000,  913.0000, 1872.0000, -220.0000,  0, 0, 0
L 913.0000, 1872.0000, -220.0000,  943.0000, 1857.0000, -220.0000,  0, 0, 0
L 943.0000, 1857.0000, -220.0000,  975.0000, 1857.0000, -220.0000,  0, 0, 0
L 975.0000, 1857.0000, -220.0000,  1007.0000, 1874.0000, -220.0000,  0, 0, 0
L 1007.0000, 1874.0000, -220.0000,  1020.0000, 1887.0000, -220.0000,  0, 0, 0
L 1020.0000, 1887.0000, -220.0000,  1019.0000, 1933.0000, -220.0000,  0, 0, 0
L 1019.0000, 1933.0000, -220.0000,  1020.0000, 1949.0000, -220.0000,  0, 0, 0
L 1020.0000, 1949.0000, -220.0000,  974.0000, 1963.0000, -220.0000,  153, 153, 153
L 974.0000, 1963.0000, -220.0000,  927.0000, 1963.0000, -220.0000,  240, 240, 240
L 927.0000, 1963.0000, -220.0000,  885.0000, 1950.0000, -220.0000,  0, 0, 0
L 885.0000, 1950.0000, -220.0000,  815.0000, 1932.0000, -220.0000,  0, 0, 0
L 815.0000, 1932.0000, -220.0000,  767.0000, 1932.0000, -220.0000,  0, 0, 0
L 767.0000, 1932.0000, -220.0000,  733.0000, 1966.0000, -220.0000,  0, 0, 0
L 733.0000, 1966.0000, -220.0000,  732.0000, 2030.0000, -220.0000,  0, 0, 0
L 732.0000, 2030.0000, -220.0000,  764.0000, 2063.0000, -220.0000,  0, 0, 0
L 764.0000, 2063.0000, -220.0000,  845.0000, 2064.0000, -220.0000,  0, 0, 0
L 845.0000, 2064.0000, -220.0000,  860.0000, 2095.0000, -220.0000,  0, 0, 0
L 860.0000, 2095.0000, -220.0000,  860.0000, 2126.0000, -220.0000,  0, 0, 0
L 860.0000, 2126.0000, -220.0000,  844.0000, 2158.0000, -220.0000,  0, 0, 0
L 844.0000, 2158.0000, -220.0000,  828.0000, 2207.0000, -220.0000,  0, 0, 0
L 828.0000, 2207.0000, -220.0000,  860.0000, 2239.0000, -220.0000,  0, 0, 0
L 860.0000, 2239.0000, -220.0000,  860.0000, 2253.0000, -220.0000,  0, 0, 0
L 860.0000, 2253.0000, -220.0000,  830.0000, 2300.0000, -220.0000,  0, 0, 0
L 830.0000, 2300.0000, -220.0000,  862.0000, 2352.0000, -220.0000,  0, 0, 0
L 862.0000, 2352.0000, -220.0000,  910.0000, 2352.0000, -220.0000,  0, 0, 0
L 910.0000, 2352.0000, -220.0000,  944.0000, 2320.0000, -220.0000,  0, 0, 0
L 944.0000, 2320.0000, -220.0000,  945.0000, 2273.0000, -220.0000,  0, 0, 0
L 945.0000, 2273.0000, -220.0000,  914.0000, 2223.0000, -220.0000,  0, 0, 0
L 914.0000, 2223.0000, -220.0000,  913.0000, 2192.0000, -220.0000,  0, 0, 0
L 913.0000, 2192.0000, -220.0000,  897.0000, 2143.0000, -220.0000,  0, 0, 0
L 897.0000, 2143.0000, -220.0000,  926.0000, 2114.0000, -220.0000,  0, 0, 0
L 926.0000, 2114.0000, -220.0000,  974.0000, 2112.0000, -220.0000,  0, 0, 0
L 974.0000, 2112.0000, -220.0000,  1004.0000, 2127.0000, -220.0000,  0, 0, 0
L 1004.0000, 2127.0000, -220.0000,  1005.0000, 2192.0000, -220.0000,  0, 0, 0
L 1005.0000, 2192.0000, -220.0000,  1020.0000, 2239.0000, -220.0000,  0, 0, 0
L 1020.0000, 2239.0000, -220.0000,  1020.0000, 2253.0000, -220.0000,  0, 0, 0
L 1020.0000, 2253.0000, -220.0000,  988.0000, 2270.0000, -220.0000,  0, 0, 0
L 988.0000, 2270.0000, -220.0000,  972.0000, 2318.0000, -220.0000,  0, 0, 0
L 972.0000, 2318.0000, -220.0000,  941.0000, 2365.0000, -220.0000,  0, 0, 0
L 941.0000, 2365.0000, -220.0000,  910.0000, 2380.0000, -220.0000,  0, 0, 0
L 910.0000, 2380.0000, -220.0000,  863.0000, 2364.0000, -220.0000,  0, 0, 0
L 863.0000, 2364.0000, -220.0000,  832.0000, 2364.0000, -220.0000,  0, 0, 0
L 832.0000, 2364.0000, -220.0000,  801.0000, 2317.0000, -220.0000,  0, 0, 0
L 801.0000, 2317.0000, -220.0000,  801.0000, 2303.0000, -220.0000,  0, 0, 0
L 801.0000, 2303.0000, -220.0000,  785.0000, 2254.0000, -220.0000,  0, 0, 0
L 785.0000, 2254.0000, -220.0000,  785.0000, 2223.0000, -220.0000,  0, 0, 0
L 785.0000, 2223.0000, -220.0000,  817.0000, 2207.0000, -220.0000,  0, 0, 0
L 817.0000, 2207.0000, -220.0000,  817.0000, 2159.0000, -220.0000,  0, 0, 0
L 817.0000, 2159.0000, -220.0000,  848.0000, 2128.0000, -220.0000,  0, 0, 0
L 848.0000, 2128.0000, -220.0000,  817.0000, 2077.0000, -220.0000,  0, 0, 0
L 817.0000, 2077.0000, -220.0000,  753.0000, 2076.0000, -220.0000,  0, 0, 0
L 753.0000, 2076.0000, -220.0000,  721.0000, 2045.0000, -220.0000,  0, 0, 0
L 721.0000, 2045.0000, -220.0000,  721.0000, 1966.0000, -220.0000,  0, 0, 0
L 721.0000, 1966.0000, -220.0000,  689.0000, 1949.0000, -220.0000,  0, 0, 0
L 689.0000, 1949.0000, -220.0000,  655.0000, 1963.0000, -220.0000,  0, 0, 0
L 655.0000, 1963.0000, -220.0000,  640.0000, 1964.0000, -220.0000,  0, 0, 0
L 640.0000, 1964.0000, -220.0000,  609.0000, 1949.0000, -220.0000,  0, 0, 0
L 609.0000, 1949.0000, -220.0000,  609.0000, 1919.0000, -220.0000,  0, 0, 0
L 609.0000, 1919.0000, -220.0000,  624.0000, 1889.0000, -220.0000,  0, 0, 0
L 624.0000, 1889.0000, -220.0000,  654.0000, 1889.0000, -220.0000,  0, 0, 0
L 654.0000, 1889.0000, -220.0000,  687.0000, 1858.0000, -220.0000,  0, 0, 0
L 687.0000, 1858.0000, -220.0000,  719.0000, 1856.0000, -220.0000,  0, 0, 0
L 719.0000, 1856.0000, -220.0000,  753.0000, 1791.0000, -220.0000,  0, 0, 0
L 753.0000, 1791.0000, -220.0000,  753.0000, 1679.0000, -220.0000,  0, 0, 0
L 753.0000, 1679.0000, -220.0000,  783.0000, 1649.0000, -220.0000,  0, 0, 0
L 783.0000, 1649.0000, -220.0000,  876.0000, 1649.0000, -220.0000,  0, 0, 0
L 876.0000, 1649.0000, -220.0000,  897.0000, 1614.0000, -220.0000,  0, 0, 0
L 897.0000, 1614.0000, -220.0000,  882.0000, 1570.0000, -220.0000,  0, 0, 0
L 882.0000, 1570.0000, -220.0000,  881.0000, 1537.0000, -218.0000,  0, 0, 0
L 881.0000, 1537.0000, -218.0000,  896.0000, 1505.0000, -220.0000,  0, 0, 0
L 896.0000, 1505.0000, -220.0000,  926.0000, 1505.0000, -220.0000,  0, 0, 0
L 926.0000, 1505.0000, -220.0000,  958.0000, 1474.0000, -220.0000,  0, 0, 0
L 958.0000, 1474.0000, -220.0000,  989.0000, 1473.0000, -220.0000,  0, 0, 0
L 989.0000, 1473.0000, -220.0000,  1004.0000, 1502.0000, -219.0000,  0, 0, 0
L 1004.0000, 1502.0000, -219.0000,  1004.0000, 1518.0000, -220.0000,  0, 0, 0
L 1004.0000, 1518.0000, -220.0000,  1020.0000, 1535.0000, -216.0000,  0, 0, 0
L 1020.0000, 1535.0000, -216.0000,  1020.0000, 1565.0000, -220.0000,  0, 0, 0
L 928.0000, 2112.0000, -2201.0000,  928.0000, 2112.0000, -220.0000,  0, 0, 0
L 928.0000, 2112.0000, -220.0000,  945.0000, 2079.0000, -172.0000,  0, 0, 0
L 945.0000, 2079.0000, -172.0000,  945.0000, 2015.0000, -172.0000,  0, 0, 0
L 945.0000, 2015.0000, -172.0000,  930.0000, 1968.0000, -172.0000,  0, 0, 0
L 930.0000, 1968.0000, -172.0000,  925.0000, 1963.0000, -172.0000,  0, 0, 0
L 925.0000, 1963.0000, -172.0000,  917.0000, 1961.0000, -172.0000,  240, 240, 240
L 961.0000, 2093.0000, -1713.0000,  961.0000, 2093.0000, -171.0000,  0, 0, 0
L 961.0000, 2093.0000, -171.0000,  961.0000, 1639.0000, -220.0000,  240, 240, 240
L 956.0000, 2080.0000, -1711.0000,  956.0000, 2080.0000, -171.0000,  153, 153, 153
L 956.0000, 2080.0000, -171.0000,  956.0000, 1659.0000, -216.0000,  240, 240, 240
L 974.0000, 1857.0000, -2201.0000,  974.0000, 1857.0000, -220.0000,  153, 153, 153
L 974.0000, 1857.0000, -220.0000,  973.0000, 1660.0000, -220.0000,  0, 0, 0
L 943.0000, 1857.0000, -2201.0000,  943.0000, 1857.0000, -220.0000,  0, 0, 0
L 943.0000, 1857.0000, -220.0000,  942.0000, 1660.0000, -220.0000,  0, 0, 0
L 1037.0000, 1889.0000, -1721.0000,  1037.0000, 1889.0000, -172.0000,  0, 0, 0
L 1037.0000, 1889.0000, -172.0000,  1020.0000, 1887.0000, -220.0000,  0, 0, 0
L 1026.0000, 1934.0000, -1721.0000,  1026.0000, 1934.0000, -172.0000,  0, 0, 0
L 1026.0000, 1934.0000, -172.0000,  972.0000, 1953.0000, -172.0000,  240, 240, 240
L 972.0000, 1953.0000, -172.0000,  929.0000, 1952.0000, -172.0000,  240, 240, 240
L 929.0000, 1952.0000, -172.0000,  917.0000, 1961.0000, -172.0000,  240, 240, 240
L 875.0000, 1933.0000, -1721.0000,  875.0000, 1933.0000, -172.0000,  0, 0, 0
L 875.0000, 1933.0000, -172.0000,  875.0000, 1947.0000, -163.0000,  240, 240, 240
L 875.0000, 1947.0000, -163.0000,  891.0000, 1952.0000, -166.0000,  0, 0, 0
L 891.0000, 1952.0000, -166.0000,  897.0000, 1945.0000, -169.0000,  240, 240, 240
L 897.0000, 1945.0000, -169.0000,  875.0000, 1933.0000, -172.0000,  240, 240, 240
L -98.0000, 1031.0000, -1066.0000,  -98.0000, 1031.0000, -106.0000,  0, 0, 0
L -98.0000, 1031.0000, -106.0000,  -98.0000, 1054.0000, -108.0000,  0, 0, 0
L -98.0000, 1054.0000, -108.0000,  -113.0000, 1068.0000, -108.0000,  0, 0, 0
L -113.0000, 1068.0000, -108.0000,  -160.0000, 1068.0000, -108.0000,  0, 0, 0
L -160.0000, 1068.0000, -108.0000,  -171.0000, 1078.0000, -106.0000,  0, 0, 0
L -171.0000, 1078.0000, -106.0000,  -175.0000, 1078.0000, -105.0000,  0, 0, 0
L -175.0000, 1078.0000, -105.0000,  -180.0000, 1088.0000, -106.0000,  0, 0, 0
L -180.0000, 1088.0000, -106.0000,  -162.0000, 1104.0000, -107.0000,  0, 0, 0
L -221.0000, 1103.0000, -1081.0000,  -221.0000, 1103.0000, -107.0000,  0, 0, 0
L -221.0000, 1103.0000, -107.0000,  -212.0000, 1095.0000, -106.0000,  0, 0, 0
L -212.0000, 1095.0000, -106.0000,  -205.0000, 1090.0000, -105.0000,  0, 0, 0
L -205.0000, 1090.0000, -105.0000,  -202.0000, 1084.0000, -106.0000,  0, 0, 0
L -202.0000, 1084.0000, -106.0000,  -175.0000, 1057.0000, -107.0000,  0, 0, 0
L -175.0000, 1057.0000, -107.0000,  -127.0000, 1057.0000, -108.0000,  0, 0, 0
L -127.0000, 1057.0000, -108.0000,  -111.0000, 1041.0000, -108.0000,  0, 0, 0
L -111.0000, 1041.0000, -108.0000,  -110.0000, 1035.0000, -107.0000,  0, 0, 0
L -110.0000, 1035.0000, -107.0000,  -110.0000, 1033.0000, -108.0000,  0, 0, 0
P 919.5119, 836.4389, -175.9370,  0, 127, 0,  3,  to_Temple_of_Droga
P 1799.1990, 2237.7661, 0.1000,  0, 127, 0,  3,  to_Frontier_Mountains
P -98.0000, 1034.0000, 0.0000,  0, 127, 0,  3,  to_Temple_of_Droga
