P -1160.2751, -251.2558, 80.4466,  0, 127, 127,  2,  Bordag_(GM_Beastlord)
P -985.7703, -631.5575, 80.3447,  0, 127, 127,  2,  Zulort_(GM_Shaman)
P -809.4530, -730.9382, 39.3759,  0, 127, 127,  2,  Fuga_(GM_Shaman)
P -874.6118, -752.9089, 39.3759,  0, 127, 127,  2,  Jargo_(GM_Shaman)
P -1094.5116, -650.1208, 80.3447,  0, 127, 127,  2,  Marda_(GM_Shaman)
P 41.3442, -357.8568, 16.3760,  0, 127, 127,  2,  Bonlarg_(GM_Shadowknight)
P 43.1323, -311.4895, 16.3760,  0, 127, 127,  2,  Ruksa_(GM_Shadowknight)
P 36.6542, -335.5819, 16.3760,  0, 127, 127,  2,  Soonog_(GM_Shadowknight)
P -70.7849, -27.4177, -26.6239,  0, 127, 127,  2,  Guntrik_(GM_Warrior)
P 68.1157, -37.7990, -26.6239,  0, 127, 127,  2,  Lork_(GM_Warrior)
P 27.5676, 72.9526, -26.6239,  0, 127, 127,  2,  Kogna_(GM_Warrior)
P -38.7860, 63.8556, -26.6239,  0, 127, 127,  2,  Horgus_(GM_Warrior)
P 255.8910, -287.3335, 0.1000,  0, 127, 127,  2,  Baddi_(GM_Berserker)
