P -3152.4726, 2928.96, 132.342, 0, 0, 240, 2, Skizz_Skazz_(T)
P -1507.62, 3538.3447, 313.6168, 0, 0, 240, 2, Historian_Azern_(Q)
P -3222.6179, -2689.302, -178.1359, 0, 0, 240, 2, Yiln_Darksly_(Q)
P -2047.6519, -3144.603, -51.1567, 0, 0, 240, 2, Galdon_Vok_Nir_(Q)SHM)
P -2209.158, -2957.7465, -51.1548, 0, 0, 240, 2, Gogu_the_Smasher
P -2335.369, -2795.3132, -51.882, 0, 0, 240, 2, Brinaa_Darkpact_(Q)
P -2331.755, -2766.8458, -51.878, 0, 0, 240, 2, Vaean_the_Night_(Q)
P -2350.126, -2744.4513, -51.876, 0, 0, 240, 2, Grubmar_Hartblak
P -2365.3137, -2769.6055, -51.874, 0, 0, 240, 2, Finlay_Kitoran_(T)
P -2392.554, -2767.8683, -51.87, 0, 0, 240, 2, Bukuku_Wolffeetz
P -2395.8886, -2737.4805, -51.1923, 0, 0, 240, 2, Lissa_T'Born
P -2421.9945, -2757.8827, -51.192, 0, 0, 240, 2, Kuglaz_Grot
P -2428.5839, -2788.1221, -51.2124, 0, 0, 240, 2, Vizra_L'Nizlon
P -2420.7143, -2797.8681, -51.2124, 0, 0, 240, 2, Siladdarae_N'Riese_(Q)
P -2405.8168, -2813.8083, -51.1965, 0, 0, 240, 2, Tyrin_F'Linz
P -2393.7739, -2790.7145, -51.1963, 0, 0, 240, 2, Slicia_J'Singe
P -2370.2462, -2793.637, -51.1961, 0, 0, 240, 2, Utandar_Rizndown
P -2365.2899, -2817.83, -51.1957, 0, 0, 240, 2, Kelsi_Q'Grinol
P -695.3582, -328.3, 35.2475, 0, 0, 240, 2, Norx_Blackheart(Ornaments)
P -2408.925, -2751.625, -53.927, 0, 0, 240, 2, Merchants_(Spells)
P -2775.8566, -3068.9025, -156.5937, 0, 0, 240, 2, Soulbinder
P -2586.2883, -2658.1567, -53.927, 0, 0, 240, 2, Merchants
P -2727.4836, -2513.9263, -53.927, 0, 0, 240, 2, Uggrig_(T)
P -2192.4475, -3018.2703, -53.463, 0, 0, 240, 3, Dom_(M)
P -2251.1482, -3139.972, -53.927, 0, 127, 127, 3, Dyth_(GM_Wizard)
P -3764.3231, 658.5711, 85.6675, 0, 0, 127, 2, Ratrana_Zill
P -1490.1424, 2654.9081, 0.8725, 0, 0, 127, 2, Xasraa_Ricken
P -1928.6699, -2488.5421, -51.2222, 0, 0, 127, 2, Alchemist_Granika
