P -817.5850, -872.7136, -83.9667,  127, 64, 0,  3,  The_Abattoir
P -464.0000, -629.0000, 0.0000,  127, 64, 0,  2,  Outside_door
P -432.0000, -763.0000, 0.0000,  127, 64, 0,  3,  Arena(PvP)
P -658.0000, -1067.0000, 0.0000,  255, 0, 255,  2,  Teleport
P -867.0000, -1149.0000, 0.0000,  127, 64, 0,  3,  Library
P -811.3499, -977.4548, -82.9676,  0, 0, 0,  1,  Kiln
P -788.9374, -953.3742, -83.9676,  0, 0, 0,  1,  Brew_Barrel
P -698.3203, -970.2682, -69.9676,  0, 0, 0,  1,  Sewing_Kit
P -416.9370, -929.5874, -123.9364,  0, 0, 0,  1,  Forge
P -426.2149, -922.8750, -123.9364,  127, 64, 0,  3,  Erud_Forge
P -685.4528, -1273.5930, -39.2177,  127, 64, 0,  3,  Darkglom_Palace
P -866.0000, -1146.0000, -16.2649,  127, 64, 0,  3,  Athenaeum_Necromantia
P 98.8357, -903.2929, 16.1900,  0, 0, 127,  2,  Duriek_Bloodpool_(Sk1.0)
P -451.6399, -632.3984, -27.9980,  0, 0, 0,  1,  Locked_Floor
P -618.6425, -800.2680, -125.9354,  0, 0, 127,  2,  Yenlr_Undraie_(Adv's_Stone)
P -670.1137, -798.3120, -125.9354,  0, 0, 127,  2,  Gerot_Kastane_(Sk1.0)
P -502.4884, -875.1126, -124.9354,  127, 64, 0,  3,  The_Fell_Blade
P -787.1371, -994.2116, -82.9667,  127, 64, 0,  3,  False_idols
P -755.2147, -927.1600, -82.9667,  127, 64, 0,  3,  The_Poisoned_Petal
P -630.6453, -1067.5829, -41.9667,  127, 64, 0,  3,  Tabarnacle_of_Terror
P -736.8011, -1049.5398, -41.9667,  127, 64, 0,  3,  Athenaeum_Necromantia
P -651.1072, -971.2890, -84.9667,  127, 64, 0,  3,  Sinfully_Handsome
P -734.8043, -995.7744, -82.9667,  127, 64, 0,  3,  The_Final_Reckoning
P -824.8710, -916.1290, -83.9667,  127, 64, 0,  3,  Shackeled_Spirits
P -552.6823, -692.3830, -97.9667,  0, 0, 240,  1,  Derena_Leflor
P -465.2278, -630.1000, -98.2500,  0, 0, 0,  1,  click_w/key
P -558.3899, -957.9882, -82.9667,  0, 0, 127,  2,  Jerith
