L -223.2981, -588.2726, -41.3427,  -251.6220, -588.1250, -41.3427,  64, 64, 64
L -223.5312, -574.8949, -41.3427,  -223.2981, -588.2726, -41.3427,  64, 64, 64
L -210.1399, -560.5452, -41.3427,  -223.5312, -574.8949, -41.3427,  64, 64, 64
L -195.9333, -560.2849, -41.3427,  -210.1399, -560.5452, -41.3427,  64, 64, 64
L -182.2570, -574.1477, -41.3427,  -195.9333, -560.2849, -41.3427,  64, 64, 64
L -167.6437, -574.1790, -41.3427,  -182.2570, -574.1477, -41.3427,  64, 64, 64
L -153.8853, -560.2593, -41.3427,  -167.6437, -574.1790, -41.3427,  64, 64, 64
L -139.8676, -560.3814, -41.3427,  -153.8853, -560.2593, -41.3427,  0, 0, 255
L -251.9553, -601.2625, -41.3507,  -251.5797, -588.1250, -41.3427,  0, 0, 255
L -209.9814, -601.4774, -41.3427,  -251.9553, -601.2625, -41.3507,  0, 0, 255
L -209.5373, -630.1130, -41.3427,  -209.9814, -601.4774, -41.3427,  64, 64, 64
L -221.9671, -630.1250, -41.3427,  -209.5373, -630.1130, -41.3427,  64, 64, 64
L -236.2512, -642.6253, -41.3427,  -221.9671, -630.1250, -41.3427,  64, 64, 64
L -237.5312, -656.2412, -41.3427,  -236.2512, -642.6253, -41.3427,  64, 64, 64
L -224.1584, -670.9374, -41.3427,  -237.5312, -656.2412, -41.3427,  64, 64, 64
L -196.1221, -669.8663, -41.3427,  -224.1584, -670.9374, -41.3427,  0, 0, 255
L -196.1956, -602.1547, -41.3427,  -196.1221, -669.8663, -41.3427,  0, 0, 255
L -185.1148, -588.1378, -41.3427,  -196.1956, -602.1547, -41.3427,  64, 64, 64
L -168.7379, -586.6236, -41.3427,  -185.1148, -588.1378, -41.3427,  64, 64, 64
L -154.9610, -601.6100, -41.3427,  -168.7379, -586.6236, -41.3427,  64, 64, 64
L -140.9968, -601.3749, -41.3427,  -154.9610, -601.6100, -41.3427,  64, 64, 64
L -127.1024, -588.3845, -41.3427,  -140.9968, -601.3749, -41.3427,  64, 64, 64
L -126.3175, -573.9315, -41.3427,  -127.1024, -588.3845, -41.3427,  64, 64, 64
L -139.3420, -560.9068, -41.3427,  -126.3175, -573.9315, -41.3427,  64, 64, 64
L 152.3616, -532.1562, -55.3427,  152.2069, -545.4062, -55.3427,  0, 0, 255
L 96.5778, -545.4062, -55.3427,  113.8502, -545.4062, -55.3427,  0, 0, 255
L -111.4496, -825.6404, -41.3427,  -84.5361, -825.7922, -41.4221,  0, 0, 255
L -111.9261, -812.1277, -41.3427,  -111.4496, -825.6404, -41.3427,  0, 0, 255
L -111.7790, -769.5104, -41.3427,  -111.7132, -796.9016, -41.3427,  0, 0, 255
L -138.7144, -768.9946, -41.3427,  -111.7790, -769.5104, -41.3427,  0, 0, 255
L -140.3125, -728.6996, -41.3427,  -153.5625, -728.9387, -41.3427,  0, 0, 255
L -153.1420, -755.3124, -41.3427,  -153.5625, -739.5891, -41.3427,  0, 0, 255
L -69.7416, -532.7404, -41.3427,  -68.5477, -518.1562, -41.3427,  0, 0, 255
L -83.5936, -533.2604, -41.3427,  -69.7416, -532.7404, -41.3427,  0, 0, 255
L -13.6250, -515.9835, -41.3427,  -0.3750, -516.1427, -41.3427,  0, 0, 255
L -237.8172, 13.3806, -41.3427,  -252.8635, 12.5122, -41.3427,  0, 0, 255
L -225.1403, -14.7039, -41.3427,  -224.6342, 0.1976, -41.3427,  0, 0, 255
L -155.5798, -223.5312, -41.3427,  -155.2052, -168.3125, -41.3427,  0, 0, 255
L -210.3995, -350.2500, -41.3427,  -194.7274, -350.2500, -41.3427,  0, 0, 255
L -167.5548, -350.2500, -41.3427,  -182.8913, -350.2500, -41.3427,  0, 0, 255
L -182.7774, -363.4687, -41.3427,  -166.1368, -363.4687, -41.3427,  0, 0, 255
L -209.7033, -363.5283, -41.3427,  -195.7877, -363.4687, -41.3427,  0, 0, 255
L -264.9705, -461.3507, -41.3427,  -251.3334, -461.4374, -41.3427,  0, 0, 255
L -294.9574, -475.4375, -41.3427,  -264.9705, -461.3507, -41.3427,  0, 0, 255
L -267.4692, -405.3215, -41.3427,  -225.9970, -405.1804, -41.3427,  0, 0, 255
L -267.6216, -448.2425, -41.3427,  -267.4692, -405.3215, -41.3427,  0, 0, 255
L -251.2440, -448.1875, -41.3427,  -267.6216, -448.2425, -41.3427,  0, 0, 255
L -181.5625, -475.7891, -41.3427,  -182.4139, -476.8210, -41.3427,  64, 64, 64
L -181.5625, -461.8822, -41.3427,  -181.5625, -475.7891, -41.3427,  64, 64, 64
L -182.2603, -461.4375, -41.3427,  -181.5625, -461.8822, -41.3427,  64, 64, 64
L -154.3125, -503.3711, -41.3427,  -195.5312, -502.9707, -41.3427,  0, 0, 255
L -83.9026, -475.2160, -41.3427,  -98.2501, -475.8000, -41.3427,  0, 0, 255
L -124.9038, -293.7631, -41.3427,  -167.5625, -293.2785, -41.3427,  0, 0, 255
L -124.3764, -307.5000, -41.3427,  -124.9038, -293.7631, -41.3427,  0, 0, 255
L -141.1290, -280.4019, -41.3427,  -140.1999, -266.2812, -41.3427,  0, 0, 255
L -125.4245, -280.2219, -41.3427,  -141.1290, -280.4019, -41.3427,  0, 0, 255
L -125.6970, -266.2812, -41.3427,  -125.4245, -280.2219, -41.3427,  0, 0, 255
L 462.2650, -349.5000, -41.3427,  475.4375, -349.5000, -41.3427,  64, 64, 64
L 461.4375, -349.9730, -41.3427,  462.2650, -349.5000, -41.3427,  64, 64, 64
L 461.3824, -364.1760, -41.3427,  461.4375, -349.9730, -41.3427,  64, 64, 64
L 475.4375, -364.2187, -41.3427,  461.3824, -364.1760, -41.3427,  64, 64, 64
L 475.5203, -378.7880, -41.3427,  475.4375, -364.2187, -41.3427,  64, 64, 64
L 517.4062, -378.2187, -41.3427,  475.5203, -378.7880, -41.3427,  64, 64, 64
L 517.6552, -392.1969, -41.3427,  517.4062, -378.2187, -41.3427,  64, 64, 64
L 530.8772, -392.2187, -41.3427,  517.6552, -392.1969, -41.3427,  64, 64, 64
L 532.1562, -391.5976, -41.3427,  530.8772, -392.2187, -41.3427,  64, 64, 64
L 532.4340, -321.8516, -41.3427,  532.1562, -391.5976, -41.3427,  64, 64, 64
L 517.4062, -321.9218, -41.3427,  532.4340, -321.8516, -41.3427,  64, 64, 64
L 517.4062, -335.5000, -41.3427,  517.4062, -321.9218, -41.3427,  64, 64, 64
L 475.5276, -335.6311, -41.3427,  517.4062, -335.5000, -41.3427,  64, 64, 64
L 475.4375, -349.5000, -41.3427,  475.5276, -335.6311, -41.3427,  64, 64, 64
L 299.5000, -350.2493, -41.3427,  299.5000, -352.3274, -41.3427,  64, 64, 64
L 302.2500, -352.2859, -41.3427,  299.5000, -352.3414, -41.3427,  64, 64, 64
L 302.2500, -360.7493, -41.3427,  302.2500, -361.5022, -41.3427,  64, 64, 64
L 299.4999, -360.7595, -41.3427,  302.2500, -360.7493, -41.3427,  64, 64, 64
L 299.5000, -363.4687, -41.3427,  299.4999, -360.7595, -41.3427,  64, 64, 64
L 294.5806, -350.2500, -41.3427,  299.5000, -350.2490, -41.3427,  64, 64, 64
L 293.5043, -349.9318, -41.3427,  294.5806, -350.2500, -41.3427,  64, 64, 64
L 293.5000, -267.2828, -41.3427,  293.5043, -349.9318, -41.3427,  64, 64, 64
L 293.9413, -265.5312, -41.3427,  293.5000, -267.2828, -41.3427,  64, 64, 64
L 320.2375, -265.5312, -41.3427,  293.9413, -265.5312, -41.3427,  64, 64, 64
L 322.2135, -265.7450, -41.3427,  320.2375, -265.5312, -41.3427,  64, 64, 64
L 322.2500, -279.5000, -41.3427,  322.2135, -265.7450, -41.3427,  64, 64, 64
L 335.5000, -279.5000, -41.3427,  322.2500, -279.5000, -41.3427,  64, 64, 64
L 335.5314, -265.7556, -41.3427,  335.5000, -279.5000, -41.3427,  64, 64, 64
L 377.4687, -265.5312, -41.3427,  335.5314, -265.7556, -41.3427,  64, 64, 64
L 377.4687, -182.3120, -41.3427,  377.4687, -265.5312, -41.3427,  64, 64, 64
L 308.2500, -182.3125, -41.3427,  377.4687, -182.3120, -41.3427,  64, 64, 64
L 308.2500, -208.4693, -41.3427,  308.2500, -182.3125, -41.3427,  64, 64, 64
L 307.8779, -210.2812, -41.3427,  308.2500, -208.4693, -41.3427,  64, 64, 64
L 297.3772, -210.2812, -41.3427,  307.8779, -210.2812, -41.3427,  64, 64, 64
L -14.2860, -490.5480, -41.3427,  -14.3750, -337.8080, -41.3427,  64, 64, 64
L -0.3750, -490.1875, -41.3427,  -14.2860, -490.5480, -41.3427,  64, 64, 64
L -0.3750, -517.6396, -41.3427,  -0.3750, -490.1875, -41.3427,  64, 64, 64
L 13.6250, -531.9365, -41.3427,  -0.3750, -517.6396, -41.3427,  64, 64, 64
L 13.6250, -545.6259, -41.3427,  13.6250, -531.9365, -41.3427,  64, 64, 64
L -0.8000, -559.2589, -41.3427,  13.6250, -545.6259, -41.3427,  64, 64, 64
L -0.3750, -573.4062, -41.3427,  -0.8000, -559.2589, -41.3427,  64, 64, 64
L -69.5943, -573.4062, -41.3427,  -0.3750, -573.4062, -41.3427,  64, 64, 64
L -69.5936, -547.2984, -41.3427,  -69.5943, -573.4062, -41.3427,  64, 64, 64
L -69.7442, -545.4808, -41.3427,  -69.5936, -547.2984, -41.3427,  64, 64, 64
L -83.5944, -545.4061, -41.3427,  -69.7442, -545.4808, -41.3427,  64, 64, 64
L -83.5936, -533.1352, -41.3427,  -83.5944, -545.4061, -41.3427,  64, 64, 64
L -56.3438, -518.1562, -41.3427,  -68.9057, -518.1562, -41.3427,  64, 64, 64
L -56.3438, -558.1923, -41.3427,  -56.3438, -518.1562, -41.3427,  64, 64, 64
L -55.8370, -560.1562, -41.3427,  -56.3438, -558.1923, -41.3427,  64, 64, 64
L -13.7964, -560.8920, -41.3427,  -55.8370, -560.1562, -41.3427,  64, 64, 64
L -27.6250, -545.6258, -41.3427,  -13.7964, -560.8920, -41.3427,  64, 64, 64
L -27.6250, -532.3070, -41.3427,  -27.6250, -545.6258, -41.3427,  64, 64, 64
L -13.6250, -517.4955, -41.3427,  -27.6250, -532.3070, -41.3427,  64, 64, 64
L -13.6250, -504.8010, -41.3427,  -13.6250, -517.4955, -41.3427,  64, 64, 64
L -14.3378, -503.4374, -41.3427,  -13.6250, -504.8010, -41.3427,  64, 64, 64
L -27.6263, -503.4375, -41.3427,  -14.3378, -503.4374, -41.3427,  64, 64, 64
L -27.7651, -461.5201, -41.3427,  -27.6263, -503.4375, -41.3427,  64, 64, 64
L -70.5382, -461.8516, -41.3427,  -27.7651, -461.5201, -41.3427,  64, 64, 64
L -27.6423, -447.9252, -41.3427,  -28.8488, -448.1875, -41.3427,  64, 64, 64
L -27.6250, -407.6990, -41.3427,  -27.6423, -447.9252, -41.3427,  64, 64, 64
L -27.8288, -405.5101, -41.3427,  -27.6250, -407.6990, -41.3427,  64, 64, 64
L -28.9064, -405.4687, -41.3427,  -27.8288, -405.5101, -41.3427,  64, 64, 64
L -82.5836, -405.4687, -41.3427,  -28.7840, -405.4687, -41.3427,  64, 64, 64
L -84.4587, -405.9270, -41.3427,  -82.5836, -405.4687, -41.3427,  64, 64, 64
L -84.3489, -433.4664, -41.3427,  -84.2888, -392.2187, -41.3427,  64, 64, 64
L -70.4741, -447.8374, -41.3427,  -84.3489, -433.4664, -41.3427,  64, 64, 64
L -70.3918, -447.9198, -41.3427,  -28.4211, -448.1875, -41.3427,  64, 64, 64
L -70.3469, -461.6603, -41.3427,  -70.3918, -447.9198, -41.3427,  64, 64, 64
L -84.3600, -475.3494, -41.3427,  -70.3469, -461.6603, -41.3427,  64, 64, 64
L -111.5648, -461.6861, -41.3427,  -98.2265, -475.2440, -41.3427,  64, 64, 64
L -168.1019, -461.3804, -41.3427,  -111.5648, -461.6861, -41.3427,  64, 64, 64
L -168.1408, -476.1394, -41.3427,  -168.1019, -461.3804, -41.3427,  64, 64, 64
L -154.3125, -490.7780, -41.3427,  -168.1408, -476.1394, -41.3427,  64, 64, 64
L -154.3125, -503.4155, -41.3427,  -154.3125, -490.7780, -41.3427,  64, 64, 64
L -195.5312, -489.9662, -41.3427,  -195.5312, -502.8491, -41.3427,  64, 64, 64
L -182.3306, -476.7373, -41.3427,  -195.5312, -489.9662, -41.3427,  64, 64, 64
L -251.6036, -461.4375, -41.3427,  -182.8860, -461.4375, -41.3427,  64, 64, 64
L -349.5000, -475.4374, -41.3427,  -294.6075, -475.4374, -41.3427,  64, 64, 64
L -349.5000, -448.1866, -41.3427,  -349.5000, -475.4374, -41.3427,  64, 64, 64
L -335.6311, -448.9750, -41.3427,  -349.5000, -448.1866, -41.3427,  64, 64, 64
L -335.5000, -434.1875, -41.3427,  -335.6311, -448.9750, -41.3427,  64, 64, 64
L -322.2500, -434.1875, -41.3427,  -335.5000, -434.1875, -41.3427,  64, 64, 64
L -321.9673, -448.1759, -41.3427,  -322.2500, -434.1875, -41.3427,  64, 64, 64
L -279.6148, -448.1739, -41.3427,  -321.9673, -448.1759, -41.3427,  64, 64, 64
L -279.5000, -392.2180, -41.3427,  -279.6148, -448.1739, -41.3427,  64, 64, 64
L -238.6150, -392.2187, -41.3427,  -279.5000, -392.2180, -41.3427,  64, 64, 64
L -225.2355, -405.4480, -41.3427,  -238.6150, -392.2187, -41.3427,  64, 64, 64
L -112.3867, -448.4411, -41.3427,  -251.1324, -448.1875, -41.3427,  64, 64, 64
L -97.5936, -433.7841, -41.3427,  -112.3867, -448.4411, -41.3427,  64, 64, 64
L -97.5936, -406.2966, -41.3427,  -97.5936, -433.7841, -41.3427,  64, 64, 64
L -97.8796, -405.4793, -41.3427,  -97.5936, -406.2966, -41.3427,  64, 64, 64
L -112.2912, -405.6360, -41.3427,  -97.8796, -405.4793, -41.3427,  64, 64, 64
L -125.9762, -419.3516, -41.3427,  -112.2912, -405.6360, -41.3427,  64, 64, 64
L -139.7821, -419.4687, -41.3427,  -125.9762, -419.3516, -41.3427,  64, 64, 64
L -153.5389, -405.7119, -41.3427,  -139.7821, -419.4687, -41.3427,  64, 64, 64
L -153.5625, -391.9990, -41.3427,  -153.5389, -405.7119, -41.3427,  64, 64, 64
L -139.5668, -377.9033, -41.3427,  -153.5625, -391.9990, -41.3427,  64, 64, 64
L -139.3994, -363.7056, -41.3427,  -139.5668, -377.9033, -41.3427,  64, 64, 64
L -167.7245, -363.4687, -41.3427,  -139.3994, -363.7056, -41.3427,  64, 64, 64
L -195.5098, -363.4687, -41.3427,  -182.7000, -363.4687, -41.3427,  64, 64, 64
L -251.5312, -363.4687, -41.3427,  -209.8902, -363.4691, -41.3427,  64, 64, 64
L -251.6771, -321.5779, -41.3427,  -251.5312, -363.4687, -41.3427,  64, 64, 64
L -279.8919, -321.5004, -41.3427,  -251.6771, -321.5779, -41.3427,  64, 64, 64
L -280.2500, -349.5000, -41.3427,  -279.8919, -321.5004, -41.3427,  64, 64, 64
L -307.9889, -349.5176, -41.3427,  -280.2500, -349.5000, -41.3427,  64, 64, 64
L -322.2990, -363.4687, -41.3427,  -307.9889, -349.5176, -41.3427,  64, 64, 64
L -335.6202, -363.4687, -41.3427,  -322.2990, -363.4687, -41.3427,  64, 64, 64
L -349.5000, -349.7194, -41.3427,  -335.6202, -363.4687, -41.3427,  64, 64, 64
L -349.5000, -336.2890, -41.3427,  -349.5000, -349.7194, -41.3427,  64, 64, 64
L -335.8202, -322.3505, -41.3427,  -349.5000, -336.2890, -41.3427,  64, 64, 64
L -322.3030, -322.2500, -41.3427,  -335.8202, -322.3505, -41.3427,  64, 64, 64
L -307.9359, -336.2454, -41.3427,  -322.3030, -322.2500, -41.3427,  64, 64, 64
L -294.2662, -336.2500, -41.3427,  -307.9359, -336.2454, -41.3427,  64, 64, 64
L -293.5000, -335.7916, -41.3427,  -294.2662, -336.2500, -41.3427,  64, 64, 64
L -293.5000, -308.2488, -41.3427,  -293.5000, -335.7916, -41.3427,  64, 64, 64
L -279.5248, -308.9200, -41.3427,  -293.5000, -308.2488, -41.3427,  64, 64, 64
L -279.5000, -280.2488, -41.3427,  -279.5248, -308.9200, -41.3427,  64, 64, 64
L -265.5602, -280.1970, -41.3427,  -279.5000, -280.2488, -41.3427,  64, 64, 64
L -265.5312, -224.2805, -41.3427,  -265.5602, -280.1970, -41.3427,  64, 64, 64
L -251.5551, -224.9310, -41.3427,  -265.5312, -224.2805, -41.3427,  64, 64, 64
L -251.5312, -196.2798, -41.3427,  -251.5551, -224.9310, -41.3427,  64, 64, 64
L -224.4459, -196.2812, -41.3427,  -251.5312, -196.2798, -41.3427,  64, 64, 64
L -223.5503, -196.2460, -41.3427,  -224.4459, -196.2812, -41.3427,  64, 64, 64
L -223.5312, -182.9140, -41.3427,  -223.5503, -196.2460, -41.3427,  64, 64, 64
L -237.5312, -167.7821, -41.3427,  -223.5312, -182.9140, -41.3427,  64, 64, 64
L -237.5312, -154.9190, -41.3427,  -237.5312, -167.7821, -41.3427,  64, 64, 64
L -223.6788, -140.8161, -41.3427,  -237.5312, -154.9190, -41.3427,  64, 64, 64
L -223.6082, -97.7412, -41.3427,  -223.6788, -140.8161, -41.3427,  64, 64, 64
L -251.5312, -97.5936, -41.3427,  -223.6082, -97.7412, -41.3427,  64, 64, 64
L -251.5312, -28.2283, -41.3427,  -251.5312, -97.5936, -41.3427,  64, 64, 64
L -265.5312, -13.8446, -41.3427,  -251.5312, -28.2283, -41.3427,  64, 64, 64
L -265.5312, -0.1549, -41.3427,  -265.5312, -13.8446, -41.3427,  64, 64, 64
L -252.7178, 12.6579, -41.3427,  -265.5312, -0.1549, -41.3427,  64, 64, 64
L -224.4509, 0.1450, -41.3427,  -238.1253, 13.6887, -41.3427,  64, 64, 64
L -238.7120, -27.6345, -41.3427,  -225.2564, -14.8199, -41.3427,  64, 64, 64
L -238.2812, -82.2250, -41.3427,  -238.7120, -27.6345, -41.3427,  64, 64, 64
L -237.9604, -84.3397, -41.3427,  -238.2812, -82.2250, -41.3427,  64, 64, 64
L -210.2812, -84.3438, -41.3427,  -237.9604, -84.3397, -41.3427,  64, 64, 64
L -210.2812, -139.9225, -41.3427,  -210.2812, -84.3438, -41.3427,  64, 64, 64
L -196.2812, -154.9280, -41.3427,  -210.2812, -139.9225, -41.3427,  64, 64, 64
L -196.2812, -167.7821, -41.3427,  -196.2812, -154.9280, -41.3427,  64, 64, 64
L -210.2438, -181.7743, -41.3427,  -196.2812, -167.7821, -41.3427,  64, 64, 64
L -210.2812, -193.5886, -41.3427,  -210.2438, -181.7743, -41.3427,  64, 64, 64
L -209.7955, -196.2812, -41.3427,  -210.2812, -193.5886, -41.3427,  64, 64, 64
L -169.5586, -196.2812, -41.3427,  -209.7955, -196.2812, -41.3427,  64, 64, 64
L -167.5663, -195.9599, -41.3427,  -169.5586, -196.2812, -41.3427,  64, 64, 64
L -167.5625, -168.3120, -41.3427,  -167.5663, -195.9599, -41.3427,  64, 64, 64
L -154.9206, -168.3125, -41.3427,  -167.5625, -168.3120, -41.3427,  64, 64, 64
L -167.5625, -223.5312, -41.3427,  -155.2826, -223.5312, -41.3427,  64, 64, 64
L -167.5625, -211.3028, -41.3427,  -167.5625, -223.5312, -41.3427,  64, 64, 64
L -167.7458, -209.5838, -41.3427,  -167.5625, -211.3028, -41.3427,  64, 64, 64
L -236.2019, -209.5312, -41.3427,  -167.7458, -209.5838, -41.3427,  64, 64, 64
L -238.2646, -209.7958, -41.3427,  -236.2019, -209.5312, -41.3427,  64, 64, 64
L -238.2812, -237.5312, -41.3427,  -238.2646, -209.7958, -41.3427,  64, 64, 64
L -250.7626, -237.5312, -41.3427,  -238.2812, -237.5312, -41.3427,  64, 64, 64
L -252.2729, -237.8283, -41.3427,  -250.7626, -237.5312, -41.3427,  64, 64, 64
L -252.2812, -306.5622, -41.3427,  -252.2729, -237.8283, -41.3427,  64, 64, 64
L -251.8733, -308.2500, -41.3427,  -252.2812, -306.5622, -41.3427,  64, 64, 64
L -238.2812, -308.2500, -41.3427,  -251.8733, -308.2500, -41.3427,  64, 64, 64
L -238.2812, -348.3910, -41.3427,  -238.2812, -308.2500, -41.3427,  64, 64, 64
L -237.8632, -350.3322, -41.3427,  -238.2812, -348.3910, -41.3427,  64, 64, 64
L -210.6550, -350.2500, -41.3427,  -237.8632, -350.3322, -41.3427,  64, 64, 64
L -181.9379, -350.2500, -41.3427,  -195.1900, -350.2500, -41.3427,  64, 64, 64
L -126.3125, -350.2500, -41.3427,  -167.7762, -350.2500, -41.3427,  64, 64, 64
L -126.3125, -375.9152, -41.3427,  -126.3125, -350.2500, -41.3427,  64, 64, 64
L -125.8078, -378.5047, -41.3427,  -126.3125, -375.9152, -41.3427,  64, 64, 64
L -112.1958, -392.1421, -41.3427,  -125.8078, -378.5047, -41.3427,  64, 64, 64
L -29.3300, -392.2187, -41.3427,  -112.1958, -392.1421, -41.3427,  64, 64, 64
L -27.6250, -391.8054, -41.3427,  -29.3300, -392.2187, -41.3427,  64, 64, 64
L -27.6250, -336.8792, -41.3427,  -27.6250, -391.8054, -41.3427,  64, 64, 64
L -27.9328, -335.5059, -41.3427,  -27.6250, -336.8792, -41.3427,  64, 64, 64
L -56.1315, -335.5000, -41.3427,  -27.9328, -335.5059, -41.3427,  64, 64, 64
L -55.8338, -335.4999, -41.3427,  -56.3436, -321.8869, -41.3427,  240, 240, 0
L -69.5936, -335.5000, -41.3427,  -55.8338, -335.4999, -41.3427,  64, 64, 64
L -69.5879, -293.9789, -41.3427,  -69.5938, -335.5000, -41.3427,  64, 64, 64
L -98.3776, -293.7534, -41.3427,  -69.5879, -293.9789, -41.3427,  64, 64, 64
L -112.1240, -307.5000, -41.3427,  -98.3776, -293.7534, -41.3427,  64, 64, 64
L -124.5583, -307.4999, -41.3427,  -112.1240, -307.5000, -41.3427,  64, 64, 64
L -167.5625, -266.2801, -41.3427,  -167.5625, -293.7518, -41.3427,  64, 64, 64
L -140.1180, -266.2812, -41.3427,  -167.5625, -266.2801, -41.3427,  64, 64, 64
L -112.1238, -266.2812, -41.3427,  -125.5142, -266.2812, -41.3427,  64, 64, 64
L -97.9040, -280.2500, -41.3427,  -112.1238, -266.2812, -41.3427,  64, 64, 64
L -69.6816, -280.1161, -41.3427,  -97.9040, -280.2500, -41.3427,  64, 64, 64
L -69.5938, -266.2812, -41.3427,  -69.6816, -280.1161, -41.3427,  64, 64, 64
L -56.3438, -266.2812, -41.3427,  -69.5938, -266.2812, -41.3427,  64, 64, 64
L -56.3438, -320.1687, -41.3427,  -56.3438, -266.2812, -41.3427,  64, 64, 64
L -56.1475, -322.2119, -41.3427,  -56.3438, -320.1687, -41.3427,  64, 64, 64
L 55.5936, -322.2500, -41.3427,  -56.1475, -322.2119, -41.3427,  64, 64, 64
L 55.5936, -419.4687, -41.3427,  55.5936, -322.2500, -41.3427,  64, 64, 64
L 28.6250, -419.4687, -41.3427,  55.5936, -419.4687, -41.3427,  64, 64, 64
L 27.6250, -420.2749, -41.3427,  28.6250, -419.4687, -41.3427,  64, 64, 64
L 27.6250, -432.3460, -41.3427,  27.6250, -420.2749, -41.3427,  64, 64, 64
L 27.7948, -434.1263, -41.3427,  27.6250, -432.3460, -41.3427,  64, 64, 64
L 111.2835, -434.1875, -41.3427,  27.7948, -434.1263, -41.3427,  64, 64, 64
L 126.9270, -420.2187, -41.3427,  111.2835, -434.1875, -41.3427,  64, 64, 64
L 139.4097, -420.2158, -41.3427,  126.9270, -420.2187, -41.3427,  64, 64, 64
L 154.9280, -406.2187, -41.3427,  139.4097, -420.2158, -41.3427,  64, 64, 64
L 167.7821, -406.2187, -41.3427,  154.9280, -406.2187, -41.3427,  64, 64, 64
L 195.3747, -434.2580, -41.3427,  167.7821, -406.2187, -41.3427,  64, 64, 64
L 209.5635, -434.1875, -41.3427,  195.3747, -434.2580, -41.3427,  64, 64, 64
L 210.2806, -433.8335, -41.3427,  209.5635, -434.1875, -41.3427,  64, 64, 64
L 210.2812, -420.2187, -41.3427,  210.2806, -433.8335, -41.3427,  64, 64, 64
L 223.5312, -420.2178, -41.3427,  210.2812, -420.2187, -41.3427,  64, 64, 64
L 223.5312, -431.8604, -41.3427,  223.5312, -420.2178, -41.3427,  64, 64, 64
L 223.8974, -434.1874, -41.3427,  223.5312, -431.8604, -41.3427,  64, 64, 64
L 236.7209, -434.1875, -41.3427,  223.8974, -434.1874, -41.3427,  64, 64, 64
L 238.2800, -433.8423, -41.3427,  236.7209, -434.1875, -41.3427,  64, 64, 64
L 238.2812, -420.2187, -41.3427,  238.2800, -433.8423, -41.3427,  64, 64, 64
L 251.5312, -420.2187, -41.3427,  238.2812, -420.2187, -41.3427,  64, 64, 64
L 251.8498, -434.1847, -41.3427,  251.5312, -420.2187, -41.3427,  64, 64, 64
L 264.7221, -434.1875, -41.3427,  251.8498, -434.1847, -41.3427,  64, 64, 64
L 266.2753, -433.8788, -41.3427,  264.7221, -434.1875, -41.3427,  64, 64, 64
L 266.2812, -393.1537, -41.3427,  266.2753, -433.8788, -41.3427,  64, 64, 64
L 265.9554, -391.4716, -41.3427,  266.2812, -393.1537, -41.3427,  64, 64, 64
L 224.2812, -391.4687, -41.3427,  265.9554, -391.4716, -41.3427,  64, 64, 64
L 224.2812, -322.2500, -41.3427,  224.2812, -391.4687, -41.3427,  64, 64, 64
L 280.4410, -322.2096, -41.3427,  224.2812, -322.2500, -41.3427,  64, 64, 64
L 280.2500, -252.2812, -41.3427,  280.4410, -322.2096, -41.3427,  64, 64, 64
L 362.7391, -252.2812, -41.3427,  280.2500, -252.2812, -41.3427,  64, 64, 64
L 363.7357, -252.6022, -41.3427,  362.7391, -252.2812, -41.3427,  64, 64, 64
L 364.2187, -197.6290, -41.3427,  363.7357, -252.6022, -41.3427,  64, 64, 64
L 363.9341, -195.5423, -41.3427,  364.2187, -197.6290, -41.3427,  64, 64, 64
L 322.9232, -195.5312, -41.3427,  363.9341, -195.5423, -41.3427,  64, 64, 64
L 321.5000, -196.1202, -41.3427,  322.9232, -195.5312, -41.3427,  64, 64, 64
L 321.5000, -223.5312, -41.3427,  321.5000, -196.1202, -41.3427,  64, 64, 64
L 297.4589, -223.5312, -41.3427,  321.5000, -223.5312, -41.3427,  64, 64, 64
L -13.9519, -335.5000, -41.3427,  -14.3750, -337.3535, -41.3427,  64, 64, 64
L 41.6452, -335.5000, -41.3427,  -13.9519, -335.5000, -41.3427,  64, 64, 64
L 42.3438, -336.5627, -41.3427,  41.6452, -335.5000, -41.3427,  64, 64, 64
L 42.2593, -406.1548, -41.3427,  42.3438, -336.5627, -41.3427,  64, 64, 64
L 14.3750, -406.2187, -41.3427,  42.2593, -406.1548, -41.3427,  64, 64, 64
L 14.3750, -447.4375, -41.3427,  14.3750, -406.2187, -41.3427,  64, 64, 64
L 112.4264, -447.7402, -41.3427,  14.3750, -447.4375, -41.3427,  64, 64, 64
L 126.9310, -461.4375, -41.3427,  112.4264, -447.7402, -41.3427,  64, 64, 64
L 139.5552, -461.3582, -41.3427,  126.9310, -461.4375, -41.3427,  64, 64, 64
L 154.9280, -475.4375, -41.3427,  139.5552, -461.3582, -41.3427,  64, 64, 64
L 167.7821, -475.4375, -41.3427,  154.9280, -475.4375, -41.3427,  64, 64, 64
L 195.6526, -447.5362, -41.3427,  167.7821, -475.4375, -41.3427,  64, 64, 64
L 210.1570, -447.4538, -41.3427,  195.6526, -447.5362, -41.3427,  64, 64, 64
L 210.2812, -448.2348, -41.3427,  210.1570, -447.4538, -41.3427,  64, 64, 64
L 210.2795, -461.4374, -41.3427,  210.2812, -448.2348, -41.3427,  64, 64, 64
L 223.5314, -461.4375, -41.3427,  210.2795, -461.4374, -41.3427,  64, 64, 64
L 223.5312, -449.7151, -41.3427,  223.5314, -461.4375, -41.3427,  64, 64, 64
L 223.8884, -447.4379, -41.3427,  223.5312, -449.7151, -41.3427,  64, 64, 64
L 237.8369, -447.4375, -41.3427,  223.8884, -447.4379, -41.3427,  64, 64, 64
L 238.2171, -447.6000, -41.3427,  237.8369, -447.4375, -41.3427,  64, 64, 64
L 238.2812, -461.4375, -41.3427,  238.2171, -447.6000, -41.3427,  64, 64, 64
L 251.5312, -461.4375, -41.3427,  238.2812, -461.4375, -41.3427,  64, 64, 64
L 250.7184, -448.1005, -41.3427,  251.5312, -461.4375, -41.3427,  64, 64, 64
L 279.5000, -447.4375, -41.3427,  250.7184, -448.1005, -41.3427,  64, 64, 64
L 279.5000, -378.2182, -41.3427,  279.5000, -447.4375, -41.3427,  64, 64, 64
L 237.6535, -378.1207, -41.3427,  279.5000, -378.2182, -41.3427,  64, 64, 64
L 237.5312, -337.4343, -41.3427,  237.6535, -378.1207, -41.3427,  64, 64, 64
L 237.9251, -335.5000, -41.3427,  237.5312, -337.4343, -41.3427,  64, 64, 64
L 278.5020, -335.5000, -41.3427,  237.9251, -335.5000, -41.3427,  64, 64, 64
L 280.2448, -335.8131, -41.3427,  278.5020, -335.5000, -41.3427,  64, 64, 64
L 280.2500, -363.4687, -41.3427,  280.2448, -335.8131, -41.3427,  64, 64, 64
L 299.5000, -363.4687, -41.3427,  280.2500, -363.4687, -41.3427,  64, 64, 64
L 391.4687, -433.6571, -41.3427,  377.6884, -447.4375, -41.3427,  64, 64, 64
L 391.2216, -419.7624, -41.3427,  391.4687, -433.6571, -41.3427,  64, 64, 64
L 405.7574, -419.4687, -41.3427,  391.2216, -419.7624, -41.3427,  64, 64, 64
L 419.8922, -433.3312, -41.3427,  405.7574, -419.4687, -41.3427,  64, 64, 64
L 433.6573, -433.4374, -41.3427,  419.8922, -433.3312, -41.3427,  64, 64, 64
L 447.4375, -419.6881, -41.3427,  433.6573, -433.4374, -41.3427,  64, 64, 64
L 447.4375, -405.9977, -41.3427,  447.4375, -419.6881, -41.3427,  64, 64, 64
L 433.6571, -392.2187, -41.3427,  447.4375, -405.9977, -41.3427,  64, 64, 64
L 419.9990, -392.2187, -41.3427,  433.6571, -392.2187, -41.3427,  64, 64, 64
L 406.1023, -406.1152, -41.3427,  419.9990, -392.2187, -41.3427,  64, 64, 64
L 392.4771, -406.2187, -41.3427,  406.1023, -406.1152, -41.3427,  64, 64, 64
L 391.4687, -405.4526, -41.3427,  392.4771, -406.2187, -41.3427,  64, 64, 64
L 391.4687, -391.9981, -41.3427,  391.4687, -405.4526, -41.3427,  64, 64, 64
L 377.6600, -377.4970, -41.3427,  391.4687, -391.9981, -41.3427,  64, 64, 64
L 392.3417, -363.8113, -41.3427,  377.6600, -377.4970, -41.3427,  64, 64, 64
L 405.9981, -377.4687, -41.3427,  392.3417, -363.8113, -41.3427,  64, 64, 64
L 461.5074, -377.4687, -41.3427,  405.9981, -377.4687, -41.3427,  64, 64, 64
L 462.2072, -377.8947, -41.3427,  461.5074, -377.4687, -41.3427,  64, 64, 64
L 462.1861, -391.4687, -41.3427,  462.2072, -377.8947, -41.3427,  64, 64, 64
L 503.7633, -391.4687, -41.3427,  462.1861, -391.4687, -41.3427,  64, 64, 64
L 504.1829, -391.7855, -41.3427,  503.7633, -391.4687, -41.3427,  64, 64, 64
L 504.1875, -405.4687, -41.3427,  504.1829, -391.7855, -41.3427,  64, 64, 64
L 533.4986, -406.2832, -41.3427,  504.1875, -405.4687, -41.3427,  64, 64, 64
L 559.5727, -419.3201, -41.3427,  533.4986, -406.2832, -41.3427,  64, 64, 64
L 587.3899, -419.4687, -40.3427,  559.5727, -419.3201, -41.3427,  64, 64, 64
L 629.6260, -391.4372, -38.3740,  587.3899, -419.4687, -40.3427,  64, 64, 64
L 657.3750, -363.6884, -38.3740,  629.6260, -391.4372, -38.3740,  64, 64, 64
L 657.3750, -350.3030, -38.3740,  657.3750, -363.6884, -38.3740,  64, 64, 64
L 629.1794, -321.9454, -39.3427,  657.3750, -350.3030, -38.3740,  64, 64, 64
L 587.3871, -294.2500, -40.3427,  629.1794, -321.9454, -39.3427,  64, 64, 64
L 559.5732, -294.3980, -41.3423,  587.3871, -294.2500, -40.3427,  64, 64, 64
L 531.3265, -308.2500, -41.3427,  559.5732, -294.3980, -41.3423,  64, 64, 64
L 504.1875, -308.2500, -41.3427,  531.3265, -308.2500, -41.3427,  64, 64, 64
L 504.9710, -322.1190, -41.3427,  504.1875, -308.2500, -41.3427,  64, 64, 64
L 462.1875, -322.2500, -41.3427,  504.9710, -322.1190, -41.3427,  64, 64, 64
L 462.9510, -336.1213, -41.3427,  462.1875, -322.2500, -41.3427,  64, 64, 64
L 405.9988, -336.2500, -41.3427,  462.9510, -336.1213, -41.3427,  64, 64, 64
L 392.1290, -350.2592, -41.3427,  405.9988, -336.2500, -41.3427,  64, 64, 64
L 377.4689, -335.9019, -41.3427,  392.1290, -350.2592, -41.3427,  64, 64, 64
L 391.4687, -321.7196, -41.3427,  377.4689, -335.9019, -41.3427,  64, 64, 64
L 391.4687, -308.5206, -41.3427,  391.4687, -321.7196, -41.3427,  64, 64, 64
L 392.6420, -307.5000, -41.3427,  391.4687, -308.5206, -41.3427,  64, 64, 64
L 405.2321, -307.5000, -41.3427,  392.6420, -307.5000, -41.3427,  64, 64, 64
L 406.1829, -307.6840, -41.3427,  405.2321, -307.5000, -41.3427,  64, 64, 64
L 419.9990, -321.5000, -41.3427,  406.1829, -307.6840, -41.3427,  64, 64, 64
L 433.6571, -321.5000, -41.3427,  419.9990, -321.5000, -41.3427,  64, 64, 64
L 447.4375, -307.7196, -41.3427,  433.6571, -321.5000, -41.3427,  64, 64, 64
L 447.4375, -294.2910, -41.3427,  447.4375, -307.7196, -41.3427,  64, 64, 64
L 433.6571, -280.2500, -41.3427,  447.4375, -294.2910, -41.3427,  64, 64, 64
L 419.9990, -280.2500, -41.3427,  433.6571, -280.2500, -41.3427,  64, 64, 64
L 406.4730, -293.7760, -41.3427,  419.9990, -280.2500, -41.3427,  64, 64, 64
L 391.4687, -293.8267, -41.3427,  406.4730, -293.7760, -41.3427,  64, 64, 64
L 391.4687, -280.2980, -41.3427,  391.4687, -293.8267, -41.3427,  64, 64, 64
L 377.6886, -266.2812, -41.3427,  391.4687, -280.2980, -41.3427,  64, 64, 64
L 363.9990, -266.2812, -41.3427,  377.6886, -266.2812, -41.3427,  64, 64, 64
L 350.2500, -280.3030, -41.3427,  363.9990, -266.2812, -41.3427,  64, 64, 64
L 350.1809, -294.9190, -41.3427,  350.2500, -280.3030, -41.3427,  64, 64, 64
L 335.6451, -294.1714, -41.3427,  350.1809, -294.9190, -41.3427,  64, 64, 64
L 321.7196, -280.2499, -41.3427,  335.6451, -294.1714, -41.3427,  64, 64, 64
L 308.3030, -280.2500, -41.3427,  321.7196, -280.2499, -41.3427,  64, 64, 64
L 294.2500, -294.3030, -41.3427,  308.3030, -280.2500, -41.3427,  64, 64, 64
L 294.2500, -307.7196, -41.3427,  294.2500, -294.3030, -41.3427,  64, 64, 64
L 308.3030, -321.5000, -41.3427,  294.2500, -307.7196, -41.3427,  64, 64, 64
L 321.7196, -321.5000, -41.3427,  308.3030, -321.5000, -41.3427,  64, 64, 64
L 334.7830, -307.7370, -41.3427,  321.7196, -321.5000, -41.3427,  64, 64, 64
L 350.1861, -307.4037, -41.3427,  334.7830, -307.7370, -41.3427,  64, 64, 64
L 350.2500, -321.7198, -41.3427,  350.1861, -307.4037, -41.3427,  64, 64, 64
L 364.2916, -335.3797, -41.3427,  350.2500, -321.7198, -41.3427,  64, 64, 64
L 350.1213, -350.6075, -41.3427,  364.2916, -335.3797, -41.3427,  64, 64, 64
L 349.5000, -322.5253, -41.3427,  350.1213, -350.6075, -41.3427,  64, 64, 64
L 302.2500, -350.9010, -41.3427,  349.5000, -322.5253, -41.3427,  64, 64, 64
L 302.2500, -352.2724, -41.3427,  302.2500, -350.9010, -41.3427,  64, 64, 64
L 302.2500, -363.6283, -41.3427,  302.2500, -361.4515, -41.3427,  64, 64, 64
L 349.5000, -391.1917, -41.3427,  302.2500, -363.6283, -41.3427,  64, 64, 64
L 348.3822, -363.9272, -41.3427,  349.5000, -391.1917, -41.3427,  64, 64, 64
L 364.4700, -377.4313, -41.3427,  348.3822, -363.9272, -41.3427,  64, 64, 64
L 350.2499, -391.9988, -41.3427,  364.4700, -377.4313, -41.3427,  64, 64, 64
L 350.1514, -406.9690, -41.3427,  350.2499, -391.9988, -41.3427,  64, 64, 64
L 335.6075, -406.1066, -41.3427,  350.1514, -406.9690, -41.3427,  64, 64, 64
L 321.7196, -392.2187, -41.3427,  335.6075, -406.1066, -41.3427,  64, 64, 64
L 308.3030, -392.2187, -41.3427,  321.7196, -392.2187, -41.3427,  64, 64, 64
L 294.2500, -405.9990, -41.3427,  308.3030, -392.2187, -41.3427,  64, 64, 64
L 294.2500, -419.6881, -41.3427,  294.2500, -405.9990, -41.3427,  64, 64, 64
L 308.2990, -433.4375, -41.3427,  294.2500, -419.6881, -41.3427,  64, 64, 64
L 321.7198, -433.4375, -41.3427,  308.2990, -433.4375, -41.3427,  64, 64, 64
L 335.5600, -420.1815, -41.3427,  321.7198, -433.4375, -41.3427,  64, 64, 64
L 336.2260, -419.4687, -41.3427,  335.5600, -420.1815, -41.3427,  64, 64, 64
L 350.1433, -419.5817, -41.3427,  336.2260, -419.4687, -41.3427,  64, 64, 64
L 350.2500, -433.6573, -41.3427,  350.1433, -419.5817, -41.3427,  64, 64, 64
L 363.9993, -447.4375, -41.3427,  350.2500, -433.6573, -41.3427,  64, 64, 64
L 377.6884, -447.4375, -41.3427,  363.9993, -447.4375, -41.3427,  64, 64, 64
L -69.5938, -713.6810, -41.3427,  -70.5794, -714.9370, -41.3427,  64, 64, 64
L -56.3438, -713.6882, -41.3427,  -69.5938, -713.6810, -41.3427,  240, 240, 0
L -84.2939, -686.2410, -41.3427,  -84.3438, -671.9602, -41.3427,  64, 64, 64
L -56.3438, -686.9370, -41.3427,  -84.2939, -686.2410, -41.3427,  64, 64, 64
L -56.3438, -713.6616, -41.3427,  -56.3438, -686.9370, -41.3427,  64, 64, 64
L -70.5151, -699.3437, -41.3427,  -85.2398, -699.3437, -41.3427,  64, 64, 64
L -69.5936, -699.8763, -41.3427,  -70.5151, -699.3437, -41.3427,  64, 64, 64
L -69.5936, -713.5827, -41.3427,  -69.5936, -699.8763, -41.3427,  64, 64, 64
L -70.2267, -741.9908, -41.3427,  -56.3438, -742.9370, -41.3427,  64, 64, 64
L -70.4042, -727.7169, -41.3427,  -70.2267, -741.9908, -41.3427,  64, 64, 64
L -14.3743, -727.3437, -41.3427,  -70.4042, -727.7169, -41.3427,  64, 64, 64
L -14.3750, -658.1250, -41.3427,  -14.3743, -727.3437, -41.3427,  64, 64, 64
L -83.6757, -658.1250, -42.2034,  -14.3750, -658.1250, -41.3427,  64, 64, 64
L -84.3438, -657.4595, -41.3427,  -83.6757, -658.1250, -42.2034,  64, 64, 64
L -84.3438, -630.1250, -41.3427,  -84.3438, -657.4595, -41.3427,  64, 64, 64
L -101.7104, -630.1250, -41.3427,  -84.3438, -630.1250, -41.3427,  64, 64, 64
L -97.9979, -643.2840, -41.3427,  -101.8038, -643.3749, -41.3427,  64, 64, 64
L -97.5945, -699.3437, -41.3427,  -97.9979, -643.2840, -41.3427,  64, 64, 64
L -85.1980, -699.3437, -41.3427,  -97.5945, -699.3437, -41.3427,  64, 64, 64
L -27.6539, -671.5742, -41.3427,  -84.3438, -672.3156, -41.3427,  64, 64, 64
L -27.6250, -713.3029, -41.3427,  -27.6539, -671.5742, -41.3427,  64, 64, 64
L -27.9962, -714.9370, -41.3427,  -27.6250, -713.3029, -41.3427,  64, 64, 64
L -56.8570, -714.7500, -41.3427,  -27.9962, -714.9370, -41.3427,  64, 64, 64
L -83.5936, -714.9370, -41.3427,  -70.5622, -714.9370, -41.3427,  64, 64, 64
L -101.8038, -643.3749, -39.4677,  -101.7104, -630.1250, -39.4677,  150, 0, 200
L -14.3324, -224.7950, -55.3427,  -14.3515, -224.7000, -55.1422,  0, 0, 255
L -13.8171, -224.3127, -55.3888,  -14.3324, -224.7950, -55.3427,  0, 0, 255
L -13.6250, -224.2812, -81.4313,  -13.8171, -224.3127, -55.3888,  0, 0, 255
L -13.5220, -237.5312, -60.9900,  -15.5254, -237.5312, -55.3427,  0, 0, 255
L -13.6250, -251.7509, -41.3427,  -13.6250, -238.1622, -41.3427,  200, 200, 255
L 0.1549, -265.5312, -41.3427,  -13.6250, -251.7509, -41.3427,  200, 200, 255
L 13.8446, -265.5312, -41.3427,  0.1549, -265.5312, -41.3427,  200, 200, 255
L 27.6250, -251.7509, -41.3427,  13.8446, -265.5312, -41.3427,  200, 200, 255
L 27.6250, -238.4040, -41.3427,  27.6250, -251.7509, -41.3427,  200, 200, 255
L -13.6250, -238.2274, -41.3427,  27.6250, -238.4040, -41.3427,  0, 0, 255
L 112.3438, -153.2951, -41.3427,  125.5625, -153.4350, -41.3427,  0, 0, 255
L 14.1751, -169.9140, -41.3427,  0.3750, -169.4906, -41.3427,  0, 0, 255
L 14.4590, -140.3942, -41.3427,  14.1751, -169.9140, -41.3427,  0, 0, 255
L 56.6677, -140.3697, -41.3427,  14.4590, -140.3942, -41.3427,  0, 0, 255
L 56.4936, -126.3125, -41.3427,  56.6677, -140.3697, -41.3427,  0, 0, 255
L 209.5312, -265.3724, -41.3427,  209.8970, -265.2731, -41.3427,  0, 0, 255
L 194.6740, -265.7970, -41.3427,  209.5312, -265.3724, -41.3427,  0, 0, 255
L 195.1760, -307.5453, -41.3427,  194.6740, -265.7970, -41.3427,  0, 0, 255
L 181.9068, -306.9750, -41.3427,  195.1760, -307.5453, -41.3427,  0, 0, 255
L 168.2392, -279.6521, -41.3427,  181.8728, -306.9071, -41.3427,  64, 64, 64
L 169.6645, -168.3125, -41.3427,  96.7113, -168.3125, -41.3427,  0, 0, 255
L 125.5625, -238.4985, -41.3427,  125.5740, -238.5442, -41.3427,  64, 64, 64
L 125.5625, -251.4736, -41.3427,  125.5625, -238.4985, -41.3427,  64, 64, 64
L 111.8131, -265.5312, -41.3427,  125.5625, -251.4736, -41.3427,  64, 64, 64
L 98.1239, -265.5312, -41.3427,  111.8131, -265.5312, -41.3427,  64, 64, 64
L 84.3436, -251.7509, -41.3427,  98.1239, -265.5312, -41.3427,  64, 64, 64
L 84.3438, -238.2975, -41.3427,  84.3436, -251.7509, -41.3427,  64, 64, 64
L 75.7216, -181.5625, -41.3427,  75.8048, -181.4024, -41.3427,  64, 64, 64
L 82.8064, -181.5625, -41.3427,  75.7216, -181.5625, -41.3427,  64, 64, 64
L 84.3004, -181.7625, -41.3427,  82.8064, -181.5625, -41.3427,  64, 64, 64
L 84.3438, -182.6612, -41.3427,  84.3004, -181.7625, -41.3427,  64, 64, 64
L 84.3438, -183.6467, -41.3427,  84.3438, -222.4898, -41.3427,  64, 64, 64
L 181.5625, -168.3125, -41.3427,  169.2376, -168.3125, -41.3427,  64, 64, 64
L 181.3303, -223.9482, -41.3427,  181.5625, -168.3125, -41.3427,  64, 64, 64
L 209.5312, -224.2812, -41.3427,  181.3303, -223.9482, -41.3427,  64, 64, 64
L 209.5312, -224.2804, -41.3427,  209.5312, -265.8781, -41.3427,  64, 64, 64
L 70.1266, -126.2776, -41.3427,  57.4063, -126.3125, -41.3427,  64, 64, 64
L 70.3438, -112.3438, -41.3427,  70.1266, -126.2776, -41.3427,  64, 64, 64
L 83.5936, -126.9397, -41.3427,  83.5938, -139.5625, -41.3427,  64, 64, 64
L 84.7450, -125.4154, -41.3427,  83.5936, -126.9397, -41.3427,  64, 64, 64
L 110.5095, -125.5625, -41.3427,  84.7450, -125.4154, -41.3427,  64, 64, 64
L 112.3435, -125.9256, -41.3427,  110.5095, -125.5625, -41.3427,  64, 64, 64
L 112.3438, -153.6082, -41.3427,  112.3435, -125.9256, -41.3427,  64, 64, 64
L 125.5625, -112.3434, -41.3427,  125.5625, -153.3443, -41.3427,  64, 64, 64
L 70.3438, -112.3438, -41.3427,  125.5625, -112.3434, -41.3427,  64, 64, 64
L 27.6250, -167.2678, -41.3427,  27.6534, -153.7943, -41.3427,  64, 64, 64
L 27.8542, -168.2829, -41.3427,  27.6250, -167.2678, -41.3427,  64, 64, 64
L 56.1717, -168.2528, -41.3427,  27.8542, -168.2829, -41.3427,  64, 64, 64
L 56.3438, -167.8340, -41.3427,  56.1717, -168.2528, -41.3427,  64, 64, 64
L 56.3489, -153.8872, -41.3427,  56.3438, -167.8340, -41.3427,  64, 64, 64
L 27.6931, -153.7220, -41.3427,  56.3489, -153.8872, -41.3427,  64, 64, 64
L 0.3750, -169.1202, -41.3427,  0.5773, -169.2041, -41.3427,  64, 64, 64
L 0.3750, -181.7819, -41.3427,  0.3750, -169.1202, -41.3427,  64, 64, 64
L 14.2060, -195.3971, -41.3427,  0.3750, -181.7819, -41.3427,  64, 64, 64
L 27.8446, -195.5312, -41.3427,  14.2060, -195.3971, -41.3427,  64, 64, 64
L 43.5108, -181.5625, -41.3427,  27.8446, -195.5312, -41.3427,  64, 64, 64
L 76.4680, -181.5625, -41.3427,  43.5108, -181.5625, -41.3427,  64, 64, 64
L 69.7450, -168.2384, -41.3427,  96.9701, -168.3125, -41.3427,  64, 64, 64
L 69.5936, -141.4088, -41.3427,  69.7450, -168.2384, -41.3427,  64, 64, 64
L 70.9310, -139.5625, -41.3427,  69.5936, -141.4088, -41.3427,  64, 64, 64
L 83.5936, -139.5625, -41.3427,  70.9310, -139.5625, -41.3427,  64, 64, 64
L 168.4216, -180.8961, -41.3427,  168.4208, -280.3300, -41.3427,  0, 0, 255
L 97.1985, -183.6230, -41.3427,  168.4216, -180.8961, -41.3427,  0, 0, 255
L 97.6454, -220.6231, -41.3427,  97.1985, -183.6230, -41.3427,  0, 0, 255
L 84.3438, -222.4688, -41.3427,  97.6454, -220.6231, -41.3427,  0, 0, 255
L 84.3438, -239.6896, -41.3427,  125.5625, -238.6385, -41.3427,  0, 0, 255
L 111.5788, -195.9626, -55.3427,  111.7322, -224.1973, -55.3427,  0, 0, 255
L 153.9634, -195.5132, -55.3427,  111.5788, -195.9626, -55.3427,  0, 0, 255
L 154.3093, -223.9672, -55.3427,  153.9634, -195.5132, -55.3427,  0, 0, 255
L 112.4795, -224.2812, -55.3427,  154.3093, -223.9672, -55.3427,  0, 0, 255
L 97.5936, -224.2812, -83.3426,  -13.6250, -224.2812, -83.3426,  0, 0, 255
L 97.5936, -237.5312, -83.3426,  97.5936, -224.2812, -83.3426,  0, 0, 255
L -13.6250, -237.5312, -83.3426,  97.5936, -237.5312, -83.3426,  0, 0, 255
L -195.9079, -350.2500, -55.3427,  -192.3602, -350.2789, -55.3427,  0, 0, 255
L -195.9238, -335.4587, -55.3427,  -195.9079, -350.2500, -55.3427,  0, 0, 255
L -181.5803, -335.7602, -55.3427,  -195.9238, -335.4587, -55.3427,  0, 0, 255
L -181.7846, -350.2173, -55.3427,  -181.5803, -335.7602, -55.3427,  0, 0, 255
L -193.7200, -350.2500, -55.3427,  -181.7846, -350.2173, -55.3427,  0, 0, 255
L -196.2812, -375.6110, -55.3427,  -196.2812, -375.1956, -55.3427,  0, 0, 255
L -196.3867, -378.5930, -55.3427,  -196.2812, -375.6110, -55.3427,  0, 0, 255
L -182.2432, -378.2187, -55.3427,  -196.3867, -378.5930, -55.3427,  0, 0, 255
L -181.6557, -363.5962, -55.3427,  -182.2432, -378.2187, -55.3427,  0, 0, 255
L -196.2033, -363.6150, -55.3427,  -181.6557, -363.5962, -55.3427,  0, 0, 255
L -196.2812, -375.1451, -55.3427,  -196.1486, -363.5502, -55.3427,  0, 0, 255
L -167.8985, -532.1562, -55.3427,  -166.4901, -532.1562, -55.3427,  0, 0, 255
L -166.1351, -545.4061, -55.3427,  -168.2943, -545.4061, -55.5570,  0, 0, 255
L -183.1482, -532.1562, -55.3427,  -181.7113, -532.1562, -55.5120,  0, 0, 255
L -185.4199, -545.4061, -55.3427,  -181.8403, -545.4061, -55.3716,  0, 0, 255
L -125.5750, -531.8771, -55.3427,  -167.4073, -532.1562, -55.3427,  0, 0, 255
L -125.5625, -518.1535, -55.3427,  -125.5750, -531.8771, -55.3427,  0, 0, 255
L -83.8759, -518.2821, -55.3427,  -125.5625, -518.1535, -55.3427,  0, 0, 255
L -83.6888, -503.5627, -55.3427,  -83.8759, -518.2821, -55.3427,  0, 0, 255
L -97.5943, -503.4375, -55.3427,  -83.6888, -503.5627, -55.3427,  0, 0, 255
L -97.5936, -476.1861, -55.3427,  -97.5943, -503.4375, -55.3427,  0, 0, 255
L -84.3438, -476.1875, -55.3427,  -97.5936, -476.1861, -55.3427,  0, 0, 255
L -84.3983, -489.7411, -55.3427,  -84.3438, -476.1875, -55.3427,  0, 0, 255
L -70.3438, -490.1875, -55.3427,  -84.3983, -489.7411, -55.3427,  0, 0, 255
L -70.3438, -531.4062, -55.3427,  -70.3438, -490.1875, -55.3427,  0, 0, 255
L -112.8060, -531.3632, -55.3427,  -70.3438, -531.4062, -55.3427,  0, 0, 255
L -112.3438, -545.4062, -55.3427,  -112.8060, -531.3632, -55.3427,  0, 0, 255
L -140.1459, -545.4692, -55.3427,  -112.3438, -545.4062, -55.3427,  0, 0, 255
L -140.3125, -559.4062, -55.3427,  -140.1459, -545.4692, -55.3427,  0, 0, 255
L -153.5631, -559.4062, -55.3427,  -140.3125, -559.4062, -55.3427,  0, 0, 255
L -153.5280, -545.7992, -55.3427,  -153.5631, -559.4062, -55.3427,  0, 0, 255
L -166.4790, -545.4061, -55.3427,  -153.5280, -545.7992, -55.3427,  0, 0, 255
L -209.5312, -560.1547, -83.3426,  -209.5323, -615.3749, -83.3426,  0, 0, 255
L -181.8196, -560.1376, -83.3426,  -209.5312, -560.1547, -83.3426,  0, 0, 255
L -181.5625, -518.1580, -83.3426,  -181.8196, -560.1376, -83.3426,  0, 0, 255
L -195.9000, -504.1875, -83.3426,  -181.5625, -518.1580, -83.3426,  0, 0, 255
L -154.8443, -504.1875, -83.3426,  -195.9000, -504.1875, -83.3426,  0, 0, 255
L -168.3125, -517.7797, -83.3426,  -154.8443, -504.1875, -83.3426,  0, 0, 255
L -168.3125, -573.4062, -83.3426,  -168.3125, -517.7797, -83.3426,  0, 0, 255
L -195.6956, -573.3151, -83.3426,  -168.3125, -573.4062, -83.3426,  0, 0, 255
L -196.2803, -615.3750, -83.3426,  -195.6956, -573.3151, -83.3426,  0, 0, 255
L -251.3745, -602.1250, -55.3427,  -210.1223, -602.1250, -55.3427,  0, 0, 255
L -252.3428, -601.6589, -55.3427,  -251.3745, -602.1250, -55.3427,  0, 0, 255
L -252.2300, -545.5915, -55.3427,  -252.3428, -601.6589, -55.3427,  0, 0, 255
L -185.6265, -545.4061, -55.3427,  -252.2300, -545.5915, -55.3427,  0, 0, 255
L -183.4770, -532.1562, -55.3427,  -182.9884, -532.1636, -55.3018,  0, 0, 255
L -251.9068, -532.1562, -55.3427,  -183.4770, -532.1562, -55.3427,  0, 0, 255
L -252.2812, -531.4542, -55.3427,  -251.9068, -532.1562, -55.3427,  0, 0, 255
L -252.3821, -518.9460, -55.3427,  -252.2812, -531.4542, -55.3427,  0, 0, 255
L -238.2812, -503.6569, -55.3427,  -252.3821, -518.9460, -55.3427,  0, 0, 255
L -238.2812, -489.9678, -55.3427,  -238.2812, -503.6569, -55.3427,  0, 0, 255
L -252.2760, -475.8754, -55.3427,  -238.2812, -489.9678, -55.3427,  0, 0, 255
L -252.2940, -419.9495, -55.3427,  -252.2760, -475.8754, -55.3427,  0, 0, 255
L -182.3112, -419.4687, -55.3427,  -252.2940, -419.9495, -55.3427,  0, 0, 255
L -182.1265, -391.5197, -55.3427,  -182.3112, -419.4687, -55.3427,  0, 0, 255
L -168.3102, -391.4687, -55.3427,  -182.1265, -391.5197, -55.3427,  0, 0, 255
L -168.3125, -322.2500, -55.3427,  -168.3102, -391.4687, -55.3427,  0, 0, 255
L -180.9901, -322.2500, -55.3427,  -168.3125, -322.2500, -55.3427,  0, 0, 255
L -182.3015, -321.9651, -55.3427,  -180.9901, -322.2500, -55.3427,  0, 0, 255
L -182.2579, -307.6797, -55.3427,  -182.3015, -321.9651, -55.3427,  0, 0, 255
L -126.3110, -307.5000, -55.3427,  -182.2579, -307.6797, -55.3427,  0, 0, 255
L -126.3125, -239.1511, -55.3427,  -126.3110, -307.5000, -55.3427,  0, 0, 255
L -126.2960, -237.5426, -55.3427,  -126.3125, -239.1511, -55.3427,  0, 0, 255
L -56.3430, -237.5312, -55.3427,  -126.2960, -237.5426, -55.3427,  0, 0, 255
L -56.2573, -195.6666, -55.3427,  -56.3430, -237.5312, -55.3427,  0, 0, 255
L -27.7224, -195.6539, -55.3427,  -56.2573, -195.6666, -55.3427,  0, 0, 255
L -27.6250, -237.5312, -55.3427,  -27.7224, -195.6539, -55.3427,  0, 0, 255
L -14.4596, -237.5312, -55.3427,  -27.6250, -237.5312, -55.3427,  0, 0, 255
L -14.2947, -224.1384, -55.3427,  -14.1298, -224.3574, -55.3427,  0, 0, 255
L -14.3503, -167.8029, -55.3427,  -14.2947, -224.1384, -55.3427,  0, 0, 255
L 13.6251, -167.5625, -55.3427,  -14.3503, -167.8029, -55.3427,  0, 0, 255
L 13.5121, -140.1365, -55.3427,  13.6251, -167.5625, -55.3427,  0, 0, 255
L 112.1420, -139.5321, -55.3427,  13.5121, -140.1365, -55.3427,  0, 0, 255
L 112.4347, -153.1657, -55.3427,  112.1420, -139.5321, -55.3427,  0, 0, 255
L 98.3438, -168.9280, -55.3427,  112.4347, -153.1657, -55.3427,  0, 0, 255
L 98.3438, -222.4920, -55.3427,  98.3438, -168.9280, -55.3427,  0, 0, 255
L 154.1916, -237.6303, -55.3427,  98.7270, -237.5312, -55.3427,  0, 0, 255
L 154.3125, -279.5000, -55.3427,  154.1916, -237.6303, -55.3427,  0, 0, 255
L 196.1648, -279.6032, -55.3427,  154.3125, -279.5000, -55.3427,  0, 0, 255
L 196.2812, -306.5015, -55.3427,  196.1648, -279.6032, -55.3427,  0, 0, 255
L 196.6826, -307.9322, -55.3427,  196.2812, -306.5015, -55.3427,  0, 0, 255
L 184.8710, -308.2500, -55.3427,  196.6826, -307.9322, -55.3427,  0, 0, 255
L 209.5312, -321.5000, -55.3427,  182.4613, -321.5000, -55.3427,  0, 0, 255
L 209.5312, -266.2812, -55.3427,  209.5312, -321.5000, -55.3427,  0, 0, 255
L 167.7515, -266.2318, -55.3427,  209.5312, -266.2812, -55.3427,  0, 0, 255
L 167.5625, -168.9200, -55.3427,  167.7515, -266.2318, -55.3427,  0, 0, 255
L 153.6928, -154.2807, -55.3427,  167.5625, -168.9200, -55.3427,  0, 0, 255
L 153.5223, -139.9772, -55.3427,  153.6928, -154.2807, -55.3427,  0, 0, 255
L 209.5312, -139.5625, -55.3427,  153.5223, -139.9772, -55.3427,  0, 0, 255
L 209.5625, -111.8109, -55.3427,  209.5312, -139.5625, -55.3427,  0, 0, 255
L 223.3759, -97.9688, -55.3427,  209.5625, -111.8109, -55.3427,  0, 0, 255
L 209.7509, -84.3436, -55.3427,  223.3759, -97.9688, -55.3427,  0, 0, 255
L 196.6180, -84.3438, -55.3427,  209.7509, -84.3436, -55.3427,  0, 0, 255
L 182.4671, -97.9686, -55.3427,  196.6180, -84.3438, -55.3427,  0, 0, 255
L 196.1958, -111.7236, -55.3427,  182.4671, -97.9686, -55.3427,  0, 0, 255
L 196.2844, -125.9401, -55.3427,  196.1958, -111.7236, -55.3427,  0, 0, 255
L 140.3125, -126.3125, -55.3427,  196.2844, -125.9401, -55.3427,  0, 0, 255
L 140.3125, -153.5690, -55.3427,  140.3125, -126.3125, -55.3427,  0, 0, 255
L 139.7060, -154.3125, -55.3427,  140.3125, -153.5690, -55.3427,  0, 0, 255
L 125.7209, -154.2439, -55.3427,  139.7060, -154.3125, -55.3427,  0, 0, 255
L 125.5625, -126.3121, -55.3427,  125.7209, -154.2439, -55.3427,  0, 0, 255
L 56.8522, -126.3125, -55.3427,  125.5625, -126.3121, -55.3427,  0, 0, 255
L 55.6086, -126.4200, -55.3427,  56.8522, -126.3125, -55.3427,  0, 0, 255
L 55.5936, -84.3432, -55.3427,  55.6086, -126.4200, -55.3427,  0, 0, 255
L 14.3750, -84.3438, -55.3427,  55.5936, -84.3432, -55.3427,  0, 0, 255
L 14.3820, -125.9698, -55.3427,  14.3750, -84.3438, -55.3427,  0, 0, 255
L 0.3750, -126.3125, -55.3427,  14.3820, -125.9698, -55.3427,  0, 0, 255
L 0.3750, -139.7214, -55.3427,  0.3750, -126.3125, -55.3427,  0, 0, 255
L -14.3750, -154.3125, -55.3427,  0.3750, -139.7214, -55.3427,  0, 0, 255
L -27.6250, -154.3118, -55.3427,  -14.3750, -154.3125, -55.3427,  0, 0, 255
L -27.6213, -182.1240, -55.3427,  -27.6250, -154.3118, -55.3427,  0, 0, 255
L -69.5936, -182.3115, -55.3427,  -27.6213, -182.1240, -55.3427,  0, 0, 255
L -69.5936, -222.5564, -55.3427,  -69.5936, -182.3115, -55.3427,  0, 0, 255
L -70.5488, -224.2812, -55.3427,  -69.5936, -222.5564, -55.3427,  0, 0, 255
L -138.3172, -224.2812, -55.3427,  -70.5488, -224.2812, -55.3427,  0, 0, 255
L -140.2276, -224.1436, -55.3427,  -138.3172, -224.2812, -55.3427,  0, 0, 255
L -140.3125, -168.7776, -55.3427,  -140.2276, -224.1436, -55.3427,  0, 0, 255
L -139.8880, -167.5625, -55.3427,  -140.3125, -168.7776, -55.3427,  0, 0, 255
L -70.3431, -167.5625, -55.3427,  -139.8880, -167.5625, -55.3427,  0, 0, 255
L -70.2326, -111.7022, -55.3427,  -70.3431, -167.5625, -55.3427,  0, 0, 255
L -56.3434, -111.5936, -55.3427,  -70.2326, -111.7022, -55.3427,  0, 0, 255
L -56.3438, 13.6250, -55.3427,  -56.3434, -111.5936, -55.3427,  0, 0, 255
L -84.7540, 13.6402, -55.3427,  -56.3438, 13.6250, -55.3427,  0, 0, 255
L -84.3438, 97.5936, -55.3427,  -84.7540, 13.6402, -55.3427,  0, 0, 255
L -126.2069, 97.7074, -55.3427,  -84.3438, 97.5936, -55.3427,  0, 0, 255
L -126.3125, 167.6024, -55.3427,  -126.2069, 97.7074, -55.3427,  0, 0, 255
L -139.5625, 167.4955, -55.3427,  -126.3125, 167.6024, -55.3427,  150, 0, 200
L -111.5936, -854.3120, -41.3427,  -97.8760, -854.1950, -41.3427,  64, 64, 64
L -97.8760, -854.1950, -41.3427,  -97.5936, -853.3306, -41.3427,  64, 64, 64
L -97.5936, -853.3306, -41.3427,  -97.5936, -840.5199, -41.3427,  64, 64, 64
L -111.5938, -854.3120, -41.3427,  -111.5942, -867.2812, -41.3427,  64, 64, 64
L -111.5942, -867.2812, -41.3427,  -98.3780, -867.2812, -41.3427,  64, 64, 64
L -98.3780, -867.2812, -41.3427,  -97.5936, -867.8916, -41.3427,  64, 64, 64
L -97.5936, -867.8916, -41.3427,  -97.5936, -880.8336, -41.3427,  64, 64, 64
L -47.7203, -886.8678, -41.3427,  -28.2656, -867.3916, -41.3427,  64, 64, 64
L -28.2656, -867.3916, -41.3427,  -13.7759, -867.3555, -41.3427,  64, 64, 64
L -13.7759, -867.3555, -41.3427,  -13.6250, -868.7370, -41.3427,  64, 64, 64
L -13.6250, -868.7370, -41.3427,  -13.6250, -881.2812, -41.3427,  64, 64, 64
L -13.6250, -881.2812, -41.3427,  0.1870, -881.3310, -41.3427,  64, 64, 64
L 0.1870, -881.3310, -41.3427,  0.3750, -881.7399, -41.3427,  64, 64, 64
L 0.3750, -881.7399, -41.3427,  0.3740, -909.6530, -41.3427,  64, 64, 64
L 0.3740, -909.6530, -41.3427,  0.4650, -909.9971, -41.3427,  64, 64, 64
L 0.4650, -909.9971, -41.3427,  -13.6250, -909.9999, -41.3427,  64, 64, 64
L -13.6250, -909.9999, -41.3427,  -13.6664, -937.7963, -41.3427,  64, 64, 64
L -13.6664, -937.7963, -41.3427,  -13.9878, -937.9998, -41.3427,  64, 64, 64
L -13.9878, -937.9998, -41.3427,  -28.6870, -937.9936, -41.3427,  64, 64, 64
L -28.6870, -937.9936, -41.3427,  -28.3750, -937.6186, -41.3427,  64, 64, 64
L -28.3750, -937.6186, -41.3427,  -28.3750, -910.0000, -41.3427,  64, 64, 64
L -28.3750, -910.0000, -41.3427,  -56.6150, -909.9882, -41.3427,  64, 64, 64
L -56.6150, -909.9882, -41.3427,  -56.3438, -909.2680, -41.3427,  64, 64, 64
L -56.3438, -909.2680, -41.3427,  -56.3438, -895.7500, -41.3427,  64, 64, 64
L -56.3438, -895.7500, -41.3427,  -47.6281, -886.7756, -41.3427,  64, 64, 64
L 13.6250, -868.2850, -41.3427,  -0.8950, -868.2030, -41.3427,  64, 64, 64
L -0.8950, -868.2030, -41.3427,  -0.3750, -867.1204, -41.3427,  64, 64, 64
L -0.3750, -867.1204, -41.3427,  -0.3750, -853.9308, -41.3427,  64, 64, 64
L -0.3750, -853.9308, -41.3427,  0.2053, -853.2812, -41.3427,  64, 64, 64
L 0.2053, -853.2812, -41.3427,  42.2481, -853.4061, -41.3427,  64, 64, 64
L 42.2481, -853.4061, -41.3427,  42.3438, -854.4438, -41.3427,  64, 64, 64
L 42.3438, -854.4438, -41.3427,  42.3438, -867.5987, -41.3427,  64, 64, 64
L 42.3438, -867.5987, -41.3427,  28.9540, -882.1890, -41.3427,  64, 64, 64
L 28.9540, -882.1890, -41.3427,  13.8679, -882.7200, -41.3427,  64, 64, 64
L 13.8679, -882.7200, -41.3427,  13.6250, -880.9901, -41.3427,  64, 64, 64
L 13.6250, -880.9901, -41.3427,  13.6250, -868.3120, -41.3427,  64, 64, 64
L -13.6250, -840.3120, -41.3427,  -13.6250, -853.6231, -41.3427,  64, 64, 64
L -13.6250, -853.6231, -41.3427,  -14.2998, -854.3120, -41.3427,  64, 64, 64
L -14.2998, -854.3120, -41.3427,  -28.1930, -854.3070, -41.3427,  64, 64, 64
L -28.1930, -854.3070, -41.3427,  -56.1295, -826.2580, -41.3427,  64, 64, 64
L -56.1295, -826.2580, -41.3427,  -56.1792, -811.3769, -41.3427,  64, 64, 64
L -56.1792, -811.3769, -41.3427,  -28.3750, -811.3124, -41.3427,  64, 64, 64
L -28.3750, -811.3124, -41.3427,  -28.3750, -770.6250, -41.3427,  64, 64, 64
L -28.3750, -770.6250, -41.3427,  -55.7807, -770.6250, -41.3427,  64, 64, 64
L -70.9947, -770.6250, -41.3427,  -84.1474, -770.1900, -41.3427,  64, 64, 64
L -84.1474, -770.1900, -41.3427,  -112.1238, -742.9370, -41.3427,  64, 64, 64
L -112.1238, -742.9370, -41.3427,  -139.9387, -742.9370, -41.3427,  64, 64, 64
L -139.9387, -742.9370, -41.3427,  -140.3125, -740.9819, -41.3427,  64, 64, 64
L -140.3125, -740.9819, -41.3427,  -140.3125, -728.1860, -41.3427,  64, 64, 64
L -153.5625, -728.2500, -41.3427,  -153.5625, -741.5400, -41.3427,  64, 64, 64
L -153.2120, -755.3124, -41.3427,  -126.2211, -755.3125, -41.3427,  64, 64, 64
L -126.2211, -755.3125, -41.3427,  -139.1932, -769.4736, -41.3427,  64, 64, 64
L -111.3457, -796.5340, -41.3427,  -98.3799, -783.5683, -41.3427,  64, 64, 64
L -98.3799, -783.5683, -41.3427,  -41.8145, -783.3455, -41.3427,  64, 64, 64
L -41.8145, -783.3455, -41.3427,  -41.5936, -783.9624, -41.3427,  64, 64, 64
L -41.5936, -783.9624, -41.3427,  -41.5936, -797.6676, -41.3427,  64, 64, 64
L -41.5936, -797.6676, -41.3427,  -41.9361, -798.6100, -41.3427,  64, 64, 64
L -41.9361, -798.6100, -41.3427,  -69.5938, -798.6240, -41.3427,  64, 64, 64
L -69.5938, -798.6240, -41.3427,  -69.5936, -825.5852, -41.3427,  64, 64, 64
L -13.6250, -840.3120, -41.3427,  -0.4730, -840.3120, -41.3427,  64, 64, 64
L 28.4279, -840.3120, -41.3427,  69.5918, -840.3120, -41.3427,  64, 64, 64
L 69.5918, -840.3120, -41.3427,  70.3438, -839.1426, -41.3427,  64, 64, 64
L 70.3438, -839.1426, -41.3427,  70.3438, -797.9283, -41.3427,  64, 64, 64
L 70.3438, -797.9283, -41.3427,  56.6067, -783.7951, -41.3427,  64, 64, 64
L 56.6067, -783.7951, -41.3427,  55.6300, -783.3124, -41.3427,  64, 64, 64
L 55.6300, -783.3124, -41.3427,  41.8519, -783.3310, -41.3427,  64, 64, 64
L 41.8519, -783.3310, -41.3427,  41.5936, -784.4184, -41.3427,  64, 64, 64
L 41.5936, -784.4184, -41.3427,  41.5955, -797.3124, -41.3427,  64, 64, 64
L 41.5955, -797.3124, -41.3427,  27.9760, -797.3132, -41.3427,  64, 64, 64
L 27.9760, -797.3132, -41.3427,  27.6250, -798.1518, -41.3427,  64, 64, 64
L 27.6250, -798.1518, -41.3427,  27.6250, -810.7287, -41.3427,  64, 64, 64
L 14.3699, -811.7518, -41.3566,  14.3750, -784.6250, -41.3427,  64, 64, 64
L 14.3750, -784.6250, -41.3427,  28.2230, -784.6170, -41.3427,  64, 64, 64
L 28.2230, -784.6170, -41.3427,  28.3750, -782.7849, -41.3427,  64, 64, 64
L 28.3750, -782.7849, -41.3427,  28.3750, -770.6250, -41.3427,  64, 64, 64
L 28.3750, -770.6250, -41.3427,  55.8145, -770.6250, -41.3427,  64, 64, 64
L 55.8145, -770.6250, -41.3427,  57.3958, -768.7906, -41.3427,  64, 64, 64
L 57.3958, -768.7906, -41.3427,  70.1240, -756.6250, -41.3427,  64, 64, 64
L 70.1240, -756.6250, -41.3427,  83.8135, -756.6250, -41.3427,  64, 64, 64
L 83.8135, -756.6250, -41.3427,  97.6150, -769.8641, -41.3427,  64, 64, 64
L 97.6150, -769.8641, -41.3427,  98.7699, -770.6250, -41.3427,  64, 64, 64
L 98.7699, -770.6250, -41.3427,  111.7994, -770.6250, -41.3427,  64, 64, 64
L 111.7994, -770.6250, -41.3427,  112.3438, -769.1530, -41.3427,  64, 64, 64
L 112.3438, -769.1530, -41.3427,  112.3430, -741.6953, -41.3427,  64, 64, 64
L 112.3430, -741.6953, -41.3427,  111.5892, -741.3437, -41.3427,  64, 64, 64
L 111.5892, -741.3437, -41.3427,  98.3418, -741.3437, -41.3427,  64, 64, 64
L 98.3418, -741.3437, -41.3427,  98.3258, -699.6041, -41.3427,  64, 64, 64
L 98.3258, -699.6041, -41.3427,  97.5087, -699.3437, -41.3427,  64, 64, 64
L 97.5087, -699.3437, -41.3427,  83.7376, -699.4149, -41.3427,  64, 64, 64
L 83.7376, -699.4149, -41.3427,  55.8721, -713.3436, -41.3763,  64, 64, 64
L 56.3059, -658.4279, -41.3427,  83.6153, -671.9615, -41.3427,  64, 64, 64
L 83.6153, -671.9615, -41.3427,  86.3034, -672.9370, -41.3427,  64, 64, 64
L 86.3034, -672.9370, -41.3427,  97.5936, -672.9370, -41.3427,  64, 64, 64
L 97.5936, -672.9370, -41.3427,  97.6026, -685.8003, -41.3427,  64, 64, 64
L 97.6026, -685.8003, -41.3427,  98.3889, -686.9370, -41.3427,  64, 64, 64
L 98.3889, -686.9370, -41.3427,  111.5938, -686.9370, -41.3427,  64, 64, 64
L 111.5938, -686.9370, -41.3427,  111.5938, -727.6612, -41.3427,  64, 64, 64
L 111.5938, -727.6612, -41.3427,  112.3973, -728.9370, -41.3427,  64, 64, 64
L 112.3973, -728.9370, -41.3427,  125.5625, -728.9370, -41.3427,  64, 64, 64
L 125.5625, -728.9370, -41.3427,  125.5643, -783.3124, -41.3427,  64, 64, 64
L 125.5643, -783.3124, -41.3427,  98.1884, -783.3124, -41.3427,  64, 64, 64
L 98.1884, -783.3124, -41.3427,  97.2377, -783.8881, -41.3427,  64, 64, 64
L 97.2377, -783.8881, -41.3427,  83.8873, -797.2385, -41.3427,  64, 64, 64
L 83.8873, -797.2385, -41.3427,  83.5936, -798.6064, -41.3427,  64, 64, 64
L 83.5936, -798.6064, -41.3427,  83.5936, -853.2812, -41.3427,  64, 64, 64
L 83.5936, -853.2812, -41.3427,  55.7648, -853.3414, -41.3427,  64, 64, 64
L 55.7648, -853.3414, -41.3427,  55.5936, -854.6319, -41.3427,  64, 64, 64
L 55.5936, -854.6319, -41.3427,  55.5936, -867.6136, -41.3427,  64, 64, 64
L 55.5936, -867.6136, -41.3427,  56.5322, -868.7500, -41.3427,  64, 64, 64
L 56.5322, -868.7500, -41.3427,  69.5938, -881.8083, -41.3427,  64, 64, 64
L 69.5938, -881.8083, -41.3427,  69.5936, -895.5007, -41.3427,  64, 64, 64
L 69.5936, -895.5007, -41.3427,  55.6285, -909.4673, -41.3427,  64, 64, 64
L 55.6285, -909.4673, -41.3427,  55.5936, -965.5109, -41.3427,  64, 64, 64
L 55.5936, -965.5109, -41.3427,  56.2360, -966.2096, -41.3427,  64, 64, 64
L 56.2360, -966.2096, -41.3427,  69.5936, -979.7457, -41.3427,  64, 64, 64
L 69.5936, -979.7457, -41.3427,  69.5938, -993.4384, -41.3427,  64, 64, 64
L 69.5938, -993.4384, -41.3427,  55.8126, -1007.2193, -41.3427,  64, 64, 64
L 42.3438, -1007.6624, -41.3586,  28.2235, -993.2925, -41.3427,  64, 64, 64
L 28.2235, -993.2925, -41.3427,  -27.6250, -993.2187, -41.3427,  64, 64, 64
L -27.6250, -993.2187, -41.3427,  -27.6250, -965.6422, -41.3427,  64, 64, 64
L -27.6250, -965.6422, -41.3427,  -27.8789, -965.2699, -41.3427,  64, 64, 64
L -27.8789, -965.2699, -41.3427,  -70.6900, -965.2518, -41.3427,  64, 64, 64
L -70.6900, -965.2518, -41.3427,  -70.3438, -966.1903, -41.3427,  64, 64, 64
L -70.3438, -966.1903, -41.3427,  -70.3438, -979.2187, -41.3427,  64, 64, 64
L -70.3438, -979.2187, -41.3427,  -111.5936, -979.2187, -41.3427,  64, 64, 64
L -111.5936, -979.2187, -41.3427,  -111.5936, -952.6160, -41.3427,  64, 64, 64
L -111.5936, -952.6160, -41.3427,  -112.2271, -950.8350, -41.3427,  64, 64, 64
L -112.2271, -950.8350, -41.3427,  -125.5625, -937.4699, -41.3427,  64, 64, 64
L -125.5625, -937.4699, -41.3427,  -125.5625, -924.0000, -41.3427,  64, 64, 64
L -125.5625, -924.0000, -41.3427,  -112.2901, -924.0000, -41.3427,  64, 64, 64
L -97.8896, -924.0000, -41.3427,  -84.3438, -924.0000, -41.3427,  64, 64, 64
L -84.3438, -924.0000, -41.3427,  -84.3436, -937.4696, -41.3427,  64, 64, 64
L -84.3436, -937.4696, -41.3427,  -98.3234, -951.5030, -41.3427,  64, 64, 64
L -98.3234, -951.5030, -41.3427,  -98.3414, -965.6661, -41.3427,  64, 64, 64
L -98.3414, -965.6661, -41.3427,  -97.9956, -965.9990, -41.3427,  64, 64, 64
L -97.9956, -965.9990, -41.3427,  -83.7047, -965.8913, -41.3427,  64, 64, 64
L -83.7047, -965.8913, -41.3427,  -83.5936, -965.5691, -41.3427,  64, 64, 64
L -83.5936, -965.5691, -41.3427,  -83.5936, -952.0000, -41.3427,  64, 64, 64
L -83.5936, -952.0000, -41.3427,  -41.8500, -951.9806, -41.3427,  64, 64, 64
L -41.8500, -951.9806, -41.3427,  -41.5936, -951.1114, -41.3427,  64, 64, 64
L -41.5936, -951.1114, -41.3427,  -41.6011, -923.5475, -41.3427,  64, 64, 64
L -41.6011, -923.5475, -41.3427,  -42.6410, -923.2499, -41.3427,  64, 64, 64
L -42.6410, -923.2499, -41.3427,  -69.5936, -923.2499, -41.3427,  64, 64, 64
L -69.5936, -923.2499, -41.3427,  -69.5936, -896.6571, -41.3427,  64, 64, 64
L -0.3750, -951.2499, -41.3427,  -14.5000, -951.2532, -41.3427,  64, 64, 64
L -14.5000, -951.2532, -41.3427,  -14.3750, -952.4375, -41.3427,  64, 64, 64
L -14.3750, -952.4375, -41.3427,  -14.3750, -979.2798, -41.3427,  64, 64, 64
L -14.3750, -979.2798, -41.3427,  -14.3890, -979.9666, -41.3427,  64, 64, 64
L -14.3890, -979.9666, -41.3427,  28.1564, -979.9344, -41.3427,  64, 64, 64
L 28.1564, -979.9344, -41.3427,  42.3438, -965.5676, -41.3427,  64, 64, 64
L 42.3438, -965.5676, -41.3427,  42.3438, -909.7866, -41.3427,  64, 64, 64
L 42.3438, -909.7866, -41.3427,  28.1636, -895.3188, -41.3427,  64, 64, 64
L 28.1636, -895.3188, -41.3427,  14.2337, -895.2668, -41.3427,  64, 64, 64
L 14.2337, -895.2668, -41.3427,  13.6250, -896.2269, -41.3427,  64, 64, 64
L 13.6250, -896.2269, -41.3427,  13.6266, -923.2499, -41.3427,  64, 64, 64
L 13.6266, -923.2499, -41.3427,  -0.1860, -923.2993, -41.3427,  64, 64, 64
L -0.1860, -923.2993, -41.3427,  -0.3750, -924.6072, -41.3427,  64, 64, 64
L -0.3750, -924.6072, -41.3427,  -0.3750, -951.2500, -41.3427,  64, 64, 64
L 41.5936, -812.6250, -41.3427,  41.5936, -825.2812, -41.3427,  64, 64, 64
L 41.5936, -825.2812, -41.3427,  28.4391, -825.2812, -41.3427,  64, 64, 64
L 41.5936, -812.6250, -41.3427,  28.4792, -812.6250, -41.3427,  64, 64, 64
L -84.6645, -825.7281, -41.3603,  -111.8889, -812.1463, -41.3427,  64, 64, 64
L 0.3721, -839.2812, -55.3427,  27.6250, -839.2812, -55.3427,  0, 0, 255
L 27.6250, -839.2812, -55.3427,  27.6250, -812.2926, -55.3427,  0, 0, 255
L 27.6250, -812.2926, -55.3427,  13.6242, -783.6046, -55.3427,  0, 0, 255
L 13.6242, -783.6046, -55.3427,  13.6250, -713.7545, -55.3427,  0, 0, 255
L 13.6250, -713.7545, -55.3427,  55.5936, -713.3437, -55.3427,  0, 0, 255
L 55.5936, -713.3437, -55.3427,  55.5938, -658.1250, -55.3427,  0, 0, 255
L 55.5938, -658.1250, -55.3427,  0.3750, -658.1250, -55.3427,  0, 0, 255
L 0.3750, -658.1250, -55.3427,  0.3253, -699.9053, -55.3427,  0, 0, 255
L 0.3253, -699.9053, -55.3427,  -83.9231, -700.9370, -55.3427,  0, 0, 255
L -83.9231, -700.9370, -55.3427,  -98.1240, -686.9370, -55.3427,  0, 0, 255
L -98.1240, -686.9370, -55.3427,  -126.3520, -686.8060, -55.3427,  0, 0, 255
L -126.3520, -686.8060, -55.3427,  -140.6400, -672.1801, -55.3427,  0, 0, 255
L -140.6400, -672.1801, -55.3427,  -140.3125, -670.2862, -55.3427,  0, 0, 255
L -140.3125, -670.2862, -55.3427,  -140.3125, -658.1250, -55.3427,  0, 0, 255
L -140.3125, -658.1250, -55.3427,  -153.5625, -658.1232, -55.3427,  0, 0, 255
L -153.5625, -658.1232, -55.3427,  -153.5625, -671.5493, -55.3427,  0, 0, 255
L -153.5625, -671.5493, -55.3427,  -167.5625, -685.8712, -55.3427,  0, 0, 255
L -167.5625, -685.8712, -55.3427,  -167.5634, -727.3437, -55.3427,  0, 0, 255
L -167.5634, -727.3437, -55.3427,  -98.1240, -727.3437, -55.3427,  0, 0, 255
L -98.1226, -727.3423, -55.3427,  -84.3714, -713.5910, -55.3427,  0, 0, 255
L -84.3714, -713.5910, -55.3427,  -83.5830, -713.3436, -55.3427,  0, 0, 255
L -83.5830, -713.3436, -55.3427,  0.1303, -713.3668, -55.3427,  0, 0, 255
L 0.1303, -713.3668, -55.3427,  0.3750, -715.7230, -55.3427,  0, 0, 255
L 0.3750, -715.7230, -55.3427,  0.3437, -783.8374, -55.3427,  0, 0, 255
L 0.3437, -783.8374, -55.3427,  -0.4603, -784.1624, -55.3427,  0, 0, 255
L -0.4603, -784.1624, -55.3427,  -70.7111, -798.6250, -55.3427,  0, 0, 255
L -70.7111, -798.6250, -55.3427,  -83.5936, -798.6050, -55.3427,  0, 0, 255
L -83.5936, -798.6050, -55.3427,  -83.6383, -825.8334, -55.3427,  0, 0, 255
L -83.6383, -825.8334, -55.3427,  -111.9885, -826.3070, -55.3427,  0, 0, 255
L -111.9885, -826.3070, -55.3427,  -112.3438, -824.9677, -55.3427,  0, 0, 255
L -112.3438, -824.9677, -55.3427,  -112.3438, -770.6250, -55.3427,  0, 0, 255
L -112.3438, -770.6250, -55.3427,  -182.1890, -770.5340, -55.3427,  0, 0, 255
L -182.1890, -770.5340, -55.3427,  -182.3125, -768.6264, -55.3427,  0, 0, 255
L -182.3125, -768.6264, -55.3427,  -182.1973, -755.4171, -55.3427,  0, 0, 255
L -182.1973, -755.4171, -55.3427,  -154.3125, -755.3124, -55.3427,  0, 0, 255
L -154.3125, -755.3124, -55.3427,  -154.3125, -742.9370, -55.3427,  0, 0, 255
L -154.3125, -742.9370, -55.3427,  -195.9319, -742.9280, -55.3427,  0, 0, 255
L -195.9319, -742.9280, -55.3427,  -196.2812, -741.2217, -55.3427,  0, 0, 255
L -196.2812, -741.2217, -55.3427,  -196.2803, -685.6930, -55.3427,  0, 0, 255
L -196.2803, -685.6930, -55.3427,  -195.7746, -685.3436, -55.3427,  0, 0, 255
L -195.7746, -685.3436, -55.3427,  -182.3125, -685.3437, -55.3427,  0, 0, 255
L -182.3125, -685.3437, -55.3427,  -182.3125, -588.6567, -55.3427,  0, 0, 255
L -182.3125, -588.6567, -55.3427,  -195.5218, -601.8955, -55.3427,  0, 0, 255
L -195.5312, -616.2499, -55.3427,  -195.5722, -671.8890, -55.3427,  0, 0, 255
L -195.5722, -671.8890, -55.3427,  -195.9321, -672.9370, -55.3427,  0, 0, 255
L -195.9321, -672.9370, -55.3427,  -209.5312, -672.9130, -55.3427,  0, 0, 255
L -209.5312, -672.9130, -55.3427,  -209.5318, -755.3124, -55.3427,  0, 0, 255
L -209.5318, -755.3124, -55.3427,  -195.5383, -755.6060, -55.3427,  0, 0, 255
L -195.5383, -755.6060, -55.3427,  -195.5318, -783.3124, -55.3427,  0, 0, 255
L -195.5318, -783.3124, -55.3427,  -139.7398, -783.3686, -55.3427,  0, 0, 255
L -139.7398, -783.3686, -55.3427,  -139.5625, -784.4527, -55.3427,  0, 0, 255
L -139.5625, -784.4527, -55.3427,  -139.5675, -797.3125, -55.3427,  0, 0, 255
L -139.5675, -797.3125, -55.3427,  -125.7360, -797.3712, -55.3427,  0, 0, 255
L -125.7360, -797.3712, -55.3427,  -125.5625, -798.3179, -55.3427,  0, 0, 255
L -125.5625, -798.3179, -55.3427,  -125.5639, -839.2812, -55.3427,  0, 0, 255
L -125.5639, -839.2812, -55.3427,  -69.9509, -839.2816, -55.3427,  0, 0, 255
L -69.9509, -839.2816, -55.3427,  -55.8228, -853.2717, -55.3427,  0, 0, 255
L -55.8228, -853.2717, -55.3427,  -55.6227, -867.8010, -55.3427,  0, 0, 255
L -55.6227, -867.8010, -55.3427,  -69.8187, -882.3000, -55.3427,  0, 0, 255
L -69.8187, -882.3000, -55.3427,  -126.1770, -881.9447, -55.3427,  0, 0, 255
L -126.1770, -881.9447, -55.3427,  -126.3125, -854.3120, -55.3427,  0, 0, 255
L -126.3125, -854.3120, -55.3427,  -166.4314, -854.3120, -55.3427,  0, 0, 255
L -166.3864, -867.2812, -55.3427,  -139.7385, -867.3383, -55.3427,  0, 0, 255
L -139.7385, -867.3383, -55.3427,  -139.5625, -868.3544, -55.3427,  0, 0, 255
L -139.5625, -868.3544, -55.3427,  -139.5660, -895.2812, -55.3427,  0, 0, 255
L -139.5660, -895.2812, -55.3427,  -111.8768, -895.2925, -55.3427,  0, 0, 255
L -111.8768, -895.2925, -55.3427,  -111.5936, -896.1205, -55.3427,  0, 0, 255
L -111.5936, -896.1205, -55.3427,  -111.5955, -923.2499, -55.3427,  0, 0, 255
L -111.5955, -923.2499, -55.3427,  -98.3438, -923.2499, -55.3427,  0, 0, 255
L -98.3438, -923.2499, -55.3427,  -98.2357, -895.3926, -55.3427,  0, 0, 255
L -98.2357, -895.3926, -55.3427,  -97.5069, -895.2811, -55.3427,  0, 0, 255
L -97.5069, -895.2811, -55.3427,  -70.1240, -895.2812, -55.3427,  0, 0, 255
L -70.1240, -895.2812, -55.3427,  -42.3438, -867.5009, -55.3427,  0, 0, 255
L -42.3438, -867.5009, -55.3427,  -42.3438, -853.8115, -55.3427,  0, 0, 255
L -42.3438, -853.8115, -55.3427,  -70.1766, -825.9786, -55.3427,  0, 0, 255
L -70.1766, -825.9786, -55.3427,  -70.3438, -824.5112, -55.3427,  0, 0, 255
L -70.3438, -824.5112, -55.3427,  -70.3208, -811.5583, -55.3427,  0, 0, 255
L -70.3208, -811.5583, -55.3427,  -69.6927, -811.3124, -55.3427,  0, 0, 255
L -69.6927, -811.3124, -55.3427,  0.9850, -811.3256, -55.3427,  0, 0, 255
L 0.9850, -811.3256, -55.3427,  0.3750, -812.4000, -55.3427,  0, 0, 255
L 0.3750, -812.4000, -55.3427,  0.3701, -839.2812, -55.3427,  0, 0, 255
L 14.3750, -811.5196, -41.3427,  27.6250, -811.3450, -41.3427,  0, 0, 255
L 27.6250, -810.7527, -41.3427,  28.4457, -812.6250, -41.3427,  64, 64, 64
L 28.5558, -812.6250, -41.3427,  28.5884, -825.2812, -41.3427,  0, 0, 255
L -0.5953, -840.3120, -41.3427,  30.4372, -840.3120, -41.3427,  0, 0, 255
L -69.5936, -825.1308, -41.3427,  -41.5921, -853.5542, -41.3427,  0, 0, 255
L -41.5921, -853.5542, -41.3427,  -56.3479, -853.6271, -41.3427,  0, 0, 255
L -56.3479, -853.6271, -41.3427,  -69.9934, -840.1556, -41.3427,  0, 0, 255
L -69.9934, -840.1556, -41.3427,  -97.5936, -840.5430, -41.3427,  0, 0, 255
L -97.5936, -840.5430, -41.3427,  -96.8670, -840.6144, -41.3427,  0, 0, 255
L -97.5936, -881.4830, -41.3427,  -71.1218, -881.1027, -41.3427,  0, 0, 255
L -71.1218, -881.1027, -41.3427,  -56.7757, -867.8191, -41.3427,  0, 0, 255
L -56.7757, -867.8191, -41.3427,  -41.8524, -867.7549, -41.3427,  0, 0, 255
L -41.8524, -867.7549, -41.3427,  -69.5936, -897.1746, -41.3427,  0, 0, 255
L -97.8798, -924.0000, -41.3427,  -112.3363, -924.0000, -41.3427,  0, 0, 255
L 42.2687, -1007.3686, -41.3427,  55.5979, -1007.5380, -41.3427,  150, 0, 200
L 56.8800, -658.2285, -41.3427,  55.8804, -713.3437, -41.3701,  0, 0, 255
L 55.8804, -713.3437, -41.3701,  55.8226, -713.1040, -41.3858,  0, 0, 255
L 56.4506, -658.4094, -41.3427,  0.5695, -657.4496, -41.3427,  0, 0, 255
L 0.9060, -656.7763, -41.3427,  14.1610, -630.2663, -41.3427,  64, 64, 64
L 14.1610, -630.2663, -41.3427,  14.3750, -628.4764, -41.3427,  64, 64, 64
L 14.3750, -628.4764, -41.3427,  14.3750, -602.1250, -41.3427,  64, 64, 64
L 14.3750, -602.1250, -41.3427,  28.1743, -602.8190, -41.3427,  64, 64, 64
L 14.3750, -617.3746, -41.3427,  27.6250, -617.3324, -41.3427,  240, 240, 0
L 28.2235, -602.5110, -41.3427,  28.3750, -532.1562, -55.3427,  64, 64, 64
L 28.3750, -532.1562, -55.3427,  98.7500, -532.1541, -55.3427,  64, 64, 64
L 98.7500, -532.1541, -55.3427,  98.3438, -531.1186, -55.3427,  64, 64, 64
L 98.3438, -531.1186, -55.3427,  98.3438, -503.8136, -55.3427,  64, 64, 64
L 98.3438, -503.8136, -55.3427,  84.2137, -489.5285, -55.3427,  64, 64, 64
L 84.2137, -489.5285, -55.3427,  42.3423, -489.4375, -55.3427,  64, 64, 64
L 42.3423, -489.4375, -55.3427,  42.3438, -477.7420, -55.3427,  64, 64, 64
L 42.3438, -477.7420, -55.3427,  42.3438, -392.2187, -83.3426,  64, 64, 64
L 42.3438, -392.2187, -83.3426,  83.5936, -392.2178, -83.3426,  64, 64, 64
L 83.5936, -392.2178, -83.3426,  83.6256, -405.9952, -83.3426,  64, 64, 64
L 83.6256, -405.9952, -83.3426,  84.2185, -406.2187, -83.3426,  64, 64, 64
L 84.2185, -406.2187, -83.3426,  140.8620, -406.1879, -83.3426,  64, 64, 64
L 140.8620, -406.1879, -83.3426,  140.3125, -404.5144, -83.3426,  64, 64, 64
L 140.3125, -404.5144, -83.3426,  140.3125, -364.2187, -83.3426,  64, 64, 64
L 140.3125, -364.2187, -83.3426,  181.8771, -364.2187, -83.3426,  64, 64, 64
L 181.8771, -364.2187, -83.3426,  196.6150, -350.2500, -83.3426,  64, 64, 64
L 196.6150, -350.2500, -83.3426,  209.7512, -350.2500, -83.3426,  64, 64, 64
L 209.7512, -350.2500, -83.3426,  223.5312, -363.9957, -83.3426,  64, 64, 64
L 223.5312, -363.9957, -83.3426,  223.5312, -377.6884, -83.3426,  64, 64, 64
L 223.5312, -377.6884, -83.3426,  209.7509, -391.4687, -83.3426,  64, 64, 64
L 209.7509, -391.4687, -83.3426,  196.6180, -391.4687, -83.3426,  64, 64, 64
L 196.6180, -391.4687, -83.3426,  182.1862, -377.5629, -83.3426,  64, 64, 64
L 182.1862, -377.5629, -83.3426,  154.8710, -377.4687, -83.3426,  64, 64, 64
L 154.8710, -377.4687, -83.3426,  153.5625, -378.3983, -83.3426,  64, 64, 64
L 153.5625, -378.3983, -83.3426,  153.5717, -447.8955, -83.3426,  64, 64, 64
L 153.5717, -447.8955, -83.3426,  154.3043, -448.1875, -83.3426,  64, 64, 64
L 154.3043, -448.1875, -83.3426,  209.5312, -448.1865, -83.3426,  64, 64, 64
L 209.5312, -448.1865, -83.3426,  209.5312, -587.5510, -83.3426,  64, 64, 64
L 209.5312, -587.5510, -83.3426,  223.5312, -602.6240, -83.3426,  64, 64, 64
L 223.5312, -602.6240, -83.3426,  223.5313, -615.5945, -83.3426,  64, 64, 64
L 223.5313, -615.5945, -83.3426,  209.7510, -629.3749, -83.3426,  64, 64, 64
L 209.7510, -629.3749, -83.3426,  196.6180, -629.3750, -83.3426,  64, 64, 64
L 196.6180, -629.3750, -83.3426,  182.5608, -615.8437, -83.3426,  64, 64, 64
L 182.5608, -615.8437, -83.3426,  167.5625, -615.9397, -83.3426,  64, 64, 64
L 167.5625, -615.9397, -83.3426,  167.5637, -657.3749, -83.3426,  64, 64, 64
L 167.5637, -657.3749, -83.3426,  97.9155, -657.3786, -83.3426,  64, 64, 64
L 97.9155, -657.3786, -83.3426,  97.5936, -658.1912, -83.3426,  64, 64, 64
L 97.5936, -658.1912, -83.3426,  97.5961, -741.7617, -83.3426,  64, 64, 64
L 97.5961, -741.7617, -83.3426,  98.8795, -742.9370, -83.3426,  64, 64, 64
L 98.8795, -742.9370, -83.3426,  111.4959, -742.9370, -83.3426,  64, 64, 64
L 111.4959, -742.9370, -83.3426,  126.9300, -728.9370, -83.3426,  64, 64, 64
L 126.9300, -728.9370, -83.3426,  139.7821, -728.9370, -83.3426,  64, 64, 64
L 139.7821, -728.9370, -83.3426,  153.5625, -741.8712, -83.3426,  64, 64, 64
L 153.5625, -741.8712, -83.3426,  153.5625, -755.5321, -83.3426,  64, 64, 64
L 153.5625, -755.5321, -83.3426,  139.7830, -769.3125, -83.3426,  64, 64, 64
L 139.7830, -769.3125, -83.3426,  126.9310, -769.3125, -83.3426,  64, 64, 64
L 126.9310, -769.3125, -83.3426,  112.3423, -755.5309, -83.3426,  64, 64, 64
L 112.3423, -755.5309, -83.3426,  111.4869, -755.3124, -83.3426,  64, 64, 64
L 111.4869, -755.3124, -83.3426,  70.4144, -755.3124, -83.3426,  64, 64, 64
L 70.4144, -755.3124, -83.3426,  69.6026, -755.6058, -83.3426,  64, 64, 64
L 69.6026, -755.6058, -83.3426,  69.6126, -825.7735, -83.3426,  64, 64, 64
L 69.6126, -825.7735, -83.3426,  83.5936, -839.8073, -83.3426,  64, 64, 64
L 83.5936, -839.8073, -83.3426,  83.5938, -853.5009, -83.3426,  64, 64, 64
L 83.5938, -853.5009, -83.3426,  69.8135, -867.2812, -83.3426,  64, 64, 64
L 69.8135, -867.2812, -83.3426,  56.1229, -867.2812, -83.3426,  64, 64, 64
L 42.3438, -839.8115, -83.3426,  56.1467, -826.8600, -83.3426,  64, 64, 64
L 56.1467, -826.8600, -83.3426,  56.3438, -823.8560, -83.3426,  64, 64, 64
L 56.3438, -823.8560, -83.3426,  56.3438, -811.7581, -83.3426,  64, 64, 64
L 56.3438, -811.7581, -83.3426,  55.3372, -811.3124, -83.3426,  64, 64, 64
L 55.3372, -811.3124, -83.3426,  0.3724, -811.3124, -83.3426,  64, 64, 64
L 0.3724, -811.3124, -83.3426,  0.3750, -741.8152, -83.3426,  64, 64, 64
L 0.3750, -741.8152, -83.3426,  -0.1273, -741.3437, -83.3426,  64, 64, 64
L -0.1273, -741.3437, -83.3426,  -83.9257, -741.3434, -83.3426,  64, 64, 64
L -83.9257, -741.3434, -83.3426,  -98.1235, -755.3125, -83.3426,  64, 64, 64
L -98.1235, -755.3125, -83.3426,  -111.8134, -755.3125, -83.3426,  64, 64, 64
L -111.8134, -755.3125, -83.3426,  -125.5625, -741.5634, -83.3426,  64, 64, 64
L -125.5625, -741.5634, -83.3426,  -125.5625, -727.8737, -83.3426,  64, 64, 64
L -125.5625, -727.8737, -83.3426,  -111.8131, -714.9370, -83.3426,  64, 64, 64
L -111.8131, -714.9370, -83.3426,  -98.1240, -714.9370, -83.3426,  64, 64, 64
L -98.1240, -714.9370, -83.3426,  -84.4021, -727.8156, -83.3426,  64, 64, 64
L -84.4021, -727.8156, -83.3426,  -83.2985, -728.9370, -83.3426,  64, 64, 64
L -83.2985, -728.9370, -83.3426,  -69.9402, -728.9270, -83.3426,  64, 64, 64
L -69.9402, -728.9270, -83.3426,  -69.5936, -726.6224, -83.3426,  64, 64, 64
L -69.5936, -726.6224, -83.3426,  -69.6175, -713.5869, -83.3426,  64, 64, 64
L -69.6175, -713.5869, -83.3426,  -83.5936, -699.5634, -83.3426,  64, 64, 64
L -83.5936, -699.5634, -83.3426,  -83.5936, -685.9124, -83.3426,  64, 64, 64
L -83.5936, -685.9124, -83.3426,  -83.3524, -686.2641, -83.3426,  64, 64, 64
L -28.3750, -689.6290, -83.3426,  -28.3749, -699.5635, -83.3426,  64, 64, 64
L -28.3749, -699.5635, -83.3426,  -42.1739, -713.3934, -83.3426,  64, 64, 64
L -42.1739, -713.3934, -83.3426,  -42.3438, -714.1044, -83.3426,  64, 64, 64
L -42.3438, -714.1044, -83.3426,  -42.3376, -727.7865, -83.3426,  64, 64, 64
L -42.3376, -727.7865, -83.3426,  -40.7826, -728.9370, -83.3426,  64, 64, 64
L -40.7826, -728.9370, -83.3426,  -0.2540, -728.9370, -83.3426,  64, 64, 64
L -0.2540, -728.9370, -83.3426,  0.3750, -726.1277, -83.3426,  64, 64, 64
L 0.3750, -726.1277, -83.3426,  0.3750, -714.7428, -83.3426,  64, 64, 64
L 0.3750, -714.7428, -83.3426,  -13.6250, -699.5634, -83.3426,  64, 64, 64
L -13.6250, -699.5634, -83.3426,  -13.6250, -685.8739, -83.3426,  64, 64, 64
L -13.6250, -685.8739, -83.3426,  0.3409, -671.8750, -83.3426,  64, 64, 64
L 0.3409, -671.8750, -83.3426,  0.3750, -644.1250, -83.3426,  64, 64, 64
L 0.3750, -644.1250, -83.3426,  28.4941, -643.7854, -83.3426,  64, 64, 64
L 28.4941, -643.7854, -83.3426,  42.1242, -630.1250, -83.3426,  64, 64, 64
L 42.1242, -630.1250, -83.3426,  55.8134, -630.1250, -83.3426,  64, 64, 64
L 55.8134, -630.1250, -83.3426,  69.5296, -643.8411, -83.3426,  64, 64, 64
L 69.5296, -643.8411, -83.3426,  72.8692, -644.1250, -83.3426,  64, 64, 64
L 72.8692, -644.1250, -83.3426,  154.3220, -644.1127, -83.3426,  64, 64, 64
L 154.3220, -644.1127, -83.3426,  154.3125, -642.8727, -83.3426,  64, 64, 64
L 154.3125, -642.8727, -83.3426,  154.2392, -615.5272, -83.3426,  64, 64, 64
L 154.2392, -615.5272, -83.3426,  152.8618, -615.3749, -83.3426,  64, 64, 64
L 152.8618, -615.3749, -83.3426,  139.6675, -615.4895, -83.3426,  64, 64, 64
L 139.6675, -615.4895, -83.3426,  139.5625, -616.5155, -83.3426,  64, 64, 64
L 139.5625, -616.5155, -83.3426,  139.5641, -629.3749, -83.3426,  64, 64, 64
L 139.5641, -629.3749, -83.3426,  98.3438, -629.3749, -83.3426,  64, 64, 64
L 98.3438, -629.3749, -83.3426,  98.3438, -602.4374, -83.3426,  64, 64, 64
L 98.3438, -602.4374, -83.3426,  84.3438, -587.5946, -83.3426,  64, 64, 64
L 84.3438, -587.5946, -83.3426,  84.6895, -573.5906, -83.3426,  64, 64, 64
L 84.6895, -573.5906, -83.3426,  98.3439, -559.7703, -83.3426,  64, 64, 64
L 98.3439, -559.7703, -83.3426,  98.3438, -546.1562, -83.3426,  64, 64, 64
L 98.3438, -546.1562, -83.3426,  111.5936, -546.1562, -83.3426,  64, 64, 64
L 111.5936, -546.1562, -83.3426,  111.5936, -559.6647, -83.3426,  64, 64, 64
L 111.5936, -559.6647, -83.3426,  125.5625, -573.9340, -83.3426,  64, 64, 64
L 125.5625, -573.9340, -83.3426,  125.5626, -587.5947, -83.3426,  64, 64, 64
L 125.5626, -587.5947, -83.3426,  111.7553, -601.4329, -83.3426,  64, 64, 64
L 111.7553, -601.4329, -83.3426,  111.5936, -602.5688, -83.3426,  64, 64, 64
L 111.5936, -602.5688, -83.3426,  111.5936, -615.5692, -83.3426,  64, 64, 64
L 111.5936, -615.5692, -83.3426,  112.2712, -616.1250, -83.3426,  64, 64, 64
L 112.2712, -616.1250, -83.3426,  126.9920, -616.8830, -83.3426,  64, 64, 64
L 126.9920, -616.8830, -83.3426,  126.3125, -614.7116, -83.3426,  64, 64, 64
L 126.3125, -614.7116, -83.3426,  126.3125, -602.1250, -83.3426,  64, 64, 64
L 126.3125, -602.1250, -83.3426,  182.3440, -602.1122, -83.3426,  64, 64, 64
L 182.3440, -602.1122, -83.3426,  196.1128, -588.7370, -83.3426,  64, 64, 64
L 196.1128, -588.7370, -83.3426,  196.2812, -587.3170, -83.3426,  64, 64, 64
L 196.2812, -587.3170, -83.3426,  196.2681, -503.7103, -83.3426,  64, 64, 64
L 196.2681, -503.7103, -83.3426,  194.8849, -503.4375, -83.3426,  64, 64, 64
L 194.8849, -503.4375, -83.3426,  181.7879, -503.4685, -83.3426,  64, 64, 64
L 181.7879, -503.4685, -83.3426,  167.9291, -517.2598, -83.3426,  64, 64, 64
L 167.9291, -517.2598, -83.3426,  167.5625, -519.6100, -83.3426,  64, 64, 64
L 167.5625, -519.6100, -83.3426,  167.5625, -545.4062, -83.3426,  64, 64, 64
L 167.5625, -545.4062, -83.3426,  154.3098, -545.4062, -83.3426,  64, 64, 64
L 154.3098, -545.4062, -83.3426,  154.3125, -517.8527, -83.3426,  64, 64, 64
L 154.3125, -517.8527, -83.3426,  140.3125, -503.6569, -83.3426,  64, 64, 64
L 140.3125, -503.6569, -83.3426,  140.3126, -489.9676, -83.3426,  64, 64, 64
L 140.3126, -489.9676, -83.3426,  154.9280, -476.1874, -83.3426,  64, 64, 64
L 154.9280, -476.1874, -83.3426,  167.7821, -476.1875, -83.3426,  64, 64, 64
L 167.7821, -476.1875, -83.3426,  181.6091, -490.1440, -83.3426,  64, 64, 64
L 181.6091, -490.1440, -83.3426,  182.8711, -490.1875, -83.3426,  64, 64, 64
L 182.8711, -490.1875, -83.3426,  195.9766, -490.1807, -83.3426,  64, 64, 64
L 195.9766, -490.1807, -83.3426,  196.2812, -488.8690, -83.3426,  64, 64, 64
L 196.2812, -488.8690, -83.3426,  196.2647, -461.7024, -83.3426,  64, 64, 64
L 196.2647, -461.7024, -83.3426,  194.9215, -461.4375, -83.3426,  64, 64, 64
L 194.9215, -461.4375, -83.3426,  140.3125, -461.4375, -83.3426,  64, 64, 64
L 140.3125, -461.4375, -83.3426,  140.3125, -420.5579, -83.3426,  64, 64, 64
L 140.3125, -420.5579, -83.3426,  139.5823, -419.4687, -83.3426,  64, 64, 64
L 139.5823, -419.4687, -83.3426,  70.3438, -419.4687, -83.3426,  64, 64, 64
L 70.3438, -419.4687, -83.3426,  70.3897, -406.6555, -83.3426,  64, 64, 64
L 70.3897, -406.6555, -83.3426,  69.5588, -405.4687, -83.3426,  64, 64, 64
L 69.5588, -405.4687, -83.3426,  55.7107, -405.5715, -83.3426,  64, 64, 64
L 55.9089, -405.4735, -83.3426,  55.5936, -406.2017, -83.6310,  64, 64, 64
L 55.5936, -406.2017, -83.6310,  55.6039, -475.8996, -55.3427,  64, 64, 64
L 55.6039, -475.8996, -55.3427,  56.1323, -476.1875, -55.3427,  64, 64, 64
L 56.1323, -476.1875, -55.3427,  83.8466, -476.1875, -55.3427,  64, 64, 64
L 83.8466, -476.1875, -55.3427,  98.1240, -462.1875, -55.3427,  64, 64, 64
L 98.1240, -462.1875, -55.3427,  111.8131, -462.1875, -55.3427,  64, 64, 64
L 111.8131, -462.1875, -55.3427,  125.5625, -475.9667, -55.3427,  64, 64, 64
L 125.5625, -475.9667, -55.3427,  125.5625, -489.6573, -55.3427,  64, 64, 64
L 125.5625, -489.6573, -55.3427,  111.7483, -503.5024, -55.3427,  64, 64, 64
L 111.7483, -503.5024, -55.3427,  111.5936, -504.7096, -55.3427,  64, 64, 64
L 111.5936, -504.7096, -55.3427,  111.7005, -532.4340, -55.3427,  64, 64, 64
L 111.7005, -532.4340, -55.3427,  113.2921, -532.1562, -55.3427,  64, 64, 64
L 113.2921, -532.1562, -55.3427,  152.4939, -532.1562, -55.3427,  64, 64, 64
L 152.2835, -545.4062, -55.3427,  111.6825, -545.5388, -55.3427,  64, 64, 64
L 111.6825, -545.5388, -55.3427,  111.9133, -545.2575, -55.3427,  64, 64, 64
L 97.9879, -545.4067, -55.3427,  41.7892, -545.4519, -55.3427,  64, 64, 64
L 41.7892, -545.4519, -55.3427,  41.5936, -546.4130, -55.1799,  64, 64, 64
L 41.5936, -546.4130, -55.1799,  41.5936, -601.7826, -41.3427,  64, 64, 64
L 41.5936, -601.7826, -41.3427,  41.5951, -615.3749, -41.3427,  64, 64, 64
L 41.5951, -615.3749, -41.3427,  28.1273, -615.3749, -41.3427,  64, 64, 64
L 28.1273, -615.3749, -41.3427,  27.6250, -615.8647, -41.3427,  64, 64, 64
L 27.6250, -615.8647, -41.3427,  27.6387, -629.8505, -41.3427,  64, 64, 64
L 27.6387, -629.8505, -41.3427,  56.3445, -658.3565, -41.3427,  64, 64, 64
L 56.3438, -742.9370, -83.3426,  84.3426, -741.7480, -83.3426,  64, 64, 64
L 84.3426, -741.7480, -83.3426,  84.4192, -658.9000, -83.3426,  64, 64, 64
L 84.4192, -658.9000, -83.3426,  82.2485, -657.3749, -83.3426,  64, 64, 64
L 82.2485, -657.3749, -83.3426,  69.9073, -657.3795, -83.3426,  64, 64, 64
L 69.9073, -657.3795, -83.3426,  55.8141, -671.3437, -83.3426,  64, 64, 64
L 55.8141, -671.3437, -83.3426,  42.1240, -671.3437, -83.3426,  64, 64, 64
L 42.1240, -671.3437, -83.3426,  28.4926, -657.7123, -83.3426,  64, 64, 64
L 28.4926, -657.7123, -83.3426,  27.7093, -657.3749, -83.3426,  64, 64, 64
L 27.7093, -657.3749, -83.3426,  14.3035, -657.2894, -83.3426,  64, 64, 64
L 14.3035, -657.2894, -83.3426,  13.6250, -658.9636, -83.3426,  64, 64, 64
L 13.6250, -658.9636, -83.3426,  13.6250, -669.9655, -83.3426,  64, 64, 64
L 13.6250, -669.9655, -83.3426,  13.9467, -672.1959, -83.3426,  64, 64, 64
L 13.9467, -672.1959, -83.3426,  27.6250, -686.2962, -83.3426,  64, 64, 64
L 27.6250, -686.2962, -83.3426,  27.3558, -699.8324, -83.3426,  64, 64, 64
L 27.3558, -699.8324, -83.3426,  14.9580, -713.9240, -83.3426,  64, 64, 64
L 14.9580, -713.9240, -83.3426,  13.6250, -715.3057, -83.3426,  64, 64, 64
L 13.6250, -715.3057, -83.3426,  13.7281, -797.9457, -83.3426,  64, 64, 64
L 13.7281, -797.9457, -83.3426,  56.2948, -797.8727, -83.3426,  64, 64, 64
L 56.2948, -797.8727, -83.3426,  56.3438, -742.9370, -83.3426,  64, 64, 64
L -28.3750, -688.6925, -83.3426,  -28.3750, -686.6240, -83.3426,  64, 64, 64
L -28.3750, -686.6240, -83.3426,  -56.5189, -686.2118, -83.3426,  0, 0, 255
L -56.5189, -686.2118, -83.3426,  -56.4759, -672.1660, -83.3426,  0, 0, 255
L -56.4759, -672.1660, -83.3426,  -68.7074, -672.2240, -83.3426,  0, 0, 255
L -68.7074, -672.2240, -83.3426,  -68.9663, -685.7960, -83.3426,  0, 0, 255
L -68.9663, -685.7960, -83.3426,  -83.5936, -686.1169, -83.3426,  0, 0, 255
L -166.8454, -867.2812, -55.3427,  -166.8002, -854.3120, -55.3427,  150, 0, 200
L -210.5392, -615.3750, -55.3427,  -265.5312, -615.3750, -55.3427,  0, 0, 255
L -265.5312, -615.3750, -55.3427,  -265.8636, -517.2812, -55.3427,  0, 0, 255
L -265.8636, -517.2812, -55.3427,  -279.5000, -503.6571, -55.3427,  0, 0, 255
L -279.5000, -503.6571, -55.3427,  -279.9673, -489.4159, -55.3427,  0, 0, 255
L -279.9673, -489.4159, -55.3427,  -293.5000, -489.4375, -55.3427,  0, 0, 255
L -293.5000, -489.4375, -55.3427,  -293.5000, -476.4410, -55.3427,  0, 0, 255
L -293.5000, -476.4410, -55.3427,  -265.8394, -462.1983, -55.3427,  0, 0, 255
L -265.8394, -462.1983, -55.3427,  -265.5312, -459.9535, -55.3427,  0, 0, 255
L -265.5312, -459.9535, -55.3427,  -265.5312, -406.2167, -55.3427,  0, 0, 255
L -265.5312, -406.2167, -55.3427,  -196.4281, -406.2187, -55.3427,  0, 0, 255
L -196.4281, -406.2187, -55.3427,  -195.5312, -405.4790, -55.3427,  0, 0, 255
L -195.5312, -405.4790, -55.3427,  -195.5535, -391.7162, -55.3427,  0, 0, 255
L -195.5535, -391.7162, -55.3427,  -196.5500, -391.4687, -55.3427,  0, 0, 255
L -196.5500, -391.4687, -55.3427,  -209.5312, -391.4687, -55.3427,  0, 0, 255
L -209.5312, -391.4687, -55.3427,  -209.5312, -322.2466, -55.3427,  0, 0, 255
L -209.5312, -322.2466, -55.3427,  -195.5369, -321.9392, -55.3427,  0, 0, 255
L -195.5369, -321.9392, -55.3427,  -195.5312, -294.2500, -55.3427,  0, 0, 255
L -195.5312, -294.2500, -55.3427,  -139.8411, -294.2373, -55.3427,  0, 0, 255
L -139.8411, -294.2373, -55.3427,  -139.5625, -291.4152, -55.3427,  0, 0, 255
L -139.5625, -291.4152, -55.3427,  -139.7227, -237.5986, -55.3427,  0, 0, 255
L -139.7227, -237.5986, -55.3427,  -153.5625, -237.5312, -55.3427,  0, 0, 255
L -153.5625, -237.5312, -55.3427,  -153.5625, -154.3101, -55.3427,  0, 0, 255
L -153.5625, -154.3101, -55.3427,  -83.8930, -154.3048, -55.3427,  0, 0, 255
L -83.8930, -154.3048, -55.3427,  -83.6264, -111.8157, -55.3427,  0, 0, 255
L -83.6264, -111.8157, -55.3427,  -125.5625, -111.5936, -55.3427,  0, 0, 255
L -125.5625, -111.5936, -55.3427,  -125.5625, -98.3438, -55.3427,  0, 0, 255
L -125.5625, -98.3438, -55.3427,  -69.8499, -98.3245, -55.3427,  0, 0, 255
L -69.8499, -98.3245, -55.3427,  -69.6431, 0.1862, -55.3427,  0, 0, 255
L -69.6431, 0.1862, -55.3427,  -126.1646, 0.2983, -55.3427,  0, 0, 255
L -126.1646, 0.2983, -55.3427,  -126.3118, -69.5936, -55.3427,  0, 0, 255
L -126.3118, -69.5936, -55.3427,  -140.1845, -69.6865, -55.3427,  0, 0, 255
L -140.1845, -69.6865, -55.3427,  -140.3122, -83.5936, -55.3427,  0, 0, 255
L -140.3122, -83.5936, -55.3427,  -153.5625, -83.5939, -55.3427,  0, 0, 255
L -153.5625, -83.5939, -55.3427,  -153.7373, -69.5605, -55.3427,  0, 0, 255
L -153.7373, -69.5605, -55.3427,  -181.5625, -69.5939, -55.3427,  0, 0, 255
L -181.5625, -69.5939, -55.3427,  -181.6019, -13.8327, -55.3427,  0, 0, 255
L -181.6019, -13.8327, -55.3427,  -182.3720, -13.6250, -55.3427,  0, 0, 255
L -182.3720, -13.6250, -55.3427,  -223.5312, -13.6250, -55.3427,  0, 0, 255
L -223.5312, -13.6250, -55.3427,  -223.5312, -0.3750, -55.3427,  0, 0, 255
L -223.5312, -0.3750, -55.3427,  -168.3125, -0.3750, -55.3427,  0, 0, 255
L -168.3125, -0.3750, -55.3427,  -167.8340, -56.3815, -55.3427,  0, 0, 255
L -167.8340, -56.3815, -55.3427,  -139.5971, -56.1265, -55.3427,  0, 0, 255
L -139.5971, -56.1265, -55.3427,  -139.5625, 13.6250, -55.3427,  0, 0, 255
L -139.5625, 13.6250, -55.3427,  -97.8264, 13.6530, -55.3427,  0, 0, 255
L -97.8264, 13.6530, -55.3427,  -97.5936, 14.6759, -55.3427,  0, 0, 255
L -97.5936, 14.6759, -55.3427,  -97.6217, 84.1107, -55.3427,  0, 0, 255
L -97.6217, 84.1107, -55.3427,  -182.3140, 84.3401, -55.3427,  0, 0, 255
L -182.3140, 84.3401, -55.3427,  -182.3125, 56.3438, -55.3427,  0, 0, 255
L -182.3125, 56.3438, -55.3427,  -237.9567, 56.3402, -55.3427,  0, 0, 255
L -237.9567, 56.3402, -55.3427,  -238.2812, 55.4082, -55.3427,  0, 0, 255
L -238.2812, 55.4082, -55.3427,  -238.2812, 14.3750, -55.3427,  0, 0, 255
L -238.2812, 14.3750, -55.3427,  -251.5312, 14.3749, -55.3427,  0, 0, 255
L -251.5312, 14.3749, -55.3427,  -251.5312, 69.5936, -55.3427,  0, 0, 255
L -251.5312, 69.5936, -55.3427,  -195.7180, 69.6440, -55.3427,  0, 0, 255
L -195.7180, 69.6440, -55.3427,  -195.5312, 97.5943, -55.3427,  0, 0, 255
L -195.5312, 97.5943, -55.3427,  -139.8437, 97.6056, -55.3427,  0, 0, 255
L -139.8437, 97.6056, -55.3427,  -139.5625, 168.3040, -55.3573,  0, 0, 255
L -69.5936, -765.9057, -41.3427,  -69.6115, -755.5734, -41.3427,  64, 64, 64
L -69.6115, -755.5734, -41.3427,  -70.5824, -755.3124, -41.3427,  64, 64, 64
L -70.5824, -755.3124, -41.3427,  -83.5948, -755.3124, -41.3427,  64, 64, 64
L -83.5948, -755.3124, -41.3427,  -83.5936, -714.9370, -41.3427,  64, 64, 64
L -83.5936, -714.9370, -41.3427,  -83.4107, -714.4932, -41.3427,  64, 64, 64
L -56.3438, -768.7097, -41.3427,  -56.3438, -742.9370, -41.3427,  64, 64, 64
L -55.9722, -770.6240, -41.3427,  -71.3477, -770.6250, -41.3427,  240, 240, 0
L -55.6884, -770.9540, -41.3427,  -56.3438, -769.1400, -41.3427,  64, 64, 64
L -70.9920, -770.2060, -41.3427,  -69.5936, -765.6897, -41.3427,  64, 64, 64
L 297.4633, -211.4062, -39.4677,  297.4850, -222.4062, -39.4677,  150, 0, 200
L -13.6250, -224.2811, -80.9061,  -13.6250, -237.5312, -83.3426,  0, 0, 255
L 56.1240, -867.2812, -83.3426,  42.3436, -853.5009, -83.3426,  64, 64, 64
L 42.3436, -853.5009, -83.3426,  42.3438, -839.8115, -83.3426,  64, 64, 64
L -167.5625, -111.8131, -41.3427,  -153.7823, -125.5625, -41.3427,  64, 64, 64
L -153.7823, -125.5625, -41.3427,  -140.9200, -125.5625, -41.3427,  64, 64, 64
L -140.9200, -125.5625, -41.3427,  -126.8117, -112.3111, -41.3427,  64, 64, 64
L -126.8117, -112.3111, -41.3427,  -127.4860, -97.3879, -41.3427,  0, 0, 255
L -127.4860, -97.3879, -41.3427,  -139.6205, -84.8160, -41.3427,  64, 64, 64
L -139.6205, -84.8160, -41.3427,  -154.3324, -84.8940, -41.3427,  0, 0, 255
L -154.3324, -84.8940, -41.3427,  -167.5625, -98.1238, -41.3427,  64, 64, 64
L -167.5625, -98.1238, -41.3427,  -167.5625, -111.8131, -41.3427,  64, 64, 64
L -141.1853, -42.3438, -41.3427,  -154.1197, -42.2963, -41.3427,  64, 64, 64
L -154.1197, -42.2963, -41.3427,  -154.3125, -14.3750, -41.3427,  64, 64, 64
L -154.3125, -14.3750, -41.3427,  -167.1694, -14.3750, -41.3427,  64, 64, 64
L -141.4258, -42.3438, -41.3427,  -140.5913, -56.8310, -41.3924,  0, 0, 255
L -140.5913, -56.8310, -41.3924,  -167.2222, -56.5890, -41.3714,  0, 0, 255
L -167.2222, -56.5890, -41.3714,  -166.6907, -14.3750, -41.3427,  0, 0, 255
L -113.5998, 82.8649, -41.3427,  -126.9310, 70.3438, -41.3427,  64, 64, 64
L -126.9310, 70.3438, -41.3427,  -139.7821, 70.3436, -41.3427,  64, 64, 64
L -139.7821, 70.3436, -41.3427,  -153.8836, 84.3399, -41.3427,  64, 64, 64
L -153.8836, 84.3399, -41.3427,  -153.4202, 97.9556, -41.3427,  0, 0, 255
L -153.4202, 97.9556, -41.3427,  -140.3050, 111.3452, -41.3427,  64, 64, 64
L -140.3050, 111.3452, -41.3427,  -125.5760, 111.7550, -41.3427,  0, 0, 255
L -125.5760, 111.7550, -41.3427,  -112.5054, 97.2060, -41.3427,  64, 64, 64
L -112.5054, 97.2060, -41.3427,  -113.3859, 83.7920, -41.3427,  0, 0, 255
L -195.5312, 55.4543, -41.3427,  -182.5885, 55.5994, -41.3427,  0, 0, 255
L -182.5885, 55.5994, -41.3427,  -182.3125, 43.1010, -41.3427,  64, 64, 64
L -182.3125, 43.1010, -41.3427,  -181.6115, 41.5936, -41.3427,  64, 64, 64
L -181.6115, 41.5936, -41.3427,  -167.8764, 41.5987, -41.3427,  64, 64, 64
L -167.8764, 41.5987, -41.3427,  -167.5625, 42.1242, -41.3427,  64, 64, 64
L -167.5625, 42.1242, -41.3427,  -167.5625, 55.5936, -41.3427,  64, 64, 64
L -167.5625, 55.5936, -41.3427,  -126.3125, 55.5936, -41.3427,  64, 64, 64
L -126.3125, 55.5936, -41.3427,  -126.3125, 28.3750, -41.3427,  64, 64, 64
L -126.3125, 28.3750, -41.3427,  -154.1500, 28.3952, -41.3427,  64, 64, 64
L -154.1500, 28.3952, -41.3427,  -154.3125, 14.3750, -41.3427,  64, 64, 64
L -154.3125, 14.3750, -41.3427,  -167.5625, 14.3750, -41.3427,  64, 64, 64
L -167.5625, 14.3750, -41.3427,  -167.5628, 28.1470, -41.3427,  64, 64, 64
L -167.5628, 28.1470, -41.3427,  -168.5730, 28.3750, -41.3427,  64, 64, 64
L -168.5730, 28.3750, -41.3427,  -195.5312, 28.3750, -41.3427,  64, 64, 64
L -195.5312, 28.3750, -41.3427,  -195.5411, 56.5440, -41.3682,  64, 64, 64
L 69.5936, -237.5312, -56.1966,  69.5938, -224.2812, -56.1966,  150, 0, 200
L 56.3436, -237.5312, -56.1966,  69.5936, -237.5312, -56.1966,  150, 0, 200
L 56.3436, -224.2812, -56.1966,  56.3436, -237.5312, -56.1966,  150, 0, 200
L 69.5938, -224.2809, -56.1966,  56.3436, -224.2812, -56.1966,  150, 0, 200
P 63.3826, -229.5026, -56.8216,  0, 127, 0,  3,  to_South_Qeynos
P 304.1818, -214.9781, -38.2177,  0, 127, 0,  3,  to_North_Qeynos
P 48.4206, -997.8345, -38.2177,  0, 127, 0,  3,  to_North_Qeynos
P -160.4600, -859.7287, -52.2177,  0, 127, 0,  3,  to_North_Qeynos
P -96.7670, -638.2800, -38.2119,  0, 127, 0,  3,  to_North_Qeynos
P -130.9489, 144.5201, -52.2152,  0, 127, 0,  3,  to_South_Qeynos
