P 157.1290, -523.9170, 0.1000,  0, 127, 127,  2,  Sillari_(GM_Brd)
P 632.1440, -337.2740, -0.9990,  0, 127, 127,  2,  Kazlo_(GM_Wiz)
P 613.7844, -360.7135, 0.1000,  0, 127, 127,  2,  Basten_(GM_Enc)
P 122.3970, -553.7323, 0.1000,  0, 127, 127,  2,  Jusean_(GM_Bard)
P 493.9033, 281.1399, 0.1000,  0, 127, 127,  2,  Chesgard_(GM_Pal)
P 475.6066, 244.8597, 0.1000,  0, 127, 127,  2,  Kasine_(GM_Pal)
P 427.4311, 199.8438, 0.1000,  0, 127, 127,  2,  Gehna_(GM_Cle)
P 518.3120, 149.4202, 3.9000,  0, 127, 127,  2,  Runethar_(GM_Pal)
P 543.1280, 175.9080, 0.1000,  0, 127, 127,  2,  Daedet_(GM_Cle)
P 590.6720, -319.3396, 0.1000,  0, 127, 127,  2,  Yestura_(GM_Mag)
P 511.4032, -36.1844, 28.1000,  0, 127, 127,  2,  Tillin_(GM_War)
P 509.6542, -75.4972, 28.1000,  0, 127, 127,  2,  Ebon_(GM_War)
P 586.8550, -81.1419, 28.9080,  0, 127, 127,  2,  Brin_(GM_War)
P 505.8199, -65.8105, 1.9000,  0, 127, 127,  2,  Tabure_(GM_War)
P 464.1118, 29.4836, -27.9989,  0, 127, 127,  2,  Grahan_(GM_War)
P 636.7510, -299.8138, -0.9990,  0, 0, 127,  2,  Moreo_(Spells)
P 633.1734, -326.3910, -0.9990,  0, 0, 127,  2,  Isobelle_(Spells)
P 481.6014, 237.6443, 0.1000,  0, 0, 127,  2,  Lisdon_(Spells)
