P 433.5536, -50.8761, 0.1000,  127, 64, 0,  3,  Arena
P -67.5850, 487.8849, -19.5894,  0, 0, 127,  3,  Fippy_Darkpaw
P 107.9870, -67.4822, 2.6364,  240, 0, 0,  2,  Guards
P 151.9090, 222.5994, 1.2000,  240, 0, 0,  2,  Guards
P 270.7121, 291.4535, 0.2000,  240, 0, 0,  2,  Fish_Ranamer
P 229.7312, 265.5763, 0.2000,  240, 0, 0,  2,  Bruno_Barstomper
P 447.8254, -57.3240, 0.2000,  240, 0, 0,  2,  Tabure_Ahendle
P 141.6646, -546.7320, 0.2000,  240, 0, 0,  2,  Joffrey_Clay
P 141.2000, -539.8012, 0.2000,  127, 64, 0,  3,  Bards_Guild
P 442.6865, -304.3690, 0.2000,  240, 0, 0,  2,  Dun
P 469.2730, -287.1707, 0.2000,  240, 0, 0,  2,  Soulbinder
P 436.8084, -339.5228, 0.2000,  240, 0, 0,  2,  Kendall_Copperhold
P 435.7690, -317.4155, 0.2000,  240, 0, 0,  2,  Sorn_Copperhold
P 614.1385, -286.6109, 0.2000,  240, 0, 0,  2,  Esdia_Moeba
P 607.1248, -334.4418, 0.2000,  127, 64, 0,  3,  Casters_Guild
P 675.8047, -315.9429, 0.2000,  240, 0, 0,  2,  Gahlith_Wrannstad
P 66.9823, -177.9947, 2.5146,  240, 0, 0,  2,  Guards*
P 116.5237, 224.1696, 2.6673,  240, 0, 0,  2,  Lieutenant_Arathur*
P 403.4280, -405.9601, 0.1062,  240, 0, 0,  2,  Guard
P 79.2532, -260.5935, 0.3000,  0, 0, 127,  2,  a_furtive_figure(Druid1.5)
P 94.6705, -238.5814, 1.5461,  127, 64, 0,  3,  Lion's_Mane_Inn
