L 514.918, -39.2738, 39.6259, 508.6573, -39.3177, 39.6259, 150, 0, 200
L 508.6567, -35.1912, 39.6259, 514.918, -35.1176, 39.6259, 150, 0, 200
L 508.6573, -39.3177, 39.6259, 508.6567, -35.1912, 39.6259, 150, 0, 200
L 514.918, -35.1176, 39.6259, 514.918, -39.2738, 39.6259, 150, 0, 200
L 30.3125, -111.8251, 0.626, 39.6561, -111.8114, 0.626, 100, 50, 0
L 2.375, -114.2811, 0.626, 30.2546, -114.2813, 0.626, 100, 50, 0
L 127.5625, -95.9624, 0.6259, 127.8422, -155.9977, 0.626, 0, 0, 255
L 68.341, -95.9241, 0.6195, 127.5625, -95.9624, 0.6259, 0, 0, 255
L 68.3439, -109.9277, 0.626, 68.341, -95.9241, 0.6195, 0, 0, 255
L 56.3436, -111.5938, 0.626, 56.3271, -109.5938, 0.5876, 100, 50, 0
L 53.5938, -111.5938, 0.626, 53.5938, -109.5936, 0.626, 100, 50, 0
L 56.3271, -109.5938, 0.626, 53.5938, -109.5936, 0.626, 100, 50, 0
L 56.782, -86.3273, 0.5812, 55.9228, -109.5938, 0.626, 100, 50, 0
L 53.5938, -86.3503, 0.626, 56.782, -86.3273, 0.5812, 100, 50, 0
L 53.5938, -83.9928, 0.626, 53.5938, -86.3503, 0.626, 100, 50, 0
L 42.3361, -83.8932, 0.6065, 53.5938, -83.9928, 0.626, 100, 50, 0
L 30.3759, -28.122, 0.626, 39.5938, -28.338, 0.626, 100, 50, 0
L 27.625, -109.5938, 0.626, 30.2437, -109.5936, 0.626, 100, 50, 0
L 27.625, -111.5938, 0.626, 27.625, -109.5938, 0.626, 100, 50, 0
L 16.375, -109.5938, 0.626, 16.375, -111.5938, 0.626, 100, 50, 0
L 14.1349, -86.3436, 0.626, 14.112, -109.5938, 0.626, 100, 50, 0
L 16.3755, -86.3436, 0.626, 14.1349, -86.3436, 0.626, 100, 50, 0
L 42.989, -30.3517, 0.5563, 42.349, -55.5938, 0.6113, 100, 50, 0
L 41.9283, -83.5936, 0.626, 41.8941, -58.3344, 0.626, 100, 50, 0
L 39.7012, -58.2316, 0.626, 39.6666, -58.191, 0.626, 100, 50, 0
L 30.2546, -114.2813, 0.626, 30.2437, -109.5936, 0.626, 100, 50, 0
L 2.375, -193.5625, 0.626, 2.375, -114.2811, 0.626, 100, 50, 0
L 67.5938, -193.5625, 0.626, 2.375, -193.5625, 0.626, 100, 50, 0
L 67.7488, -147.6337, 0.626, 67.5938, -193.5625, 0.626, 100, 50, 0
L 72.396, -147.5691, 0.626, 67.7488, -147.6337, 0.626, 100, 50, 0
L 72.3435, -151.5625, 0.626, 72.396, -147.5691, 0.626, 100, 50, 0
L 121.5625, -151.5625, 0.626, 72.3435, -151.5625, 0.626, 100, 50, 0
L 121.5625, -114.3435, 0.626, 121.5625, -151.5625, 0.626, 100, 50, 0
L 105.7236, -114.2526, 0.626, 121.5625, -114.3435, 0.626, 100, 50, 0
L 105.8692, -109.6072, 0.626, 105.7236, -114.2526, 0.626, 100, 50, 0
L 121.5625, -109.5938, 0.626, 105.8692, -109.6072, 0.626, 100, 50, 0
L 121.5625, -100.3435, 0.626, 121.5625, -109.5938, 0.626, 100, 50, 0
L 72.3436, -100.3436, 0.626, 121.5625, -100.3435, 0.626, 100, 50, 0
L 72.3436, -109.5938, 0.626, 72.3436, -100.3436, 0.626, 100, 50, 0
L 96.1367, -109.6333, 0.626, 72.3436, -109.5938, 0.626, 100, 50, 0
L 96.2184, -114.2485, 0.626, 96.1367, -109.6333, 0.626, 100, 50, 0
L 72.3436, -114.3436, 0.626, 96.2184, -114.2485, 0.626, 100, 50, 0
L 72.938, -138.2909, 0.626, 72.3436, -114.3436, 0.626, 100, 50, 0
L 67.8053, -138.3514, 0.626, 72.938, -138.2909, 0.626, 100, 50, 0
L 67.5938, -114.3431, 0.626, 67.8053, -138.3514, 0.626, 100, 50, 0
L 39.5938, -114.1684, 0.626, 67.5938, -114.3431, 0.626, 100, 50, 0
L 39.5938, -109.5936, 0.626, 42.3436, -109.5938, 0.626, 100, 50, 0
L 39.5938, -114.1684, 0.626, 39.5938, -109.5936, 0.626, 100, 50, 0
L 42.3436, -109.5938, 0.626, 42.3436, -111.5938, 0.626, 100, 50, 0
L 69.5938, -111.5936, 0.626, 42.3436, -111.5938, 0.626, 100, 50, 0
L 69.6295, -97.8087, 0.626, 69.5938, -111.5936, 0.626, 100, 50, 0
L 126.395, -97.523, 0.626, 69.6295, -97.8087, 0.626, 100, 50, 0
L 126.1062, -154.2724, 0.626, 126.395, -97.523, 0.626, 100, 50, 0
L 70.3438, -154.3125, 0.626, 126.1062, -154.2724, 0.626, 100, 50, 0
L 70.498, -196.2724, 0.626, 70.3438, -154.3125, 0.626, 100, 50, 0
L -0.2481, -196.1873, 0.626, 70.498, -196.2724, 0.626, 100, 50, 0
L -0.3358, -111.802, 0.626, -0.2481, -196.1873, 0.626, 100, 50, 0
L 27.625, -111.5936, 0.626, -0.3358, -111.802, 0.626, 100, 50, 0
L 14.255, -57.8012, -0.374, 27.6372, -55.8168, -0.374, 0, 0, 255
L 2.939, -53.7498, -0.374, 14.255, -57.8012, -0.374, 0, 0, 255
L 0.2309, -50.2569, -0.3734, 2.939, -53.7498, -0.374, 0, 0, 255
L -36.2167, -91.834, 0.626, 0.3308, -50.3826, -0.374, 0, 0, 255
L -26.1462, -110.2156, 0.626, -36.2167, -91.834, 0.626, 0, 0, 255
L -16.1721, -195.6379, 0.626, -26.1462, -110.2156, 0.626, 0, 0, 255
L -28.159, -223.7302, 0.626, -16.1721, -195.6379, 0.626, 0, 0, 255
L -4.1669, -226.2367, 0.626, -28.159, -223.7302, 0.626, 0, 0, 255
L -3.6196, -225.9851, -2.3431, 85.5416, -236.1884, -2.3635, 0, 0, 255
L 0.2879, -293.4066, -0.2646, -3.6078, -226.1865, -2.337, 150, 100, 0
L 168.1783, -182.799, 78.8763, 182.1484, -153.5483, 78.6587, 0, 0, 255
L 170.1235, -186.1256, 81.8516, 168.1783, -182.799, 78.8763, 0, 0, 0
L 129.7021, -225.8676, 72.6496, 170.1235, -186.1256, 81.8516, 0, 0, 255
L 125.7052, -224.294, 70.8348, 129.7021, -225.8676, 72.6496, 0, 0, 255
L 85.9548, -236.1012, 70.7514, 125.7052, -224.294, 70.8348, 0, 0, 255
L 231.562, -173.456, 177.1082, 213.1522, -151.6088, 102.2548, 0, 0, 0
L 293.4406, -196.1402, 178.9992, 231.562, -173.456, 177.1082, 0, 0, 0
L 279.2196, -265.9501, 161.5635, 293.4406, -196.1402, 178.9992, 0, 0, 0
L 209.9741, -321.3405, 161.5635, 279.2196, -265.9501, 161.5635, 0, 0, 0
L 209.5312, -363.4687, 154.4798, 209.9741, -321.3405, 161.5635, 0, 0, 0
L -25.7089, -363.4687, 99.3546, 209.5312, -363.4687, 154.4798, 0, 0, 0
L -56.2094, -405.5287, 140.444, -27.8804, -363.4329, 56.4876, 0, 0, 0
L -139.8361, -433.3835, 140.4746, -56.2094, -405.5287, 140.444, 0, 0, 0
L -195.6273, -377.4687, 108.2197, -139.8361, -433.3835, 140.4746, 0, 0, 0
L -236.8018, -261.557, 125.8907, -195.6273, -377.4687, 108.2197, 0, 0, 0
L -279.4164, -140.1272, 168.4772, -236.8018, -261.557, 125.8907, 0, 0, 0
L -279.4164, -140.1272, 168.4772, -195.7509, -70.3431, 72.6863, 0, 0, 0
L -221.5082, -30.9185, 32.2914, -195.473, -69.9423, 14.6696, 0, 0, 0
L -181.7475, 55.5101, 20.3543, -221.5082, -30.9185, 32.2914, 0, 0, 0
L -139.5478, 41.8453, -0.374, -112.2047, 69.225, -0.359, 150, 100, 0
L -78.6847, -180.3914, -0.374, -89.2655, -180.2783, -0.374, 100, 50, 0
L -79.1085, -184.762, -0.374, -78.6847, -180.3914, -0.374, 100, 50, 0
L -81.4759, -188.1129, -0.374, -79.1085, -184.762, -0.374, 100, 50, 0
L -86.4211, -188.1436, -0.374, -81.4759, -188.1129, -0.374, 100, 50, 0
L -88.8207, -184.102, -0.374, -86.4211, -188.1436, -0.374, 100, 50, 0
L -89.2655, -180.2783, -0.374, -88.8207, -184.102, -0.374, 100, 50, 0
L -70.3265, -98.3265, -0.3568, -97.623, -98.323, -0.3461, 0, 125, 0
L -70.316, -195.5586, -0.3279, -70.3265, -98.3265, -0.3568, 0, 125, 0
L -97.6136, -195.551, -0.3483, -70.316, -195.5586, -0.3279, 0, 125, 0
L -97.623, -98.323, -0.3232, -97.6136, -195.551, -0.3483, 0, 125, 0
L 223.7007, -111.871, 0.626, 237.4651, -42.2924, 9.4459, 0, 0, 0
L 213.5006, -152.144, -0.9437, 223.6808, -111.1668, 0.626, 0, 0, 0
L 56.1403, -59.7132, -0.374, 42.3312, -55.8703, -0.3726, 0, 0, 255
L 111.7894, -55.6642, -0.374, 56.1403, -59.7132, -0.374, 0, 0, 255
L 125.7526, -69.6535, 0.5779, 111.7894, -55.6642, -0.374, 0, 0, 255
L 154.4738, -84.3436, -2.357, 125.5743, -69.5982, 0.5779, 0, 0, 255
L 182.346, -153.5554, -2.3631, 154.4738, -84.3436, -2.357, 0, 0, 255
L 377.4687, 55.8134, 0.626, 377.4687, 0.1554, 0.626, 0, 125, 0
L 489.4375, 265.7506, 0.626, 489.4374, 238.614, 0.626, 0, 125, 0
L 265.5924, 56.1732, 0.6268, 252.2197, 56.1721, 0.6274, 0, 125, 0
L 361.4685, 223.5312, 0.626, 349.7703, 223.6502, 0.626, 0, 125, 0
L 370.4044, 237.866, 7.3658, 350.6, 265.6293, 0.6945, 0, 125, 0
L 441.2518, 237.8661, 7.3655, 461.8378, 265.6888, 0.626, 0, 125, 0
L 441.2518, 181.9771, 7.3655, 461.694, 154.1572, 0.6917, 0, 125, 0
L 370.4049, 181.9759, 7.3661, 349.8541, 153.861, 0.626, 0, 125, 0
L 361.4687, 196.2812, 0.626, 350.3641, 196.608, 0.6548, 0, 125, 0
L 443.4375, 223.786, 3.6259, 443.4374, 218.7509, 3.6259, 100, 50, 0
L 443.4375, 200.8983, 3.6259, 443.4254, 218.7629, 3.6259, 0, 150, 0
L 443.4375, 201.615, 3.6259, 443.4375, 196.263, 3.6259, 100, 50, 0
L 443.4375, 201.615, 10.6259, 445.4375, 203.615, 10.6259, 100, 50, 0
L 361.7312, 221.3043, 0.626, 363.6648, 221.5312, 0.626, 100, 50, 0
L 361.4687, 223.5312, 0.626, 361.7312, 221.3043, 0.626, 100, 50, 0
L 363.612, 224.2812, 5.1519, 361.4685, 223.5312, 0.626, 100, 50, 0
L 370.4044, 237.866, 7.3658, 363.612, 224.2812, 5.1519, 100, 50, 0
L 377.5333, 245.1262, 7.4374, 370.4044, 237.8661, 7.3658, 100, 50, 0
L 391.8607, 252.2812, 5.1048, 377.5333, 245.1262, 7.4374, 100, 50, 0
L 420.663, 252.2141, 5.1265, 391.8607, 252.2812, 5.1048, 100, 50, 0
L 434.3002, 244.9489, 7.4954, 420.663, 252.2141, 5.1265, 100, 50, 0
L 441.2518, 237.8661, 7.3655, 434.3002, 244.9489, 7.4954, 100, 50, 0
L 448.1875, 223.6328, 5.1048, 441.2518, 237.8661, 7.3655, 100, 50, 0
L 448.1875, 196.1599, 5.1048, 448.1875, 223.6328, 5.1048, 100, 50, 0
L 441.2518, 181.9771, 7.3655, 448.1875, 196.1599, 5.1048, 100, 50, 0
L 434.6465, 175.241, 7.6109, 441.2518, 181.9771, 7.3655, 100, 50, 0
L 420.8684, 167.8843, 5.2093, 434.6465, 175.241, 7.6109, 100, 50, 0
L 391.6091, 167.6355, 5.1288, 420.8684, 167.8843, 5.2093, 100, 50, 0
L 377.6918, 174.5942, 7.397, 391.6091, 167.6355, 5.1288, 100, 50, 0
L 370.4049, 181.9759, 7.3661, 377.6918, 174.5942, 7.397, 100, 50, 0
L 361.4687, 196.2812, 0.626, 370.4049, 181.9759, 7.3661, 100, 50, 0
L 41.9427, -0.5594, -0.374, 42.5964, 55.9365, -0.374, 150, 100, 0
L 0.1904, 13.5541, -0.374, 41.9427, -0.5594, -0.374, 150, 100, 0
L -69.7342, -0.3231, -0.374, 0.1904, 13.5541, -0.374, 150, 100, 0
L -125.6491, 0.2821, -0.374, -139.5478, 41.8453, -0.2914, 0, 125, 0
L -111.8747, -13.5348, -0.374, -125.6491, 0.2821, -0.374, 0, 125, 0
L -51.7642, -29.5574, -0.374, -111.8747, -13.5348, -0.374, 0, 125, 0
L 0.3307, -13.8506, -0.374, -51.7642, -29.5574, -0.374, 0, 125, 0
L 0.3308, -50.3826, -0.3739, 0.3307, -13.8506, -0.374, 0, 125, 0
L 125.464, 70.3307, -0.3866, 125.5743, -69.5982, -0.3749, 150, 100, 0
L 81.9793, 85.148, -1.374, 124.5717, 70.8066, -1.374, 150, 100, 0
L 111.5938, 84.6547, -2.374, 70.4111, 112.1098, -2.374, 0, 125, 0
L 112.619, 98.5931, -3.374, 84.4842, 153.9225, -3.374, 0, 125, 0
L 154, 154.388, -4.3739, 126.4497, 181.9188, -4.3314, 0, 125, 0
L 182.5485, 195.7375, -5.3739, 140.2658, 195.5321, -4.3739, 0, 125, 0
L 209.5312, 223.2, -5.3739, 182.5485, 195.7375, -5.3739, 0, 125, 0
L 209.5312, 127.1781, -5.3739, 209.5312, 223.2, -5.3739, 0, 125, 0
L 182.3002, 168.691, -5.3739, 209.5312, 127.1781, -5.3739, 0, 125, 0
L 154, 154.388, -4.3738, 182.3002, 168.691, -5.3739, 0, 125, 0
L 125.7532, 112.3683, -3.374, 154, 154.388, -4.3738, 0, 125, 0
L 111.5938, 84.6544, -2.374, 111.9235, 98.4543, -3.1381, 0, 0, 0
L 125.9519, 69.4004, -0.374, 111.5938, 84.6544, -2.374, 0, 0, 0
L 140.2078, 69.7087, 0.626, 125.9523, 69.799, -0.374, 0, 0, 0
L 154.3125, 84.879, 0.626, 140.2078, 69.7087, 0.626, 0, 0, 0
L 154.3087, 98.211, 0.626, 154.3125, 84.879, 0.626, 0, 0, 0
L 140.729, 112.3185, 0.626, 154.3087, 98.211, 0.626, 0, 0, 0
L 125.6219, 112.1834, -3.374, 140.729, 112.3185, 0.626, 0, 0, 0
L 111.9235, 98.4543, -3.3029, 125.6219, 112.1834, -3.374, 0, 0, 0
L 238.2606, 97.846, 0.626, 237.8125, 112.5919, -0.374, 0, 0, 0
L 223.8999, 83.5936, 0.626, 238.2606, 97.846, 0.626, 0, 0, 0
L 209.7964, 83.6102, 0.626, 223.8999, 83.5936, 0.626, 0, 0, 0
L 195.5312, 98.407, 0.626, 209.7964, 83.6102, 0.626, 0, 0, 0
L 195.6413, 112.234, 0.626, 195.5312, 98.407, 0.626, 0, 0, 0
L 209.6286, 126.1902, 0.626, 195.6413, 112.234, 0.626, 0, 0, 0
L 209.6982, 126.927, -4.7504, 209.6286, 126.1902, 0.626, 0, 0, 0
L 224.2684, 126.1059, -0.374, 209.6982, 126.927, -4.7504, 0, 0, 0
L 237.8125, 112.5919, -0.2408, 224.2684, 126.1059, -0.374, 0, 0, 0
L 209.8606, -84.1191, 0.5826, 125.7526, -69.6535, 0.5631, 150, 100, 0
L 223.6805, -112.3649, 0.1705, 209.8606, -84.1191, 0.5826, 150, 100, 0
L 223.7005, 27.686, 0.626, 223.6808, -111.1668, 0.626, 0, 125, 0
L 209.55, 41.8517, 0.626, 223.7005, 27.686, 0.626, 0, 0, 0
L 209.5772, 56.1486, 0.626, 209.55, 41.8517, 0.626, 0, 0, 0
L 223.8799, 70.3427, 0.626, 209.5772, 56.1486, 0.626, 0, 0, 0
L 238.1702, 70.2349, 0.626, 223.8799, 70.3427, 0.626, 0, 0, 0
L 252.222, 56.1721, 0.6261, 238.1702, 70.2349, 0.626, 0, 0, 0
L 252.2427, 41.8034, 9.6259, 252.2197, 56.1721, 0.6261, 0, 0, 0
L 238.473, 27.6524, 9.6259, 252.2427, 41.8034, 9.6259, 0, 0, 0
L 223.7005, 27.6851, 0.626, 238.473, 27.6524, 9.6259, 0, 0, 0
L 279.9691, 27.625, 9.5957, 294.2499, 27.6782, 0.635, 0, 0, 0
L 266.622, 41.2824, 9.6259, 279.9691, 27.625, 9.5957, 0, 0, 0
L 265.5924, 56.1732, 0.6262, 266.622, 41.2824, 9.6259, 0, 0, 0
L 279.632, 70.2544, 0.626, 265.5916, 56.1732, 0.6262, 0, 0, 0
L 293.7717, 70.3436, 0.626, 279.632, 70.2544, 0.626, 0, 0, 0
L 308.25, 55.9718, 0.626, 293.7717, 70.3436, 0.626, 0, 0, 0
L 308.1761, 41.7453, 0.626, 308.25, 55.9718, 0.626, 0, 0, 0
L 294.2499, 27.8444, 0.626, 308.1761, 41.7453, 0.626, 0, 0, 0
L 294.2499, 27.8444, 0.626, 294.2497, 0.375, 0.626, 0, 125, 0
L 427.9954, 13.9056, 20.5971, 452.5717, 14.219, 20.626, 0, 125, 0
L -96.3436, 607.9053, 0.626, -112.124, 592.125, 0.626, 0, 0, 0
L -112.124, 592.125, 0.626, -191.6174, 592.125, 0.626, 0, 0, 0
L -191.6174, 592.125, 0.626, -210.2785, 559.8265, 0.626, 0, 0, 0
L -210.2785, 559.8265, 0.626, -196.269, 545.6136, -0.374, 0, 0, 0
L -196.269, 545.6136, -0.374, -168.114, 559.3247, 0.5432, 0, 0, 0
L -168.114, 559.3247, 0.5432, -140.4593, 531.7726, -0.3736, 0, 0, 0
L -140.4593, 531.7726, -0.3736, -140.3125, 500.5645, 1.331, 0, 0, 0
L -140.3125, 500.5645, 1.331, -140.3125, 448.7554, 0.7451, 0, 0, 0
L -140.3125, 448.7554, 0.7451, -168.7489, 419.2251, 0.626, 0, 0, 0
L -168.7489, 419.2251, 0.626, -154.6271, 406.31, 0.626, 0, 0, 0
L -154.6271, 406.31, 0.626, -140.3125, 377.7552, 0.626, 0, 0, 0
L -140.3125, 377.7552, 0.626, -140.3563, 349.9864, 0.626, 0, 0, 0
L -140.3563, 349.9864, 0.626, -183.2327, 306.6075, -0.374, 0, 0, 0
L -183.2327, 306.6075, -0.374, -210.4519, 265.511, -0.374, 0, 0, 0
L -210.4519, 265.511, -0.374, -141.63, 251.7489, -0.374, 0, 0, 0
L -141.63, 251.7489, -0.374, -70.3436, 181.637, -0.2444, 0, 0, 0
L -70.3436, 181.637, -0.2444, -70.6033, 139.8334, -0.374, 0, 0, 0
L -70.6033, 139.8334, -0.374, -98.518, 112.4158, -0.3738, 0, 0, 0
L -98.518, 112.4158, -0.3738, -140.5015, 97.9925, 0.626, 0, 0, 0
L -140.5015, 97.9925, 0.626, -112.2047, 69.225, -0.374, 0, 0, 0
L -112.2018, 69.222, -0.374, -112.2018, 69.2228, -0.3715, 0, 0, 0
L -139.638, 42.2081, 0.6201, -153.9659, 71.243, 0.626, 0, 0, 0
L -153.9659, 71.243, 0.626, -166.36, 108.4222, 0.626, 0, 0, 0
L -166.36, 108.4222, 0.626, -124.4802, 126.2459, -0.374, 0, 0, 0
L -124.4802, 126.2459, -0.374, -97.5938, 139.9636, -0.374, 0, 0, 0
L -97.5938, 139.9636, -0.374, -97.5936, 181.5747, -0.374, 0, 0, 0
L -97.5936, 181.5747, -0.374, -171.1685, 238.9352, -0.374, 0, 0, 0
L -171.1685, 238.9352, -0.374, -237.5312, 252.6918, -0.374, 0, 0, 0
L -183.253, 393.4649, 0.626, -195.4501, 405.9175, 0.626, 0, 0, 0
L -195.4501, 405.9175, 0.626, -181.4305, 433.7891, 0.626, 0, 0, 0
L -181.4305, 433.7891, 0.626, -167.2603, 448.1087, 0.6642, 0, 0, 0
L -167.2603, 448.1087, 0.6642, -167.5625, 503.1664, 0.708, 0, 0, 0
L -167.5625, 503.1664, 0.708, -195.3138, 504.1861, -0.374, 0, 0, 0
L -195.3138, 504.1861, -0.374, -223.459, 531.8644, -0.374, 0, 0, 0
L -223.459, 531.8644, -0.374, -239.262, 576.23, 0.626, 0, 0, 0
L -239.262, 576.23, 0.626, -223.6647, 607.375, 0.626, 0, 0, 0
L -223.6647, 607.375, 0.626, -135.2837, 607.5027, 0.626, 0, 0, 0
L -135.2837, 607.5027, 0.626, -127.9495, 615.2075, 0.626, 0, 0, 0
L -96.3436, 614.8379, 0.626, -127.5592, 615.7033, 0.626, 150, 0, 200
L -127.9873, 615.145, 0.626, -127.5674, 615.6884, 0.626, 0, 0, 0
L -96.3438, 614.7519, 0.626, -96.3436, 607.9053, 0.626, 0, 0, 0
L -237.5312, 252.6918, -0.374, -237.5312, 349.1399, -0.374, 0, 0, 0
L -237.5312, 349.1399, -0.374, -167.5798, 363.6711, 0.626, 0, 0, 0
L -167.5798, 363.6711, 0.626, -153.7108, 377.54, 0.626, 0, 0, 0
L -153.7108, 377.54, 0.626, -168.7721, 392.6557, 0.626, 0, 0, 0
L -168.7721, 392.6557, 0.626, -181.8879, 392.3249, 0.626, 0, 0, 0
L -181.8879, 392.3249, 0.626, -182.9966, 393.4361, 0.626, 0, 0, 0
L -112.2027, 69.227, -0.357, -98.3539, 0.141, -0.374, 0, 0, 0
L -98.3539, 0.141, -0.374, -70.2925, -0.375, -0.374, 0, 0, 0
L -70.2925, -0.375, -0.374, 0.1012, 69.5396, 0.626, 0, 0, 0
L 82.883, 82.7933, -0.374, 70.6576, 112.8472, -2.374, 0, 0, 0
L 70.6576, 112.8472, -2.374, 85.3559, 154.7943, -3.374, 0, 0, 0
L 85.3559, 154.7943, -3.374, 98.2775, 167.6726, -3.374, 0, 0, 0
L 98.2775, 167.6726, -3.374, 126.502, 181.5745, -3.374, 0, 0, 0
L 126.502, 181.5745, -3.374, 140.265, 195.5312, -4.3739, 0, 0, 0
L 140.265, 195.5312, -4.3739, 182.116, 265.3009, 0.626, 0, 0, 0
L 182.116, 265.3009, 0.626, 195.4944, 251.788, 0.626, 0, 0, 0
L 195.4944, 251.788, 0.626, 210.2535, 251.6253, 0.626, 0, 0, 0
L 210.2535, 251.6253, 0.626, 224.646, 265.5341, 0.626, 0, 0, 0
L 224.646, 265.5341, 0.626, 224.2812, 279.8469, 0.626, 0, 0, 0
L 224.2812, 279.8469, 0.626, 210.2819, 294.296, 0.626, 0, 0, 0
L 210.2819, 294.296, 0.626, 195.6256, 294.1888, 0.626, 0, 0, 0
L 195.6256, 294.1888, 0.626, 182.3125, 280.7817, 0.626, 0, 0, 0
L 182.3122, 307.5, 0.626, 196.937, 307.8224, 0.626, 0, 0, 0
L 196.937, 307.8224, 0.626, 239.1182, 321.7595, 0.626, 0, 0, 0
L 239.1182, 321.7595, 0.626, 364.4452, 349.5, 0.626, 0, 0, 0
L 364.4452, 349.5, 0.626, 447.8684, 349.4277, 0.626, 0, 0, 0
L 447.8684, 349.4277, 0.626, 531.2454, 307.7237, 0.626, 0, 0, 0
L 531.2454, 307.7237, 0.626, 531.4089, 280.3278, 0.626, 0, 0, 0
L 545.4061, 237.2993, 11.9215, 545.4062, 209.5312, 0.626, 0, 0, 0
L 545.4062, 209.5312, 0.626, 545.3079, 167.8292, 0.626, 0, 0, 0
L 545.3079, 167.8292, 0.626, 531.3812, 139.8836, 0.626, 0, 0, 0
L 531.3812, 139.8836, 0.626, 517.461, 84.234, 0.626, 0, 0, 0
L 517.5154, 84.3436, 0.626, 503.6215, 56.426, 0.626, 0, 0, 0
L 503.6215, 56.426, 0.626, 490.1875, 42.874, 0.626, 0, 0, 0
L 490.1875, 42.874, 0.626, 475.6519, 42.3123, 10.6259, 0, 0, 0
L 475.6519, 42.3123, 10.6259, 462.1875, 28.9039, 10.6259, 0, 0, 0
L 462.1875, 28.9039, 10.6259, 452.5717, 14.219, 20.6188, 0, 0, 0
L 452.2628, 13.5759, 20.6188, 447.3795, -0.974, 19.626, 0, 0, 0
L 434.751, -0.2676, 19.626, 428.5815, 13.2066, 19.626, 0, 0, 0
L 427.9954, 13.9056, 19.626, 405.8677, 28.3743, 20.626, 0, 0, 0
L 405.8677, 28.3743, 20.626, 391.8786, 14.5653, 20.626, 0, 0, 0
L 391.8786, 14.5653, 20.626, 377.4687, 0.1554, 2.3525, 0, 0, 0
L 377.8437, 0.5303, 2.3525, 364.1148, 14.2591, 0.626, 0, 0, 0
L 364.1148, 14.2591, 0.626, 349.7029, 0.375, 0.626, 0, 0, 0
L 349.7029, 0.375, 0.626, 294.2497, 0.375, 0.626, 0, 0, 0
L 294.2497, 0.375, 0.626, 279.918, 0.375, 9.6199, 0, 0, 0
L 279.918, 0.375, 9.6199, 251.4667, -14.403, 9.6259, 0, 0, 0
L 251.4667, -14.403, 9.6259, 237.4651, -42.2924, 9.3858, 0, 0, 0
L 213.1522, -151.6088, -0.9437, 182.346, -153.5554, -2.3395, 0, 0, 0
L -139.572, 41.8825, -0.2723, -181.5625, 55.4485, 0.626, 0, 0, 0
L -181.5625, 55.4485, 0.626, -181.5625, 0.271, 0.626, 0, 0, 0
L -181.5625, 0.271, 0.626, -195.473, -69.9423, 0.626, 0, 0, 0
L -195.4909, -70.318, 0.626, -181.5625, -112.74, 0.626, 0, 0, 0
L -181.5625, -112.74, 0.626, -181.5625, -153.9544, 0.626, 0, 0, 0
L -181.5625, -153.9544, 0.626, -195.5251, -195.9487, 0.626, 0, 0, 0
L -195.5251, -195.9487, 0.626, -181.643, -335.5, 0.626, 0, 0, 0
L -181.643, -335.5, 0.626, -140.1091, -293.538, 0.626, 0, 0, 0
L -140.1091, -293.538, 0.626, -97.8452, -293.5208, 0.626, 0, 0, 0
L -97.8452, -293.5208, 0.626, -28.375, -362.9384, 0.626, 0, 0, 0
L -28.375, -362.9384, 0.626, -28.375, -322.25, 0.626, 0, 0, 0
L -28.375, -322.25, 0.626, -42.2768, -322.2291, 0.626, 0, 0, 0
L -42.2768, -322.2291, 0.626, -56.3438, -307.6261, 0.626, 0, 0, 0
L -56.3438, -307.6261, 0.626, -56.3207, -293.7454, 0.626, 0, 0, 0
L -56.3207, -293.7454, 0.626, -42.3036, -279.6795, 0.626, 0, 0, 0
L -42.3036, -279.6795, 0.626, -27.6412, -279.7033, 0.626, 0, 0, 0
L -27.6412, -279.7033, 0.626, -13.625, -293.9787, 0.626, 0, 0, 0
L -13.625, -293.9787, 0.626, -13.6251, -306.9698, 0.626, 0, 0, 0
L -13.6251, -306.9698, 0.626, 0.2214, -293.425, -0.1865, 0, 0, 0
L 0.2879, -293.4066, -0.1865, 79.6932, -271.286, -1.2587, 0, 0, 0
L 79.6932, -271.286, -1.2587, 85.6315, -235.7202, -2.4716, 0, 0, 0
L 518.1013, 294.851, 0.626, 504.914, 308.1263, 0.626, 0, 0, 0
L 504.914, 308.1263, 0.626, 489.6875, 308.2294, 0.626, 0, 0, 0
L 489.6875, 308.2294, 0.626, 475.4375, 293.8498, 0.626, 0, 0, 0
L 475.4375, 293.8498, 0.626, 475.4379, 279.8557, 0.626, 0, 0, 0
L 475.4379, 279.8557, 0.626, 489.4375, 265.7506, 0.626, 0, 0, 0
L 489.4375, 265.7506, 0.626, 503.7828, 265.5312, 15.6231, 0, 0, 0
L 503.7828, 265.5312, 15.6231, 517.9622, 279.5255, 15.6259, 0, 0, 0
L 517.9622, 279.5255, 15.6259, 518.453, 294.141, 0.626, 0, 0, 0
L 531.1902, 280.9916, 0.626, 518.453, 294.141, 0.626, 0, 125, 0
L 531.1902, 280.9916, 15.6135, 545.4061, 237.8438, 15.6259, 0, 0, 0
L 322.2017, 279.6908, 0.626, 307.9615, 265.5414, 0.626, 0, 0, 0
L 307.9615, 265.5414, 0.626, 293.709, 265.5699, 0.626, 0, 0, 0
L 293.709, 265.5699, 0.626, 279.5568, 279.6764, 0.626, 0, 0, 0
L 279.5568, 279.6764, 0.626, 279.547, 294.568, 0.626, 0, 0, 0
L 279.547, 294.568, 0.626, 293.7139, 308.2137, 0.626, 0, 0, 0
L 293.7139, 308.2137, 0.626, 308.2196, 308.606, 0.626, 0, 0, 0
L 308.2196, 308.606, 0.626, 322.25, 293.8408, 0.626, 0, 0, 0
L 322.25, 293.8408, 0.626, 322.2452, 279.8156, 0.626, 0, 0, 0
L 349.5011, 307.8455, 0.626, 349.5197, 321.9952, 0.626, 0, 0, 0
L 349.5197, 321.9952, 0.626, 363.6918, 336.2178, 0.626, 0, 0, 0
L 363.6918, 336.2178, 0.626, 377.8451, 336.25, 0.626, 0, 0, 0
L 377.8451, 336.25, 0.626, 392.1994, 321.9936, 0.626, 0, 0, 0
L 392.1994, 321.9936, 0.626, 392.1023, 307.6032, 0.626, 0, 0, 0
L 392.1023, 307.6032, 0.626, 378.552, 293.5652, 0.626, 0, 0, 0
L 378.552, 293.5652, 0.626, 363.7022, 293.5246, 0.626, 0, 0, 0
L 349.5796, 307.644, 0.626, 363.7074, 293.5255, 0.626, 0, 0, 0
L 419.5224, 322.683, 0.626, 433.7398, 336.2429, 0.626, 0, 0, 0
L 433.7398, 336.2429, 0.626, 447.8806, 336.2436, 0.626, 0, 0, 0
L 447.8806, 336.2436, 0.626, 462.1652, 322.24, 0.626, 0, 0, 0
L 462.1652, 322.24, 0.626, 462.898, 307.6225, 0.626, 0, 0, 0
L 462.898, 307.6225, 0.626, 447.9146, 293.514, 0.626, 0, 0, 0
L 447.9146, 293.514, 0.626, 433.5568, 293.6005, 0.626, 0, 0, 0
L 433.5568, 293.6005, 0.626, 419.5507, 307.6408, 0.626, 0, 0, 0
L 419.5507, 307.6408, 0.626, 419.4997, 322.244, 0.626, 0, 0, 0
L 517.9319, 209.5312, 0.626, 504.346, 195.604, 0.626, 0, 0, 0
L 504.346, 195.604, 0.626, 489.5636, 195.6255, 0.626, 0, 0, 0
L 489.5636, 195.6255, 0.626, 475.673, 209.5153, 0.626, 0, 0, 0
L 475.673, 209.5153, 0.626, 475.4608, 224.363, 0.626, 0, 0, 0
L 475.4608, 224.363, 0.626, 489.4375, 238.614, 0.626, 0, 0, 0
L 489.4374, 238.614, 0.626, 503.954, 238.2535, 15.6259, 0, 0, 0
L 503.954, 238.2535, 15.6259, 518.552, 224.1622, 15.6259, 0, 0, 0
L 518.511, 223.622, 15.6259, 517.9464, 209.5312, 0.626, 0, 0, 0
L 489.7934, 182.312, 0.626, 503.7423, 182.3125, 0.626, 0, 0, 0
L 503.7423, 182.3125, 0.626, 518.1159, 168.1065, 0.626, 0, 0, 0
L 518.1159, 168.1065, 0.626, 518.547, 153.5697, 0.626, 0, 0, 0
L 518.547, 153.5697, 0.626, 503.8555, 139.5649, 0.626, 0, 0, 0
L 503.8555, 139.5649, 0.626, 489.552, 139.6676, 0.626, 0, 0, 0
L 489.552, 139.6676, 0.626, 475.4669, 153.7917, 0.626, 0, 0, 0
L 475.4669, 153.7917, 0.626, 475.4793, 168.1096, 0.626, 0, 0, 0
L 475.4793, 168.1096, 0.626, 489.6637, 182.2818, 0.626, 0, 0, 0
L 489.6637, 182.2818, 0.626, 504.917, 182.1885, 0.626, 0, 0, 0
L 517.9464, 209.5312, 0.626, 545.4062, 209.5312, 0.626, 0, 125, 0
L 518.511, 223.622, 7.8922, 545.4061, 237.2993, 13.1228, 0, 125, 0
L 490.1875, 42.874, 0.626, 490.1924, 83.8134, 0.626, 0, 125, 0
L 462.1875, 28.9039, 10.6259, 462.1875, 83.6972, 10.6259, 0, 125, 0
L 490.1875, 83.6539, 0.626, 504.941, 97.7211, 0.626, 0, 0, 0
L 504.941, 97.7211, 0.626, 504.1775, 112.541, 0.626, 0, 0, 0
L 504.1775, 112.541, 0.626, 490.559, 126.2227, 0.626, 0, 0, 0
L 490.2524, 126.283, 0.626, 475.8072, 126.3125, 0.626, 0, 0, 0
L 475.8072, 126.3125, 0.626, 461.4375, 111.8799, 0.626, 0, 0, 0
L 461.4375, 111.8799, 0.626, 461.4375, 97.8131, 0.626, 0, 0, 0
L 462.1875, 98.1233, 0.626, 448.998, 112.2116, 0.626, 0, 0, 0
L 448.998, 112.2116, 0.626, 433.8473, 112.3436, 0.626, 0, 0, 0
L 433.8473, 112.3436, 0.626, 419.6881, 98.3436, 0.626, 0, 0, 0
L 419.6881, 98.3436, 0.626, 419.4687, 84.1359, 20.508, 0, 0, 0
L 419.4687, 84.1359, 20.508, 433.6922, 69.6136, 20.626, 0, 0, 0
L 433.6922, 69.6136, 20.626, 447.9096, 69.6066, 20.6119, 0, 0, 0
L 447.9096, 69.6066, 20.6119, 462.1875, 83.7511, 10.6259, 0, 0, 0
L 462.1875, 83.7511, 10.6259, 462.1875, 98.1233, 10.6259, 0, 0, 0
L 461.4375, 97.8131, 10.6259, 475.5837, 83.6714, 10.6259, 0, 0, 0
L 475.5837, 83.6714, 10.6259, 490.1924, 83.8134, 0.626, 0, 0, 0
L 182.3125, 307.7674, 23.3331, 252.1135, 419.4687, 70.45, 0, 0, 0
L 252.242, 420.106, 141.9408, 224.5125, 475.4375, 152.3393, 0, 0, 0
L 224.5125, 475.4375, 152.3393, 489.7565, 475.377, 111.8054, 0, 0, 0
L 489.7565, 475.377, 111.8054, 699.9502, 304.8063, 98.5947, 0, 0, 0
L 699.9502, 304.8063, 98.5947, 713.302, 238.772, 98.5947, 0, 0, 0
L 713.302, 238.772, 98.5947, 713.3437, 168.3125, 98.5947, 0, 0, 0
L 713.3437, 168.3125, 98.5947, 699.4654, 84.7296, 140.3634, 0, 0, 0
L 699.4654, 84.7296, 140.3634, 657.7499, 56.4194, 140.4693, 0, 0, 0
L 657.7499, 56.4194, 140.4693, 616.1112, 84.1786, 128.2007, 0, 0, 0
L 616.1112, 84.1786, 128.2007, 615.5181, 84.3436, 84.3791, 0, 0, 0
L 615.5181, 84.3436, 84.3791, 517.5154, 84.3436, 27.2137, 0, 0, 0
L 391.9825, 98.3436, 0.626, 377.7692, 98.3362, 0.626, 0, 0, 0
L 377.7692, 98.3362, 0.626, 363.6322, 84.2877, 0.626, 0, 0, 0
L 363.6322, 84.2877, 0.626, 363.456, 69.8259, 0.626, 0, 0, 0
L 364.233, 70.109, 0.626, 350.2151, 84.1587, 0.626, 0, 0, 0
L 350.2151, 84.1587, 0.626, 335.7721, 84.3302, 0.626, 0, 0, 0
L 335.7721, 84.3302, 0.626, 321.5489, 70.154, 0.626, 0, 0, 0
L 321.5489, 70.154, 0.626, 321.5, 55.9767, 0.626, 0, 0, 0
L 321.5, 55.9767, 0.626, 335.588, 41.7252, 0.626, 0, 0, 0
L 335.588, 41.7252, 0.626, 349.8484, 41.5938, 0.626, 0, 0, 0
L 349.8484, 41.5938, 0.626, 364.339, 55.6285, 0.626, 0, 0, 0
L 364.339, 55.6285, 0.626, 364.233, 70.109, 0.626, 0, 0, 0
L 363.456, 69.8259, 0.626, 377.4687, 55.8134, 0.626, 0, 0, 0
L 377.4687, 55.8134, 0.626, 391.8767, 55.5953, 20.626, 0, 0, 0
L 391.8767, 55.5953, 20.626, 406.2187, 69.9668, 20.626, 0, 0, 0
L 406.2187, 69.9668, 20.626, 406.2185, 83.9789, 20.6256, 0, 0, 0
L 406.2185, 83.9789, 20.6256, 391.882, 98.3436, 0.626, 0, 0, 0
L 419.6881, 98.3436, 0.626, 391.9302, 98.3436, 0.626, 0, 125, 0
L 452.2628, 13.5759, 19.626, 428.5815, 13.2066, 19.626, 150, 100, 0
L 433.1859, 237.8934, 0.626, 415.6992, 224.269, 0.6261, 0, 125, 0
L 411.5183, 220.656, 1.6274, 409.4809, 213.6699, 1.6259, 0, 125, 0
L 415.6933, 224.269, 1.6259, 411.6182, 220.1939, 1.6259, 0, 125, 0
L 411.6182, 220.1939, 1.6259, 409.4809, 213.7216, 1.6259, 0, 125, 0
L 409.4809, 213.7216, 1.6259, 409.5656, 205.5614, 1.6259, 0, 125, 0
L 409.5656, 205.5614, 1.6259, 409.4814, 205.8872, 1.6259, 0, 125, 0
L 409.4814, 205.8872, 1.6259, 411.6227, 199.6142, 1.6259, 0, 125, 0
L 433.1856, 181.9499, 0.626, 415.5976, 195.5437, 0.626, 0, 125, 0
L 415.6931, 195.5437, 1.6259, 411.6227, 199.6142, 1.6259, 0, 125, 0
L 368.862, 196.2122, 0.626, 378.1127, 182.206, 0.626, 100, 50, 0
L 378.1127, 182.206, 0.626, 391.9639, 172.3125, 0.626, 100, 50, 0
L 391.9639, 172.3125, 0.626, 419.7232, 172.3125, 0.626, 100, 50, 0
L 419.7232, 172.3125, 0.626, 433.1856, 181.9499, 0.626, 100, 50, 0
L 443.4375, 223.786, 3.6259, 433.1859, 237.8934, 0.626, 100, 50, 0
L 433.1859, 237.8934, 0.626, 419.7234, 247.5312, 0.626, 100, 50, 0
L 419.7234, 247.5312, 0.626, 391.9639, 247.5312, 0.626, 100, 50, 0
L 391.9639, 247.5312, 0.626, 378.1143, 237.6388, 0.626, 100, 50, 0
L 378.1143, 237.6388, 0.626, 368.788, 223.5894, 0.626, 100, 50, 0
L 368.55, 224.2493, 0.6827, 368.562, 224.2658, 0.6375, 100, 50, 0
L 368.788, 223.5894, 0.626, 363.744, 221.5312, 0.626, 100, 50, 0
L 361.4687, 196.2812, 0.626, 361.6487, 198.2265, 0.626, 100, 50, 0
L 361.6487, 198.2265, 0.626, 363.8278, 198.2812, 0.626, 100, 50, 0
L 363.8278, 198.2812, 0.626, 368.862, 196.2122, 0.626, 100, 50, 0
L 367.4809, 223.3054, 0.626, 367.4839, 196.5048, 0.6377, 0, 125, 0
L 368.5643, 224.269, 0.626, 412.5527, 224.269, 0.626, 0, 125, 0
L 368.5649, 195.5433, 0.626, 413.2907, 195.5437, 0.626, 0, 125, 0
L 419.294, 223.6009, 2.6362, 415.5695, 220.144, 2.6259, 0, 125, 0
L 415.5695, 220.144, 2.6259, 413.5128, 214.606, 2.6259, 0, 125, 0
L 413.5128, 214.606, 2.6259, 413.4927, 205.8145, 2.6259, 0, 125, 0
L 413.4927, 205.8145, 2.6259, 415.5486, 199.695, 2.6259, 0, 125, 0
L 415.5486, 199.695, 2.6259, 418.9929, 196.2589, 2.6602, 0, 125, 0
L 418.9929, 196.2589, 2.6568, 413.2907, 195.5437, 1.5931, 0, 125, 0
L 412.5527, 224.269, 1.6095, 419.294, 223.6009, 2.7397, 0, 125, 0
L 423.1797, 205.8307, 7.5096, 423.2477, 214.5784, 7.5096, 100, 50, 0
L 423.2477, 214.5784, 7.5096, 429.729, 214.3171, 7.5096, 100, 50, 0
L 429.729, 214.3171, 7.5096, 428.791, 205.6478, 7.5096, 100, 50, 0
L 428.791, 205.6478, 7.5096, 423.1797, 205.8307, 7.5096, 100, 50, 0
L 445.4375, 203.615, 10.6259, 445.4375, 216.7507, 10.6259, 100, 50, 0
L 445.4375, 216.7507, 10.6259, 443.4254, 218.7629, 10.6235, 100, 50, 0
L 443.4375, 196.263, 3.6259, 433.1856, 181.9499, 0.626, 100, 50, 0
L 30.3777, -27.625, 0.626, 30.3647, -30.374, 0.626, 100, 50, 0
L 30.3647, -30.374, 0.626, 27.625, -30.3751, 0.626, 100, 50, 0
L 28.538, -30.375, 0.626, 28.112, -55.5938, 0.626, 100, 50, 0
L 27.9358, -55.5938, 0.626, 30.375, -55.5938, 0.626, 100, 50, 0
L 39.5929, -27.625, 0.626, 39.5987, -30.3896, 0.626, 100, 50, 0
L 39.5987, -30.3896, 0.626, 42.3436, -30.3465, 0.5508, 100, 50, 0
L 42.12, -55.5938, 0.626, 39.5938, -55.5938, 0.626, 100, 50, 0
L 39.5938, -55.5938, 0.626, 39.5938, -58.3483, 0.626, 100, 50, 0
L 39.5938, -58.3483, 0.626, 42.272, -58.3337, 0.5994, 100, 50, 0
L 42.3436, -83.5957, 0.6217, 39.5936, -83.5931, 0.626, 100, 50, 0
L 39.5936, -83.5931, 0.626, 39.5938, -86.3436, 0.626, 100, 50, 0
L 39.5938, -86.3436, 0.626, 42.3436, -86.3436, 0.626, 100, 50, 0
L 42.3436, -86.3436, 0.626, 42.3436, -83.5957, 0.626, 100, 50, 0
L 30.375, -55.5938, 0.626, 30.375, -58.3436, 0.626, 100, 50, 0
L 30.375, -58.3436, 0.626, 27.9766, -58.3436, 0.626, 100, 50, 0
L 28.795, -58.3436, 0.626, 27.9342, -83.5995, 0.6115, 100, 50, 0
L 27.625, -83.6006, 0.6115, 30.375, -83.5913, 0.626, 100, 50, 0
L 30.375, -83.5913, 0.626, 30.375, -86.3436, 0.626, 100, 50, 0
L 30.375, -86.3436, 0.626, 27.625, -86.3436, 0.626, 100, 50, 0
L 27.625, -86.3436, 0.626, 27.625, -83.6006, 0.626, 100, 50, 0
L 27.625, -84.451, 0.626, 16.3737, -83.939, 0.6232, 100, 50, 0
L 16.3737, -83.939, 0.6232, 16.3755, -86.3436, 0.626, 100, 50, 0
L 56.3389, -109.909, 0.6141, 68.3439, -109.9277, 0.6193, 0, 0, 255
L 127.8422, -155.9977, 0.6172, 72.711, -155.792, 0.626, 0, 0, 255
L 72.711, -155.792, 0.5981, 71.8503, -197.9265, 0.626, 0, 0, 255
L 71.8503, -197.9265, 0.6247, -2.95, -197.7726, 0.626, 0, 0, 255
L -2.95, -197.7726, 0.5961, -1.9715, -110.92, 0.626, 0, 0, 255
L 13.625, -111.5936, 0.626, 13.625, -109.5938, 0.626, 100, 50, 0
L -1.6257, -109.9449, 0.6242, 13.625, -110.404, 0.626, 0, 0, 255
L 13.625, -109.5938, 0.626, 16.375, -109.5938, 0.626, 100, 50, 0
L 27.625, -30.3751, -0.374, 27.625, -27.625, -0.374, 100, 50, 0
L 27.625, -27.625, -0.374, 30.3777, -27.625, -0.374, 100, 50, 0
L 39.5929, -27.625, -0.374, 42.3436, -27.625, -0.374, 100, 50, 0
L 42.3436, -27.625, -0.374, 42.3436, -30.3465, -0.374, 100, 50, 0
L 27.9358, -55.5938, 0.6122, 27.9766, -58.3436, 0.6242, 100, 50, 0
L 42.272, -58.3337, 0.6146, 42.12, -55.5938, 0.6198, 100, 50, 0
L 265.5312, 142.3125, -0.374, 265.5312, 140.3119, -0.374, 64, 64, 64
L 265.5312, 140.3119, -0.374, 254.2812, 140.3125, -0.374, 64, 64, 64
L 254.2812, 140.3125, -0.374, 254.2812, 142.3125, -0.374, 64, 64, 64
L 254.2812, 142.3125, -0.374, 251.5312, 142.3125, -0.374, 64, 64, 64
L 251.5329, 97.5936, 0.626, 308.25, 97.5938, 0.626, 64, 64, 64
L 308.25, 97.5938, 0.626, 308.25, 168.3125, 0.626, 64, 64, 64
L 251.5312, 142.3125, -0.374, 251.5312, 140.2709, -0.374, 64, 64, 64
L 251.4852, 140.2701, -0.374, 251.5329, 97.5936, 0.626, 64, 64, 64
L 308.25, 168.3125, 0.626, 279.5, 168.3125, 0.626, 64, 64, 64
L 279.5, 142.3121, -0.374, 277.5, 142.3126, -0.374, 64, 64, 64
L 277.5, 142.3126, 0.626, 277.5, 137.5625, 0.626, 64, 64, 64
L 277.5, 137.5625, 0.626, 282.25, 137.5625, 0.626, 64, 64, 64
L 282.25, 137.5625, 0.626, 282.25, 165.5625, 0.626, 64, 64, 64
L 282.25, 165.5625, 0.626, 305.5, 165.5625, 0.626, 64, 64, 64
L 305.5, 165.5625, 0.626, 305.5, 100.3435, 0.626, 64, 64, 64
L 305.5, 100.3435, 0.626, 254.2812, 100.3436, 0.626, 64, 64, 64
L 254.2812, 100.3436, 0.626, 254.2812, 137.5625, 0.626, 64, 64, 64
L 254.2812, 137.5625, 0.626, 268.2812, 137.5625, 0.626, 64, 64, 64
L 268.2812, 137.5625, 0.626, 268.2812, 142.3125, 0.626, 64, 64, 64
L 254.2812, 140.3125, -0.374, 251.4852, 140.2701, -0.374, 64, 64, 64
L 279.5, 165.5625, -0.374, 277.5, 165.5625, -0.374, 64, 64, 64
L 277.5, 168.3125, -0.374, 277.5, 165.5625, -0.374, 64, 64, 64
L 279.4891, 168.3125, 0.626, 277.5, 168.3125, 0.626, 64, 64, 64
L 279.5, 165.5625, -0.374, 279.4891, 168.3125, 0.626, 64, 64, 64
L 279.5, 165.5625, -0.374, 279.5, 142.3121, -0.374, 64, 64, 64
L 251.5312, 165.5625, -0.374, 254.2812, 165.5625, -0.374, 64, 64, 64
L 254.2812, 165.5625, -0.374, 254.2812, 168.3125, -0.374, 64, 64, 64
L 251.5312, 168.3125, -0.374, 251.5312, 165.5625, -0.374, 64, 64, 64
L 251.5312, 168.3125, 0.626, 254.2812, 168.3125, 0.626, 64, 64, 64
L 277.5, 167.574, -0.374, 254.2812, 167.5747, -0.374, 64, 64, 64
L 277.7796, 142.3001, -0.3735, 267.8831, 142.3125, -0.374, 0, 125, 0
L 277.5, 139.9301, 0.626, 268.2812, 139.9675, 0.626, 150, 100, 0
L -139.7823, -111.5938, 0.626, -154.926, -111.5936, 0.626, 0, 0, 0
L -154.926, -111.5936, 0.626, -168.3125, -125.7818, 0.626, 0, 0, 0
L -168.3125, -125.7818, 0.626, -168.3125, -140.928, 0.626, 0, 0, 0
L -168.3125, -140.928, 0.626, -154.928, -154.3125, 0.626, 0, 0, 0
L -154.928, -154.3125, 0.626, -139.7821, -154.3125, 0.626, 0, 0, 0
L -139.7821, -154.3125, 0.626, -125.5625, -140.928, 0.626, 0, 0, 0
L -125.5625, -140.928, 0.626, -125.5625, -125.7818, 0.626, 0, 0, 0
L -125.5625, -125.7818, 0.626, -139.7823, -111.5938, 0.626, 0, 0, 0
L -125.7822, -181.5625, 0.626, -140.926, -181.5625, 0.626, 0, 0, 0
L -140.926, -181.5625, 0.626, -154.3125, -195.7505, 0.626, 0, 0, 0
L -154.3125, -195.7505, 0.626, -154.3125, -210.615, 0.626, 0, 0, 0
L -154.3125, -210.615, 0.626, -140.928, -224.2812, 0.626, 0, 0, 0
L -140.928, -224.2812, 0.626, -125.7818, -224.2812, 0.626, 0, 0, 0
L -125.7818, -224.2812, 0.626, -111.5938, -210.612, 0.626, 0, 0, 0
L -111.5938, -210.612, 0.626, -111.5936, -195.7509, 0.626, 0, 0, 0
L -111.5936, -195.7509, 0.626, -125.7822, -181.5625, 0.626, 0, 0, 0
L -126.7511, -181.5625, 0.626, -139.3477, -181.5625, 0.626, 0, 0, 0
L -84.124, -237.5312, 0.626, -98.3436, -251.7509, 0.626, 0, 0, 0
L -98.3436, -251.7509, 0.626, -98.3436, -266.618, 0.626, 0, 0, 0
L -98.3436, -266.618, 0.626, -84.1239, -280.25, 0.626, 0, 0, 0
L -84.1239, -280.25, 0.626, -69.8135, -280.2499, 0.626, 0, 0, 0
L -69.8135, -280.2499, 0.626, -55.5938, -266.618, 0.626, 0, 0, 0
L -55.5938, -266.618, 0.626, -55.5938, -251.7509, 0.626, 0, 0, 0
L -55.5938, -251.7509, 0.626, -69.8134, -237.5312, 0.626, 0, 0, 0
L -69.8134, -237.5312, 0.626, -84.124, -237.5312, 0.626, 0, 0, 0
L -28.375, -322.25, 0.626, -13.6251, -306.9698, 0.626, 0, 0, 0
L 182.116, 265.3009, 0.626, 182.3122, 307.5, 0.626, 0, 0, 0
L 177.8378, -202.2257, -2.3841, 195.2658, -210.315, -2.374, 0, 0, 0
L 195.2669, -210.327, -2.374, 209.3265, -223.8567, -1.374, 0, 0, 0
L 209.3265, -223.8567, -1.374, 209.5312, -265.5434, -0.374, 0, 0, 0
L 209.5312, -265.5434, -0.374, 195.3805, -279.8795, 0.626, 0, 0, 0
L 195.3805, -279.8795, 0.626, 209.6841, -294.1831, 0.626, 0, 0, 0
L 209.6841, -294.1831, 0.626, 238.9248, -308.8034, 0.626, 0, 0, 0
L 238.9248, -308.8034, 0.626, 252.969, -294.2266, 0.626, 0, 0, 0
L 252.969, -294.2266, 0.626, 266.1075, -292.2241, 0.626, 0, 0, 0
L 146.1048, -235.5636, -2.4148, 154.458, -251.2845, -2.374, 0, 0, 0
L 154.625, -251.2847, -2.374, 167.8328, -251.5398, -1.374, 0, 0, 0
L 168.3125, -251.2198, -0.374, 168.3125, -265.5434, -0.374, 0, 0, 0
L 168.3128, -265.5437, -0.374, 182.3125, -279.7302, 0.626, 0, 0, 0
L 182.3125, -279.7302, 0.626, 182.3125, -307.7198, 0.626, 0, 0, 0
L 182.3125, -307.7198, 0.626, 196.641, -321.5022, 0.626, 0, 0, 0
L 196.641, -321.5022, 0.626, 224.5383, -335.7731, 0.626, 0, 0, 0
L 224.5383, -335.7731, 0.626, 210.3888, -349.9227, 0.626, 0, 0, 0
L 210.3888, -349.9227, 0.626, 238.3389, -391.8167, 0.626, 0, 0, 0
L 238.3389, -391.8167, 0.626, 224.2872, -419.92, 0.626, 0, 0, 0
L 224.2872, -419.92, 0.626, 210.3546, -475.5667, 0.626, 0, 0, 0
L 210.3546, -475.5667, 0.626, 252.1719, -489.5058, 0.626, 0, 0, 0
L 252.1719, -489.5058, 0.626, 266.1854, -517.5017, 0.626, 0, 0, 0
L 266.1854, -517.5017, 0.626, 293.492, -531.1701, 0.626, 0, 0, 0
L 293.6014, -462.692, 0.626, 279.875, -448.3428, 0.626, 0, 0, 0
L 279.875, -448.3428, 0.626, 251.9063, -476.343, 0.626, 0, 0, 0
L 251.9063, -476.343, 0.626, 237.5312, -461.9678, 0.626, 0, 0, 0
L 237.5312, -461.9678, 0.626, 237.5312, -433.658, 0.626, 0, 0, 0
L 237.5312, -433.658, 0.626, 279.345, -391.8437, 0.626, 0, 0, 0
L 279.345, -391.8437, 0.626, 251.6055, -364.733, 0.626, 0, 0, 0
L 251.6055, -364.733, 0.626, 247.372, -356.6646, 0.626, 0, 0, 0
L 247.372, -356.6646, 1.6259, 254.9918, -353.399, 1.6259, 0, 0, 0
L 254.9918, -353.399, 2.6259, 260.206, -358.4286, 2.6259, 0, 0, 0
L 260.206, -358.4286, 2.6259, 267.329, -356.6014, 2.6259, 0, 0, 0
L 267.329, -356.6014, 2.6259, 275.3353, -348.8842, 3.6261, 0, 0, 0
L 275.3353, -348.8842, 3.6261, 277.5149, -327.7044, 5.6265, 0, 0, 0
L 277.5149, -327.7044, 6.626, 279.2173, -326.22, 6.626, 0, 0, 0
L 279.2173, -326.22, 6.626, 282.2391, -322.978, 7.626, 0, 0, 0
L 282.2391, -322.978, 7.626, 290.6632, -315.5412, 8.6259, 0, 0, 0
L 290.6632, -315.5412, 9.6259, 300.4323, -313.991, 9.6364, 0, 0, 0
L 300.4323, -313.991, 9.6364, 307.1886, -306.1908, 10.6259, 0, 0, 0
L 307.1886, -306.1908, 10.6259, 319.8274, -297.144, 11.6259, 0, 0, 0
L 319.8274, -297.144, 11.6259, 324.3113, -289.1634, 12.6259, 0, 0, 0
L 324.3113, -289.1634, 12.6259, 330.851, -283.1344, 13.6259, 0, 0, 0
L 330.851, -283.1344, 13.6259, 341.7649, -275.1644, 14.6259, 0, 0, 0
L 341.7649, -275.1644, 14.6259, 349.1168, -266.2681, 15.6259, 0, 0, 0
L 349.1168, -266.2681, 15.6259, 349.5405, -255.7223, 16.626, 0, 0, 0
L 265.8038, -292.2291, 11.61, 265.165, -303.2567, 10.6263, 150, 100, 0
L 265.165, -303.2567, 10.6263, 267.1548, -311.2524, 9.64, 150, 100, 0
L 267.1539, -311.2481, 9.64, 267.348, -315.2425, 8.626, 150, 100, 0
L 267.348, -315.2434, 8.626, 265.9619, -318.2601, 7.6353, 150, 100, 0
L 265.9626, -318.2583, 7.6353, 264.9229, -320.2719, 6.626, 150, 100, 0
L 264.9055, -320.3057, 6.626, 262.8371, -323.2343, 5.6276, 150, 100, 0
L 262.8374, -323.2341, 5.6276, 259.7601, -335.1077, 4.6181, 150, 100, 0
L 254.7835, -336.3854, 2.5665, 254.5433, -336.382, 1.6259, 150, 100, 0
L 254.5433, -336.382, 1.6259, 247.5433, -336.511, 0.626, 150, 100, 0
L 247.5433, -356.9646, 0.626, 247.5433, -336.511, 0.626, 150, 100, 0
L 254.5418, -353.5919, 1.6259, 254.5433, -336.54, 1.6259, 150, 100, 0
L 267.329, -356.6014, 2.6259, 254.8217, -336.4379, 2.6012, 150, 100, 0
L 275.3519, -348.8677, 3.6907, 259.7805, -335.292, 3.5508, 150, 100, 0
L 259.7601, -335.1077, 3.6259, 254.5433, -336.42, 1.6259, 150, 100, 0
L 276.4782, -338.966, 4.626, 260.9116, -331.2735, 4.626, 150, 100, 0
L 277.473, -328.1243, 5.626, 262.8371, -323.2343, 5.6261, 150, 100, 0
L 279.2173, -326.22, 6.626, 264.9229, -320.2719, 6.6277, 150, 100, 0
L 282.2391, -322.978, 7.626, 265.9619, -318.2601, 7.6287, 150, 100, 0
L 266.1075, -292.2241, 12.6259, 274.441, -282.2644, 12.6262, 0, 0, 0
L 274.441, -282.2644, 12.6262, 283.543, -271.2816, 14.6259, 0, 0, 0
L 283.543, -271.2816, 14.6259, 285.1338, -266.269, 15.6259, 0, 0, 0
L 285.1338, -266.269, 15.6259, 292.2148, -242.803, 16.626, 0, 0, 0
L 292.2148, -242.803, 16.626, 317.461, -209.9885, 15.6259, 0, 0, 0
L 317.461, -209.9885, 15.6259, 362.8632, -182.3645, 15.6259, 0, 0, 0
L 362.8632, -182.3645, 15.6259, 420.131, -210.4062, 14.6259, 0, 0, 0
L 420.131, -210.4062, 14.6259, 434.504, -182.3002, 14.6262, 0, 0, 0
L 434.504, -182.3002, 14.6262, 420.1034, -153.5625, 15.6259, 0, 0, 0
L 420.1034, -153.5625, 15.6259, 392.7298, -153.5625, 15.6259, 0, 0, 0
L 392.7298, -153.5625, 15.6259, 378.3217, -126.55, 16.6262, 0, 0, 0
L 378.3217, -126.55, 16.6262, 392.769, -56.715, 17.626, 0, 0, 0
L 392.769, -56.715, 17.626, 420.2187, -42.1948, 18.6261, 0, 0, 0
L 265.5312, 142.3125, -0.374, 268.2812, 142.3125, -0.374, 64, 64, 64
L 252.1158, 165.6304, 16.626, 252.1168, 142.608, 16.626, 64, 64, 64
L 177.8378, -202.2257, -2.374, 146.1048, -235.5636, -2.4224, 150, 100, 0
L 209.5312, -265.5423, -0.374, 168.3123, -265.5557, -0.3357, 150, 100, 0
L 209.3341, -223.8643, -1.3403, 167.8457, -251.5312, -1.374, 150, 100, 0
L 154.458, -251.2845, -2.374, 195.2691, -210.33, -2.3673, 150, 100, 0
L 349.5405, -255.7223, 16.626, 352.5049, -246.7455, 16.626, 0, 0, 0
L 352.5049, -246.7455, 16.626, 362.7275, -237.5497, 15.6259, 0, 0, 0
L 362.7275, -237.5497, 15.6259, 406.7495, -237.5306, 14.6259, 0, 0, 0
L 406.7495, -237.5306, 12.6259, 378.2728, -266.74, 12.5886, 0, 0, 0
L 378.2728, -266.74, 12.5886, 392.1179, -307.512, 11.6259, 0, 0, 0
L 392.1179, -307.512, 11.6259, 350.7785, -349.5, 40.9352, 0, 0, 0
L 350.7785, -349.5, 40.9352, 378.522, -391.4809, 42.5947, 0, 0, 0
L 378.522, -391.4809, 42.5947, 350.971, -406.1517, 44.5947, 0, 0, 0
L 350.971, -406.1517, 44.5947, 336.25, -419.999, 44.5947, 0, 0, 0
L 336.25, -419.999, 44.5947, 336.25, -434.2339, 44.5947, 0, 0, 0
L 363.4662, -419.6132, 44.5947, 363.6215, -448.1206, 42.5332, 0, 0, 0
L 363.6215, -448.1206, 42.5332, 391.4148, -475.9134, 40.4234, 0, 0, 0
L 391.4148, -475.9134, 40.4234, 377.4589, -517.7123, 38.4857, 0, 0, 0
L 377.4589, -517.7123, 38.4857, 363.4687, -545.7754, 32.7456, 0, 0, 0
L 363.4687, -545.7754, 32.7456, 363.3061, -587.6942, 29.9962, 0, 0, 0
L 336.3732, -434.4812, 44.5668, 364.1041, -490.1014, 30.1134, 150, 100, 0
L 364.1041, -490.1014, 30.1134, 350.106, -532.1308, 27.6875, 150, 100, 0
L 350.106, -532.1308, 27.6875, 349.6035, -573.398, 26.5639, 150, 100, 0
L 349.5489, -572.9814, 26.5514, 345.9121, -574.52, 25.6401, 150, 100, 0
L 345.9121, -574.52, 25.6401, 341.923, -573.9776, 25.626, 150, 100, 0
L 341.923, -573.9776, 25.626, 336.2642, -572.8895, 27.335, 150, 100, 0
L 336.2642, -572.8895, 27.335, 335.9993, -573.1971, 29.6052, 0, 0, 255
L 335.9993, -573.1971, 29.6052, 335.4524, -572.95, 34.4333, 150, 100, 0
L 335.4524, -572.95, 34.4333, 321.685, -560.1083, 34.6064, 150, 100, 0
L 321.685, -560.1083, 34.6064, 307.8514, -559.9317, 37.2278, 150, 100, 0
L 307.8514, -559.9317, 37.2278, 293.93, -573.8261, 42.5945, 150, 100, 0
L 293.93, -573.8261, 42.5945, 307.4504, -587.375, 42.5908, 150, 100, 0
L 307.353, -587.3749, 42.5557, 322.25, -587.8979, 29.626, 150, 100, 0
L 322.25, -587.8979, 29.626, 322.25, -615.5991, 36.4412, 0, 0, 0
L 322.25, -630.991, 35.7618, 322.25, -630.2702, 31.6617, 150, 100, 0
L 349.4298, -629.5531, 31.4621, 335.7429, -615.375, 32.7351, 150, 100, 0
L 335.7429, -615.375, 32.7351, 335.5111, -601.6553, 29.6944, 150, 100, 0
L 335.5111, -601.6553, 29.6944, 338.2185, -590.4475, 26.5448, 150, 100, 0
L 338.2185, -590.4475, 26.5448, 342.817, -587.6971, 25.626, 150, 100, 0
L 342.817, -587.6971, 25.626, 346.23, -586.654, 25.7197, 150, 100, 0
L 346.23, -586.654, 25.7197, 363.2771, -587.6923, 29.9722, 150, 100, 0
L 293.718, -462.153, 0.6254, 279.8607, -489.625, 0.626, 0, 0, 255
L 279.8607, -489.625, 0.626, 293.6188, -531.2336, 0.626, 0, 0, 255
L 294.1659, -462.692, -36.8727, 335.7293, -434.3602, -29.3272, 0, 0, 255
L 335.7293, -434.3602, -29.3272, 363.439, -489.8412, -27.9649, 0, 0, 255
L 363.439, -489.8412, -27.9649, 349.5, -531.7202, -32.84, 0, 0, 255
L 349.5, -531.7202, -40.2824, 349.4999, -572.9289, -40.2822, 0, 0, 255
L 349.4999, -572.9289, -39.7115, 362.9329, -587.3237, -37.7006, 0, 0, 255
L 362.9329, -587.3237, -37.7006, 377.446, -601.8826, -33.8716, 0, 0, 255
L 377.446, -601.8826, -33.8716, 375.4889, -615.581, -34.1775, 0, 0, 255
L 375.4889, -615.581, -34.1775, 372.6322, -620.3723, -34.6373, 0, 0, 255
L 372.5457, -620.5176, -34.6373, 370.6746, -622.3885, -34.9298, 0, 0, 255
L 370.6746, -622.3885, -34.9298, 367.4488, -624.5652, -35.3804, 0, 0, 255
L 367.4854, -625.4868, -35.9739, 349.9957, -629.3405, -38.1614, 0, 0, 255
L 349.9957, -629.3405, -38.1614, 341.8629, -633.3364, -37.249, 0, 0, 255
L 341.8629, -633.3364, -37.249, 333.8969, -633.3618, -38.4626, 0, 0, 255
L 333.8969, -633.3618, -38.4626, 322.2499, -629.4796, -40.2723, 0, 0, 255
L 321.7196, -616.1249, -40.283, 336.2499, -616.125, -38.3132, 0, 0, 255
L 336.2499, -616.125, -40.2723, 336.25, -601.861, -40.2839, 0, 0, 255
L 336.25, -601.861, -40.2839, 338.2414, -590.8306, -39.9714, 0, 0, 255
L 338.2414, -590.8306, -39.9714, 336.2937, -573.2311, -39.4697, 150, 100, 0
L 336.2937, -573.2311, -39.4697, 322.604, -559.4062, -36.1559, 0, 0, 255
L 322.604, -559.4062, -36.2567, 308.303, -559.4062, -38.1599, 0, 0, 255
L 308.303, -559.4062, -38.1599, 293.3408, -573.778, -38.2103, 0, 0, 255
L 293.3408, -573.778, -40.2727, 307.5, -587.9013, -38.2424, 0, 0, 255
L 307.5, -587.9013, -38.2424, 307.4999, -601.9052, -38.2424, 0, 0, 255
L 307.4999, -601.9052, -40.2768, 321.7196, -616.1249, -38.356, 0, 0, 255
L 322.25, -629.4796, -40.25, 294.25, -601.5946, -40.2742, 0, 0, 255
L 294.25, -601.5946, -40.2742, 294.25, -588.1249, -40.283, 0, 0, 255
L 294.25, -588.1249, -40.283, 280.25, -573.6255, -40.2777, 0, 0, 255
L 280.25, -573.6255, -40.2777, 280.25, -559.9365, -40.2828, 0, 0, 255
L 280.25, -559.9365, -40.2828, 294.2499, -545.6259, -40.2723, 0, 0, 255
L 294.2499, -545.6259, -40.2723, 294.25, -531.721, -40.283, 0, 0, 255
L 294.25, -532.6865, -40.283, 294.1451, -531.4062, -40.1918, 0, 0, 255
L 294.25, -531.721, -40.282, 280.2798, -489.8412, -40.2815, 0, 0, 255
L 280.2798, -489.8412, -40.2815, 294.2173, -462.348, -36.8633, 0, 0, 255
L 378.559, -616.1249, -30.9734, 391.4687, -616.1249, -30.973, 0, 0, 255
L 391.4687, -616.1249, -30.973, 391.4687, -629.7688, -38.277, 0, 0, 255
L 391.4687, -629.375, -38.277, 377.4687, -629.375, -39.9992, 0, 0, 255
L 377.9986, -629.375, -39.9992, 375.2187, -626.5946, -38.1713, 0, 0, 255
L 375.2153, -627.969, -38.1713, 375.2595, -620.3912, -34.1807, 0, 0, 255
L 375.4952, -620.3927, -34.1807, 378.561, -616.1249, -30.9734, 0, 0, 255
L 378.561, -616.1249, -27.3276, 375.1648, -616.1249, -27.3259, 0, 0, 255
L 375.4952, -620.3927, -26.8203, 372.6322, -620.3723, -26.8404, 0, 0, 255
L 367.4488, -624.5652, -27.329, 367.5625, -627.4294, -27.3378, 0, 0, 255
L 364.2185, -626.142, -26.9481, 364.2187, -629.9374, -26.9669, 0, 0, 255
L 364.2187, -629.9374, -30.8103, 364.2187, -643.375, -39.9191, 0, 0, 255
L 364.2187, -643.375, -39.9191, 377.4687, -643.375, -40.525, 0, 0, 255
L 377.4687, -643.375, -40.525, 377.4687, -629.375, -30.7706, 0, 0, 255
L 377.4687, -629.8306, -30.7706, 374.9836, -627.978, -28.8909, 0, 0, 255
L 375.2153, -627.969, -28.8909, 367.5505, -627.1264, -28.9103, 0, 0, 255
L 367.5625, -627.4294, -28.9103, 364.2187, -629.9374, -30.7885, 0, 0, 255
L 349.442, -377.8168, -25.7024, 321.6741, -419.4687, -30.8973, 0, 0, 255
L 349.442, -377.8168, -24.2987, 335.6091, -350.1816, -28.296, 0, 0, 255
L 335.6091, -350.1816, -28.296, 294.7112, -336.5491, -35.96, 0, 0, 255
L 279.5665, -447.5903, -43.1178, 252.5158, -474.6714, -41.3, 0, 0, 255
L 252.5158, -474.6714, -41.3, 266.1043, -406.7647, -37.6062, 0, 0, 255
L 279.8582, -489.3847, -31.9482, 252.33, -475.6052, -27.3961, 0, 0, 255
L 266.2812, -405.6123, -41.2702, 266.2812, -350.1059, -41.2697, 0, 0, 255
L 266.2812, -350.1059, -41.2697, 280.1342, -224.9711, -36.7393, 0, 0, 255
L 280.1342, -224.9711, -36.7393, 363.4687, -210.3486, -39.2483, 0, 0, 255
L 363.4687, -210.3486, -39.2483, 362.28, -224.7999, -41.2697, 0, 0, 255
L 362.28, -224.7999, -41.2697, 307.4768, -265.985, -43.2548, 0, 0, 255
L 307.4768, -265.985, -43.2548, 292.3505, -336.2167, -43.739, 0, 0, 255
L 292.3505, -336.2167, -43.739, 335.6091, -350.1816, -28.296, 0, 0, 255
L 293.3716, -420.113, -43.2698, 321.6741, -419.4687, -30.9088, 0, 0, 255
L 279.5668, -447.5901, -43.2697, 293.3716, -420.113, -43.2698, 0, 0, 255
L 279.5665, -447.5903, -43.2697, 294.1659, -462.692, -36.8727, 0, 0, 255
L 378.2173, -222.5766, -33.853, 433.7545, -209.3172, -40.617, 0, 0, 255
L 433.7545, -209.3172, -40.617, 461.2647, -168.828, -37.6471, 0, 0, 255
L 461.2647, -168.828, -37.6471, 462.2687, -167.8634, -43.27, 0, 0, 255
L 462.2687, -167.8634, -43.27, 476.124, -181.4182, -43.2449, 0, 0, 255
L 476.124, -181.4182, -43.2449, 503.4375, -167.4795, -37.767, 0, 0, 255
L 503.4375, -167.4795, -37.767, 503.4375, -139.5625, -43.2914, 0, 0, 255
L 503.4375, -139.5625, -43.2914, 517.4062, -139.5625, -35.2948, 0, 0, 255
L 517.4062, -139.5625, -35.2948, 545.4062, -139.5625, -35.286, 0, 0, 255
L 545.4062, -139.5625, -35.286, 559.4062, -123.5293, -34.2244, 0, 0, 255
L 559.4062, -123.5293, -34.2244, 559.4062, -112.124, -35.3224, 0, 0, 255
L 559.4062, -112.124, -35.3224, 545.6259, -98.3436, -35.3438, 0, 0, 255
L 545.6259, -98.3436, -35.3438, 517.9575, -98.3436, -31.6772, 0, 0, 255
L 517.9575, -98.3436, -31.6772, 517.4062, -98.3432, -41.95, 0, 0, 255
L 517.4062, -98.3432, -41.95, 504.144, -98.3436, -43.3147, 0, 0, 255
L 504.144, -98.3436, -43.3147, 476.1875, -98.3436, -38.6129, 0, 0, 255
L 476.1875, -98.3436, -38.6129, 462.1875, -112.124, -35.3224, 0, 0, 255
L 462.1875, -112.124, -35.3224, 462.1875, -125.7147, -35.3224, 0, 0, 255
L 461.6571, -126.3125, -41.2507, 434.1875, -126.3125, -41.27, 0, 0, 255
L 434.1875, -126.3125, -41.27, 434.1875, -153.6468, -36.1754, 0, 0, 255
L 434.1875, -153.6468, -36.1754, 434.317, -154.4662, -43.27, 0, 0, 255
L 434.317, -154.4662, -43.27, 420.2726, -195.8052, -43.27, 0, 0, 255
L 420.2726, -195.8052, -43.27, 378.2187, -210.1765, -41.27, 0, 0, 255
L 378.2187, -210.2812, -41.27, 378.2171, -223.5312, -38.9337, 0, 0, 255
L 378.2187, -210.2812, -35.374, 374.2187, -210.2812, -35.374, 0, 0, 255
L 374.2187, -210.2812, -35.374, 374.2187, -212.2812, -35.374, 0, 0, 255
L 374.2187, -212.2812, -35.374, 371.408, -212.2812, -35.374, 0, 0, 255
L 371.408, -212.2812, -35.374, 371.4687, -210.2812, -35.374, 0, 0, 255
L 371.4687, -210.2812, -35.374, 370.2187, -210.2812, -35.374, 0, 0, 255
L 370.2187, -210.2812, -35.374, 370.2187, -212.2812, -35.374, 0, 0, 255
L 370.2187, -212.2812, -35.374, 367.4687, -212.2812, -35.374, 0, 0, 255
L 367.4687, -212.2812, -35.374, 367.4687, -210.2803, -35.374, 0, 0, 255
L 367.4687, -210.2803, -35.374, 363.4753, -210.2813, -35.374, 0, 0, 255
L 362.1544, -223.5312, -35.374, 367.4687, -223.5312, -35.374, 0, 0, 255
L 367.4687, -223.5312, -35.374, 367.4687, -221.5312, -35.374, 0, 0, 255
L 367.4687, -221.5312, -35.374, 370.2187, -221.5312, -35.374, 0, 0, 255
L 370.2187, -221.5312, -35.374, 370.2187, -233.5312, -35.374, 0, 0, 255
L 370.2187, -233.5312, -35.374, 371.4687, -233.5312, -35.374, 0, 0, 255
L 371.4687, -233.5312, -35.374, 371.4687, -221.5312, -35.374, 0, 0, 255
L 371.4687, -221.5312, -35.374, 374.2144, -221.5312, -35.374, 0, 0, 255
L 374.2144, -221.5312, -35.374, 374.2158, -223.5312, -35.374, 0, 0, 255
L 374.2158, -223.5312, -35.374, 378.2171, -223.5312, -35.374, 0, 0, 255
L 392.1582, -671.3437, 0.626, 405.4687, -671.3437, 0.626, 0, 0, 0
L 405.4687, -671.3437, 0.626, 405.4687, -657.5945, 0.626, 0, 0, 0
L 391.7121, -616.1249, 0.5538, 405.8437, -602.2803, 0.626, 0, 0, 0
L 405.8437, -602.2803, 0.626, 419.5362, -615.9734, 0.626, 0, 0, 0
L 425.939, -628.1917, 1.6259, 435.6009, -632.688, 2.6052, 0, 0, 0
L 435.6009, -632.688, 2.6052, 449.4375, -645.9053, 3.6259, 0, 0, 0
L 449.4375, -645.9053, 3.6259, 449.4051, -661.8745, 4.6257, 0, 0, 0
L 449.4051, -661.8745, 4.6257, 445.4212, -681.7175, 5.626, 0, 0, 0
L 445.4212, -681.7175, 5.626, 439.42, -701.5942, 6.5641, 0, 0, 0
L 439.42, -701.5942, 6.5641, 421.6634, -721.3554, 7.6242, 0, 0, 0
L 421.6634, -721.3554, 7.6242, 425.3901, -739.4077, 16.5025, 0, 0, 0
L 425.3901, -739.4077, 16.5025, 417.523, -765.8957, 9.6259, 0, 0, 0
L 417.523, -765.8957, 9.6259, 425.4248, -785.6499, 9.6259, 0, 0, 0
L 425.4248, -785.6499, 9.6259, 415.6571, -801.2784, 9.6259, 0, 0, 0
L 415.6571, -801.2784, 9.6259, 423.2952, -817.4285, 16.6994, 0, 0, 0
L 423.2952, -817.4285, 16.6994, 397.341, -823.6735, 10.6737, 0, 0, 0
L 397.341, -823.6735, 10.6737, 387.4803, -835.8228, 2.6259, 0, 0, 0
L 387.4803, -835.8228, 2.6259, 389.4461, -861.3934, 2.6259, 0, 0, 0
L 389.4461, -861.3934, 2.6259, 371.634, -867.656, 2.6259, 0, 0, 0
L 371.634, -867.656, 2.6259, 354.1644, -855.4193, 2.6259, 0, 0, 0
L 354.1644, -855.4193, 2.6259, 348.2982, -835.7628, 2.6259, 0, 0, 0
L 348.2982, -835.7628, 2.6259, 359.9993, -824.312, 2.6259, 0, 0, 0
L 359.9993, -824.312, 2.6259, 373.7237, -824.312, 2.6259, 0, 0, 0
L 373.7237, -824.312, 2.6259, 384.2, -814.61, 10.581, 0, 0, 0
L 384.2, -814.61, 10.581, 370.1924, -773.5496, 9.6259, 0, 0, 0
L 370.1924, -773.5496, 9.6259, 364.2703, -765.6308, 14.8345, 0, 0, 0
L 364.2703, -765.6308, 14.8345, 350.876, -767.2765, 22.6523, 0, 0, 0
L 350.876, -767.2765, 22.6523, 349.1621, -783.87, 29.5897, 0, 0, 0
L 349.1621, -783.87, 29.5897, 339.7354, -793.2966, 32.72, 0, 0, 0
L 339.7354, -793.2966, 32.72, 320.4304, -791.3644, 33.777, 0, 0, 0
L 312.2611, -779.5907, 30.9777, 314.2341, -759.8917, 27.5186, 0, 0, 0
L 320.4304, -791.3644, 33.598, 312.2611, -779.5907, 31.4268, 0, 0, 0
L 314.2312, -759.8939, 27.5193, 327.9304, -750.1086, 24.7053, 0, 0, 0
L 327.9304, -750.1086, 24.7053, 343.6044, -755.9864, 24.7053, 0, 0, 0
L 343.6044, -755.9864, 24.7053, 367.8172, -756.698, 16.7463, 0, 0, 0
L 367.8172, -756.698, 16.7463, 381.7796, -760.569, 9.6259, 0, 0, 0
L 381.7796, -760.569, 9.6259, 404.799, -759.9787, 9.6259, 0, 0, 0
L 404.799, -759.9787, 9.6259, 410.1229, -740.922, 15.5643, 0, 0, 0
L 410.1229, -740.922, 15.5643, 406.346, -721.3959, 8.6258, 0, 0, 0
L 406.346, -721.3959, 8.6258, 386.153, -719.3588, 9.6259, 0, 0, 0
L 386.153, -719.3588, 9.6259, 381.7891, -715.3477, 10.648, 0, 0, 0
L 381.7891, -715.3477, 10.648, 367.7665, -721.3437, 16.52, 0, 0, 0
L 367.7665, -721.3437, 16.52, 351.961, -721.3437, 10.573, 0, 0, 0
L 351.961, -721.3437, 10.573, 326.557, -703.39, 13.6423, 0, 0, 0
L 326.557, -703.39, 13.6423, 311.6732, -701.3682, 13.3215, 0, 0, 0
L 311.6732, -701.3682, 13.3215, 283.8759, -705.3171, 13.6265, 0, 0, 0
L 283.8759, -705.3171, 13.6265, 257.6847, -695.3826, 13.8571, 0, 0, 0
L 257.6847, -695.3826, 13.8571, 230.3853, -701.2324, 13.2172, 0, 0, 0
L 230.3853, -701.2324, 13.2172, 202.36, -701.3437, 23.6934, 0, 0, 0
L 202.36, -701.3437, 23.6934, 184.2971, -691.4896, 24.6787, 0, 0, 0
L 184.2971, -691.4896, 24.6787, 182.3263, -663.9267, 21.4451, 0, 0, 0
L 182.3263, -663.9267, 21.4451, 188.2383, -636.1249, 15.4212, 0, 0, 0
L 188.2383, -636.1249, 15.4212, 196.224, -588.1249, 16.3643, 0, 0, 0
L 196.224, -588.1249, 16.3643, 195.1663, -587.1086, 14.5645, 0, 0, 0
L 195.1663, -587.1086, 14.5645, 166.2677, -577.4957, 18.5722, 0, 0, 0
L 166.2677, -577.4957, 18.5722, 148.332, -556.7491, 26.8671, 0, 0, 0
L 148.332, -556.7491, 26.8671, 140.586, -525.9705, 36.4369, 0, 0, 0
L 140.586, -525.9705, 36.4369, 142.2625, -502.524, 37.2494, 0, 0, 0
L 142.2625, -502.524, 37.2494, 154.1512, -484.1677, 39.7147, 0, 0, 0
L 154.1512, -484.1677, 39.7147, 154.3125, -461.9678, 34.624, 0, 0, 0
L 154.3125, -461.9678, 34.624, 168.928, -448.1875, 34.396, 0, 0, 0
L 168.928, -448.1875, 34.396, 181.7819, -448.1874, 34.6203, 0, 0, 0
L 181.7819, -448.1874, 34.6203, 195.5312, -461.9655, 36.3425, 0, 0, 0
L 195.5312, -461.9655, 36.3425, 195.5312, -479.6926, 37.8203, 0, 0, 0
L 195.5312, -479.6926, 37.8203, 185.7698, -494.3156, 36.5129, 0, 0, 0
L 185.7698, -494.3156, 36.5129, 189.5459, -501.8679, 33.7989, 0, 0, 0
L 237.4422, -531.8476, 15.6259, 223.7509, -518.1561, 15.6259, 0, 0, 0
L 223.7509, -518.1561, 15.6259, 209.7745, -518.1561, 15.6259, 0, 0, 0
L 210.1428, -518.1561, 15.6259, 223.7709, -559.3861, 15.6259, 150, 100, 0
L 223.7709, -559.3861, 15.6259, 237.5312, -545.6259, 15.6259, 0, 0, 0
L 237.5312, -545.6259, 15.6259, 237.5312, -531.9365, 15.6259, 0, 0, 0
L 223.5312, -559.8419, 14.4804, 223.4102, -588.1128, 17.6082, 0, 0, 0
L 223.4102, -588.1128, 17.6082, 209.6747, -636.1249, 15.61, 0, 0, 0
L 209.6747, -636.1249, 15.61, 219.7521, -656.1259, 15.6958, 0, 0, 0
L 219.7521, -656.1259, 15.6958, 236.1919, -672.2009, 14.6082, 0, 0, 0
L 236.1919, -672.2009, 14.6082, 267.7508, -682.638, 15.145, 0, 0, 0
L 267.7508, -682.638, 15.145, 284.2418, -692.617, 12.609, 0, 0, 0
L 284.2418, -692.617, 12.609, 305.6594, -690.1154, 11.605, 0, 0, 0
L 305.6594, -690.1154, 11.605, 310.2019, -669.9958, 11.6577, 0, 0, 0
L 310.2019, -669.9958, 11.6577, 300.5058, -652.1124, 12.6259, 0, 0, 0
L 300.5058, -652.1124, 12.6259, 298.2848, -641.8867, 13.626, 0, 0, 0
L 298.2848, -641.8867, 13.626, 288.3322, -633.6355, 21.5712, 0, 0, 0
L 288.3322, -633.6355, 21.5712, 273.7545, -643.375, 27.4944, 0, 0, 0
L 273.5677, -643.83, 27.4944, 269.7343, -653.1663, 30.8963, 0, 0, 0
L 269.7343, -653.1663, 30.8963, 256.4311, -643.664, 28.6003, 0, 0, 0
L 256.4311, -643.664, 28.6003, 273.5677, -643.83, 28.6494, 150, 100, 0
L 256.264, -643.5448, 28.4128, 251.6674, -653.3369, 35.463, 0, 0, 0
L 251.6674, -653.3369, 35.463, 238.2501, -651.4202, 33.696, 0, 0, 0
L 238.2501, -651.4202, 33.696, 236.3038, -631.9579, 28.721, 0, 0, 0
L 236.3038, -631.9579, 28.721, 254.2664, -621.9787, 28.721, 0, 0, 0
L 253.8633, -622.2028, 28.721, 254.2557, -621.8859, 27.739, 0, 0, 0
L 254.2557, -621.8859, 27.739, 260.1533, -608.1249, 26.971, 0, 0, 0
L 260.1533, -608.1249, 26.971, 285.6745, -608.1249, 25.651, 0, 0, 0
L 285.6745, -608.1249, 25.651, 293.6145, -620.198, 25.6998, 0, 0, 0
L 293.6145, -620.198, 25.6998, 307.5278, -633.9332, 14.6908, 0, 0, 0
L 307.5278, -633.9332, 14.6908, 311.7506, -652.1127, 12.6262, 0, 0, 0
L 311.7506, -652.1127, 12.6262, 331.6933, -664.1665, 11.6537, 0, 0, 0
L 331.6933, -664.1665, 11.6537, 341.4866, -679.8052, 12.5943, 0, 0, 0
L 341.4866, -679.8052, 12.5943, 341.5002, -699.7346, 13.6532, 0, 0, 0
L 341.5002, -699.7346, 13.6532, 352.1048, -710.937, 9.8004, 0, 0, 0
L 352.1048, -710.937, 9.8004, 361.612, -710.937, 13.9137, 0, 0, 0
L 361.612, -710.937, 13.9137, 382.817, -704.937, 9.8209, 0, 0, 0
L 382.817, -704.937, 9.8209, 391.612, -704.937, 9.6259, 0, 0, 0
L 391.612, -704.937, 9.6259, 394.298, -708.937, 8.6259, 0, 0, 0
L 394.298, -708.937, 8.6259, 414.387, -708.1032, 7.6356, 0, 0, 0
L 414.387, -708.1032, 7.6356, 422.855, -702.53, 6.626, 0, 0, 0
L 422.855, -702.53, 6.626, 434.194, -681.7382, 5.626, 0, 0, 0
L 434.194, -681.7382, 5.626, 438.1786, -665.6114, 4.626, 0, 0, 0
L 438.1786, -665.6114, 4.626, 436.2015, -645.8708, 3.6259, 0, 0, 0
L 436.2015, -645.8708, 3.6259, 431.6073, -641.2857, 1.6259, 0, 0, 0
L 431.6073, -641.2857, 1.6259, 425.7882, -639.3357, 1.6259, 0, 0, 0
L 419.8883, -643.1749, 0.626, 419.4687, -657.4247, 6.5034, 0, 0, 0
L 419.4687, -657.4247, 6.5034, 419.4687, -663.3749, 8.5638, 0, 0, 0
L 419.4687, -663.3749, 8.5638, 419.4682, -665.3935, 10.5566, 0, 0, 0
L 419.4682, -665.3935, 10.5566, 419.4687, -671.3437, 11.7393, 0, 0, 0
L 419.4687, -671.3437, 11.7393, 419.4687, -679.605, 18.9448, 0, 0, 0
L 419.4687, -679.605, 18.9448, 415.6429, -685.3437, 20.5283, 0, 0, 0
L 415.6429, -685.3437, 20.5283, 405.6884, -685.3437, 20.5289, 0, 0, 0
L 405.9436, -685.3437, 20.5289, 405.4687, -685.5633, 17.8691, 0, 0, 0
L 405.6884, -685.3437, 17.8691, 391.6884, -699.3437, 17.869, 0, 0, 0
L 419.8852, -643.2768, 0.626, 425.7882, -639.3357, 0.626, 0, 0, 0
L 392.1582, -671.3437, 0.62, 405.9311, -657.8333, 0.626, 150, 100, 0
L 392.885, -616.34, 0.626, 392.1934, -629.8843, 0.626, 150, 100, 0
L 392.1934, -629.8843, 0.626, 405.9311, -657.8333, 0.626, 150, 100, 0
L 405.4687, -657.5945, 0.626, 419.8883, -643.1749, 0.626, 150, 100, 0
L 419.4682, -657.4248, 6.5034, 405.7094, -659.3998, 6.4337, 150, 100, 0
L 391.853, -671.9456, 23.6189, 406.247, -672.1002, 20.6689, 0, 0, 0
L 406.247, -672.1002, 16.501, 405.8482, -657.215, 0.626, 0, 0, 0
L 391.6884, -699.3437, 17.869, 363.8444, -699.1885, 21.4776, 0, 0, 0
L 363.8444, -699.1885, 21.4776, 350.25, -685.5635, 25.5225, 0, 0, 0
L 350.25, -685.5635, 25.5225, 350.25, -671.7322, 29.6253, 0, 0, 0
L 350.25, -671.7322, 29.6253, 336.3774, -657.7215, 32.6233, 0, 0, 0
L 336.3774, -657.7215, 32.6233, 334.1689, -653.5067, 31.6617, 0, 0, 0
L 322.25, -643.5742, 31.6617, 322.25, -630.2703, 31.6617, 0, 0, 0
L 322.25, -630.2702, 31.6617, 322.25, -587.898, 29.626, 0, 0, 0
L 322.25, -587.898, 29.626, 335.903, -573.3001, 29.626, 0, 0, 0
L 256.264, -643.5448, 28.4128, 254.2664, -621.9787, 27.7421, 150, 100, 0
L 230.3853, -701.2324, 13.2292, 236.1919, -672.2009, 14.6082, 150, 100, 0
L 182.4244, -663.2636, 16.6086, 220.3781, -656.7508, 15.6958, 150, 100, 0
L 188.2383, -636.1249, 15.4212, 209.6747, -636.1249, 15.6138, 150, 100, 0
L 196.224, -588.1249, 16.3643, 223.4098, -588.114, 17.6132, 150, 100, 0
L 185.5757, -493.7133, 38.6032, 170.36, -501.293, 38.6007, 150, 100, 0
L 170.4679, -500.7529, 33.7276, 157.6282, -513.5689, 33.7257, 0, 0, 0
L 157.6282, -513.5689, 33.7257, 153.5756, -529.6824, 33.7047, 0, 0, 0
L 153.5756, -529.6824, 33.7047, 153.6203, -530.1567, 30.8421, 0, 0, 0
L 153.6203, -530.1567, 30.8421, 156.1692, -542.1562, 22.3003, 0, 0, 0
L 156.1692, -542.1562, 22.3003, 159.9421, -542.1562, 19.6999, 0, 0, 0
L 159.9421, -542.1562, 19.6999, 168.1612, -532.1019, 17.1613, 0, 0, 0
L 168.1612, -532.1019, 17.1613, 168.3125, -531.4121, 22.5718, 0, 0, 0
L 168.3125, -531.4121, 22.5718, 168.3125, -515.8079, 22.5718, 0, 0, 0
L 168.3125, -515.9872, 22.5718, 189.9123, -502.2726, 19.3504, 150, 100, 0
L 189.9123, -502.2726, 19.3504, 209.7745, -518.1561, 16.4634, 0, 0, 0
L 209.669, -518.2555, 8.2921, 168.465, -531.998, 10.3474, 150, 100, 0
L 170.4679, -500.7529, 36.5127, 168.3125, -515.8079, 32.968, 0, 0, 0
L 168.466, -532.1, 10.3476, 195.1664, -587.1086, 14.5645, 150, 100, 0
L 160.3343, -541.8902, 18.5718, 166.271, -577.4968, 18.5717, 150, 100, 0
L 156.1692, -542.1562, 22.2938, 148.337, -556.7504, 26.8667, 150, 100, 0
L 153.6202, -530.1562, 30.8424, 140.3395, -529.4062, 36.3181, 150, 100, 0
L 142.2625, -502.524, 37.2494, 157.5558, -513.7617, 33.7047, 150, 100, 0
L 169.4218, -501.7971, 33.7276, 154.3125, -483.67, 36.4427, 150, 100, 0
L 188.2383, -636.1249, 15.4212, 209.6748, -636.1249, 15.61, 150, 100, 0
L 257.6847, -695.3826, 13.8571, 267.7158, -682.52, 15.175, 150, 100, 0
L 284.2407, -705.2876, 12.609, 284.2418, -692.619, 12.609, 150, 100, 0
L 311.3068, -701.4211, 11.3402, 305.6591, -690.1149, 11.6051, 150, 100, 0
L 331.694, -664.1676, 11.6494, 310.2026, -669.9927, 11.6651, 150, 100, 0
L 311.7509, -652.1127, 12.6259, 300.5056, -652.1121, 12.6259, 150, 100, 0
L 307.6365, -634.4053, 13.626, 298.2848, -641.8867, 13.6259, 150, 100, 0
L 288.3322, -633.6355, 21.5712, 293.7755, -620.1807, 25.6872, 150, 100, 0
L 341.7599, -700.134, 11.5749, 325.8983, -703.3432, 13.6377, 150, 100, 0
L 352.1297, -721.3437, 9.7738, 352.975, -710.937, 9.8072, 150, 100, 0
L 361.6118, -710.937, 13.9137, 368.192, -721.2355, 14.6133, 150, 100, 0
L 382.2065, -704.937, 9.6259, 382.2065, -715.5511, 9.6259, 150, 100, 0
L 394.298, -708.937, 8.6259, 386.4807, -719.4056, 8.6465, 150, 100, 0
L 406.4315, -721.3775, 7.6867, 414.122, -707.9787, 7.5778, 150, 100, 0
L 414.324, -707.8278, 6.626, 421.9023, -721.923, 6.626, 150, 100, 0
L 421.5708, -721.3559, 7.626, 406.3611, -721.4183, 7.7557, 150, 100, 0
L 410.1229, -740.922, 15.5643, 425.3904, -739.4076, 16.5025, 150, 100, 0
L 415.6571, -801.2784, 9.6259, 378.182, -795.5203, 9.6259, 150, 100, 0
L 397.343, -823.6712, 10.676, 384.1954, -813.557, 9.702, 150, 100, 0
L 373.7235, -824.311, 2.6259, 387.4805, -835.8229, 2.6259, 150, 100, 0
L 364.2701, -765.6309, 14.8345, 367.521, -756.624, 16.7229, 150, 100, 0
L 350.883, -767.278, 22.6515, 343.6044, -755.9864, 24.7053, 150, 100, 0
L 422.4938, -701.3622, 5.6474, 439.5298, -701.3559, 5.626, 150, 100, 0
L 434.2857, -681.3559, 4.626, 445.5027, -681.356, 4.6265, 150, 100, 0
L 438.1428, -665.2571, 3.7006, 449.4375, -661.4918, 3.6259, 150, 100, 0
L 435.9798, -645.3871, 2.6259, 448.9218, -645.3885, 2.6314, 150, 100, 0
L 431.6073, -641.2851, 1.6259, 435.3371, -631.9614, 1.6259, 150, 100, 0
L 425.4809, -639.5411, 0.626, 425.4809, -627.8615, 0.626, 150, 100, 0
L 425.4809, -627.8659, 0.626, 419.5362, -615.9734, 0.626, 0, 0, 0
L 545.3365, -98.545, 39.6176, 531.2508, -83.9688, 39.6266, 0, 0, 0
L 531.2508, -83.9688, 39.6259, 545.4062, -69.8134, 39.6259, 0, 0, 0
L 545.4062, -69.8134, 39.6259, 545.4062, -42.2006, 39.6259, 0, 0, 0
L 545.4062, -42.2006, 39.6259, 517.6929, -28.375, 39.6259, 0, 0, 0
L 517.6929, -28.375, 39.6259, 503.9008, -28.375, 39.6259, 0, 0, 0
L 503.9008, -28.375, 39.6259, 476.1874, -42.2008, 39.6259, 0, 0, 0
L 476.1874, -42.2008, 39.6259, 476.1875, -69.8134, 39.6259, 0, 0, 0
L 476.1875, -69.8134, 39.6259, 490.3428, -83.9686, 39.6259, 0, 0, 0
L 490.3428, -83.9686, 39.6266, 476.4307, -97.8807, 39.6266, 0, 0, 0
L 476.4307, -97.8807, 39.6266, 503.7178, -97.8148, 39.6569, 150, 100, 0
L 545.3365, -98.545, 39.6009, 517.606, -97.9407, 39.6572, 150, 100, 0
L 517.606, -97.9407, 39.6572, 517.7421, -139.8173, 39.6443, 150, 100, 0
L 517.7421, -139.8173, 39.6443, 545.3073, -140.467, 39.6259, 150, 100, 0
L 503.7108, -97.8405, 39.6569, 503.7751, -140.348, 39.6259, 150, 100, 0
L 503.781, -140.481, 39.6259, 476.1936, -139.8614, 39.6062, 150, 100, 0
L 476.1936, -139.8614, 39.6259, 490.971, -167.6682, 39.6259, 0, 0, 0
L 490.971, -167.6682, 39.6259, 503.9114, -175.5625, 39.6259, 0, 0, 0
L 503.9114, -175.5625, 39.6259, 506.1875, -175.5625, 39.6259, 0, 0, 0
L 545.2519, -140.1572, 39.6259, 531.4972, -167.6668, 39.6259, 0, 0, 0
L 531.4972, -167.6668, 39.6259, 517.6816, -175.5625, 39.6259, 0, 0, 0
L 517.6816, -175.5625, 39.6259, 515.4062, -175.5625, 39.6259, 0, 0, 0
L 515.4062, -175.5625, 39.6259, 515.4062, -178.3125, 39.6259, 0, 0, 0
L 515.4062, -178.3125, 39.6259, 527.4062, -178.3125, 39.6259, 0, 0, 0
L 527.4062, -178.3125, 39.6259, 527.4062, -179.5625, 39.6259, 0, 0, 0
L 527.4062, -179.5625, 39.6259, 515.4062, -179.5625, 39.6259, 0, 0, 0
L 515.4062, -179.5625, 39.6259, 515.4062, -182.3125, 39.6259, 0, 0, 0
L 515.4062, -182.3125, 39.6259, 517.1747, -182.3125, 39.6259, 0, 0, 0
L 517.1747, -182.3125, 39.6259, 503.3564, -209.98, 39.6259, 0, 0, 0
L 503.3564, -209.98, 39.6259, 517.7808, -224.4369, 39.6259, 0, 0, 0
L 517.7808, -224.4369, 39.6259, 531.9365, -210.2812, 39.6259, 0, 0, 0
L 531.9365, -210.2812, 39.6259, 545.5494, -210.2812, 39.6259, 0, 0, 0
L 545.5494, -210.2812, 39.6259, 559.325, -237.8323, 39.6259, 0, 0, 0
L 559.325, -237.8323, 39.6259, 545.5576, -251.5987, 39.6259, 0, 0, 0
L 545.5576, -251.5987, 39.6259, 517.4409, -265.7162, 39.6075, 0, 0, 0
L 517.4409, -265.7162, 39.6075, 503.8116, -279.3453, 35.7051, 0, 0, 0
L 506.1875, -175.5625, 39.6259, 506.1874, -178.3125, 39.6259, 0, 0, 0
L 506.1874, -178.3125, 39.6259, 504.1875, -178.3125, 39.6259, 0, 0, 0
L 504.1875, -178.3125, 39.6259, 504.1872, -179.5625, 39.6259, 0, 0, 0
L 504.1872, -179.5625, 39.6259, 506.1875, -179.5625, 39.6259, 0, 0, 0
L 506.1875, -179.5625, 39.6259, 506.1875, -182.3125, 39.6259, 0, 0, 0
L 506.1875, -182.3125, 39.6259, 504.441, -182.3125, 39.6259, 0, 0, 0
L 504.441, -182.3125, 39.6259, 490.1875, -209.9949, 39.6259, 0, 0, 0
L 490.1875, -209.9949, 39.6259, 490.1875, -223.7509, 39.6259, 0, 0, 0
L 490.1875, -223.7509, 39.6259, 504.1736, -237.8055, 39.6259, 0, 0, 0
L 504.1736, -237.8055, 39.6259, 504.1435, -252.824, 39.6259, 0, 0, 0
L 504.1435, -252.824, 39.6259, 489.9635, -266.2859, 35.6798, 0, 0, 0
L 503.8116, -279.3453, 35.7051, 489.6571, -266.2812, 33.3091, 150, 100, 0
L 503.5006, -279.5, 36.968, 476.187, -279.5, 29.7308, 0, 0, 0
L 476.187, -279.5, 29.7308, 434.1304, -265.6168, 18.5736, 0, 0, 0
L 434.1304, -265.6168, 18.5736, 419.8414, -251.378, 13.7767, 0, 0, 0
L 419.8414, -251.378, 12.6259, 405.4146, -265.805, 12.6259, 0, 0, 0
L 405.4146, -265.805, 11.6259, 419.3274, -307.512, 11.6259, 0, 0, 0
L 419.3274, -307.512, 11.6259, 377.3394, -349.8518, 40.9352, 0, 0, 0
L 420.2187, -42.1948, 19.626, 420.2187, -14.155, 19.626, 0, 0, 0
L 420.2187, -14.155, 19.626, 434.751, -0.2676, 19.626, 0, 0, 0
L 447.3795, -0.974, 19.626, 461.2821, -14, 19.626, 0, 0, 0
L 461.2821, -14, 19.626, 447.4395, -27.9602, 19.626, 0, 0, 0
L 447.4395, -27.9602, 19.626, 447.4375, -55.8134, 19.6233, 0, 0, 0
L 447.4375, -55.8134, 19.6233, 419.4678, -84.1059, 17.626, 0, 0, 0
L 419.4678, -84.1059, 17.626, 419.4784, -98.533, 17.626, 0, 0, 0
L 419.4784, -98.533, 17.626, 433.485, -112.1723, 16.626, 0, 0, 0
L 433.485, -112.1723, 16.626, 461.3931, -181.9372, 15.6259, 0, 0, 0
L 461.3931, -181.9372, 15.6259, 447.3931, -209.9061, 14.6259, 0, 0, 0
L 447.3852, -0.811, 19.626, 433.9531, 0.316, 19.626, 64, 64, 64
L 447.1888, -56.623, 18.626, 419.8571, -42.3811, 18.626, 150, 100, 0
L 392.772, -56.7124, 17.6338, 419.4687, -84.1067, 17.626, 150, 100, 0
L 419.7866, -98.4424, 16.626, 378.3213, -126.541, 16.6295, 150, 100, 0
L 433.6431, -112.646, 15.6392, 392.7287, -153.5625, 15.6303, 150, 100, 0
L 461.2119, -182.2992, 14.6259, 434.504, -182.3, 14.6266, 150, 100, 0
L 447.5745, -210.269, 13.6259, 420.64, -210.2627, 13.6475, 150, 100, 0
L 420.64, -210.2627, 13.6475, 406.3831, -237.6383, 13.627, 150, 100, 0
L 419.3217, -251.8979, 12.6259, 405.8553, -238.4249, 12.6412, 150, 100, 0
L 363.2054, -237.5312, 14.6259, 363.1741, -182.5167, 14.7085, 150, 100, 0
L 317.461, -209.9885, 15.6259, 352.8519, -246.3942, 15.6259, 150, 100, 0
L 349.1263, -266.2558, 15.6646, 285.1336, -266.269, 15.6259, 150, 100, 0
L 341.7726, -275.1591, 14.6437, 283.541, -271.2817, 14.6259, 150, 100, 0
L 330.856, -283.134, 13.6259, 279.396, -276.2629, 13.6268, 150, 100, 0
L 324.3211, -289.1442, 12.6814, 274.441, -282.2644, 12.6259, 150, 100, 0
L 319.8321, -297.1408, 11.6347, 265.8038, -292.2291, 11.6288, 150, 100, 0
L 307.1897, -306.1892, 10.6275, 265.165, -303.2545, 10.6341, 150, 100, 0
L 300.4377, -313.978, 9.641, 267.1548, -311.2524, 9.6259, 150, 100, 0
L 289.8306, -316.1895, 8.641, 267.348, -315.2425, 8.6295, 150, 100, 0
L 377.3394, -349.8518, 42.5947, 418.9501, -391.4809, 42.5947, 0, 0, 0
L 418.9501, -391.4809, 42.5947, 419.581, -406.1114, 49.6019, 0, 0, 0
L 419.581, -406.1114, 49.6019, 433.8122, -420.3743, 55.5844, 0, 0, 0
L 433.8122, -420.3743, 55.6458, 447.4375, -406.7479, 55.6458, 0, 0, 0
L 447.4375, -405.999, 55.6458, 447.4375, -433.6569, 58.161, 150, 100, 0
L 447.4375, -405.999, 64.5992, 461.2819, -419.8433, 67.8764, 0, 0, 0
L 461.2819, -419.8433, 67.8764, 447.4375, -433.6569, 64.5875, 0, 0, 0
L 447.439, -433.9694, 60.7539, 461.2821, -447.8125, 63.2436, 0, 0, 0
L 461.2821, -447.8125, 63.2436, 447.6571, -461.4375, 60.8243, 0, 0, 0
L 447.439, -433.9694, 58.1813, 447.6571, -461.4375, 60.8243, 150, 100, 0
L 447.6571, -461.4375, 60.8243, 433.6567, -461.4375, 59.5043, 0, 0, 0
L 433.6567, -461.4375, 58.7533, 419.4687, -475.6573, 62.2864, 0, 0, 0
L 419.4687, -475.6573, 63.5527, 419.4687, -489.9678, 62.539, 0, 0, 0
L 419.4687, -489.9678, 62.5028, 446.9071, -517.4062, 62.5934, 0, 0, 0
L 446.9071, -517.4062, 62.5934, 433.5235, -545.5203, 51.6467, 0, 0, 0
L 433.5235, -545.5203, 51.6467, 406.5015, -568.5804, 40.7599, 0, 0, 0
L 406.5015, -568.5804, 38.9926, 405.3983, -574.964, 37.8164, 0, 0, 0
L 405.3983, -574.964, 37.6259, 412.9032, -575.1684, 37.6259, 0, 0, 0
L 412.9032, -575.1684, 38.7, 429.4979, -567.3441, 43.1144, 0, 0, 0
L 391.7629, -405.4648, 43.5947, 420.1394, -433.5817, 55.6022, 0, 0, 0
L 420.1394, -433.5817, 55.6022, 420.2187, -447.6571, 56.9292, 0, 0, 0
L 420.2187, -447.6571, 56.9292, 406.2187, -461.9678, 62.2869, 0, 0, 0
L 406.2187, -461.9678, 62.2869, 406.2187, -475.6999, 64.957, 0, 0, 0
L 406.2187, -475.6999, 64.957, 399.2645, -486.8496, 62.7481, 0, 0, 0
L 399.2645, -486.8496, 62.7481, 405.9762, -503.1496, 61.4598, 0, 0, 0
L 405.9762, -503.1496, 61.4598, 420.3709, -517.7842, 62.5936, 0, 0, 0
L 420.3709, -517.7842, 58.846, 406.1458, -532.93, 51.7524, 0, 0, 0
L 406.1458, -532.93, 52.8979, 377.9511, -560.3724, 41.2738, 0, 0, 0
L 377.9511, -560.3724, 41.2738, 371.2042, -572.9025, 37.6259, 0, 0, 0
L 371.2042, -572.9025, 37.6259, 369.247, -584.6435, 37.6259, 0, 0, 0
L 369.247, -584.6435, 37.6259, 383.3342, -597.6932, 37.6259, 0, 0, 0
L 383.3342, -597.6932, 37.6259, 378.9535, -604.2265, 37.6259, 0, 0, 0
L 378.9535, -604.2265, 37.6259, 377.9495, -613.3646, 37.6259, 150, 100, 0
L 377.9495, -613.3646, 37.6259, 389.6413, -612.3904, 37.6259, 0, 0, 0
L 389.6413, -612.3904, 37.6259, 394.4687, -605.6301, 37.6259, 0, 0, 0
L 394.4687, -605.6301, 37.6259, 394.4687, -597.375, 37.6259, 0, 0, 0
L 394.4687, -597.375, 37.6259, 405.8156, -597.375, 37.6259, 0, 0, 0
L 405.8156, -597.375, 37.6259, 432.8797, -593.3608, 47.2361, 0, 0, 0
L 432.8797, -593.3608, 45.5947, 448.394, -601.4459, 45.5947, 0, 0, 0
L 448.394, -601.4459, 45.655, 462.1458, -615.5782, 48.5947, 0, 0, 0
L 462.1458, -615.5782, 48.5947, 462.1874, -643.5946, 48.5947, 0, 0, 0
L 462.1874, -643.5946, 48.5947, 475.9678, -657.375, 48.5947, 0, 0, 0
L 475.9678, -657.375, 48.5947, 489.6571, -657.375, 48.5947, 0, 0, 0
L 489.6571, -657.375, 48.5947, 503.4375, -643.5945, 48.5947, 0, 0, 0
L 503.4375, -643.5945, 48.5947, 503.4375, -629.375, 48.5947, 0, 0, 0
L 503.4375, -629.375, 48.5003, 517.6259, -629.3749, 45.5947, 0, 0, 0
L 517.6259, -629.3749, 45.5947, 531.774, -615.9234, 38.9421, 0, 0, 0
L 531.774, -615.9234, 38.9421, 531.4062, -615.5108, 41.5653, 0, 0, 0
L 531.4062, -615.5108, 41.5653, 531.4062, -601.743, 37.6257, 0, 0, 0
L 531.63, -601.924, 37.6257, 539.5167, -597.4619, 36.9239, 0, 0, 0
L 539.5167, -597.4619, 36.9239, 545.3676, -587.7104, 35.3091, 0, 0, 0
L 545.3676, -587.7104, 35.3091, 541.4936, -577.873, 33.5536, 0, 0, 0
L 541.4936, -577.873, 33.5536, 531.7259, -574.1562, 33.949, 0, 0, 0
L 531.7259, -574.1562, 33.949, 517.8852, -574.1562, 33.947, 0, 0, 0
L 517.8852, -574.1562, 33.947, 508.681, -580.463, 34.471, 0, 0, 0
L 508.681, -580.463, 34.471, 504.2357, -587.7409, 35.3141, 0, 0, 0
L 504.2357, -587.7409, 35.3141, 509.59, -596.4752, 36.7394, 0, 0, 0
L 509.59, -596.4752, 36.7394, 517.8782, -601.375, 37.5658, 0, 0, 0
L 517.8784, -601.375, 37.5658, 518.742, -602.1595, 38.7629, 0, 0, 0
L 518.2078, -601.5582, 38.7629, 516.1233, -610.9379, 41.4832, 0, 0, 0
L 516.1233, -610.9379, 43.6563, 512.2078, -614.8532, 45.4694, 0, 0, 0
L 512.2078, -614.8532, 45.4694, 503.8048, -616.1249, 48.5947, 0, 0, 0
L 503.8048, -616.1249, 48.5947, 475.7386, -602.1322, 48.5947, 0, 0, 0
L 475.7386, -602.1322, 48.5947, 461.4961, -587.9512, 45.5947, 0, 0, 0
L 461.4961, -587.9512, 45.5947, 461.4375, -559.8108, 45.5947, 0, 0, 0
L 461.4375, -559.8108, 45.5947, 475.81, -545.2483, 47.9373, 0, 0, 0
L 475.81, -545.2483, 49.6469, 489.9678, -559.4062, 51.4915, 0, 0, 0
L 489.9678, -559.4062, 51.4915, 503.6567, -559.4062, 53.2942, 0, 0, 0
L 503.6567, -559.4062, 53.2942, 517.4062, -545.6262, 55.1396, 0, 0, 0
L 517.4062, -545.6262, 55.1396, 517.4062, -517.9365, 55.1396, 0, 0, 0
L 517.4062, -517.9365, 55.1396, 503.6571, -504.1875, 53.2944, 0, 0, 0
L 503.6571, -504.1875, 53.2944, 489.9676, -504.1875, 51.4915, 0, 0, 0
L 489.9676, -504.1875, 51.4915, 475.9621, -518.1257, 49.5555, 0, 0, 0
L 475.9621, -518.1257, 49.5555, 448.899, -532.617, 45.6114, 0, 0, 0
L 448.899, -532.617, 45.6114, 430.726, -567.511, 45.5947, 0, 0, 0
L 430.726, -567.511, 45.5947, 413.507, -575.982, 37.7524, 0, 0, 0
L 475.7672, -518.2231, 49.5266, 475.4375, -545.6259, 47.9373, 150, 100, 0
L 433.1648, -593.5128, 45.5947, 429.4979, -567.3441, 43.1144, 150, 100, 0
L 406.4098, -569.389, 38.9924, 378.1478, -560.75, 41.3808, 150, 100, 0
L 433.5111, -545.5452, 51.6358, 406.4637, -531.6915, 51.746, 150, 100, 0
L 419.999, -518.1562, 58.8459, 446.9073, -517.4063, 62.5934, 150, 100, 0
L 405.9732, -503.1526, 61.4596, 419.5375, -490.289, 62.4893, 150, 100, 0
L 419.6881, -475.4375, 62.2864, 406.2006, -475.9273, 64.61, 150, 100, 0
L 420.2187, -447.6571, 56.9292, 433.3561, -461.7384, 58.6484, 150, 100, 0
L 433.504, -420.656, 55.5822, 420.466, -433.4852, 55.5677, 150, 100, 0
L 406.3761, -419.8437, 49.7068, 419.4687, -405.7248, 48.6377, 150, 100, 0
L 351.3756, -405.4809, 43.5947, 391.7792, -405.4809, 43.5947, 150, 100, 0
L 363.6197, -448.1197, 42.5332, 336.3732, -434.4812, 42.4316, 150, 100, 0
L 391.2022, -476.5504, 38.4906, 364.105, -490.103, 30.84, 150, 100, 0
L 391.7457, -405.4476, 43.5947, 419.2244, -391.7552, 43.6176, 150, 100, 0
L 391.7629, -405.4648, 44.5942, 363.4662, -419.6132, 44.5947, 0, 0, 0
L 322.25, -615.611, 36.4722, 335.7094, -615.375, 32.7428, 150, 100, 0
L 349.4298, -629.5531, 31.4567, 341.4162, -633.5599, 32.8376, 0, 0, 0
L 341.4162, -633.5599, 32.3481, 349.5471, -657.9524, 33.893, 0, 0, 0
L 349.5471, -657.9524, 32.5088, 363.8435, -672.2487, 29.6035, 0, 0, 0
L 363.8435, -672.2487, 22.6639, 378.3698, -657.7457, 18.6938, 0, 0, 0
L 334.2499, -653.5742, 31.6617, 334.2497, -634.27, 31.6617, 150, 100, 0
L 334.2499, -653.5742, 32.6501, 322.25, -643.5742, 31.6617, 0, 0, 0
L 333.8491, -634.1366, 31.6617, 341.5339, -633.9126, 32.3447, 150, 100, 0
L 322.25, -630.2703, 31.6617, 334.2497, -634.27, 32.6876, 150, 100, 0
L 336.2846, -657.5443, 31.8445, 349.4331, -657.6104, 33.852, 150, 100, 0
L 363.4689, -671.8741, 29.5866, 350.3317, -671.8148, 29.6042, 150, 100, 0
L 364.3675, -643.7433, 10.4689, 378.3698, -657.7457, 10.4689, 0, 0, 0
L 377.7364, -658.3781, 10.4689, 377.7916, -643.9089, 6.1252, 150, 100, 0
L 364.3675, -643.7433, 10.4689, 377.7916, -643.9089, 7.829, 150, 100, 0
L 378.2187, -657.7464, 18.6313, 405.3335, -657.7291, 18.6264, 150, 100, 0
L 405.3335, -657.7291, 18.6264, 391.5625, -671.4695, 22.537, 0, 0, 0
L 364.3743, -671.719, 22.6639, 375.9843, -683.827, 26.1697, 150, 100, 0
L 375.9843, -683.827, 26.1697, 388.9658, -674.7377, 23.609, 150, 100, 0
L 388.9658, -674.7377, 23.609, 391.5625, -671.4695, 22.6097, 150, 100, 0
L 375.7782, -683.6518, 26.1154, 377.8136, -686.2921, 25.4011, 150, 100, 0
L 363.8444, -699.1887, 21.4776, 378.1265, -685.9657, 23.5213, 150, 100, 0
L 377.8136, -686.2921, 23.5213, 391.5591, -671.9629, 23.623, 150, 100, 0
L 405.4807, -685.3437, 17.869, 406.2348, -671.6476, 16.8494, 150, 100, 0
L 406.2187, -671.5832, 16.7037, 419.4687, -671.3437, 11.7393, 150, 100, 0
L 406.2187, -667.2862, 10.5594, 419.4687, -665.3935, 10.5566, 150, 100, 0
L 406.2187, -663.375, 8.5647, 419.4687, -663.375, 8.5638, 150, 100, 0
L 419.4682, -657.4248, 6.5034, 405.8577, -659.3691, 6.5048, 150, 100, 0
L 377.1997, -518.2306, 38.365, 350.104, -532.1367, 27.8332, 150, 100, 0
L 363.2771, -587.6923, 29.9454, 349.6035, -573.398, 26.6007, 150, 100, 0
L 461.9144, -615.3463, 48.69, 475.1723, -601.5683, 48.227, 150, 100, 0
L 517.6258, -629.375, 45.5945, 516.2218, -610.4953, 41.4832, 150, 100, 0
L 531.774, -615.9234, 38.9421, 516.2218, -610.4953, 41.4832, 150, 100, 0
L 517.8782, -601.375, 37.5658, 531.63, -601.924, 37.4451, 150, 100, 0
L 405.3874, -657.6756, -3.344, 391.4687, -629.7688, -8.2538, 0, 0, 255
L 404.937, -658.1249, -40.518, 377.8437, -685.1884, -21.4549, 0, 0, 255
L 377.8437, -685.1884, -21.4549, 364.3743, -671.719, -30.6199, 0, 0, 255
L 364.3743, -671.719, -30.6199, 377.9988, -658.1249, -40.518, 0, 0, 255
L 377.9988, -658.1249, -40.518, 404.937, -658.1249, -40.508, 0, 0, 255
L 404.937, -658.1249, -40.508, 377.8437, -685.1884, -21.4551, 0, 0, 255
L 447.3931, -209.9061, 13.6262, 461.4375, -238.3, 13.6259, 0, 0, 0
L 461.4375, -238.3, 13.6259, 461.4375, -251.6744, 16.7671, 0, 0, 0
L 461.4375, -251.6744, 16.7671, 475.4375, -266.609, 26.408, 0, 0, 0
L 475.4375, -266.609, 26.408, 489.9635, -266.2859, 33.3091, 0, 0, 0
L 434.326, -265.5842, 17.8548, 461.4375, -251.6744, 16.7671, 150, 100, 0
L 475.4375, -266.586, 26.4071, 476.1875, -279.5, 29.731, 150, 100, 0
L 405.5693, -266.269, 11.6259, 378.36, -266.269, 11.6259, 150, 100, 0
L 392.117, -307.512, 11.6259, 419.3274, -307.512, 11.6259, 150, 100, 0
L 376.9877, -349.5, 40.9352, 350.7785, -349.5, 40.9352, 150, 100, 0
L 42.5964, 55.9365, -0.374, 82.883, 82.7933, -0.374, 0, 0, 0
L 42.5934, 55.6745, -0.374, 0.1012, 69.5396, 0.626, 0, 0, 0
L 376.1073, -614.9559, 30.7534, 377.4839, -613.5789, 30.7535, 64, 64, 64
L 377.4839, -613.5789, 30.7535, 378.4599, -603.8187, 32.7389, 64, 64, 64
L 378.4599, -603.8187, 32.7389, 377.8392, -602.5797, 33.1651, 64, 64, 64
L 377.8392, -602.5797, 33.1651, 376.1073, -614.9559, 30.7534, 64, 64, 64
P 510.3604, -38.3787, 42.7509, 0, 127, 0, 3, to_Jaggedpine_Forest
P -111.6317, 613.3677, 3.7509, 0, 127, 0, 3, to_Qeynos_Hills
