P 144.6725, 209.668, -16.2672, 240, 127, 127, 2, X
P 200.2932, 82.8644, 0.1, 0, 127, 127, 2, Rueppy_(GM_Rog)
P 422, 238, -15.999, 0, 127, 127, 2, Gapeers_(GM_Cle)
P 387, 224, -15.999, 0, 127, 127, 2, Beek_(GM_Cle)
P 380, 231, -19.9989, 0, 127, 127, 2, Hendi_(GM_Cle)
P 329, 219, -15.999, 0, 127, 127, 2, Jano_(GM_Cle)
P 333, 252, -11.999, 0, 127, 127, 2, Thekela_(GM_Cle)
P 424, 37, -13.999, 0, 127, 127, 2, Hibbs_(GM_Dru)
P 404, 111, -11.999, 0, 127, 127, 2, Reebo_(GM_Dru)
P 440, 28, -13.999, 0, 127, 127, 2, Megosh_(GM_Ranger)
P 392, 122, -11.999, 0, 127, 127, 2, Uner_(GM_Dru)
P 201, 92, 12.9, 0, 127, 127, 2, Hebber_(GM_Rog)
P 195, 27, 12.6259, 0, 127, 127, 2, Toelia_(GM_Rogu)
P 189, 51, 38.9, 0, 127, 127, 2, Lendel_(GM_Rog)
P 205, -126, 2.9, 0, 127, 127, 2, Ghobber_(GM_War)
P 174, -90, 36.9, 0, 127, 127, 2, Lanena_(GM_War)
P 137, -99, 36.9, 0, 127, 127, 2, Anrey_(GM_War)
P 153, -92, 43.9697, 0, 127, 127, 2, Roglio_(GM_War)
