L 156.5038, -252.4063, 0.626, 168.2076, -287.5, 0.626, 0, 127, 0
L 230.2187, -197.5862, 0.626, 230.2187, -200.2343, 0.626, 100, 50, 0
L 222.2187, -224.2187, 0.626, 222.2187, -200.2343, 0.626, 100, 50, 0
L 211.5937, -224.2187, 0.626, 222.2187, -224.2187, 0.626, 100, 50, 0
L 211.5937, -219.5937, 0.626, 217.5937, -219.5937, 0.626, 100, 50, 0
L 211.5937, -224.2187, 0.626, 211.5937, -219.5937, 0.626, 100, 50, 0
L 185.625, 23.6875, 0.626, 180.1663, 23.6875, 0.626, 100, 50, 0
L 188.25, 21.6875, 0.626, 185.6093, 21.6875, 0.626, 100, 50, 0
L 188.25, 26.3278, 0.626, 188.25, 21.6875, 0.626, 100, 50, 0
L 198.2187, 23.6875, 0.626, 204.562, 23.6875, 0.626, 100, 50, 0
L 198.2187, 21.6875, 0.626, 198.2187, 23.6875, 0.626, 100, 50, 0
L 195.5937, 21.6875, 0.626, 198.2187, 21.6875, 0.626, 100, 50, 0
L 195.5937, 26.3125, 0.626, 195.5937, 21.6875, 0.626, 100, 50, 0
L 203.7769, 26.3125, 0.626, 195.5937, 26.3125, 0.626, 100, 50, 0
L 194.25, 77.6561, 0.626, 180.888, 77.6561, 0.626, 100, 50, 0
L 194.25, 77.6561, 0.626, 194.25, 93.6406, 0.626, 100, 50, 0
L 184.25, 68.2813, 32.4307, 184.2498, 76.6148, 32.4307, 100, 50, 0
L 192.25, 68.2811, 26.8832, 183.611, 68.2813, 32.992, 100, 50, 0
L 199.5773, 65.6561, 23.626, 202.1168, 65.6563, 22.6261, 100, 50, 0
L 192.25, 68.2811, 25.6738, 192.25, 65.2596, 24.626, 100, 50, 0
L 201.204, 58.2813, 22.626, 200.2038, 58.2813, 23.6267, 100, 50, 0
L 192.25, 58.2813, 24.626, 192.25, 65.6055, 24.626, 100, 50, 0
L 200.2202, 58.2813, 24.626, 192.25, 58.2813, 24.626, 100, 50, 0
L 217.5937, 74.425, 17.626, 217.5937, 79.8276, 15.6259, 100, 50, 0
L 213.7057, 66.2664, 21.626, 217.5937, 74.425, 18.626, 100, 50, 0
L 213.5937, 58.2809, 22.626, 213.5937, 66.2827, 22.626, 100, 50, 0
L 203.6084, 93.6561, 12.6259, 189.6234, 93.6561, 12.6259, 100, 50, 0
L 192.25, 82.2813, 12.6259, 192.25, 79.6247, 12.6259, 100, 50, 0
L 194.25, 40.2813, 12.6259, 180.889, 40.2813, 12.6259, 100, 50, 0
L 194.25, 35.6987, 12.6259, 194.25, 40.2813, 12.6259, 100, 50, 0
L 187.7858, 51.6561, 12.6259, 199.5781, 51.6561, 12.6259, 100, 50, 0
L 183.625, 64.982, 12.6259, 183.625, 55.8171, 12.6259, 100, 50, 0
L 187.8079, 68.2811, 12.6259, 183.625, 64.982, 12.6259, 100, 50, 0
L 196.2187, 68.2813, 12.6259, 187.8079, 68.2811, 12.6259, 100, 50, 0
L 196.2187, 63.6561, 12.6259, 196.2187, 68.2813, 12.6259, 100, 50, 0
L 188.25, 63.6561, 12.6259, 196.2187, 63.6561, 12.6259, 100, 50, 0
L 206.503, 80.2664, 14.6259, 203.5838, 82.733, 14.6259, 100, 50, 0
L 206.2187, 74.2664, 16.6261, 206.2187, 80.2828, 15.6294, 100, 50, 0
L 204.5952, 70.2785, 18.626, 206.2187, 74.2664, 17.626, 100, 50, 0
L 189.6397, 93.6561, 11.6259, 180.889, 93.6561, 7.626, 100, 50, 0
L 192.25, 82.2813, 12.6259, 189.6304, 82.2813, 12.6259, 100, 50, 0
L 179.808, 82.2813, 7.626, 189.6397, 82.2813, 11.6259, 100, 50, 0
L 169.6046, 72.789, 2.6259, 179.808, 82.2813, 6.626, 100, 50, 0
L 158.25, 48.985, 0.626, 158.25, 56.2117, 0.626, 100, 50, 0
L 153.5622, 63.6561, 0.626, 158.2657, 63.6561, 0.626, 100, 50, 0
L 155.5625, 66.3436, 0.626, 155.6296, 72.1248, 0.626, 100, 50, 0
L 153.5629, 66.3436, 0.626, 155.5625, 66.3436, 0.626, 100, 50, 0
L 153.5629, 66.3436, 0.626, 153.5622, 63.6561, 0.626, 100, 50, 0
L 153.5625, 53.5938, 0.626, 153.5625, 56.1976, 0.626, 100, 50, 0
L 155.5625, 53.5938, 0.626, 153.5625, 53.5938, 0.626, 100, 50, 0
L 57.6561, -211.5312, -11.374, 13.6873, -211.5312, -11.374, 64, 64, 64
L 69.5938, -172.2663, 0.626, 69.5938, -165.5625, 0.626, 64, 64, 64
L 48.3436, -141.5625, 0.626, 48.3436, -143.5625, 0.626, 64, 64, 64
L 45.5938, -141.5625, 0.626, 48.3436, -141.5625, 0.626, 64, 64, 64
L 45.5938, -146.3125, 0.626, 45.5938, -141.5625, 0.626, 64, 64, 64
L 57.5938, -146.3125, 0.626, 57.5936, -169.5625, 0.626, 64, 64, 64
L 57.5938, -146.3125, 0.626, 45.5938, -146.3125, 0.626, 64, 64, 64
L 141.5625, -214.5312, -11.374, 143.5625, -214.5312, -11.374, 100, 50, 0
L 141.5625, -216.2812, -11.374, 141.5625, -214.5312, -11.374, 100, 50, 0
L 143.6671, -216.2812, -11.374, 141.5625, -216.2812, -11.374, 100, 50, 0
L 48.3436, -158.3125, 0.626, 48.3436, -153.6091, 0.626, 64, 64, 64
L 45.5938, -158.3125, 0.626, 48.3436, -158.3125, 0.626, 64, 64, 64
L 45.5938, -156.3121, 0.626, 45.5938, -158.3125, 0.626, 64, 64, 64
L 45.5938, -169.5625, 0.626, 57.5936, -169.5625, 0.626, 64, 64, 64
L 45.5938, -172.3125, 0.626, 45.5938, -169.5625, 0.626, 64, 64, 64
L 62.3436, -172.3125, 0.626, 45.5938, -172.3125, 0.626, 64, 64, 64
L 62.3438, -165.5625, 0.626, 62.3436, -172.3125, 0.626, 64, 64, 64
L 60.3436, -165.5625, 0.626, 62.3438, -165.5625, 0.626, 64, 64, 64
L 60.3438, -143.6093, 0.626, 60.3436, -165.5625, 0.626, 64, 64, 64
L 107.9416, -156.1084, 0.626, 84.3436, -156.868, 0.626, 100, 50, 0
L 105.5936, -158.3125, 0.626, 105.5938, -156.1063, 0.626, 100, 50, 0
L 105.5936, -158.3125, 0.626, 107.9483, -158.3125, 0.626, 100, 50, 0
L 107.9761, -167.5625, 0.626, 107.9416, -156.1084, 0.626, 100, 50, 0
L 72.3436, -167.5625, 0.626, 107.9761, -167.5625, 0.626, 64, 64, 64
L 72.3436, -165.5625, 0.626, 72.3436, -167.5625, 0.626, 64, 64, 64
L 69.5938, -165.5625, 0.626, 72.3436, -165.5625, 0.626, 64, 64, 64
L 461.4449, 95.8944, -7.1197, 456.6739, 95.5763, -6.86, 150, 100, 0
L 452.6863, 100.901, -7.3739, 456.6739, 95.5763, -7.2699, 150, 100, 0
L 444.7291, 99.4235, -7.3994, 452.6863, 100.901, -7.3739, 150, 100, 0
L 438.1684, 101.9844, -8.3648, 444.7291, 99.4235, -7.3994, 150, 100, 0
L 432.6834, 101.4566, -9.1816, 438.1684, 101.9844, -8.3648, 150, 100, 0
L 426.418, 107.8409, -10.5441, 432.6834, 101.4566, -9.1816, 150, 100, 0
L 371.6714, 108.1606, -11.374, 426.418, 107.8409, -10.5441, 150, 100, 0
L 369.2282, 104.8199, -11.374, 371.6714, 108.1606, -11.374, 150, 100, 0
L 365.8994, 104.3766, -11.374, 369.2282, 104.8199, -11.374, 150, 100, 0
L 365.8004, 147.5534, -11.374, 365.8994, 104.3766, -11.374, 150, 100, 0
L 344.237, 216.2812, -15.374, 338.2028, 216.2812, -15.374, 64, 64, 64
L 338.25, 231.5312, -15.374, 338.2499, 239.5781, -15.374, 64, 64, 64
L 338.1666, 224.2812, -15.374, 331.5634, 224.2812, -15.374, 64, 64, 64
L 335.5, 221.5312, -15.374, 331.6281, 221.5312, -15.374, 64, 64, 64
L 335.5, 218.2812, -15.374, 333.5, 218.2812, -15.374, 64, 64, 64
L 333.5, 216.2812, -15.374, 333.5, 218.2812, -15.374, 64, 64, 64
L 331.5, 234.2812, -15.374, 331.5, 231.5312, -15.374, 64, 64, 64
L 335.5, 237.5312, -15.374, 333.5468, 237.5312, -15.374, 64, 64, 64
L 331.5, 234.2812, -15.374, 335.5, 234.2812, -15.374, 64, 64, 64
L 338.25, 231.5312, -15.374, 331.5, 231.5312, -15.374, 64, 64, 64
L 335.5, 92.3439, -11.2753, 335.5, 77.5938, -11.2753, 100, 50, 0
L 335.5, 92.3439, -11.374, 356.2187, 92.3436, -11.374, 100, 50, 0
L 356.2187, 89.5938, -11.374, 356.2187, 92.3436, -11.374, 100, 50, 0
L 356.2187, 89.5938, -11.374, 338.25, 89.5936, -11.374, 100, 50, 0
L 356.2187, 80.3436, -11.374, 338.25, 80.3436, -11.374, 100, 50, 0
L 338.25, 89.5936, -11.374, 338.25, 80.3436, -11.374, 100, 50, 0
L 356.2187, 80.3436, -11.374, 356.2187, 77.5936, -11.374, 100, 50, 0
L 356.2187, 77.5936, -11.374, 335.5, 77.5938, -11.374, 100, 50, 0
L 386.1711, 86.3436, -13.374, 384.754, 86.3436, -13.374, 100, 50, 0
L 407.4687, 55.5938, -13.374, 407.4687, 58.2058, -13.374, 100, 50, 0
L 436.1875, 54.3436, -13.1681, 434.1874, 54.3436, -13.1681, 100, 50, 0
L 436.1875, 51.6377, -13.374, 436.1875, 54.3436, -13.374, 100, 50, 0
L 407.4687, 55.5938, -13.374, 417.99, 55.5936, -13.374, 100, 50, 0
L 372.2187, 37.9517, -13.374, 372.2187, 30.5542, -13.374, 100, 50, 0
L 400.2187, 55.5938, -13.374, 378.17, 55.5936, -13.374, 100, 50, 0
L 400.2187, 58.3438, -13.374, 400.2187, 55.5938, -13.374, 100, 50, 0
L 378.2187, 58.3436, -13.374, 400.2187, 58.3438, -13.374, 100, 50, 0
L 393.4687, 81.5936, -13.374, 407.6884, 81.5938, -13.374, 100, 50, 0
L 393.4687, 86.3436, -13.374, 396.878, 86.3436, -13.374, 100, 50, 0
L 393.4687, 81.5936, -13.374, 393.4687, 86.3436, -13.374, 100, 50, 0
L 383.9984, 81.5938, -13.374, 386.172, 81.5938, -13.374, 100, 50, 0
L 386.2187, -21.7283, -3.374, 386.2187, -23.8752, -3.374, 100, 50, 0
L 381.4687, -14.375, -3.374, 386.1718, -14.375, -3.374, 100, 50, 0
L 381.4687, -21.625, -4.106, 381.4687, -14.375, -4.106, 100, 50, 0
L 369.502, -14.375, -5.2774, 381.4687, -14.375, -4.106, 100, 50, 0
L 372.218, -11.625, -5.3739, 372.2187, 0.375, -5.3739, 100, 50, 0
L 372.2187, 0.375, -5.3739, 323.5, 0.375, -5.3739, 100, 50, 0
L 323.5, 0.375, -5.3739, 323.4999, -36.375, -5.3739, 100, 50, 0
L 336.25, -33.625, -5.3739, 338.25, -33.625, -5.3739, 100, 50, 0
L 336.2499, -21.625, -5.3739, 336.25, -33.625, -5.3739, 100, 50, 0
L 336.2499, -21.625, -5.3739, 326.2493, -21.625, -5.3739, 100, 50, 0
L 347.4678, -11.625, -5.3739, 352.1718, -11.625, -5.3739, 100, 50, 0
L 360.2187, -24.375, -5.3739, 360.2187, -36.329, -5.3739, 100, 50, 0
L 345.5, -38.375, -5.3739, 348.2499, -38.375, -5.3739, 100, 50, 0
L 347.5, -33.625, -5.3739, 345.5, -33.625, -5.3739, 100, 50, 0
L 348.25, -36.375, -5.3739, 348.2499, -38.375, -5.3739, 100, 50, 0
L 345.5, -38.375, -5.3739, 345.5, -33.625, -5.3739, 100, 50, 0
L 335.5, -36.375, -5.373, 323.4999, -36.375, -5.3621, 100, 50, 0
L 335.5, -36.3748, -5.3719, 335.5, -38.3588, -5.373, 100, 50, 0
L 338.25, -33.625, -5.3739, 338.25, -38.322, -5.3739, 100, 50, 0
L 286.835, -240.2812, 0.626, 242.877, -240.2812, 0.626, 100, 50, 0
L 242.3021, -254.2812, 0.626, 286.1514, -254.2812, 0.626, 100, 50, 0
L 242.302, -251.5312, 0.626, 286.808, -251.5312, 0.626, 100, 50, 0
L 242.3021, -254.2812, 0.8198, 242.302, -251.5312, 0.8351, 100, 50, 0
L 242.877, -240.2812, 0.7268, 242.375, -237.5312, 0.7123, 100, 50, 0
L 242.375, -237.5312, 0.626, 285.9963, -237.5312, 0.626, 100, 50, 0
L 225.5312, -254.224, 0.626, 225.5312, -249.6688, 0.626, 100, 50, 0
L 228.2812, -254.21, 0.626, 228.2812, -252.615, 0.626, 100, 50, 0
L 215.5312, -254.2812, 0.626, 218.2343, -254.2812, 0.626, 100, 50, 0
L 215.5312, -254.2812, 0.626, 215.5312, -251.9944, 0.626, 100, 50, 0
L 201.5781, -77.608, 14.6283, 204.2343, -77.5918, 14.6259, 64, 64, 64
L 148.3125, -116.3438, 36.6259, 148.3125, -118.3125, 36.6259, 64, 64, 64
L 148.3125, -102.2828, 44.5947, 148.3125, -99.5957, 44.5947, 64, 64, 64
L 163.687, -99.5938, 44.5947, 165.5625, -99.5936, 44.5947, 64, 64, 64
L 146.3122, -99.5938, 44.5947, 148.3125, -99.5957, 44.5947, 64, 64, 64
L 148.3125, -116.3315, 36.6259, 148.3125, -102.3315, 43.5947, 64, 64, 64
L 148.3125, -118.3125, 36.6259, 141.5625, -118.3125, 36.6259, 64, 64, 64
L 134.3125, -115.5951, 36.6259, 134.3125, -127.6093, 36.6259, 64, 64, 64
L 133.3122, -115.5938, 36.6259, 134.3125, -115.5951, 36.6259, 64, 64, 64
L 141.5625, -118.3125, 36.6259, 141.5625, -115.6881, 36.6259, 64, 64, 64
L 186.3002, -118.3125, 35.6259, 192.2502, -118.3125, 33.6259, 64, 64, 64
L 177.5625, -118.3126, 36.6259, 186.2155, -118.3125, 36.6259, 64, 64, 64
L 178.5625, -115.5938, 36.6259, 177.5625, -115.5936, 36.6259, 64, 64, 64
L 169.3121, -115.5938, 36.6259, 170.3125, -115.6458, 36.6259, 64, 64, 64
L 170.3125, -118.3125, 36.6259, 170.3125, -115.6458, 36.6259, 64, 64, 64
L 163.6167, -118.3125, 36.6259, 170.3125, -118.3125, 36.6259, 64, 64, 64
L 177.5625, -118.3126, 36.6259, 177.5625, -115.5936, 36.6259, 64, 64, 64
L 134.3122, -121.5625, 2.6259, 144.2646, -121.5625, 2.6259, 64, 64, 64
L 153.6648, -131.5625, 2.6259, 156.2656, -131.5625, 2.6259, 64, 64, 64
L 177.5625, -133.5625, 2.6259, 177.5625, -131.5625, 2.6259, 64, 64, 64
L 180.3126, -131.5625, 2.6259, 177.5625, -131.5625, 2.6259, 64, 64, 64
L 180.3122, -133.5625, 2.6259, 180.3126, -131.5625, 2.6259, 64, 64, 64
L 204.2812, -133.5625, 2.6259, 204.2812, -131.5625, 2.6259, 64, 64, 64
L 201.5312, -131.5625, 2.6259, 204.2812, -131.5625, 2.6259, 64, 64, 64
L 201.5312, -133.5625, 2.6259, 201.5312, -131.5625, 2.6259, 64, 64, 64
L 201.5781, -104.3436, 2.6259, 204.2342, -104.3436, 2.6259, 64, 64, 64
L 153.6093, -104.3436, 2.6259, 156.2564, -104.3438, 2.6259, 64, 64, 64
L 144.3125, -114.3438, 2.6259, 144.3125, -102.2968, 2.6259, 64, 64, 64
L 141.5625, -114.3436, 2.6259, 141.5625, -99.6444, 2.6259, 64, 64, 64
L 144.3125, -114.3438, 2.6259, 141.5625, -114.3436, 2.6259, 64, 64, 64
L 152.1767, -74.3436, 2.6259, 146.3125, -74.3438, 2.6259, 64, 64, 64
L 165.5625, -74.3438, 2.6259, 159.6117, -74.3436, 2.6259, 64, 64, 64
L 162.3125, -59.5938, -3.374, 162.3125, -65.9124, -3.374, 64, 64, 64
L 149.5625, -59.5938, -3.375, 162.3125, -59.5938, -3.375, 64, 64, 64
L 149.5625, -65.8131, -3.374, 149.5625, -59.5938, -3.374, 64, 64, 64
L 153.5625, 215.5312, -19.2119, 143.7997, 215.5312, -16.7481, 64, 64, 64
L 153.5623, 204.281, -19.2119, 153.5625, 206.2343, -19.2119, 64, 64, 64
L 167.6864, 213.5312, -18.859, 153.5625, 213.5312, -19.3739, 64, 64, 64
L 153.5625, 215.5312, -19.2119, 153.5625, 213.5312, -19.2119, 64, 64, 64
L 181.5747, 243.5312, -13.374, 181.5625, 235.8542, -13.3828, 100, 50, 0
L 183.5747, 236.2812, -12.374, 183.5747, 243.5312, -12.374, 100, 50, 0
L 205.5433, 261.5312, -10.374, 205.5481, 254.2812, -10.3576, 100, 50, 0
L 206.2343, 254.2812, -10.374, 203.5781, 254.2812, -10.374, 100, 50, 0
L 184.3125, 253.751, -11.374, 184.3125, 243.5781, -11.374, 100, 50, 0
L 199.5808, 226.2812, -3.374, 219.5781, 226.2812, -3.374, 100, 50, 0
L 219.5312, 221.5312, -3.374, 199.5903, 221.5311, -3.374, 100, 50, 0
L 202.243, 205.5312, 0.626, 199.5312, 205.5312, 0.626, 100, 50, 0
L 199.5312, 207.5846, 0.597, 199.5312, 205.5312, 0.626, 100, 50, 0
L 189.5625, 205.6571, 0.626, 189.5625, 207.5312, 0.626, 100, 50, 0
L 192.3125, 207.6023, 0.61, 192.3125, 205.6663, 0.626, 100, 50, 0
L 199.5312, 214.928, -1.9892, 199.5312, 207.5846, -0.3474, 100, 50, 0
L 238.2812, 153.6072, 0.626, 238.2812, 173.6093, 0.626, 64, 64, 64
L 238.2812, 144.3125, 0.626, 238.2812, 146.3954, 0.626, 64, 64, 64
L 203.5312, 168.3123, 0.626, 203.5312, 192.2426, 0.626, 64, 64, 64
L 206.2812, 165.5625, 0.626, 206.2812, 189.6093, 0.626, 64, 64, 64
L 203.5312, 155.5625, 0.626, 201.5312, 155.5625, 0.626, 64, 64, 64
L 203.5312, 155.5625, 0.626, 203.5312, 131.3734, 0.626, 64, 64, 64
L 201.5312, 158.3125, 0.626, 201.5312, 155.5625, 0.626, 64, 64, 64
L 206.1862, 158.3125, 0.626, 201.5312, 158.3125, 0.626, 64, 64, 64
L 203.5312, 168.3125, 0.626, 201.5312, 168.3125, 0.626, 64, 64, 64
L 201.5312, 165.5625, 0.626, 201.5312, 168.3125, 0.626, 64, 64, 64
L 201.5312, 165.5625, 0.626, 206.2812, 165.5625, 0.626, 64, 64, 64
L 144.3125, 105.5938, 0.626, 141.5625, 105.5938, 0.626, 0, 127, 0
L 144.3125, 107.5938, 0.626, 144.3125, 105.5938, 0.626, 0, 127, 0
L 108.3438, 237.5792, -19.1, 108.3423, 227.5781, -15.8622, 100, 50, 0
L 108.1239, 242.2812, -19.3739, 110.3436, 242.2812, -19.3739, 100, 50, 0
L 110.3436, 242.2812, -19.3739, 110.3438, 237.63, -19.3739, 100, 50, 0
L 117.5625, 237.5312, -19.3739, 117.5625, 242.665, -19.3739, 100, 50, 0
L 119.5625, 237.5312, -19.2119, 117.5625, 237.5312, -19.2119, 100, 50, 0
L 62.3436, 237.5312, -23.3739, 62.3438, 215.593, -23.3739, 100, 50, 0
L 62.3436, 237.5312, -23.3739, 83.8546, 237.5312, -23.3739, 100, 50, 0
L 93.9847, 225.5312, -21.3739, 98.2729, 225.5312, -21.3739, 100, 50, 0
L 59.5938, 231.7509, -23.3739, 59.5938, 215.5816, -23.3739, 100, 50, 0
L 107.5938, 227.5312, -16.6036, 107.5938, 216.2812, -16.6036, 100, 50, 0
L 98.3436, 216.2812, -21.1707, 107.9767, 216.2812, -16.7214, 100, 50, 0
L 98.3436, 218.2812, -21.1707, 98.3436, 216.3901, -21.1707, 100, 50, 0
L 98.3436, 218.2812, -21.3739, 94.1036, 218.2812, -21.3739, 100, 50, 0
L 122.3125, 178.5747, -22.3739, 130.637, 178.5747, -22.3739, 100, 50, 0
L 122.88, 177.5747, -23.3739, 130.618, 177.5746, -23.3739, 100, 50, 0
L 141.5625, 167.7617, -23.3739, 141.5625, 165.6197, -23.3739, 100, 50, 0
L 141.5622, 156.3125, -22.3734, 156.3125, 156.3125, -17.5093, 100, 50, 0
L 156.3125, 153.5625, -16.3752, 142.881, 153.5625, -11.374, 100, 50, 0
L 156.3125, 153.5625, -17.3739, 156.3125, 156.3125, -17.3739, 100, 50, 0
L 143.5625, 110.3435, -0.5453, 132.3125, 110.3436, -0.5455, 0, 127, 0
L 131.5625, 105.5938, 0.626, 134.3125, 105.5938, 0.626, 0, 127, 0
L 131.5625, 105.5938, 0.626, 131.5625, 107.5938, 0.626, 0, 127, 0
L 134.3125, 110.2968, 0.626, 134.3125, 105.5938, 0.626, 0, 127, 0
L 141.5625, 110.3405, 0.626, 141.5625, 105.5938, 0.626, 0, 127, 0
L 132.2656, 110.2968, -1.1467, 134.3125, 110.2968, -1.1467, 100, 50, 0
L 131.6184, 215.8308, -15.999, 132.2655, 251.5781, -15.999, 64, 64, 64
L 119.8777, 215.8234, -15.999, 131.6184, 215.8308, -15.999, 64, 64, 64
L 119.6093, 226.1278, -15.999, 119.8777, 215.8234, -15.999, 64, 64, 64
L 119.6093, 237.5781, -19.8556, 119.6093, 226.1278, -15.999, 64, 64, 64
L 119.8015, 242.2343, -19.9989, 117.5625, 242.665, -19.9989, 100, 50, 0
L 129.6093, 252.1019, -19.9989, 119.8015, 242.2343, -19.9989, 100, 50, 0
L 129.6931, 256.1329, -19.9989, 129.6093, 252.1019, -19.9989, 100, 50, 0
L 136.3086, 256.2343, -19.9989, 129.6931, 256.1329, -19.9989, 100, 50, 0
L 139.6093, 256.2343, -16.348, 136.3086, 256.2343, -19.9989, 100, 50, 0
L 139.6093, 289.5468, -19.9989, 139.6093, 256.2343, -16.348, 100, 50, 0
L 116.2968, 289.5468, -19.9989, 139.6093, 289.5468, -19.9989, 100, 50, 0
L 116.2968, 274.2031, -19.9989, 116.2968, 289.5468, -19.9989, 100, 50, 0
L 130.517, 274.1825, -19.9989, 116.2968, 274.2031, -19.9989, 100, 50, 0
L 130.997, 271.6209, -19.9989, 130.517, 274.1825, -19.9989, 100, 50, 0
L 98.2968, 271.5781, -19.9989, 130.997, 271.6209, -19.9989, 100, 50, 0
L 98.2968, 252.1272, -19.9989, 98.2968, 271.5781, -19.9989, 100, 50, 0
L 108.1046, 242.2342, -19.9989, 98.2968, 252.1272, -19.9989, 100, 50, 0
L 108.3438, 237.5792, -19.8556, 110.3438, 237.63, -19.8744, 100, 50, 0
L 83.7441, 206.2343, -23.9989, 94.1036, 218.2812, -21.9989, 100, 50, 0
L 52.2969, 206.2343, -23.9989, 83.7441, 206.2343, -23.9989, 100, 50, 0
L 52.377, 218.205, -23.9989, 52.2969, 206.2343, -23.9989, 100, 50, 0
L 34.328, 218.2343, -23.9989, 52.377, 218.205, -23.9989, 100, 50, 0
L 34.328, 237.5781, -23.9989, 34.328, 218.2343, -23.9989, 100, 50, 0
L 53.3466, 237.5781, -23.9989, 34.328, 237.5781, -23.9989, 100, 50, 0
L 59.6407, 231.7702, -23.9989, 53.3466, 237.5781, -23.9989, 100, 50, 0
L 62.3438, 215.593, -23.9989, 59.5938, 215.5816, -23.9989, 100, 50, 0
L 93.9847, 225.5312, -22.9, 83.8546, 237.5312, -23.9989, 100, 50, 0
L 98.2968, 227.5781, -21.8189, 98.2729, 225.5312, -21.8293, 100, 50, 0
L 98.2968, 227.5781, -21.8189, 108.3423, 227.5781, -17.2055, 100, 50, 0
L 108.402, 204.3389, -15.999, 107.9767, 216.2812, -15.999, 64, 64, 64
L 97.2266, 192.9342, -15.999, 108.402, 204.3389, -15.999, 64, 64, 64
L 71.1638, 177.7121, -12.902, 97.2266, 192.9342, -15.999, 64, 64, 64
L 95.4171, 180.286, -15.4779, 71.1638, 167.6146, -12.291, 64, 64, 64
L 119.8289, 204.654, -15.999, 95.4171, 180.286, -15.4779, 64, 64, 64
L 120.2656, 182.2656, -21.9302, 119.8289, 204.654, -15.999, 64, 64, 64
L 132.43, 204.26, -15.8976, 131.6093, 182.2656, -21.9302, 64, 64, 64
L 144.1469, 204.2343, -16.707, 132.43, 204.26, -15.8976, 64, 64, 64
L 153.6093, 204.234, -19.8556, 144.1469, 204.2343, -16.707, 64, 64, 64
L 395.5156, 213.592, -18.9989, 389.7647, 213.5963, -19.204, 64, 64, 64
L 395.5156, 214.592, -17.9989, 389.6768, 214.592, -17.9989, 64, 64, 64
L 395.5156, 215.592, -16.9989, 389.5396, 215.5945, -17.121, 64, 64, 64
L 395.5156, 240.2199, -16.9983, 389.5441, 240.2203, -16.9986, 64, 64, 64
L 395.5154, 241.2203, -17.9986, 389.7049, 241.2204, -17.9989, 64, 64, 64
L 395.5156, 242.2202, -18.9988, 389.8657, 242.2204, -18.9989, 64, 64, 64
L 390.262, 243.219, -19.9948, 395.5156, 243.2199, -19.9988, 64, 64, 64
L 389.5156, 240.422, -19.9989, 390.262, 243.219, -19.9948, 64, 64, 64
L 383.5156, 233.7681, -19.9989, 389.5156, 240.422, -19.9989, 64, 64, 64
L 383.5362, 221.7913, -19.9989, 383.5156, 233.7681, -19.9989, 64, 64, 64
L 389.5156, 215.7702, -19.9989, 383.5362, 221.7913, -19.9989, 64, 64, 64
L 389.9508, 212.592, -19.9989, 389.5156, 215.7702, -19.9989, 64, 64, 64
L 395.5156, 212.592, -19.9989, 389.9508, 212.592, -19.9989, 64, 64, 64
L 356.4021, 221.875, -15.705, 371.9556, 206.2343, -16.9895, 64, 64, 64
L 356.3856, 234.564, -16.9177, 356.4021, 221.875, -15.705, 64, 64, 64
L 371.9386, 249.5579, -16.9963, 356.3856, 234.564, -16.9177, 64, 64, 64
L 360.7155, 234.3351, -17.9962, 375.9597, 249.5781, -17.9988, 64, 64, 64
L 360.8596, 221.31, -17.9537, 360.7155, 234.3351, -17.9962, 64, 64, 64
L 376.1465, 206.2343, -17.9989, 360.8596, 221.31, -17.9537, 64, 64, 64
L 364.2388, 221.761, -17.7042, 379.9246, 206.2681, -18.9957, 64, 64, 64
L 364.1576, 233.7475, -18.9985, 364.2388, 221.761, -17.7042, 64, 64, 64
L 379.9596, 249.5781, -18.9986, 364.1576, 233.7475, -18.9985, 64, 64, 64
L 368.3815, 233.9998, -19.9988, 383.9336, 249.5519, -19.9988, 64, 64, 64
L 368.3824, 221.9065, -19.9989, 368.3815, 233.9998, -19.9988, 64, 64, 64
L 383.9597, 206.2343, -19.9988, 368.3824, 221.9065, -19.9989, 64, 64, 64
L 443.4843, 53.4228, -13.999, 443.4843, 24.328, -13.999, 100, 50, 0
L 443.4843, 66.417, -7.9989, 443.4843, 53.4228, -13.999, 100, 50, 0
L 443.5423, 74.1552, -8.724, 443.4843, 66.417, -7.9989, 100, 50, 0
L 396.1718, 84.2968, -11.999, 396.878, 86.3436, -11.999, 0, 127, 0
L 405.5156, 84.2968, -11.999, 396.1718, 84.2968, -11.999, 0, 127, 0
L 406.8587, 86.2971, -11.999, 405.5156, 84.2968, -11.999, 0, 127, 0
L 408.1718, 84.3572, -10.3449, 406.8587, 86.2971, -11.999, 0, 127, 0
L 416.1718, 75.9659, -10.1738, 408.1718, 84.3572, -10.3449, 0, 127, 0
L 416.1718, 64.2968, -10.1737, 416.1718, 75.9659, -10.1738, 0, 127, 0
L 419.7443, 64.2968, -11.9322, 416.1718, 64.2968, -10.1737, 0, 127, 0
L 431.5652, 72.1984, -10.4367, 419.7443, 64.2968, -11.9322, 0, 127, 0
L 432.2636, 71.8001, -7.9999, 431.5652, 72.1984, -10.4367, 0, 127, 0
L 434.1406, 67.6743, -7.9989, 432.2636, 71.8001, -7.9999, 0, 127, 0
L 434.1406, 54.2969, -13.8164, 434.1406, 67.6743, -7.9989, 100, 50, 0
L 433.7153, 51.6548, -13.999, 436.1875, 51.6377, -13.999, 100, 50, 0
L 417.99, 55.5936, -13.999, 433.7153, 51.6548, -13.999, 100, 50, 0
L 413.5156, 58.2967, -13.999, 407.4687, 58.2058, -13.999, 100, 50, 0
L 413.5156, 75.8328, -13.999, 413.5156, 58.2967, -13.999, 100, 50, 0
L 407.7078, 81.6406, -13.999, 413.5156, 75.8328, -13.999, 100, 50, 0
L 382.954, 88.2804, -13.999, 384.464, 86.2968, -13.999, 60, 40, 0
L 366.6738, 87.9435, -11.999, 382.954, 88.2804, -13.999, 60, 40, 0
L 356.2187, 92.2757, -11.999, 366.6738, 87.9435, -11.999, 60, 40, 0
L 335.8509, 103.8922, -11.9882, 335.959, 92.2968, -11.999, 60, 40, 0
L 320.3197, 105.8418, -8.1053, 335.8509, 103.8922, -11.9882, 60, 40, 0
L 335.5962, 114.2356, -11.9245, 320.2038, 135.735, -8.1536, 60, 40, 0
L 367.1288, 99.8996, -12.151, 335.5962, 114.2356, -11.9245, 60, 40, 0
L 383.3792, 99.4523, -13.999, 367.1288, 99.8996, -12.151, 60, 40, 0
L 395.4739, 95.739, -13.999, 383.3792, 99.4523, -13.999, 60, 40, 0
L 395.5156, 86.2968, -13.999, 395.4739, 95.739, -13.999, 60, 40, 0
L 172.24, 217.7792, -17.3739, 167.6864, 213.5312, -18.2091, 100, 50, 0
L 192.3125, 205.6663, 0.626, 189.5625, 205.6571, 0.626, 100, 50, 0
L 192.2975, 213.9652, -3.374, 192.2632, 207.6024, 0.5511, 100, 50, 0
L 186.2656, 218.818, -3.374, 192.2975, 213.9652, -3.374, 100, 50, 0
L 186.2656, 233.5781, -3.374, 186.2656, 218.818, -3.374, 100, 50, 0
L 206.2343, 233.5781, -3.374, 186.2656, 233.5781, -3.374, 100, 50, 0
L 203.5781, 236.2343, -10.8407, 203.5781, 261.5781, -11.374, 100, 50, 0
L 213.5781, 261.5781, -9.374, 192.697, 261.5745, -11.374, 100, 50, 0
L 213.5781, 234.2201, -4.373, 213.5781, 261.5781, -9.374, 100, 50, 0
L 206.2343, 254.2812, -9.2385, 206.2343, 233.5781, -4.3739, 100, 50, 0
L 184.3125, 243.5781, -12.374, 181.6234, 243.5781, -13.374, 100, 50, 0
L 192.733, 261.5781, -11.374, 184.2656, 253.7702, -11.374, 100, 50, 0
L 203.5774, 261.5781, -11.374, 192.733, 261.5781, -11.374, 100, 50, 0
L 181.6233, 236.2343, -12.3217, 203.578, 236.2341, -10.8407, 100, 50, 0
L 172.2656, 239.7703, -13.374, 172.2569, 217.7287, -17.3739, 100, 50, 0
L 176.733, 243.5782, -13.374, 172.2656, 239.7703, -13.374, 100, 50, 0
L 181.6234, 243.5781, -13.374, 176.733, 243.5782, -13.374, 100, 50, 0
L 181.6093, 212.55, -17.3739, 181.6233, 236.2343, -13.374, 100, 50, 0
L 177.7618, 206.2343, -17.3739, 181.6093, 212.55, -17.3739, 100, 50, 0
L 168.1193, 206.2343, -17.3739, 177.7618, 206.2343, -17.3739, 100, 50, 0
L 156.4904, 206.2343, -19.3739, 153.5625, 206.2343, -19.3739, 64, 64, 64
L 167.7367, 206.2343, -18.2091, 156.4904, 206.2343, -19.3739, 64, 64, 64
L 167.7367, 213.5778, -18.2091, 167.7367, 206.2343, -18.2091, 100, 50, 0
L 167.6093, 239.3867, -9.374, 167.7188, 240.2343, -15.374, 0, 127, 0
L 167.6092, 228.5912, -9.374, 167.6093, 239.3867, -9.374, 0, 127, 0
L 167.6092, 216.13, -3.5245, 167.6092, 228.5912, -9.374, 0, 127, 0
L 167.6092, 203.757, -3.8336, 167.6092, 216.13, -3.5245, 0, 127, 0
L 167.6093, 192.8043, -9.631, 167.6092, 203.757, -3.8336, 0, 127, 0
L 167.2595, 191.7236, -11.374, 167.6093, 192.8043, -9.631, 0, 127, 0
L 144.298, 168.4939, -11.374, 167.2595, 191.7236, -11.374, 0, 127, 0
L 132.184, 168.2657, -7.5548, 144.298, 168.4939, -11.374, 0, 127, 0
L 108.1946, 168.3452, -7.4406, 132.184, 168.2657, -7.5548, 0, 127, 0
L 85.477, 145.4806, -11.374, 108.1946, 168.3452, -7.4406, 0, 127, 0
L 83.7874, 144.2202, -5.3768, 85.477, 145.4806, -11.374, 0, 127, 0
L 71.6891, 132.7555, 12.4156, 83.7874, 144.2202, -5.3768, 0, 127, 0
L 95.7189, 107.6159, 12.608, 71.6891, 132.7555, 12.4156, 0, 127, 0
L 119.6093, 111.5811, 0.6795, 95.7189, 107.6159, 12.608, 0, 127, 0
L 119.6634, 107.7882, 0.626, 119.6093, 111.5811, 0.6795, 0, 127, 0
L 131.6093, 107.6406, 0.626, 119.6634, 107.7882, 0.626, 0, 127, 0
L 131.989, 132.2615, -11.374, 132.2656, 110.2968, -0.5217, 100, 50, 0
L 102.1046, 132.2656, -11.374, 131.989, 132.2615, -11.374, 100, 50, 0
L 98.2968, 136.6348, -11.374, 102.1046, 132.2656, -11.374, 100, 50, 0
L 98.2968, 153.6093, -11.374, 98.2968, 136.6348, -11.374, 100, 50, 0
L 143.646, 153.6092, -11.374, 98.2968, 153.6093, -11.374, 100, 50, 0
L 110.2968, 156.2656, -23.3739, 141.5622, 156.2656, -23.3739, 100, 50, 0
L 110.2968, 167.784, -23.3739, 110.2968, 156.2656, -23.3739, 100, 50, 0
L 122.2066, 177.6234, -23.3739, 110.2968, 167.784, -23.3739, 100, 50, 0
L 122.2386, 182.679, -21.3447, 122.2066, 177.6234, -23.3739, 100, 50, 0
L 120.2656, 182.2656, -21.3052, 122.2386, 182.679, -21.3447, 100, 50, 0
L 130.715, 182.4668, -21.2651, 131.6093, 182.2653, -21.3052, 100, 50, 0
L 130.612, 177.3166, -23.3739, 130.715, 182.4668, -21.2651, 100, 50, 0
L 141.6093, 167.7838, -23.3739, 130.612, 177.3166, -23.3739, 100, 50, 0
L 154.7742, 165.6092, -17.9372, 141.5625, 165.6197, -23.3739, 100, 50, 0
L 165.6093, 165.6093, -17.3739, 154.7742, 165.6092, -17.9372, 100, 50, 0
L 165.6093, 144.2653, -17.3739, 165.6093, 165.6093, -17.3739, 100, 50, 0
L 143.8102, 144.24, -11.374, 165.6093, 144.2653, -17.3739, 100, 50, 0
L 143.6093, 110.2968, -0.5215, 143.8102, 144.24, -11.374, 100, 50, 0
L 141.5625, 110.3405, -0.5403, 143.6093, 110.2968, -0.5215, 100, 50, 0
L 156.2423, 107.5832, 0.626, 144.2656, 107.6406, 0.626, 0, 127, 0
L 156.2656, 131.8016, 0.626, 156.2423, 107.5832, 0.626, 0, 127, 0
L 180.147, 155.5506, 0.626, 156.2656, 131.8016, 0.626, 0, 127, 0
L 180.1239, 180.2151, 0.626, 180.147, 155.5506, 0.626, 0, 127, 0
L 172.2656, 188.733, 0.626, 180.1239, 180.2151, 0.626, 0, 127, 0
L 172.2656, 199.7702, 0.626, 172.2656, 188.733, 0.626, 0, 127, 0
L 178.882, 206.3866, 0.626, 172.2656, 199.7702, 0.626, 0, 127, 0
L 189.6093, 207.5781, 0.626, 178.882, 206.3866, 0.626, 0, 127, 0
L 408.1041, -23.7752, -7.3739, 408.1041, -25.207, -7.3739, 100, 50, 0
L 386.2187, -23.8752, -3.374, 408.1041, -23.7752, -7.3739, 100, 50, 0
L 386.1718, -12.1518, -3.374, 386.1718, -13.9696, -3.374, 100, 50, 0
L 398.1718, -12.3718, -3.4906, 386.1718, -12.1518, -3.374, 100, 50, 0
L 410.1718, -12.3459, -7.3739, 398.1718, -12.3718, -3.4906, 100, 50, 0
L 429.4843, -12.2919, -7.3739, 410.1718, -12.3459, -7.3739, 100, 50, 0
L 431.682, -14.328, -7.3739, 429.4843, -12.2919, -7.3739, 100, 50, 0
L 431.7701, -21.6719, -7.3739, 431.682, -14.328, -7.3739, 100, 50, 0
L 429.4843, -23.7613, -7.3739, 431.7701, -21.6719, -7.3739, 100, 50, 0
L 418.8741, -23.7613, -7.3739, 429.4843, -23.7613, -7.3739, 100, 50, 0
L 418.9148, -57.6405, -7.3739, 418.8741, -23.7613, -7.3739, 100, 50, 0
L 417.5156, -59.5623, -7.3739, 418.9148, -57.6405, -7.3739, 100, 50, 0
L 410.1718, -59.7023, -7.3739, 417.5156, -59.5623, -7.3739, 100, 50, 0
L 408.1852, -57.6405, -7.3739, 410.1718, -59.7023, -7.3739, 100, 50, 0
L 408.994, -24.3657, -7.3739, 408.1852, -57.6405, -7.3739, 100, 50, 0
L 84.2813, -202.5781, 0.626, 60.773, -202.5781, 0.626, 100, 50, 0
L 99.6406, -203.5782, 0.5036, 84.2968, -203.5781, 0.6233, 64, 64, 64
L 123.6234, -205.2343, -10.374, 143.6234, -205.2343, -0.374, 100, 50, 0
L 143.6234, -214.5781, -0.374, 123.6234, -214.5781, -10.374, 100, 50, 0
L 143.6234, -205.2343, -0.374, 143.6234, -214.5781, -0.374, 100, 50, 0
L 135.6237, -205.2343, -4.3739, 135.634, -214.5781, -4.3739, 100, 50, 0
L 133.6234, -214.5781, -5.3739, 133.6234, -205.2343, -5.3739, 100, 50, 0
L 123.6234, -205.2343, -10.374, 123.6234, -214.5781, -10.374, 100, 50, 0
L 35.6636, -122.25, -11.1874, 35.6719, -85.3585, -11.1914, 64, 64, 64
L 59.8958, -120.2656, -11.374, 35.664, -120.2656, -11.374, 64, 64, 64
L 84.465, -132.4793, -11.374, 59.8958, -120.2656, -11.374, 64, 64, 64
L 94.9252, -143.358, -11.374, 84.465, -132.4793, -11.374, 64, 64, 64
L 107.7955, -144.2656, -11.374, 94.9252, -143.358, -11.374, 64, 64, 64
L 119.4197, -155.8831, -11.374, 107.7955, -144.2656, -11.374, 64, 64, 64
L 119.6572, -168.1081, -11.374, 119.4197, -155.8831, -11.374, 64, 64, 64
L 131.5697, -180.338, -11.374, 119.6572, -168.1081, -11.374, 64, 64, 64
L 143.6093, -203.9821, -11.374, 131.5697, -180.338, -11.374, 64, 64, 64
L 141.8722, -203.5877, -11.374, 143.4062, -203.5781, -11.374, 100, 50, 0
L 141.9028, -205.2324, -11.374, 141.8722, -203.5877, -11.374, 100, 50, 0
L 143.6093, -205.2343, -11.374, 141.9028, -205.2324, -11.374, 100, 50, 0
L 143.6093, -215.9604, -11.374, 143.6093, -203.9821, -11.374, 100, 50, 0
L 155.4822, -251.5781, -1.3936, 143.6093, -215.9604, -11.374, 64, 64, 64
L 143.5696, -251.2346, -11.374, 155.4822, -251.5781, -1.3936, 64, 64, 64
L 108.3014, -239.6715, -11.374, 143.5696, -251.2346, -11.374, 64, 64, 64
L 108.2968, -216.2343, -11.374, 108.3014, -239.6715, -11.374, 64, 64, 64
L 110.2811, -216.2333, -11.374, 108.2968, -216.2343, -11.374, 64, 64, 64
L 82.2827, -213.5781, -11.3735, 110.2813, -213.5781, -11.374, 64, 64, 64
L 82.2818, -204.2343, -11.3704, 82.2827, -213.5781, -11.3735, 100, 50, 0
L -11.6719, -223.5781, -11.374, 13.6719, -223.5781, -11.374, 64, 64, 64
L -11.6719, -192.2652, -11.374, -11.6719, -223.5781, -11.374, 64, 64, 64
L 13.6875, -192.2638, -6.5773, -11.6719, -192.2652, -11.374, 64, 64, 64
L 16.328, -172.2656, -11.374, 16.328, -199.5937, -11.374, 64, 64, 64
L 33.6873, -172.2656, -11.374, 16.328, -172.2656, -11.374, 64, 64, 64
L 43.6405, -192.2656, -11.374, 33.6875, -192.2656, -11.374, 64, 64, 64
L 43.6405, -202.2187, -11.374, 43.6405, -192.2656, -11.374, 64, 64, 64
L 38.328, -189.6093, -11.374, 48.2811, -189.6348, -11.374, 64, 64, 64
L 38.328, -172.2656, -11.374, 38.328, -189.6093, -11.374, 64, 64, 64
L 55.6561, -172.2656, -11.374, 38.328, -172.2656, -11.374, 64, 64, 64
L 58.2969, -172.2656, -11.374, 58.2967, -189.625, -11.374, 64, 64, 64
L 75.6561, -172.2656, -11.374, 58.2969, -172.2656, -11.374, 64, 64, 64
L 105.6406, -172.2632, -8.3411, 69.5938, -172.2663, -11.374, 64, 64, 64
L 105.6406, -189.625, -11.374, 105.6406, -172.2632, -8.3411, 64, 64, 64
L 105.6423, -206.2187, -11.374, 105.6406, -192.25, -11.374, 64, 64, 64
L 108.246, -167.6142, -11.374, 108.2968, -203.5781, -11.374, 64, 64, 64
L 60.2967, -167.6093, -11.374, 108.246, -167.6142, -11.374, 64, 64, 64
L 57.6561, -141.6584, -11.374, 60.2811, -141.6023, -11.374, 100, 50, 0
L 36.136, -143.6093, -11.374, 60.2813, -143.6093, -11.374, 64, 64, 64
L 28.4046, -135.878, -7.5579, 36.136, -143.6093, -11.1914, 64, 64, 64
L 24.3281, -119.1855, -5.5195, 28.4046, -135.878, -7.5579, 64, 64, 64
L 24.328, -108.1625, -5.5195, 24.3281, -119.1855, -5.5195, 64, 64, 64
L 35.6719, -85.3586, -11.1914, 24.328, -108.1625, -5.5195, 64, 64, 64
L 132.2644, -35.8907, 0.626, 107.7622, -35.6799, 0.626, 0, 127, 0
L 132.3173, -47.8211, -3.3469, 132.2644, -35.8907, 0.626, 0, 127, 0
L 132.1129, -59.5409, -3.3751, 132.3173, -47.8211, -3.3469, 0, 127, 0
L 120.2656, -60.2969, -3.374, 132.1129, -59.5409, -3.3751, 0, 127, 0
L 120.2656, -83.534, -3.374, 120.2656, -60.2969, -3.374, 0, 127, 0
L 131.6093, -95.1765, 2.4529, 120.2656, -83.534, -3.374, 0, 127, 0
L 132.2538, -83.1882, 0.6716, 131.6093, -95.1765, 2.4529, 64, 64, 64
L 144.183, -71.6406, 2.4529, 132.2538, -83.1882, 0.6716, 64, 64, 64
L 149.6093, -71.6406, 2.4529, 144.183, -71.6406, 2.4529, 64, 64, 64
L 149.6092, -65.8789, -3.374, 149.6093, -71.6406, 2.4529, 64, 64, 64
L 162.2656, -71.6406, 0.4688, 162.2656, -65.2049, -3.374, 64, 64, 64
L 167.8234, -71.5431, 1.3129, 162.2656, -71.6406, 0.4688, 64, 64, 64
L 180.1204, -83.6877, 4.793, 167.8234, -71.5431, 1.3129, 64, 64, 64
L 184.6133, -80.9038, 1.3018, 180.1204, -83.6877, 4.793, 0, 127, 0
L 185.7547, -77.4745, -3.374, 184.6133, -80.9038, 1.3018, 0, 127, 0
L 191.6092, -59.2929, -3.3757, 185.7547, -77.4745, -3.374, 0, 127, 0
L 191.5511, -48.472, -3.4049, 191.6092, -59.2929, -3.3757, 0, 127, 0
L 179.3807, -36.885, 0.6048, 191.5511, -48.472, -3.4049, 0, 127, 0
L 131.8017, -12.2989, 0.626, 179.3807, -36.885, 0.6048, 0, 127, 0
L 131.4081, -0.698, 0.626, 131.8017, -12.2989, 0.626, 0, 127, 0
L 153.366, 11.8896, 0.626, 131.4081, -0.698, 0.626, 0, 127, 0
L 153.391, 11.4979, 0.8866, 153.366, 11.8896, 0.626, 0, 127, 0
L 156.1596, 11.4519, 0.9091, 153.391, 11.4979, 0.8866, 0, 127, 0
L 180.3565, -11.8429, 0.626, 156.1596, 11.4519, 0.9091, 0, 127, 0
L 204.2343, -24.2817, 0.626, 180.3565, -11.8429, 0.626, 0, 127, 0
L 204.4387, -36.3308, 0.626, 204.2343, -24.2817, 0.626, 0, 127, 0
L 216.175, -59.6623, 0.626, 204.4387, -36.3308, 0.626, 0, 127, 0
L 216.2734, -71.8718, 0.626, 216.175, -59.6623, 0.626, 0, 127, 0
L 239.9572, -96.3051, 0.626, 216.2734, -71.8718, 0.626, 0, 127, 0
L 222.165, -104.2128, 0.626, 239.9572, -96.3051, 0.626, 0, 127, 0
L 216.2343, -119.9972, 0.626, 222.165, -104.2128, 0.626, 0, 127, 0
L 216.444, -144.141, 0.626, 216.2343, -119.9972, 0.626, 0, 127, 0
L 202.2343, -144.2656, 0.626, 216.444, -144.141, 0.626, 0, 127, 0
L 202.1834, -156.2707, 0.626, 202.2343, -144.2656, 0.626, 0, 127, 0
L 200.2343, -168.551, 0.626, 202.1834, -156.2707, 0.626, 0, 127, 0
L 200.2343, -187.8016, 0.626, 200.2343, -168.551, 0.626, 0, 127, 0
L 204.422, -191.6093, 0.626, 200.2343, -187.8016, 0.626, 0, 127, 0
L 228.2343, -192.3103, 0.626, 204.422, -191.6093, 0.626, 0, 127, 0
L 228.2343, -197.5781, 0.626, 228.2343, -192.3103, 0.626, 0, 127, 0
L 230.2187, -197.5862, 0.626, 228.2343, -197.5781, 0.626, 100, 50, 0
L 222.2187, -200.2343, 0.626, 230.2187, -200.2343, 0.626, 100, 50, 0
L 217.5781, -200.2341, 0.626, 217.5781, -219.5781, 0.626, 100, 50, 0
L 206.2343, -200.2343, 0.626, 217.5781, -200.2341, 0.626, 100, 50, 0
L 206.2343, -239.7524, 0.626, 206.2343, -200.2343, 0.626, 100, 50, 0
L 218.2343, -249.9048, 0.626, 206.2343, -239.7524, 0.626, 100, 50, 0
L 218.2343, -254.2812, 0.626, 218.2343, -249.9048, 0.626, 100, 50, 0
L 203.4148, -239.6741, 0.626, 215.5312, -251.9944, 0.626, 100, 50, 0
L 203.5781, -216.6997, 0.626, 203.4148, -239.6741, 0.626, 100, 50, 0
L 191.7629, -228.1939, 0.626, 203.5781, -216.6997, 0.626, 0, 127, 0
L 167.7975, -220.2067, 0.626, 191.7629, -228.1939, 0.626, 0, 127, 0
L 155.6218, -203.8163, 0.626, 167.7975, -220.2067, 0.626, 0, 127, 0
L 179.8408, -191.397, -1.9875, 155.6218, -203.8163, 0.626, 0, 127, 0
L 191.5663, -167.9462, -3.2488, 179.8408, -191.397, -1.9875, 0, 127, 0
L 179.8305, -144.4573, -1.3221, 191.5663, -167.9462, -3.2488, 0, 127, 0
L 167.9562, -136.3447, 0.6249, 179.8305, -144.4573, -1.3221, 0, 127, 0
L 144.346, -138.2664, 0.626, 167.9562, -136.3447, 0.6249, 0, 127, 0
L 132.5754, -132.6233, 0.626, 144.346, -138.2664, 0.626, 0, 127, 0
L 107.8328, -108.2968, 0.626, 132.5754, -132.6233, 0.626, 0, 127, 0
L 84.4261, -108.4278, 0.626, 107.8328, -108.2968, 0.626, 0, 127, 0
L 59.6405, -95.9017, 0.626, 84.4261, -108.4278, 0.626, 0, 127, 0
L 59.9189, -83.5544, 0.626, 59.6405, -95.9017, 0.626, 0, 127, 0
L 71.708, -72.4026, 0.626, 59.9189, -83.5544, 0.626, 0, 127, 0
L 95.7182, -59.7271, 0.626, 71.708, -72.4026, 0.626, 0, 127, 0
L 107.7622, -35.6799, 0.626, 95.7182, -59.7271, 0.626, 0, 127, 0
L 323.8426, 346.2932, -2.7646, 314.3512, 350.378, -1.8285, 0, 127, 0
L 340.1232, 328.25, -6.7981, 323.8426, 346.2932, -2.7646, 0, 127, 0
L 336.1062, 311.5609, -11.374, 340.1232, 328.25, -6.7981, 0, 127, 0
L 312.1566, 271.7377, -11.374, 336.1062, 311.5609, -11.374, 0, 127, 0
L 288.4152, 251.9292, 2.1777, 312.1566, 271.7377, -11.374, 0, 127, 0
L 288.2808, 215.9156, -11.374, 288.4152, 251.9292, 2.1777, 0, 127, 0
L 275.7563, 205.6002, -9.374, 288.2808, 215.9156, -11.374, 0, 127, 0
L 271.5534, 217.7949, -5.7396, 275.7563, 205.6002, -9.374, 64, 64, 64
L 261.7538, 227.5946, -3.4428, 271.5534, 217.7949, -5.7396, 64, 64, 64
L 243.3271, 252.6059, -9.2311, 261.7538, 227.5946, -3.4428, 64, 64, 64
L 239.7761, 263.259, -9.5086, 243.3271, 252.6059, -9.2311, 64, 64, 64
L 215.7666, 283.1385, -11.374, 239.7761, 263.259, -9.5086, 64, 64, 64
L 193.934, 275.9153, -11.374, 215.7666, 283.1385, -11.374, 64, 64, 64
L 167.5643, 251.5781, -15.374, 193.934, 275.9153, -11.374, 64, 64, 64
L 133.7413, 251.5781, -15.374, 167.5643, 251.5781, -15.374, 0, 127, 0
L 119.7096, 251.5781, -6.4512, 133.7413, 251.5781, -15.374, 0, 127, 0
L 96.2006, 251.5781, -9.3895, 119.7096, 251.5781, -6.4512, 0, 127, 0
L 92.267, 247.7406, -13.4498, 96.2006, 251.5781, -9.3895, 0, 127, 0
L 72.5622, 228.355, -5.4198, 92.267, 247.7406, -13.4498, 0, 127, 0
L 72.4159, 204.9825, -10.8173, 72.5622, 228.355, -5.4198, 0, 127, 0
L 60.4226, 180.1112, -11.374, 72.4159, 204.9825, -10.8173, 0, 127, 0
L 36.4012, 163.8108, -11.374, 60.4226, 180.1112, -11.374, 0, 127, 0
L 36.1811, 155.5658, -10.8505, 36.4012, 163.8108, -11.374, 0, 127, 0
L 24.328, 131.86, -9.556, 36.1811, 155.5658, -10.8505, 0, 127, 0
L 24.328, 108.3038, -7.3971, 24.328, 131.86, -9.556, 0, 127, 0
L 59.954, 72.4475, -3.3711, 24.328, 108.3038, -7.3971, 0, 127, 0
L 72.2485, 48.143, 0.626, 59.954, 72.4475, -3.3711, 0, 127, 0
L 71.9042, 23.6008, 0.626, 72.2485, 48.143, 0.626, 0, 127, 0
L 47.6846, 11.6717, 0.626, 71.9042, 23.6008, 0.626, 0, 127, 0
L 24.3743, 11.6277, 0.626, 47.6846, 11.6717, 0.626, 0, 127, 0
L 0.6157, 23.3252, 0.626, 24.3743, 11.6277, 0.626, 0, 127, 0
L -1.3495, 23.2042, 0.626, 0.6157, 23.3252, 0.626, 0, 127, 0
L -36.1022, 11.6717, 0.626, -1.3495, 23.2042, 0.626, 0, 127, 0
L -48.8633, 12.1925, 0.626, -36.1022, 11.6717, 0.626, 0, 127, 0
L -60.1751, 23.4454, 0.626, -48.8633, 12.1925, 0.626, 0, 127, 0
L -60.2969, 83.8328, 0.626, -60.1751, 23.4454, 0.626, 0, 127, 0
L -73.4352, 95.6406, 0.626, -60.2969, 83.8328, 0.626, 0, 127, 0
L 287.1931, 370.9196, 2.1884, 322.7266, 370.6952, 2.1884, 0, 127, 0
L 322.7266, 370.6952, 2.1884, 322.7264, 360.1918, 2.1884, 0, 127, 0
L 322.7264, 360.1918, 2.1884, 334.5312, 345.6766, -1.3487, 0, 127, 0
L 334.5312, 345.6766, -1.3487, 348.9735, 338.9431, -3.1425, 0, 127, 0
L 348.9735, 338.9431, -3.1425, 353.5156, 327.6308, -7.417, 0, 127, 0
L 353.5156, 327.6308, -7.417, 353.5156, 320.81, -8.8325, 0, 127, 0
L 353.5156, 320.81, -8.8325, 347.5468, 311.8797, -10.3704, 0, 127, 0
L 347.5468, 311.8797, -10.3704, 347.774, 261.4162, -11.2181, 0, 127, 0
L 347.774, 261.4162, -11.2181, 377.4039, 261.5781, -13.2129, 0, 127, 0
L 377.4039, 261.5781, -13.2129, 390.8068, 252.2341, -9.42, 0, 127, 0
L 390.8068, 252.2341, -9.42, 348.2028, 252.2343, -9.37, 64, 64, 64
L 348.2028, 252.2343, -9.37, 335.7391, 240.2343, -7.9874, 64, 64, 64
L 335.7391, 240.2343, -7.9874, 311.8333, 239.8975, -11.374, 0, 127, 0
L 311.8333, 239.8975, -11.374, 333.5468, 239.5781, -15.374, 0, 127, 0
L 333.5468, 239.5781, -15.374, 333.5468, 237.5312, -15.374, 64, 64, 64
L 335.5468, 237.5781, -15.374, 335.5468, 234.2343, -15.374, 64, 64, 64
L 338.2499, 239.5781, -15.374, 343.6521, 239.5781, -15.374, 64, 64, 64
L 343.6521, 239.5781, -15.374, 348.1209, 249.5781, -15.374, 64, 64, 64
L 348.1209, 249.5781, -15.374, 371.6222, 249.5781, -15.3933, 64, 64, 64
L 371.6222, 249.5781, -15.3933, 395.4805, 249.5781, -19.3739, 64, 64, 64
L 395.4805, 249.5781, -19.3739, 395.5156, 243.2202, -19.3735, 64, 64, 64
L 395.5156, 243.2202, -19.3735, 395.5584, 231.7384, -15.374, 64, 64, 64
L 395.5584, 231.7384, -15.374, 398.966, 231.6657, -15.374, 64, 64, 64
L 398.966, 231.6657, -15.374, 398.1718, 243.5461, -15.374, 64, 64, 64
L 398.1718, 243.5461, -15.374, 429.4843, 243.5781, -13.3081, 64, 64, 64
L 429.4843, 243.5781, -13.3081, 429.4843, 226.2343, -13.1987, 64, 64, 64
L 429.4843, 226.2343, -13.1987, 410.1718, 226.2343, -12.4536, 64, 64, 64
L 410.1718, 226.2343, -12.4536, 410.1378, 236.162, -15.374, 64, 64, 64
L 410.1378, 236.162, -15.374, 407.6908, 236.1965, -15.374, 64, 64, 64
L 407.6908, 236.1965, -15.374, 407.5156, 219.9137, -15.374, 64, 64, 64
L 407.5156, 219.9137, -15.374, 429.4843, 219.5781, -15.374, 64, 64, 64
L 429.4843, 219.5781, -15.374, 429.4843, 200.2343, -15.374, 64, 64, 64
L 429.4843, 200.2343, -15.374, 410.1718, 200.2343, -13.3633, 64, 64, 64
L 410.1718, 200.2343, -13.3633, 409.7413, 212.3187, -15.374, 64, 64, 64
L 409.7413, 212.3187, -15.374, 398.1743, 212.2343, -15.374, 64, 64, 64
L 398.1743, 212.2343, -15.374, 398.686, 224.1451, -15.374, 64, 64, 64
L 398.686, 224.1451, -15.374, 395.6641, 224.1809, -15.374, 0, 127, 0
L 395.6641, 224.1809, -15.374, 395.5156, 206.2343, -19.3739, 64, 64, 64
L 395.5156, 206.2343, -19.3739, 348.971, 206.2343, -15.374, 64, 64, 64
L 348.971, 206.2343, -15.374, 344.237, 216.2812, -15.374, 64, 64, 64
L 338.2028, 216.2812, -15.374, 338.1666, 224.2812, -15.374, 64, 64, 64
L 331.5634, 224.2812, -15.374, 331.6281, 221.5312, -15.374, 64, 64, 64
L 335.5468, 221.5781, -15.374, 335.5468, 218.2343, -15.374, 64, 64, 64
L 333.5468, 216.2343, -15.374, 313.4246, 215.7505, -11.374, 0, 127, 0
L 313.4246, 215.7505, -11.374, 335.9515, 215.3656, -7.9882, 0, 127, 0
L 335.9515, 215.3656, -7.9882, 347.828, 204.2343, -7.9882, 64, 64, 64
L 347.828, 204.2343, -7.9882, 336.6657, 204.1423, -11.374, 0, 127, 0
L 336.6657, 204.1423, -11.374, 311.6815, 202.1881, -11.374, 0, 127, 0
L 311.6815, 202.1881, -11.374, 288.2031, 190.4678, -11.374, 0, 127, 0
L 288.2031, 190.4678, -11.374, 275.5471, 175.9534, -9.1534, 0, 127, 0
L 275.5471, 175.9534, -9.1534, 283.6241, 155.5758, -3.2787, 0, 127, 0
L 283.6241, 155.5758, -3.2787, 288.5364, 139.6092, 0.4752, 0, 127, 0
L 288.5364, 139.6092, 0.4752, 299.798, 139.6092, -2.1642, 0, 127, 0
L 299.798, 139.6092, -2.1642, 320.4556, 135.7625, -8.6007, 0, 127, 0
L 320.4556, 135.7625, -8.6007, 336.1721, 143.646, -11.374, 0, 127, 0
L 336.1721, 143.646, -11.374, 366.4934, 147.8248, -11.374, 0, 127, 0
L 366.4934, 147.8248, -11.374, 368.1718, 148.7734, -11.374, 150, 100, 0
L 368.1718, 148.7734, -11.374, 372.339, 151.9687, -11.99, 150, 100, 0
L 372.339, 151.9687, -11.99, 376.3115, 155.6093, -10.5894, 150, 100, 0
L 376.3115, 155.6093, -10.5894, 378.6419, 156.1644, -11.374, 150, 100, 0
L 378.6419, 156.1644, -11.374, 384.774, 161.7072, -11.2339, 150, 100, 0
L 384.774, 161.7072, -11.2339, 384.1716, 167.6093, -11.374, 150, 100, 0
L 384.1716, 167.6093, -11.374, 431.7411, 167.6063, -11.374, 150, 100, 0
L 431.7411, 167.6063, -11.374, 442.4227, 162.2655, -11.374, 150, 100, 0
L 442.4227, 162.2655, -11.374, 445.6551, 159.6494, -6.4043, 150, 100, 0
L 445.6551, 159.6494, -6.4043, 447.7764, 159.5096, -6.3734, 150, 100, 0
L 447.7764, 159.5096, -6.3734, 449.9451, 157.5242, -7.3739, 150, 100, 0
L 449.9451, 157.5242, -7.3739, 455.8491, 155.6077, -7.3354, 150, 100, 0
L 455.8491, 155.6077, -7.3354, 459.8381, 155.4476, -6.3761, 150, 100, 0
L 459.8381, 155.4476, -6.3761, 461.4843, 153.6414, -7.1914, 150, 100, 0
L 461.4843, 153.6414, -7.1914, 461.4893, 95.8927, -7.216, 150, 100, 0
L 461.4893, 95.8927, -7.216, 467.3722, 84.1154, -7.3739, 0, 127, 0
L 467.3722, 84.1154, -7.3739, 455.8467, 78.3528, -7.3739, 0, 127, 0
L 455.8467, 78.3528, -7.3739, 443.8111, 74.3162, -7.4053, 0, 127, 0
L 443.4843, 24.328, -13.374, 416.622, 24.3586, -13.374, 100, 50, 0
L 416.622, 24.3586, -13.374, 407.9008, 46.292, -13.374, 100, 50, 0
L 407.9008, 46.292, -13.374, 393.619, 46.2477, -13.374, 100, 50, 0
L 393.619, 46.2477, -13.374, 399.5156, 37.8903, -13.374, 100, 50, 0
L 399.5156, 37.8903, -13.374, 399.5156, 30.1358, -13.374, 100, 50, 0
L 399.5156, 30.1358, -13.374, 396.1503, 26.7706, -13.374, 100, 50, 0
L 396.1503, 26.7706, -13.374, 375.48, 26.8277, -13.374, 100, 50, 0
L 375.48, 26.8277, -13.374, 372.2187, 30.5542, -13.374, 100, 50, 0
L 372.2187, 37.9517, -13.374, 378.1983, 45.9836, -13.374, 100, 50, 0
L 378.1983, 45.9836, -13.374, 378.17, 55.5936, -9.89, 100, 50, 0
L 378.1718, 58.2969, -13.374, 378.1807, 75.8418, -13.374, 100, 50, 0
L 378.1807, 75.8418, -13.374, 383.9791, 81.6406, -13.374, 100, 50, 0
L 386.172, 81.5938, -13.374, 386.1711, 86.3436, -13.374, 100, 50, 0
L 384.464, 86.2968, -13.374, 382.9322, 88.2848, -13.374, 0, 127, 0
L 382.9322, 88.2848, -13.374, 366.7866, 87.9376, -11.374, 0, 127, 0
L 366.7866, 87.9376, -11.374, 382.1687, 87.8601, -11.374, 0, 127, 0
L 382.1687, 87.8601, -11.374, 383.5206, 86.263, -11.74, 0, 127, 0
L 383.5206, 86.263, -11.74, 383.5156, 84.3072, -10.9062, 0, 127, 0
L 383.5156, 84.3072, -10.9062, 376.1116, 76.7006, -10.9504, 0, 127, 0
L 376.1116, 76.7006, -10.9504, 375.5156, 72.242, -10.1899, 0, 127, 0
L 375.5156, 72.242, -10.1899, 375.5156, 62.7608, -10.1899, 0, 127, 0
L 375.5156, 62.7608, -10.1899, 371.1374, 66.6888, -11.374, 0, 127, 0
L 371.1374, 66.6888, -11.374, 366.1718, 69.2891, -11.374, 0, 127, 0
L 366.1718, 69.2891, -11.374, 366.1018, 72.2849, -11.374, 0, 127, 0
L 366.1018, 72.2849, -11.374, 335.9868, 77.4449, -11.374, 0, 127, 0
L 335.9868, 77.4449, -11.374, 319.9669, 106.2968, -7.3101, 0, 127, 0
L 319.9669, 106.2968, -7.3101, 300.2031, 114.2146, -3.435, 0, 127, 0
L 300.2031, 114.2146, -3.435, 287.6111, 108.3586, 0.626, 0, 127, 0
L 287.6111, 108.3586, 0.626, 287.245, 71.8023, 0.626, 0, 127, 0
L 287.245, 71.8023, 0.626, 263.3725, 47.7742, 0.626, 0, 127, 0
L 263.3725, 47.7742, 0.626, 239.6331, -23.7815, 0.626, 0, 127, 0
L 239.6331, -23.7815, 0.626, 239.6156, -59.2976, 0.626, 0, 127, 0
L 239.6156, -59.2976, 0.626, 264.1428, -72.3465, 0.626, 0, 127, 0
L 264.1428, -72.3465, 0.626, 288.1598, -72.1479, 0.626, 0, 127, 0
L 288.1598, -72.1479, 0.626, 312.5108, -47.6798, -5.3739, 0, 127, 0
L 312.5108, -47.6798, -5.3739, 312.2031, -0.192, -5.3739, 0, 127, 0
L 312.2031, -0.192, -5.3739, 319.1232, 11.7744, -5.3739, 0, 127, 0
L 319.1232, 11.7744, -5.3739, 331.4791, 23.1864, -5.3739, 0, 127, 0
L 331.4791, 23.1864, -5.3739, 383.5962, 23.6718, -5.3739, 0, 127, 0
L 383.5962, 23.6718, -5.3739, 418.6739, 12.385, -10.8115, 0, 127, 0
L 418.6739, 12.385, -10.8115, 395.5052, -0.3504, -5.3739, 0, 127, 0
L 395.5052, -0.3504, -5.3739, 389.5788, -11.6719, -5.3739, 0, 127, 0
L 389.5788, -11.6719, -5.3739, 372.1718, -11.6719, -5.3739, 100, 50, 0
L 335.5, -38.3588, -5.3739, 338.25, -38.322, -5.3739, 100, 50, 0
L 326.2031, -21.6719, -5.3739, 326.2029, -2.3281, -5.3739, 100, 50, 0
L 326.2029, -2.3281, -5.3739, 369.5156, -2.3281, -5.3739, 100, 50, 0
L 369.5156, -2.3281, -5.3739, 369.502, -14.375, -5.3739, 100, 50, 0
L 386.1718, -14.375, -3.374, 386.1718, -12.4789, -3.374, 100, 50, 0
L 395.407, -12.2719, -3.374, 395.5156, -12.3202, -3.374, 0, 127, 0
L 386.2187, -21.7283, -3.374, 352.1718, -21.6719, -5.3739, 100, 50, 0
L 352.1718, -21.6719, -5.3739, 352.1718, -11.625, -5.3739, 100, 50, 0
L 347.4678, -11.625, -5.3739, 347.5468, -33.6719, -5.3739, 100, 50, 0
L 348.2031, -36.328, -5.3739, 360.2187, -36.329, -5.3739, 100, 50, 0
L 360.1648, -24.328, -5.3703, 382.9064, -24.3281, -5.3739, 100, 50, 0
L 382.9064, -24.3281, -5.3739, 371.7961, -47.1777, -5.3739, 0, 127, 0
L 371.7961, -47.1777, -5.3739, 347.3004, -72.1681, 0.626, 0, 127, 0
L 347.3004, -72.1681, 0.626, 335.6634, -83.971, 0.626, 0, 127, 0
L 335.6634, -83.971, 0.626, 311.7819, -119.5258, 0.626, 0, 127, 0
L 311.7819, -119.5258, 0.626, 288.1695, -131.723, 0.626, 0, 127, 0
L 288.1695, -131.723, 0.626, 265.3045, -132.54, 0.5739, 0, 127, 0
L 265.3045, -132.54, 0.5739, 287.4325, -132.2656, -2.8689, 0, 127, 0
L 287.4325, -132.2656, -2.8689, 263.6331, -180.1402, 0.626, 0, 127, 0
L 263.6331, -180.1402, 0.626, 251.725, -216.209, 0.626, 0, 127, 0
L 251.725, -216.209, 0.626, 251.5467, -263.627, 0.626, 0, 127, 0
L 251.5467, -263.627, 0.626, 227.2774, -288.2722, 0.626, 0, 127, 0
L 227.2774, -288.2722, 0.626, 227.5826, -311.5468, 0.626, 0, 127, 0
L 227.5826, -311.5468, 0.626, 215.4588, -311.2844, 0.626, 0, 127, 0
L 215.4588, -311.2844, 0.626, 204.2684, -305.6892, 0.626, 0, 127, 0
L 204.2684, -305.6892, 0.626, 192.2082, -287.6895, 0.626, 0, 127, 0
L 192.2082, -287.6895, 0.626, 168.7267, -287.5468, 0.626, 0, 127, 0
L 35.6719, -85.3609, 0.626, 48.1105, -60.4189, 0.626, 0, 127, 0
L 48.1105, -60.4189, 0.626, 48.2817, -47.8419, 0.626, 0, 127, 0
L 48.2817, -47.8419, 0.626, 24.63, -35.5424, 0.626, 0, 127, 0
L 24.63, -35.5424, 0.626, 0.2053, -11.7439, 0.626, 0, 127, 0
L 0.2053, -11.7439, 0.626, -72.443, -11.4602, 0.626, 0, 127, 0
L -72.443, -11.4602, 0.626, -83.6406, 0.1947, 0.626, 0, 127, 0
L -83.6406, 0.1947, 0.626, -83.6406, 59.1968, 0.626, 0, 127, 0
L -83.6406, 59.1968, 0.626, -73.1737, 95.6406, 0.626, 150, 0, 200
L 314.1612, 350.1139, -1.8095, 312.211, 359.8364, 0.6258, 0, 127, 0
L 312.211, 359.8364, 0.6258, 276.2031, 360.1718, 0.626, 0, 127, 0
L 276.2031, 360.1718, 0.626, 288.502, 371.5156, 0.626, 150, 0, 200
L 260.2604, 119.9124, 0.626, 270.126, 139.4184, 0.626, 0, 127, 0
L 270.126, 139.4184, 0.626, 267.7504, 156.9937, -3.6728, 0, 127, 0
L 267.7504, 156.9937, -3.6728, 258.1367, 176.3683, -9.374, 0, 127, 0
L 258.1367, 176.3683, -9.374, 254.4875, 192.4595, -9.374, 0, 127, 0
L 254.4875, 192.4595, -9.374, 260.1729, 205.6948, -9.374, 0, 127, 0
L 260.1729, 205.6948, -9.374, 249.2373, 229.802, -3.6627, 64, 64, 64
L 249.2373, 229.802, -3.6627, 225.7452, 254.5312, -10.6047, 64, 64, 64
L 225.7452, 254.5312, -10.6047, 216.1011, 264.1702, -11.3582, 64, 64, 64
L 216.1011, 264.1702, -11.3582, 190.6628, 263.3804, -11.8213, 64, 64, 64
L 190.6628, 263.3804, -11.8213, 167.6271, 240.2343, -15.374, 64, 64, 64
L 167.6271, 240.2343, -15.374, 143.8771, 240.131, -14.9648, 64, 64, 64
L 143.8771, 240.131, -14.9648, 143.7997, 215.5312, -15.374, 64, 64, 64
L 172.318, 239.8228, -13.374, 175.6795, 243.1843, -13.374, 100, 50, 0
L 184.2656, 253.7702, -11.374, 192.731, 261.5781, -11.374, 100, 50, 0
L 192.731, 261.5781, -11.374, 203.592, 261.5781, -11.374, 100, 50, 0
L 203.592, 261.5781, -11.374, 213.5781, 261.5781, -9.374, 100, 50, 0
L 213.5781, 261.5781, -9.374, 213.5781, 234.2202, -4.3738, 100, 50, 0
L 213.5781, 234.2202, -4.3738, 219.5781, 231.6697, -3.374, 100, 50, 0
L 219.5781, 231.6697, -3.374, 219.5781, 226.2812, -3.374, 100, 50, 0
L 199.5808, 226.2812, -3.374, 199.5903, 221.5311, -3.374, 100, 50, 0
L 219.5781, 221.5781, -3.374, 219.5781, 218.418, -3.374, 100, 50, 0
L 219.5781, 218.418, -3.374, 215.7702, 214.2343, -3.374, 100, 50, 0
L 215.7702, 214.2343, -3.374, 199.5312, 214.928, -3.374, 100, 50, 0
L 202.243, 205.5312, 0.626, 202.2341, 207.5781, 0.626, 100, 50, 0
L 202.2341, 207.5781, 0.626, 215.7673, 207.5449, 0.626, 100, 50, 0
L 215.7673, 207.5449, 0.626, 227.2493, 192.2655, 0.626, 0, 127, 0
L 227.2493, 192.2655, 0.626, 203.5312, 192.2426, 0.626, 64, 64, 64
L 206.2812, 189.6093, 0.626, 235.5781, 189.6093, 0.626, 64, 64, 64
L 235.5781, 189.6093, 0.626, 235.4967, 153.6459, 0.626, 64, 64, 64
L 235.4967, 153.6459, 0.626, 238.2812, 153.6072, 0.626, 64, 64, 64
L 238.2812, 173.6093, 3.5739, 251.5781, 173.6093, 0.626, 64, 64, 64
L 251.5781, 173.6093, 0.626, 251.5781, 144.2656, 0.626, 64, 64, 64
L 251.5781, 144.2656, 0.626, 238.2343, 144.2656, 0.626, 64, 64, 64
L 238.2812, 146.3954, 0.626, 206.2343, 146.2656, 0.626, 64, 64, 64
L 206.2343, 146.2656, 0.626, 206.1862, 158.3125, 0.626, 64, 64, 64
L 203.5312, 131.3734, 0.626, 227.6528, 119.6972, 0.626, 0, 127, 0
L 227.6528, 119.6972, 0.626, 251.955, 83.5391, 0.626, 0, 127, 0
L 251.955, 83.5391, 0.626, 264.1374, 83.7359, 0.626, 0, 127, 0
L 264.1374, 83.7359, 0.626, 264.16, 108.3185, 0.626, 0, 127, 0
L 264.16, 108.3185, 0.626, 260.305, 120.13, 0.626, 0, 127, 0
L 260.305, 120.13, 0.626, 256.2343, 132.1322, 4.5598, 0, 127, 0
L 256.2343, 132.1322, 4.5598, 256.2699, 156.2771, 4.5525, 0, 127, 0
L 256.2699, 156.2771, 4.5525, 258.1503, 175.8, 4.141, 0, 127, 0
L 228.2343, 71.8898, 0.626, 228.2346, 47.6921, 0.626, 100, 50, 0
L 228.2346, 47.6921, 0.626, 204.562, 23.6875, 0.626, 100, 50, 0
L 203.7704, 26.328, 0.626, 225.5782, 48.1047, 0.626, 100, 50, 0
L 225.5782, 48.1047, 0.626, 225.5781, 71.8328, 0.626, 100, 50, 0
L 225.5781, 71.8328, 0.626, 203.7703, 93.6406, 0.626, 100, 50, 0
L 203.7703, 93.6406, 0.626, 194.25, 93.6406, 0.626, 100, 50, 0
L 180.888, 77.6561, 0.626, 174.2656, 71.8328, 0.626, 100, 50, 0
L 174.2656, 71.8328, 0.626, 174.2656, 48.1047, 0.626, 100, 50, 0
L 174.2656, 48.1047, 0.626, 180.732, 42.2969, 0.626, 100, 50, 0
L 180.732, 42.2969, 0.626, 203.7702, 42.2967, 0.626, 100, 50, 0
L 203.7702, 42.2967, 0.626, 209.5781, 48.1045, 0.626, 100, 50, 0
L 209.5781, 48.1045, 0.626, 209.5781, 71.8328, 0.626, 100, 50, 0
L 209.5781, 71.8328, 0.626, 203.7702, 77.6406, 0.626, 100, 50, 0
L 203.7702, 77.6406, 0.626, 201.8158, 77.651, 0.626, 100, 50, 0
L 201.8158, 77.651, 0.626, 201.7625, 82.2639, 0.626, 100, 50, 0
L 201.7625, 82.2639, 0.626, 203.9222, 82.2968, 0.626, 100, 50, 0
L 203.9222, 82.2968, 0.626, 214.2343, 71.8285, 0.626, 100, 50, 0
L 214.2343, 71.8285, 0.626, 214.2348, 47.8385, 0.626, 100, 50, 0
L 214.2348, 47.8385, 0.626, 203.6577, 37.5893, 0.626, 100, 50, 0
L 203.6577, 37.5893, 0.626, 179.724, 37.7503, 0.626, 100, 50, 0
L 179.724, 37.7503, 0.626, 169.8737, 47.569, 0.626, 100, 50, 0
L 169.8737, 47.569, 0.626, 169.6046, 72.789, 0.626, 100, 50, 0
L 169.6092, 71.6546, 0.626, 158.2656, 71.6546, 0.626, 100, 50, 0
L 158.2656, 71.6546, 0.626, 158.2657, 63.6561, 0.626, 100, 50, 0
L 155.6296, 72.1248, 0.626, 179.6915, 96.1869, 0.626, 100, 50, 0
L 179.6915, 96.1869, 0.626, 203.6347, 96.2968, 0.626, 100, 50, 0
L 203.6347, 96.2968, 0.626, 228.2343, 71.8264, 0.626, 100, 50, 0
L 155.6093, 53.6405, 0.626, 155.6115, 47.9314, 0.626, 100, 50, 0
L 155.6115, 47.9314, 0.626, 180.1663, 23.6875, 0.626, 100, 50, 0
L 185.6093, 23.6719, 0.626, 185.6093, 21.6875, 0.626, 100, 50, 0
L 188.25, 26.3278, 0.626, 180.733, 26.328, 0.626, 100, 50, 0
L 180.733, 26.328, 0.626, 158.2656, 48.1049, 0.626, 100, 50, 0
L 158.25, 56.2117, 0.626, 153.5625, 56.1976, 0.626, 100, 50, 0
L 38.3612, -141.625, 0.626, 38.328, -153.6093, 0.626, 64, 64, 64
L 38.328, -153.6093, 0.626, 48.3436, -153.6091, 0.626, 64, 64, 64
L 45.6405, -156.2656, 0.626, 38.328, -156.2656, 0.626, 64, 64, 64
L 38.328, -156.2656, 0.626, 38.328, -213.5781, 0.626, 64, 64, 64
L 38.328, -213.5781, 0.626, 60.2828, -213.5781, -0.3739, 64, 64, 64
L 60.2828, -213.5781, -0.3739, 60.218, -202.5781, -0.2673, 100, 50, 0
L 99.6406, -203.5781, 0.5036, 99.6406, -172.2656, 0.5036, 64, 64, 64
L 48.2967, -143.6093, 0.626, 60.3438, -143.6093, 0.626, 64, 64, 64
L 57.6405, -120.4663, 0.626, 38.5748, -120.6731, 0.626, 100, 50, 0
L 62.2744, -204.2343, -1.3492, 62.2828, -213.5781, -1.3735, 100, 50, 0
L 64.2781, -204.2343, -2.3597, 64.2827, -213.5781, -2.3736, 100, 50, 0
L 66.2805, -204.2343, -3.3662, 66.2828, -213.5781, -3.374, 100, 50, 0
L 68.28, -204.2343, -4.3647, 68.2827, -213.5781, -4.3735, 100, 50, 0
L 70.2827, -213.5781, -5.3738, 70.2746, -204.2343, -5.3498, 100, 50, 0
L 72.2827, -213.5781, -6.3733, 72.2818, -204.2343, -6.3707, 100, 50, 0
L 74.2828, -204.2343, -7.3738, 74.2827, -213.5781, -7.3738, 100, 50, 0
L 76.2827, -213.5781, -8.3739, 76.2828, -204.2343, -8.374, 100, 50, 0
L 78.2826, -213.5781, -9.3733, 78.2643, -204.2343, -9.3262, 100, 50, 0
L 80.2828, -204.2343, -10.3739, 80.2828, -213.5767, -10.374, 100, 50, 0
L 59.7646, -213.5781, 0.626, 82.2827, -213.5781, -11.374, 100, 50, 0
L 82.2683, -204.2343, -11.335, 60.2518, -204.2343, -0.3029, 100, 50, 0
L 123.6234, -205.2343, -10.374, 123.6234, -214.5781, -10.374, 100, 50, 0
L 125.6234, -205.2343, -9.374, 125.6233, -214.5781, -9.374, 100, 50, 0
L 131.6281, -205.2392, -6.3739, 131.6353, -214.5781, -11.374, 100, 50, 0
L 127.6308, -214.5781, -8.374, 127.6242, -205.2343, -8.374, 100, 50, 0
L 129.6466, -214.5781, -7.3739, 129.6382, -205.2343, -7.3739, 100, 50, 0
L 137.6219, -214.5781, -3.3791, 137.6333, -205.2343, -3.3757, 100, 50, 0
L 139.6234, -214.5781, -2.374, 139.6266, -205.2343, -2.374, 100, 50, 0
L 141.6231, -214.5781, -1.374, 141.6226, -205.2343, -1.3811, 100, 50, 0
L 124.2656, -215.2343, -11.374, 124.1572, -216.15, -11.374, 100, 50, 0
L 124.1572, -216.15, -11.374, 121.8329, -216.2172, -11.374, 100, 50, 0
L 121.8329, -216.2172, -11.374, 121.8706, -203.585, -11.374, 100, 50, 0
L 121.8706, -203.585, -11.374, 123.782, -203.5287, -11.374, 100, 50, 0
L 123.782, -203.5287, -11.374, 124.2652, -204.5781, -11.374, 100, 50, 0
L 124.2652, -204.5781, -11.374, 126.1111, -204.5781, -11.374, 100, 50, 0
L 126.1111, -204.5781, -11.374, 126.3579, -205.1545, -11.374, 100, 50, 0
L 124.2656, -215.2343, -11.374, 126.906, -215.2347, -11.374, 100, 50, 0
L 126.906, -215.2347, -11.374, 126.521, -214.5508, -11.374, 100, 50, 0
L 228.2343, -288.11, -32.9219, 252.37, -264.2393, -47.3427, 0, 0, 255
L 252.37, -264.2393, -47.3427, 252.2343, -215.9594, -47.3427, 0, 0, 255
L 252.2343, -215.9594, -47.3427, 264.1519, -180.2376, -47.3427, 0, 0, 255
L 264.1519, -180.2376, -47.3427, 288.1188, -132.1836, -47.3427, 0, 0, 255
L 288.1188, -132.1836, -47.3427, 312.1392, -120.132, -47.3427, 0, 0, 255
L 312.1392, -120.132, -47.3427, 336.1342, -84.1735, -47.3427, 0, 0, 255
L 336.1342, -84.1735, -47.3427, 348.3697, -71.9376, -47.859, 0, 0, 255
L 348.3697, -71.9376, -47.859, 371.6716, -48.6052, -35.8149, 0, 0, 255
L 371.6716, -48.6052, -35.8149, 384.2606, -24.328, -35.374, 0, 0, 255
L 384.2606, -24.328, -35.374, 390.2158, -11.9893, -35.3549, 0, 0, 255
L 390.2158, -11.9893, -35.3549, 396.88, -0.2452, -30.2168, 0, 0, 255
L 396.88, -0.2452, -30.2168, 419.7432, 11.5829, -25.422, 0, 0, 255
L 419.7432, 11.5829, -25.422, 431.5711, 7.7337, -26.7234, 0, 0, 255
L 431.5711, 7.7337, -26.7234, 443.2862, -0.436, -30.1286, 0, 0, 255
L 443.2862, -0.436, -30.1286, 455.532, -11.7048, -35.2306, 0, 0, 255
L 455.532, -11.7048, -35.2306, 467.3215, -23.9731, -35.374, 0, 0, 255
L 467.3215, -23.9731, -35.374, 503.4843, -36.2361, -19.7532, 0, 0, 255
L 503.4843, -36.2361, -19.7532, 503.4843, -47.7109, -19.7532, 0, 0, 255
L 503.4843, -47.7109, -19.7532, 491.6249, -71.6102, -24.9418, 0, 0, 255
L 491.6249, -71.6102, -24.9418, 466.6023, -96.7134, -35.374, 0, 0, 255
L 466.6023, -96.7134, -35.374, 443.7219, -119.5641, -35.374, 0, 0, 255
L 443.7219, -119.5641, -35.374, 431.516, -167.77, -35.374, 0, 0, 255
L 431.516, -167.77, -35.374, 419.7108, -179.5817, -35.374, 0, 0, 255
L 419.7108, -179.5817, -35.374, 407.6145, -177.3194, -35.374, 0, 0, 255
L 407.6145, -177.3194, -35.374, 396.3081, -167.8974, -35.374, 0, 0, 255
L 396.3081, -167.8974, -35.374, 371.4508, -143.3546, -35.9217, 0, 0, 255
L 371.4508, -143.3546, -35.9217, 347.6458, -143.7024, -47.3427, 0, 0, 255
L 347.6458, -143.7024, -47.3427, 336.93, -155.2553, -47.3427, 0, 0, 255
L 336.93, -155.2553, -47.3427, 312.303, -155.6093, -47.3427, 0, 0, 255
L 312.303, -155.6093, -47.3427, 287.4264, -180.1057, -47.3427, 0, 0, 255
L 287.4264, -180.1057, -47.3427, 275.6567, -215.5235, -47.3427, 0, 0, 255
L 275.6567, -215.5235, -47.3427, 275.6589, -252.3027, -47.3427, 0, 0, 255
L 275.6589, -252.3027, -47.3427, 299.871, -263.8792, -47.3427, 0, 0, 255
L 299.871, -263.8792, -47.3427, 335.5428, -300.68, -25.6118, 0, 0, 255
L 335.5428, -300.68, -25.6118, 335.5468, -347.3206, -25.6097, 0, 0, 255
L 335.5468, -347.3206, -25.6097, 299.8514, -371.4651, -47.2721, 0, 0, 255
L 299.8514, -371.4651, -47.2721, 252.796, -347.9526, -47.3427, 0, 0, 255
L 252.796, -347.9526, -47.3427, 228.2343, -311.7755, -32.9219, 0, 0, 255
L 228.2343, -311.7755, -32.9219, 228.2343, -288.11, -32.9219, 0, 0, 255
L 300.7733, -371.413, -0.4931, 317.93, -369.4492, 0.5693, 0, 127, 0
L 317.93, -369.4492, 0.5693, 329.4286, -363.6999, 0.5691, 0, 127, 0
L 329.4286, -363.6999, 0.5691, 335.308, -349.1714, -1.3243, 0, 127, 0
L 335.308, -349.1714, -1.3243, 301.8211, -371.2966, -0.4276, 0, 127, 0
L 336.4461, -343.535, 0.617, 347.5724, -311.7414, 0.626, 0, 127, 0
L 347.5724, -311.7414, 0.626, 371.704, -299.4929, 0.626, 0, 127, 0
L 371.704, -299.4929, 0.626, 395.3695, -264.5654, 1.321, 0, 127, 0
L 395.3695, -264.5654, 1.321, 372.8616, -299.3725, 21.1722, 0, 127, 0
L 372.8616, -299.3725, 21.1722, 443.2443, -287.637, 14.3876, 0, 127, 0
L 443.2443, -287.637, 14.3876, 420.4739, -264.2773, 0.626, 0, 127, 0
L 420.4739, -264.2773, 0.626, 444.4408, -287.8215, 0.626, 0, 127, 0
L 444.4408, -287.8215, 0.626, 468.4685, -300.3641, 0.626, 0, 127, 0
L 468.4685, -300.3641, 0.626, 444.59, -288.3917, 14.9414, 0, 127, 0
L 444.59, -288.3917, 14.9414, 432.2361, -359.3061, 22.535, 0, 127, 0
L 432.2361, -359.3061, 22.535, 437.8193, -363.5473, 18.6804, 0, 127, 0
L 437.8193, -363.5473, 18.6804, 454.8664, -360.815, 8.4482, 0, 127, 0
L 454.8664, -360.815, 8.4482, 467.5299, -336.5581, 0.822, 0, 127, 0
L 467.5299, -336.5581, 0.822, 456.634, -360.817, 0.626, 0, 127, 0
L 456.634, -360.817, 0.626, 442.61, -390.1344, -3.358, 0, 127, 0
L 442.61, -390.1344, -3.358, 419.1496, -420.281, -3.374, 0, 127, 0
L 419.1496, -420.281, -3.374, 419.5151, -386.833, -5.2805, 0, 127, 0
L 419.5151, -386.833, -5.2805, 417.7536, -386.3544, -5.3254, 64, 64, 64
L 417.7536, -386.3544, -5.3254, 418.142, -381.3319, -5.3739, 64, 64, 64
L 418.142, -381.3319, -5.3739, 419.8655, -381.357, -5.3739, 64, 64, 64
L 419.8655, -381.357, -5.3739, 429.4843, -371.7081, -5.3739, 64, 64, 64
L 429.4843, -371.7081, -5.3739, 429.3976, -359.8929, -5.3739, 64, 64, 64
L 429.3976, -359.8929, -5.3739, 419.3845, -350.2031, -5.3739, 64, 64, 64
L 419.3845, -350.2031, -5.3739, 393.4289, -350.2035, -5.3739, 64, 64, 64
L 393.4289, -350.2035, -5.3739, 393.5147, -332.2031, -5.3739, 64, 64, 64
L 393.5147, -332.2031, -5.3739, 370.1718, -332.2031, -5.3739, 64, 64, 64
L 370.1718, -332.2031, -5.3739, 370.1716, -359.5156, -5.3739, 64, 64, 64
L 370.1716, -359.5156, -5.3739, 397.8661, -359.5163, -5.3739, 64, 64, 64
L 397.8661, -359.5163, -5.3739, 398.1718, -371.5912, -5.3739, 64, 64, 64
L 398.1718, -371.5912, -5.3739, 408.1052, -381.5156, -5.3739, 64, 64, 64
L 408.1052, -381.5156, -5.3739, 410.1951, -381.8976, -5.3739, 64, 64, 64
L 410.1951, -381.8976, -5.3739, 410.1718, -385.8408, -5.3735, 64, 64, 64
L 410.1718, -385.8408, -5.3735, 408.1718, -386.1718, -5.3426, 64, 64, 64
L 408.1718, -386.1718, -5.3426, 408.1718, -407.6988, -3.3243, 0, 127, 0
L 408.1718, -407.6988, -3.3243, 408.699, -420.815, -3.374, 0, 127, 0
L 408.699, -420.815, -3.374, 398.1718, -420.1718, -7.2427, 0, 127, 0
L 398.1718, -420.1718, -7.2427, 398.1533, -421.9522, -7.2495, 64, 64, 64
L 398.1533, -421.9522, -7.2495, 393.9078, -422.1718, -7.3739, 64, 64, 64
L 393.9078, -422.1718, -7.3739, 393.5156, -419.9793, -7.3739, 64, 64, 64
L 393.5156, -419.9793, -7.3739, 383.4107, -410.1718, -7.3739, 64, 64, 64
L 383.4107, -410.1718, -7.3739, 371.6152, -410.792, -7.3739, 64, 64, 64
L 371.6152, -410.792, -7.3739, 371.5156, -388.1718, -7.3739, 64, 64, 64
L 371.5156, -388.1718, -7.3739, 340.2031, -388.1718, -7.3739, 64, 64, 64
L 340.2031, -388.1718, -7.3739, 340.2022, -409.5156, -7.3739, 64, 64, 64
L 340.2022, -409.5156, -7.3739, 362.966, -409.5145, -7.3739, 64, 64, 64
L 362.966, -409.5145, -7.3739, 362.1718, -419.432, -7.3739, 64, 64, 64
L 362.1718, -419.432, -7.3739, 372.7466, -419.7321, -7.3739, 64, 64, 64
L 372.7466, -419.7321, -7.3739, 372.1716, -441.4843, -7.3739, 64, 64, 64
L 372.1716, -441.4843, -7.3739, 383.894, -441.2982, -7.3739, 64, 64, 64
L 383.894, -441.2982, -7.3739, 393.5156, -431.6766, -7.3739, 64, 64, 64
L 393.5156, -431.6766, -7.3739, 393.8842, -429.4843, -7.3739, 64, 64, 64
L 393.8842, -429.4843, -7.3739, 398.1634, -429.7389, -7.2458, 64, 64, 64
L 398.1634, -429.7389, -7.2458, 398.1716, -431.4843, -7.2427, 64, 64, 64
L 398.1716, -431.4843, -7.2427, 407.1961, -431.4843, -3.915, 0, 127, 0
L 407.1961, -431.4843, -3.915, 420.1365, -431.5151, -3.374, 0, 127, 0
L 420.1365, -431.5151, -3.374, 420.1712, -441.4843, -3.374, 0, 127, 0
L 420.1712, -441.4843, -3.374, 421.9026, -441.4897, -3.374, 64, 64, 64
L 421.9026, -441.4897, -3.374, 422.47, -446.984, -3.5499, 64, 64, 64
L 422.47, -446.984, -3.5499, 419.9796, -446.1406, -3.5577, 64, 64, 64
L 419.9796, -446.1406, -3.5577, 410.1718, -455.9483, -5.3739, 64, 64, 64
L 410.1718, -455.9483, -5.3739, 410.1709, -481.8358, -5.3739, 64, 64, 64
L 410.1709, -481.8358, -5.3739, 380.1718, -482.1406, -5.3739, 64, 64, 64
L 380.1718, -482.1406, -5.3739, 380.1709, -511.4531, -5.3739, 64, 64, 64
L 380.1709, -511.4531, -5.3739, 409.5156, -511.4531, -5.3739, 64, 64, 64
L 409.5156, -511.4531, -5.3739, 409.528, -491.7232, -5.3739, 64, 64, 64
L 409.528, -491.7232, -5.3739, 419.5156, -491.4843, -5.3739, 64, 64, 64
L 419.5156, -491.4843, -5.3739, 419.7751, -481.4916, -5.3739, 64, 64, 64
L 419.7751, -481.4916, -5.3739, 441.4843, -481.4843, -5.3739, 64, 64, 64
L 441.4843, -481.4843, -5.3739, 441.4843, -455.9479, -5.3739, 64, 64, 64
L 441.4843, -455.9479, -5.3739, 431.6159, -446.1406, -3.5577, 64, 64, 64
L 431.6159, -446.1406, -3.5577, 429.8118, -446.1406, -3.5577, 64, 64, 64
L 429.8118, -446.1406, -3.5577, 429.4843, -442.548, -3.374, 64, 64, 64
L 429.4843, -442.548, -3.374, 431.4843, -441.4843, -3.374, 64, 64, 64
L 431.4843, -441.4843, -3.374, 431.4843, -431.8516, -3.374, 0, 127, 0
L 431.4843, -431.8516, -3.374, 441.8127, -419.3797, -3.872, 0, 127, 0
L 441.8127, -419.3797, -3.872, 455.7067, -419.4855, 0.6032, 0, 127, 0
L 455.7067, -419.4855, 0.6032, 467.5507, -407.591, 0.626, 0, 127, 0
L 467.5507, -407.591, 0.626, 491.2746, -336.435, 0.626, 0, 127, 0
L 491.2746, -336.435, 0.626, 491.5185, -287.5692, 0.626, 0, 127, 0
L 491.5185, -287.5692, 0.626, 515.8461, -251.2616, 0.626, 0, 127, 0
L 515.8461, -251.2616, 0.626, 528.3066, -264.652, 0.626, 64, 64, 64
L 528.3066, -264.652, 0.626, 540.3572, -288.5011, 0.626, 64, 64, 64
L 540.3572, -288.5011, 0.626, 540.1094, -311.1644, 0.626, 64, 64, 64
L 540.1094, -311.1644, 0.626, 552.373, -335.5468, 0.626, 64, 64, 64
L 552.373, -335.5468, 0.626, 588.322, -335.1286, 0.626, 64, 64, 64
L 588.322, -335.1286, 0.626, 600.6887, -322.6206, 0.626, 64, 64, 64
L 600.6887, -322.6206, 0.626, 623.1775, -311.7943, 0.626, 64, 64, 64
L 623.1775, -311.7943, 0.626, 623.4217, -293.9666, 0.626, 64, 64, 64
L 623.4217, -293.9666, 0.626, 635.6771, -279.413, 0.626, 64, 64, 64
L 635.6771, -279.413, 0.626, 645.4701, -265.7332, 0.626, 64, 64, 64
L 645.4701, -265.7332, 0.626, 650.2016, -265.6442, 0.4186, 64, 64, 64
L 650.2016, -265.6442, 0.4186, 653.7618, -271.3326, -1.3614, 64, 64, 64
L 653.7618, -271.3326, -1.3614, 673.3905, -265.6234, -1.374, 64, 64, 64
L 673.3905, -265.6234, -1.374, 673.3861, -250.1488, -1.374, 64, 64, 64
L 673.3861, -250.1488, -1.374, 653.9787, -244.3229, -1.374, 64, 64, 64
L 653.9787, -244.3229, -1.374, 650.771, -250.69, 0.4808, 64, 64, 64
L 650.771, -250.69, 0.4808, 645.957, -250.2343, 0.626, 64, 64, 64
L 645.957, -250.2343, 0.626, 635.7807, -244.3074, 0.626, 64, 64, 64
L 635.7807, -244.3074, 0.626, 612.814, -244.2343, 0.626, 64, 64, 64
L 612.814, -244.2343, 0.626, 600.78, -256.421, 0.626, 64, 64, 64
L 600.78, -256.421, 0.626, 601.3627, -281.237, 0.626, 64, 64, 64
L 601.3627, -281.237, 0.626, 614.184, -293.6863, 0.626, 64, 64, 64
L 614.184, -293.6863, 0.626, 614.78, -299.8287, 0.626, 64, 64, 64
L 614.78, -299.8287, 0.626, 600.218, -312.74, 0.626, 64, 64, 64
L 600.218, -312.74, 0.626, 563.6387, -324.2239, 0.626, 64, 64, 64
L 563.6387, -324.2239, 0.626, 551.3074, -311.7354, 0.626, 64, 64, 64
L 551.3074, -311.7354, 0.626, 551.453, -288.1406, 0.626, 64, 64, 64
L 551.453, -288.1406, 0.626, 539.5674, -264.2121, 0.626, 64, 64, 64
L 539.5674, -264.2121, 0.626, 539.2603, -252.125, 0.626, 64, 64, 64
L 539.2603, -252.125, 0.626, 515.5761, -240.1624, 0.626, 64, 64, 64
L 515.5761, -240.1624, 0.626, 503.1815, -215.5517, 0.626, 0, 127, 0
L 503.1815, -215.5517, 0.626, 479.3951, -179.8717, 0.626, 0, 127, 0
L 479.3951, -179.8717, 0.626, 479.5239, -107.5682, 0.6111, 0, 127, 0
L 479.5239, -107.5682, 0.6111, 491.1598, -72.8868, -7.5609, 0, 127, 0
L 491.1598, -72.8868, -7.5609, 467.7189, -96.5156, 0.626, 0, 127, 0
L 467.7189, -96.5156, 0.626, 444.4762, -119.9067, 0.626, 0, 127, 0
L 444.4762, -119.9067, 0.626, 456.6234, -180.8242, 0.626, 0, 127, 0
L 456.6234, -180.8242, 0.626, 468.4406, -204.703, 0.626, 0, 127, 0
L 468.4406, -204.703, 0.626, 480.6113, -216.7701, 0.626, 0, 127, 0
L 480.6113, -216.7701, 0.626, 492.3236, -240.3428, 0.626, 0, 127, 0
L 492.3236, -240.3428, 0.626, 467.466, -264.274, 0.626, 0, 127, 0
L 467.466, -264.274, 0.626, 443.3779, -263.9354, 0.626, 0, 127, 0
L 443.3779, -263.9354, 0.626, 419.4764, -240.2343, 0.626, 0, 127, 0
L 419.4764, -240.2343, 0.626, 396.2221, -240.2343, 0.626, 0, 127, 0
L 396.2221, -240.2343, 0.626, 348.3398, -252.1538, 0.626, 0, 127, 0
L 348.3398, -252.1538, 0.626, 323.6258, -228.2343, 0.626, 0, 127, 0
L 323.6258, -228.2343, 0.626, 299.55, -228.851, 0.626, 0, 127, 0
L 299.55, -228.851, 0.626, 276.4447, -216.5579, 0.626, 0, 127, 0
L 276.4447, -216.5579, 0.626, 276.2789, -251.5781, 0.626, 0, 127, 0
L 276.2789, -251.5781, 0.626, 300.3496, -263.7586, 0.626, 0, 127, 0
L 300.3496, -263.7586, 0.626, 336.5659, -300.346, 0.626, 0, 127, 0
L 336.5659, -300.346, 0.626, 336.4461, -343.535, 0.626, 0, 127, 0
L 286.1514, -254.2812, 0.626, 286.808, -251.5312, 0.626, 100, 50, 0
L 286.835, -240.2812, 0.626, 285.9963, -237.5312, 0.626, 100, 50, 0
L 251.111, -216.2343, 0.626, 240.2343, -216.2343, 0.626, 0, 127, 0
L 240.2343, -216.2343, 0.626, 240.2343, -239.8847, 0.626, 100, 50, 0
L 240.2343, -239.8847, 0.626, 228.2343, -252.421, 0.626, 100, 50, 0
L 228.2812, -254.21, 0.626, 225.5312, -254.224, 0.626, 100, 50, 0
L 225.5312, -249.6688, 0.626, 237.5781, -239.73, 0.626, 100, 50, 0
L 237.5781, -239.73, 0.626, 237.5781, -198.4026, 0.626, 100, 50, 0
L 237.5781, -198.4026, 0.626, 237.5781, -184.1596, 0.626, 0, 127, 0
L 237.5781, -184.1596, 0.626, 226.8523, -179.3477, 0.626, 0, 127, 0
L 226.8523, -179.3477, 0.626, 215.7006, -168.1958, 0.626, 0, 127, 0
L 215.7006, -168.1958, 0.626, 215.6757, -154.9857, 0.626, 0, 127, 0
L 215.6757, -154.9857, 0.626, 231.8936, -165.5426, 0.626, 0, 127, 0
L 231.8936, -165.5426, 0.626, 241.4798, -168.3311, 0.626, 0, 127, 0
L 241.4798, -168.3311, 0.626, 262.4409, -180.277, 0.626, 0, 127, 0
L 262.4409, -180.277, 0.626, 251.111, -216.2343, 0.626, 0, 127, 0
L 192.25, 79.6247, 12.6259, 180.698, 79.6372, 12.6259, 100, 50, 0
L 180.698, 79.6372, 12.6259, 172.732, 71.6406, 12.6259, 100, 50, 0
L 172.2656, 71.8328, 12.6259, 172.2656, 48.1047, 12.6259, 100, 50, 0
L 172.2656, 48.1047, 12.6259, 180.889, 40.2813, 12.6259, 100, 50, 0
L 194.25, 35.6987, 12.6259, 179.8843, 35.6741, 12.6259, 100, 50, 0
L 179.8843, 35.6741, 12.6259, 167.6411, 47.8277, 12.6259, 100, 50, 0
L 167.6411, 47.8277, 12.6259, 167.6093, 71.6406, 12.6259, 100, 50, 0
L 172.732, 71.6406, 12.6259, 158.2656, 71.6406, 12.6259, 100, 50, 0
L 158.2656, 71.6406, 12.6259, 158.2656, 48.1049, 12.6259, 100, 50, 0
L 158.2656, 48.1049, 12.6259, 180.853, 26.328, 12.6259, 100, 50, 0
L 180.853, 26.328, 12.6259, 199.5781, 26.328, 12.6259, 100, 50, 0
L 199.5781, 26.328, 12.6259, 199.5781, 51.6561, 12.6259, 100, 50, 0
L 187.7858, 51.6561, 12.6259, 183.625, 55.8171, 12.6259, 100, 50, 0
L 188.2656, 63.6405, 12.6259, 188.2656, 56.2969, 12.6259, 100, 50, 0
L 188.2656, 56.2969, 12.6259, 199.5781, 56.2969, 12.6259, 100, 50, 0
L 199.5781, 56.2969, 12.6259, 199.8915, 72.6814, 12.6259, 100, 50, 0
L 199.8915, 72.6814, 12.6259, 203.5819, 80.639, 12.6259, 100, 50, 0
L 204.4279, 70.2784, 19.6405, 202.1168, 65.6563, 21.6674, 100, 50, 0
L 199.5773, 65.6561, 24.7559, 199.5781, 75.6406, 26.626, 100, 50, 0
L 199.5781, 75.6406, 26.626, 191.4593, 75.5836, 27.237, 100, 50, 0
L 191.4593, 75.5836, 27.237, 184.4245, 76.5741, 32.2997, 100, 50, 0
L 184.4245, 76.5741, 32.2997, 175.2999, 67.7903, 33.7961, 100, 50, 0
L 175.2999, 67.7903, 33.7961, 176.2656, 61.9791, 38.6255, 100, 50, 0
L 176.2656, 61.9791, 38.6255, 176.2656, 52.6069, 38.6259, 100, 50, 0
L 176.2656, 52.6069, 38.6259, 184.4799, 44.2969, 38.6259, 100, 50, 0
L 184.4799, 44.2969, 38.6259, 191.4987, 44.2969, 38.6259, 100, 50, 0
L 191.4987, 44.2969, 38.6259, 191.5886, 51.8795, 38.6259, 100, 50, 0
L 191.5886, 51.8795, 38.6259, 183.5783, 61.9241, 38.6259, 100, 50, 0
L 183.5783, 61.9241, 38.6259, 183.611, 68.2813, 33.692, 100, 50, 0
L 201.2185, 58.2971, 22.626, 213.5781, 58.2972, 22.626, 100, 50, 0
L 217.5937, 79.8276, 15.6259, 214.96, 83.1496, 13.6259, 100, 50, 0
L 214.96, 83.1496, 13.6259, 203.592, 93.6406, 12.6259, 100, 50, 0
L 180.889, 93.6561, 6.626, 165.7618, 79.329, 1.6259, 100, 50, 0
L 165.7618, 79.329, 1.6259, 158.3288, 71.896, 1.608, 100, 50, 0
L 158.3288, 71.896, 1.608, 158.2655, 71.6546, 0.626, 100, 50, 0
L 169.6234, 83.1906, 1.6259, 169.6234, 72.2078, 1.6259, 100, 50, 0
L 171.6234, 74.1233, 2.6259, 171.6304, 85.1975, 2.6467, 100, 50, 0
L 173.6234, 87.1906, 3.6259, 173.4436, 75.9389, 3.6259, 100, 50, 0
L 175.6234, 78.1186, 4.626, 175.6366, 89.2039, 4.6623, 100, 50, 0
L 177.6234, 91.1906, 5.626, 177.6234, 80.1186, 5.626, 100, 50, 0
L 179.6234, 82.121, 6.626, 179.6262, 93.1935, 6.6349, 100, 50, 0
L 181.6231, 93.6406, 7.626, 181.6349, 82.2968, 7.6585, 100, 50, 0
L 183.6702, 82.2968, 8.7218, 183.6234, 93.6406, 8.6259, 100, 50, 0
L 185.6234, 93.6406, 9.6259, 185.6254, 82.2968, 9.6326, 100, 50, 0
L 187.6234, 82.2968, 10.6259, 187.6234, 93.6406, 10.6259, 100, 50, 0
L 189.6234, 93.6561, 11.6259, 189.6304, 82.2813, 11.6466, 100, 50, 0
L 203.592, 93.6406, 12.6259, 203.5819, 80.639, 12.6259, 100, 50, 0
L 215.1281, 82.2827, 13.6259, 204.34, 82.2827, 13.6262, 100, 50, 0
L 217.128, 80.2827, 14.6259, 206.2187, 80.2828, 14.6259, 100, 50, 0
L 206.2343, 78.2828, 15.6259, 217.5781, 78.2827, 15.6266, 100, 50, 0
L 217.5781, 76.2826, 16.6265, 206.2343, 76.1837, 16.779, 100, 50, 0
L 206.2343, 74.2828, 17.626, 217.5781, 74.2827, 17.6265, 100, 50, 0
L 216.6964, 72.2827, 18.6265, 205.4156, 72.2536, 18.6938, 100, 50, 0
L 204.4279, 70.2784, 19.6396, 215.6964, 70.2827, 19.6261, 100, 50, 0
L 214.6964, 68.2828, 20.6261, 203.4271, 68.277, 20.6436, 100, 50, 0
L 202.4277, 66.2781, 21.6403, 213.6964, 66.2827, 21.6264, 100, 50, 0
L 201.2182, 65.6406, 22.6327, 201.2185, 58.2969, 22.6321, 100, 50, 0
L 200.2202, 58.2969, 23.6266, 200.2204, 65.6406, 23.626, 100, 50, 0
L 152.2656, -61.6642, -2.3464, 159.6093, -61.6546, -2.374, 64, 64, 64
L 159.6093, -63.6546, -1.374, 152.2656, -63.6563, -1.3685, 64, 64, 64
L 152.2656, -65.668, -0.3372, 159.6092, -65.6546, -0.374, 64, 64, 64
L 159.6093, -67.6546, 0.626, 152.2656, -67.664, 0.6529, 64, 64, 64
L 152.2656, -69.6681, 1.6629, 159.6093, -69.6546, 1.6259, 64, 64, 64
L 159.6093, -61.6546, -2.374, 159.6093, -71.3113, 2.6259, 64, 64, 64
L 159.6093, -71.3113, 2.6259, 159.6117, -74.3436, 2.6259, 64, 64, 64
L 165.6093, -74.2967, 2.6259, 165.6831, -92.1761, 2.6259, 64, 64, 64
L 165.6831, -92.1761, 2.6259, 170.431, -92.2794, 2.6259, 64, 64, 64
L 170.431, -92.2794, 2.6259, 170.2655, -76.7608, 2.6259, 64, 64, 64
L 170.2655, -76.7608, 2.6259, 177.6093, -84.1046, 2.6259, 64, 64, 64
L 177.6093, -84.1046, 2.6259, 177.6093, -99.6406, 2.6259, 64, 64, 64
L 177.6093, -99.6406, 2.6259, 141.5625, -99.6444, 2.6259, 64, 64, 64
L 144.3125, -102.2968, 2.6259, 153.6093, -102.2968, 2.6259, 64, 64, 64
L 153.6093, -102.2968, 2.6259, 153.6093, -104.3436, 2.6259, 64, 64, 64
L 156.2564, -104.3438, 2.6259, 156.2656, -102.2968, 2.6259, 64, 64, 64
L 156.2656, -102.2968, 2.6259, 177.6093, -102.2967, 2.6259, 64, 64, 64
L 177.6093, -102.2967, 2.6259, 177.6114, -104.56, 2.6259, 64, 64, 64
L 177.6114, -104.56, 2.6259, 180.264, -104.14, 2.6259, 64, 64, 64
L 180.264, -104.14, 2.6259, 180.2656, -102.2968, 2.6259, 64, 64, 64
L 180.2656, -102.2968, 2.6259, 201.5781, -102.2965, 2.6259, 64, 64, 64
L 201.5781, -102.2965, 2.6259, 201.5781, -104.3436, 2.6259, 64, 64, 64
L 204.2342, -104.3436, 2.6259, 204.2343, -100.2827, 2.6261, 64, 64, 64
L 204.2343, -100.2827, 2.6261, 204.2343, -77.5918, 13.626, 64, 64, 64
L 201.5781, -77.608, 15.6259, 201.5781, -100.1278, 24.626, 64, 64, 64
L 201.5781, -100.1278, 24.626, 201.5781, -103.6546, 24.626, 64, 64, 64
L 201.5781, -103.6546, 24.626, 201.5781, -120.6187, 32.6259, 64, 64, 64
L 201.5781, -120.6187, 32.6259, 201.5781, -127.6093, 32.6259, 64, 64, 64
L 201.5781, -127.6093, 32.6259, 192.2495, -127.6093, 32.6326, 64, 64, 64
L 192.2495, -127.6093, 32.6326, 185.5372, -127.6093, 36.6259, 64, 64, 64
L 185.5372, -127.6093, 36.6259, 134.3125, -127.6093, 36.6259, 64, 64, 64
L 133.2653, -115.6406, 36.6259, 133.2656, -88.2968, 36.6259, 64, 64, 64
L 133.2656, -88.2968, 36.6259, 142.6093, -88.2967, 36.6259, 64, 64, 64
L 142.6093, -88.2967, 36.6259, 142.6093, -115.6406, 36.6259, 64, 64, 64
L 142.6093, -115.6406, 36.6259, 141.5625, -115.6881, 36.6259, 64, 64, 64
L 146.2653, -99.6406, 44.5947, 146.2656, -90.2987, 44.5947, 64, 64, 64
L 146.2656, -90.2987, 44.5947, 165.6093, -90.2968, 44.5947, 64, 64, 64
L 165.6093, -90.2968, 44.5947, 165.6093, -99.6406, 44.5947, 64, 64, 64
L 163.687, -99.5938, 44.5947, 163.6092, -101.1779, 44.5947, 64, 64, 64
L 163.6092, -101.1779, 44.5947, 163.6093, -116.2827, 36.6259, 64, 64, 64
L 163.6093, -116.2827, 36.6259, 148.2656, -116.2827, 36.6259, 64, 64, 64
L 148.3125, -114.2828, 37.6259, 163.6093, -114.283, 37.6259, 64, 64, 64
L 163.6093, -112.281, 38.6321, 148.2656, -112.2827, 38.6265, 64, 64, 64
L 148.2656, -110.2716, 39.6263, 163.6093, -110.2715, 39.6259, 64, 64, 64
L 163.6092, -108.2827, 40.5951, 148.2656, -108.2827, 40.5951, 64, 64, 64
L 148.2656, -106.2828, 41.5949, 163.6093, -106.2828, 41.5947, 64, 64, 64
L 163.6093, -104.2827, 42.5949, 148.2656, -104.2828, 42.5947, 64, 64, 64
L 148.2656, -102.2828, 43.5947, 163.6093, -102.2827, 43.5953, 64, 64, 64
L 163.6093, -116.2827, 36.6259, 163.6167, -118.3125, 36.6259, 64, 64, 64
L 169.2652, -115.6406, 36.6259, 169.2656, -82.2968, 36.6259, 64, 64, 64
L 169.2656, -82.2968, 36.6259, 178.6093, -82.2968, 36.6259, 64, 64, 64
L 178.6093, -82.2968, 36.6259, 178.6093, -115.6406, 36.6259, 64, 64, 64
L 192.2502, -118.3125, 32.6311, 192.2653, -103.6552, 24.6282, 64, 64, 64
L 192.2653, -103.6552, 24.6282, 192.2656, -96.1183, 24.626, 64, 64, 64
L 192.2656, -96.1183, 24.626, 192.2656, -77.6546, 14.6259, 64, 64, 64
L 192.2656, -77.6546, 14.6259, 192.2656, -68.2968, 14.6259, 64, 64, 64
L 192.2656, -68.2968, 14.6259, 213.5781, -68.2968, 14.6259, 64, 64, 64
L 213.5781, -68.2968, 14.6259, 213.5781, -77.646, 14.6259, 64, 64, 64
L 213.5781, -77.646, 14.6259, 213.5781, -102.216, 2.6259, 64, 64, 64
L 213.5781, -102.216, 2.6259, 213.5781, -133.6093, 2.6259, 64, 64, 64
L 213.5781, -133.6093, 2.6259, 204.2343, -133.6093, 2.6259, 64, 64, 64
L 201.5781, -133.6093, 2.6259, 180.2656, -133.6093, 2.6259, 64, 64, 64
L 177.6093, -133.6093, 2.6259, 156.2656, -133.6093, 2.6259, 64, 64, 64
L 156.2656, -133.6093, 2.6259, 156.2656, -131.5625, 2.6259, 64, 64, 64
L 153.6648, -131.5625, 2.6259, 153.6093, -133.6093, 2.6259, 64, 64, 64
L 153.6093, -133.6093, 2.6259, 144.2656, -133.6093, 2.6259, 64, 64, 64
L 144.2656, -133.6093, 2.6259, 144.2646, -121.5625, 2.6259, 64, 64, 64
L 134.2653, -121.6093, 2.6259, 134.2656, -84.1046, 2.6259, 64, 64, 64
L 134.2656, -84.1046, 2.6259, 141.6093, -76.7608, 2.6259, 64, 64, 64
L 141.6093, -76.7608, 2.6259, 141.6092, -91.9461, 2.6259, 64, 64, 64
L 141.6092, -91.9461, 2.6259, 146.4201, -91.9551, 2.6259, 64, 64, 64
L 146.4201, -91.9551, 2.6259, 146.5036, -74.2968, 2.6259, 64, 64, 64
L 152.1767, -74.3436, 2.6259, 152.2656, -71.3015, 2.6259, 64, 64, 64
L 152.2656, -71.3015, 2.6259, 152.2656, -59.5938, -2.374, 64, 64, 64
L 159.6092, -61.6546, -2.374, 159.6168, -59.6544, -3.3748, 64, 64, 64
L 204.2343, -100.4177, 2.6259, 213.5781, -100.283, 2.6259, 64, 64, 64
L 213.5781, -98.2827, 3.6265, 204.2343, -98.2827, 3.6265, 64, 64, 64
L 204.2343, -96.2828, 4.6261, 213.5781, -96.2827, 4.6265, 64, 64, 64
L 213.5781, -94.283, 5.626, 204.2343, -94.2828, 5.626, 64, 64, 64
L 204.2343, -92.2828, 6.6261, 213.5781, -92.2826, 6.6269, 64, 64, 64
L 213.5781, -90.2827, 7.6261, 204.2343, -90.2827, 7.6265, 64, 64, 64
L 204.2343, -88.2828, 8.626, 213.5781, -88.283, 8.6259, 64, 64, 64
L 213.5781, -86.2827, 9.626, 204.2343, -86.2828, 9.626, 64, 64, 64
L 204.2343, -84.2828, 10.626, 213.5781, -84.2828, 10.6259, 64, 64, 64
L 213.5781, -82.2814, 11.6308, 204.2343, -82.283, 11.6259, 64, 64, 64
L 204.2343, -80.2828, 12.626, 213.5781, -80.2827, 12.6266, 64, 64, 64
L 213.5781, -78.2826, 13.6268, 204.2343, -78.2828, 13.6259, 64, 64, 64
L 201.5781, -79.6546, 15.6259, 192.2656, -79.6826, 15.692, 64, 64, 64
L 192.2656, -81.6546, 16.626, 201.5781, -81.6546, 16.626, 64, 64, 64
L 201.5781, -83.6546, 17.626, 192.2656, -83.6706, 17.6685, 64, 64, 64
L 192.2656, -85.6556, 18.6292, 201.5781, -85.6546, 18.626, 64, 64, 64
L 201.5781, -87.6546, 19.626, 192.2656, -87.6735, 19.6744, 64, 64, 64
L 192.2656, -89.6556, 20.6292, 201.5781, -89.6546, 20.626, 64, 64, 64
L 201.5781, -91.6546, 21.626, 192.2656, -91.8014, 21.8135, 64, 64, 64
L 192.2655, -93.6546, 22.6261, 201.5781, -93.6546, 22.626, 64, 64, 64
L 201.578, -95.6546, 23.626, 192.2656, -95.6559, 23.6301, 64, 64, 64
L 192.2656, -103.6554, 24.6285, 201.5781, -103.6546, 24.626, 64, 64, 64
L 201.5781, -105.6546, 25.626, 192.2656, -105.6752, 25.6779, 64, 64, 64
L 192.2656, -107.6559, 26.6301, 201.5781, -107.6544, 26.626, 64, 64, 64
L 201.5781, -109.6546, 27.626, 192.2656, -109.6706, 27.6685, 64, 64, 64
L 192.2655, -111.6556, 28.6295, 201.5781, -111.6546, 28.626, 64, 64, 64
L 201.5781, -113.6546, 29.626, 192.2656, -113.7088, 29.7316, 64, 64, 64
L 192.2656, -115.6556, 30.6294, 201.5781, -115.6546, 30.626, 64, 64, 64
L 201.5781, -117.6234, 31.626, 192.2656, -117.6287, 31.6424, 64, 64, 64
L 192.2514, -118.2938, 32.6259, 192.2513, -127.6093, 32.6259, 64, 64, 64
L 190.2514, -127.6093, 33.6259, 190.2076, -118.2656, 33.7175, 64, 64, 64
L 188.2497, -118.2656, 34.6317, 188.2513, -127.6093, 34.6266, 64, 64, 64
L 186.2514, -127.6093, 35.6261, 186.2153, -118.2656, 35.7058, 64, 64, 64
L 71.1638, 167.6146, -8.874, 71.1638, 177.7121, -8.874, 64, 64, 64
L 108.281, -203.5937, -11.374, 110.2811, -203.5937, -11.374, 64, 64, 64
L 110.2811, -203.5937, -11.374, 110.2813, -206.2187, -11.374, 64, 64, 64
L 110.2813, -206.2187, -11.374, 105.6423, -206.2187, -11.374, 64, 64, 64
L 110.2813, -213.5781, -11.374, 110.2811, -216.2333, -11.374, 64, 64, 64
L 86.2811, -201.5937, -11.374, 86.2813, -204.2187, -11.374, 64, 64, 64
L 86.2813, -204.2187, -11.374, 82.2818, -204.2187, -11.374, 64, 64, 64
L 86.2811, -201.5937, -11.374, 57.6561, -201.5937, -11.374, 64, 64, 64
L 57.6561, -211.5312, -11.374, 57.6561, -201.5937, -11.374, 64, 64, 64
L 48.2813, -202.2187, -11.374, 48.2811, -189.6348, -11.374, 64, 64, 64
L 48.2813, -202.2187, -11.374, 43.6405, -202.2187, -11.374, 64, 64, 64
L 33.6875, -192.2656, -11.374, 33.6873, -172.2656, -11.374, 64, 64, 64
L 36.3125, -202.2187, -11.374, 36.3125, -199.5937, -11.374, 64, 64, 64
L 36.3125, -199.5937, -11.374, 16.328, -199.5937, -11.374, 64, 64, 64
L 36.3125, -202.2187, -11.374, 13.6875, -202.2187, -11.374, 64, 64, 64
L 13.6875, -202.2187, -11.374, 13.6875, -192.2638, -11.374, 64, 64, 64
L 13.6876, -223.5937, -11.374, 13.6873, -211.5312, -11.374, 64, 64, 64
L 68.2811, -189.625, -11.374, 58.2967, -189.625, -11.374, 64, 64, 64
L 68.2811, -189.625, -11.374, 68.2813, -192.25, -11.374, 64, 64, 64
L 68.2813, -192.25, -11.374, 55.6561, -192.25, -11.374, 64, 64, 64
L 55.6561, -192.25, -11.374, 55.6561, -172.2656, -11.374, 64, 64, 64
L 75.6563, -192.25, -11.374, 75.6561, -172.2656, -11.374, 64, 64, 64
L 78.2811, -192.25, -11.374, 78.2813, -172.2656, -11.374, 64, 64, 64
L 78.2811, -192.25, -11.374, 75.6563, -192.25, -11.374, 64, 64, 64
L 85.6561, -192.25, -11.374, 85.6561, -189.625, -11.374, 64, 64, 64
L 85.6561, -189.625, -11.374, 105.6406, -189.625, -11.374, 64, 64, 64
L 85.6561, -192.25, -11.374, 105.6406, -192.25, -11.374, 64, 64, 64
L 84.2813, -203.5937, 0.6236, 84.2813, -202.5781, 0.6236, 100, 50, 0
L 57.6561, -141.625, 0.626, 59.8218, -141.625, 0.626, 100, 50, 0
L 59.8267, -143.9441, 0.626, 59.7757, -119.625, 0.626, 100, 50, 0
L 59.7811, -122.25, 0.626, 57.6561, -122.25, 0.626, 100, 50, 0
L 57.6561, -122.25, 0.626, 57.6561, -119.625, 0.626, 100, 50, 0
L 57.6561, -143.625, 0.626, 57.6561, -141.625, 0.626, 100, 50, 0
L 36.3344, -141.625, 0.626, 36.3791, -119.625, 0.626, 100, 50, 0
L 36.5294, -122.25, 0.626, 38.3125, -122.25, 0.626, 100, 50, 0
L 38.3125, -122.25, 0.626, 38.3125, -119.625, 0.626, 100, 50, 0
L 36.4853, -141.625, 0.626, 38.3612, -141.625, 0.626, 100, 50, 0
L 36.3791, -119.625, 0.626, 38.3125, -119.625, 0.626, 100, 50, 0
L 57.6561, -119.625, 0.626, 59.8772, -119.625, 0.626, 100, 50, 0
L 60.2811, -143.6093, -11.374, 60.2811, -141.6023, -11.374, 100, 50, 0
L 60.2813, -143.6093, -11.374, 60.2811, -167.625, -11.374, 64, 64, 64
L 57.6561, -141.6584, -11.374, 57.6561, -143.625, -11.374, 100, 50, 0
L 38.3125, -143.625, -11.374, 38.3125, -141.625, -11.374, 100, 50, 0
L 38.3125, -141.625, -11.374, 35.6875, -141.625, -11.374, 100, 50, 0
L 35.6875, -141.625, -11.1992, 35.6875, -143.1829, -11.1992, 100, 50, 0
L 38.3125, -120.25, -11.374, 38.3125, -122.25, -11.374, 100, 50, 0
L 38.3125, -122.25, -11.374, 35.6636, -122.25, -11.374, 100, 50, 0
L 57.6561, -120.2497, -11.374, 57.6561, -122.25, -11.374, 100, 50, 0
L 57.6561, -122.25, -11.374, 60.2811, -122.25, -11.374, 100, 50, 0
L 60.2811, -122.25, -11.374, 60.2813, -120.4431, -11.374, 100, 50, 0
L 84.2813, -155.6306, 0.626, 81.6561, -155.6237, 0.626, 100, 50, 0
L 81.6561, -155.6237, 0.626, 81.6561, -158.25, 0.626, 100, 50, 0
L 81.6561, -158.25, 0.626, 84.2813, -158.25, 0.626, 100, 50, 0
L 84.2813, -158.25, 0.626, 84.2813, -155.6306, 0.626, 100, 50, 0
L 83.936, -146.25, 0.626, 81.6561, -146.25, 0.626, 100, 50, 0
L 81.6561, -146.25, 0.626, 81.6563, -143.915, 0.626, 100, 50, 0
L 83.9313, -155.625, 0.626, 83.9371, -143.9121, 0.626, 100, 50, 0
L 83.9371, -143.9121, 0.626, 57.6405, -143.9472, 0.626, 100, 50, 0
P -71.4591, 62.602, 0.1, 0, 127, 0, 3, to_Misty_Thicket
P 284, 365, 0.1, 0, 127, 0, 3, to_Kithicor_Forest
