L -1599, 1031, -748,  -1593, 1018, -748,  153, 153, 153
L -1593, 1018, -748,  -1501, 1017, -748,  153, 153, 153
L -1501, 1017, -748,  -1482, 979, -748,  153, 153, 153
L -1482, 979, -748,  -1481, 938, -748,  153, 153, 153
L -1481, 938, -748,  -1370, 937, -748,  153, 153, 153
L -1370, 937, -748,  -1378, 922, -748,  153, 153, 153
L -1378, 922, -748,  -1356, 905, -748,  153, 153, 153
L -1356, 905, -748,  -1332, 901, -748,  153, 153, 153
L -1332, 901, -748,  -1332, 840, -776,  153, 153, 153
L -1332, 840, -776,  -1341, 811, -778,  153, 153, 153
L -1341, 811, -778,  -1365, 810, -778,  153, 153, 153
L -1365, 810, -778,  -1365, 767, -693,  153, 153, 153
L -1365, 767, -693,  -1359, 746, -648,  153, 153, 153
L -1359, 746, -648,  -1350, 728, -648,  153, 153, 153
L -1350, 728, -648,  -1346, 708, -648,  153, 153, 153
L -1346, 708, -648,  -1345, 689, -648,  153, 153, 153
L -1345, 689, -648,  -1313, 687, -648,  153, 153, 153
L -1313, 687, -648,  -1316, 672, -648,  153, 153, 153
L -1316, 672, -648,  -1337, 622, -558,  153, 153, 153
L -1337, 622, -558,  -1341, 601, -558,  153, 153, 153
L -1341, 601, -558,  -1362, 578, -558,  153, 153, 153
L -1362, 578, -558,  -1362, 502, -528,  153, 153, 153
L -1362, 502, -528,  -1356, 482, -528,  153, 153, 153
L -1356, 482, -528,  -1356, 446, -528,  153, 153, 153
L -1356, 446, -528,  -1361, 405, -528,  153, 153, 153
L -1361, 405, -528,  -1368, 393, -528,  153, 153, 153
L -1368, 393, -528,  -1381, 395, -528,  153, 153, 153
L -1381, 395, -528,  -1388, 394, -528,  153, 153, 153
L -1388, 394, -528,  -1396, 391, -528,  153, 153, 153
L -1396, 391, -528,  -1404, 384, -528,  153, 153, 153
L -1404, 384, -528,  -1429, 384, -528,  153, 153, 153
L -1429, 384, -528,  -1430, 470, -451,  153, 153, 153
L -1430, 470, -451,  -1454, 471, -448,  153, 153, 153
L -1454, 471, -448,  -1455, 498, -444,  153, 153, 153
L -1632, 1010, -748,  -1622, 991, -748,  153, 153, 153
L -1622, 991, -748,  -1530, 990, -748,  153, 153, 153
L -1530, 990, -748,  -1508, 947, -748,  153, 153, 153
L -1508, 947, -748,  -1510, 936, -748,  153, 153, 153
L -1510, 936, -748,  -1592, 910, -748,  153, 153, 153
L -1592, 910, -748,  -1648, 909, -748,  153, 153, 153
L -1648, 909, -748,  -1670, 856, -743,  153, 153, 153
L -1670, 856, -743,  -1690, 831, -693,  153, 153, 153
L -1690, 831, -693,  -1717, 797, -618,  153, 153, 153
L -1717, 797, -618,  -1728, 743, -618,  153, 153, 153
L -1728, 743, -618,  -1746, 705, -618,  153, 153, 153
L -1746, 705, -618,  -1748, 690, -573,  153, 153, 153
L -1748, 690, -573,  -1759, 686, -568,  153, 153, 153
L -1759, 686, -568,  -1799, 685, -568,  153, 153, 153
L -1799, 685, -568,  -1819, 647, -568,  153, 153, 153
L -1819, 647, -568,  -1819, 610, -568,  153, 153, 153
L -1819, 610, -568,  -1819, 610, -568,  153, 153, 153
L -1819, 610, -568,  -1818, 571, -568,  153, 153, 153
L -1818, 571, -568,  -1815, 570, -568,  153, 153, 153
L -1815, 570, -568,  -1814, 531, -568,  153, 153, 153
L -1814, 531, -568,  -1809, 520, -568,  153, 153, 153
L -1809, 520, -568,  -1798, 510, -568,  153, 153, 153
L -1798, 510, -568,  -1796, 484, -568,  153, 153, 153
L -1796, 484, -568,  -1793, 483, -568,  153, 153, 153
L -1793, 483, -568,  -1793, 456, -568,  153, 153, 153
L -1793, 456, -568,  -1792, 431, -568,  153, 153, 153
L -1792, 431, -568,  -1731, 430, -568,  153, 153, 153
L -1731, 430, -568,  -1730, 366, -568,  153, 153, 153
L -1730, 366, -568,  -1703, 366, -568,  153, 153, 153
L -1703, 366, -568,  -1701, 382, -568,  153, 153, 153
L -1701, 382, -568,  -1661, 382, -568,  153, 153, 153
L -1661, 382, -568,  -1609, 384, -568,  153, 153, 153
L -1609, 384, -568,  -1607, 321, -568,  153, 153, 153
L -1607, 321, -568,  -1580, 321, -568,  153, 153, 153
L -1580, 321, -568,  -1575, 300, -568,  153, 153, 153
L -1575, 300, -568,  -1569, 285, -568,  153, 153, 153
L -1569, 285, -568,  -1570, 258, -568,  153, 153, 153
L -1570, 258, -568,  -1579, 256, -568,  153, 153, 153
L -1579, 256, -568,  -1583, 262, -568,  153, 153, 153
L -1583, 262, -568,  -1599, 262, -568,  153, 153, 153
L -1599, 262, -568,  -1598, 257, -568,  153, 153, 153
L -1598, 257, -568,  -1599, 253, -568,  153, 153, 153
L -1599, 253, -568,  -1602, 254, -568,  153, 153, 153
L -1602, 254, -568,  -1608, 255, -568,  153, 153, 153
L -1608, 255, -568,  -1606, 140, -568,  153, 153, 153
L -1606, 140, -568,  -1602, 139, -568,  153, 153, 153
L -1602, 139, -568,  -1595, 137, -568,  153, 153, 153
L -1595, 137, -568,  -1589, 134, -568,  153, 153, 153
L -1589, 134, -568,  -1583, 130, -568,  153, 153, 153
L -1583, 130, -568,  -1583, 130, -568,  153, 153, 153
L -1583, 130, -568,  -1579, 128, -568,  153, 153, 153
L -1579, 128, -568,  -1573, 117, -568,  153, 153, 153
L -1573, 117, -568,  -1561, 116, -568,  153, 153, 153
L -1561, 116, -568,  -1558, 105, -568,  153, 153, 153
L -1558, 105, -568,  -1576, 64, -568,  153, 153, 153
L -1576, 64, -568,  -1587, 19, -568,  153, 153, 153
L -1587, 19, -568,  -1588, -50, -558,  153, 153, 153
L -1588, -50, -558,  -1777, -51, -558,  153, 153, 153
L -1777, -51, -558,  -1778, -247, -558,  153, 153, 153
L -1778, -247, -558,  -1399, -249, -558,  153, 153, 153
L -1399, -249, -558,  -1398, -298, -558,  153, 153, 153
L -1398, -298, -558,  -1338, -300, -558,  153, 153, 153
L -1338, -300, -558,  -1338, -396, -558,  153, 153, 153
L -1338, -396, -558,  -1332, -397, -558,  153, 153, 153
L -1332, -397, -558,  -1332, -401, -558,  153, 153, 153
L -1332, -401, -558,  -1376, -402, -558,  153, 153, 153
L -1376, -402, -558,  -1376, -447, -558,  153, 153, 153
L -1376, -447, -558,  -1381, -447, -558,  153, 153, 153
L -1381, -447, -558,  -1382, -402, -558,  153, 153, 153
L -1382, -402, -558,  -1426, -402, -558,  153, 153, 153
L -1426, -402, -558,  -1426, -468, -558,  153, 153, 153
L -1426, -468, -558,  -1382, -468, -558,  153, 153, 153
L -1382, -468, -558,  -1381, -458, -558,  153, 153, 153
L -1381, -458, -558,  -1377, -459, -558,  153, 153, 153
L -1377, -459, -558,  -1376, -468, -558,  153, 153, 153
L -1376, -468, -558,  -1312, -468, -500,  153, 153, 153
L -1312, -468, -500,  -1313, -402, -558,  153, 153, 153
L -1313, -402, -558,  -1322, -401, -558,  153, 153, 153
L -1322, -401, -558,  -1321, -396, -558,  153, 153, 153
L -1321, -396, -558,  -1183, -396, -558,  153, 153, 153
L -1183, -396, -558,  -1183, -325, -558,  153, 153, 153
L -1183, -325, -558,  -1152, -324, -558,  153, 153, 153
L -1152, -324, -558,  -1152, -310, -558,  153, 153, 153
L -1152, -310, -558,  -1120, -271, -558,  153, 153, 153
L -1120, -271, -558,  -1072, -271, -518,  153, 153, 153
L -1072, -271, -518,  -1072, -223, -558,  153, 153, 153
L -1072, -223, -558,  -1074, -222, -558,  153, 153, 153
L -1074, -222, -558,  -1073, -215, -558,  153, 153, 153
L -1073, -215, -558,  -1072, -214, -558,  153, 153, 153
L -1072, -214, -558,  -1070, -164, -558,  153, 153, 153
L -1070, -164, -558,  -999, -165, -558,  153, 153, 153
L -999, -165, -558,  -998, -228, -558,  153, 153, 153
L -998, -228, -558,  -945, -227, -558,  153, 153, 153
L -945, -227, -558,  -944, -217, -558,  153, 153, 153
L -944, -217, -558,  -905, -217, -558,  153, 153, 153
L -905, -217, -558,  -915, -211, -558,  153, 153, 153
L -915, -211, -558,  -919, -204, -558,  153, 153, 153
L -907, -180, -558,  -895, -179, -558,  153, 153, 153
L -895, -179, -558,  -887, -183, -558,  153, 153, 153
L -887, -183, -558,  -880, -198, -558,  153, 153, 153
L -880, -198, -558,  -885, -210, -558,  153, 153, 153
L -885, -210, -558,  -896, -217, -558,  153, 153, 153
L -896, -217, -558,  -872, -217, -558,  153, 153, 153
L -872, -217, -558,  -872, -151, -558,  153, 153, 153
L -872, -151, -558,  -846, -71, -508,  153, 153, 153
L -846, -71, -508,  -772, -71, -448,  153, 153, 153
L -772, -71, -448,  -771, -217, -648,  153, 153, 153
L -771, -217, -648,  -749, -218, -648,  153, 153, 153
L -749, -218, -648,  -749, -290, -1008,  153, 153, 153
L -749, -290, -1008,  -808, -291, -1008,  153, 153, 153
L -662, -305, -1008,  -662, -291, -1008,  153, 153, 153
L -662, -291, -1008,  -720, -291, -1008,  153, 153, 153
L -720, -291, -1008,  -721, -218, -648,  153, 153, 153
L -721, -218, -648,  -692, -217, -648,  153, 153, 153
L -692, -217, -648,  -691, -99, -648,  153, 153, 153
L -691, -99, -648,  -649, -99, -448,  153, 153, 153
L -689, -216, -448,  -669, -217, -448,  153, 153, 153
L -669, -217, -448,  -669, -162, -448,  153, 153, 153
L -669, -162, -448,  -677, -161, -448,  153, 153, 153
L -677, -161, -448,  -677, -113, -448,  153, 153, 153
L -677, -113, -448,  -656, -114, -448,  153, 153, 153
L -656, -114, -448,  -657, -119, -448,  153, 153, 153
L -657, -119, -448,  -670, -120, -448,  153, 153, 153
L -670, -120, -448,  -670, -154, -448,  153, 153, 153
L -670, -154, -448,  -627, -154, -448,  153, 153, 153
L -627, -154, -448,  -627, -120, -437,  153, 153, 153
L -627, -120, -437,  -645, -119, -448,  153, 153, 153
L -645, -119, -448,  -645, -113, -448,  153, 153, 153
L -645, -113, -448,  -622, -112, -448,  153, 153, 153
L -622, -112, -448,  -620, -98, -439,  153, 153, 153
L -620, -98, -439,  -593, -100, -288,  153, 153, 153
L -591, -80, -289,  -621, -81, -448,  153, 153, 153
L -621, -81, -448,  -622, -28, -415,  153, 153, 153
L -622, -28, -415,  -678, -26, -448,  153, 153, 153
L -678, -26, -448,  -679, -48, -448,  153, 153, 153
L -679, -48, -448,  -773, -48, -448,  153, 153, 153
L -773, -48, -448,  -774, -51, -448,  153, 153, 153
L -774, -51, -448,  -835, -51, -448,  153, 153, 153
L -835, -51, -448,  -837, -39, -558,  153, 153, 153
L -837, -39, -558,  -906, -39, -558,  153, 153, 153
L -906, -39, -558,  -906, -49, -558,  153, 153, 153
L -906, -49, -558,  -918, -51, -558,  153, 153, 153
L -918, -51, -558,  -919, -71, -558,  153, 153, 153
L -919, -71, -558,  -1004, -111, -558,  153, 153, 153
L -1004, -111, -558,  -1004, -117, -558,  153, 153, 153
L -1004, -117, -558,  -1005, -118, -558,  153, 153, 153
L -1005, -118, -558,  -1005, -138, -558,  153, 153, 153
L -1005, -138, -558,  -1011, -144, -558,  153, 153, 153
L -1011, -144, -558,  -1063, -143, -558,  153, 153, 153
L -1063, -143, -558,  -1064, -112, -558,  153, 153, 153
L -1064, -112, -558,  -1078, -112, -558,  153, 153, 153
L -1078, -112, -558,  -1071, -118, -558,  153, 153, 153
L -1071, -118, -558,  -1071, -129, -558,  153, 153, 153
L -1071, -129, -558,  -1079, -139, -558,  153, 153, 153
L -1079, -139, -558,  -1086, -139, -558,  153, 153, 153
L -1086, -139, -558,  -1094, -136, -558,  153, 153, 153
L -1099, -125, -558,  -1097, -116, -558,  153, 153, 153
L -1097, -116, -558,  -1092, -112, -558,  153, 153, 153
L -1092, -112, -558,  -1115, -111, -558,  153, 153, 153
L -1115, -111, -558,  -1151, -52, -558,  153, 153, 153
L -1151, -52, -558,  -1551, -52, -558,  153, 153, 153
L -1551, -52, -558,  -1552, 15, -568,  153, 153, 153
L -1552, 15, -568,  -1532, 59, -568,  153, 153, 153
L -1532, 59, -568,  -1531, 116, -568,  153, 153, 153
L -1531, 116, -568,  -1487, 135, -568,  153, 153, 153
L -1487, 135, -568,  -1487, 189, -559,  153, 153, 153
L -1487, 189, -559,  -1476, 217, -458,  153, 153, 153
L -1476, 217, -458,  -1483, 233, -398,  153, 153, 153
L -1483, 233, -398,  -1485, 243, -361,  153, 153, 153
L -1485, 243, -361,  -1485, 262, -358,  153, 153, 153
L -1485, 262, -358,  -1552, 264, -338,  153, 153, 153
L -1552, 264, -338,  -1551, 280, -338,  153, 153, 153
L -1551, 280, -338,  -1530, 282, -338,  153, 153, 153
L -1530, 282, -338,  -1529, 284, -338,  153, 153, 153
L -1529, 284, -338,  -1522, 289, -338,  153, 153, 153
L -1522, 289, -338,  -1522, 293, -338,  153, 153, 153
L -1522, 293, -338,  -1525, 298, -338,  153, 153, 153
L -1525, 298, -338,  -1527, 309, -338,  153, 153, 153
L -1527, 309, -338,  -1521, 322, -338,  153, 153, 153
L -1521, 322, -338,  -1511, 324, -338,  153, 153, 153
L -1511, 324, -338,  -1506, 314, -338,  153, 153, 153
L -1506, 314, -338,  -1502, 305, -338,  153, 153, 153
L -1502, 305, -338,  -1501, 301, -338,  153, 153, 153
L -1501, 301, -338,  -1479, 301, -338,  153, 153, 153
L -1479, 301, -338,  -1478, 328, -338,  153, 153, 153
L -1478, 328, -338,  -1433, 329, -275,  153, 153, 153
L -1433, 329, -275,  -1432, 383, -338,  153, 153, 153
L -1432, 383, -338,  -1432, 462, -338,  153, 153, 153
L -1432, 462, -338,  -1431, 469, -338,  153, 153, 153
L -1470, 469, -338,  -1468, 509, -448,  153, 153, 153
L -1468, 509, -448,  -1452, 536, -448,  153, 153, 153
L -1452, 536, -448,  -1410, 537, -509,  153, 153, 153
L -1410, 537, -509,  -1410, 544, -532,  153, 153, 153
L -1410, 544, -532,  -1464, 544, -508,  153, 153, 153
L -1464, 544, -508,  -1481, 509, -498,  153, 153, 153
L -1481, 509, -498,  -1492, 469, -418,  153, 153, 153
L -1492, 469, -418,  -1490, 434, -338,  153, 153, 153
L -1490, 434, -338,  -1490, 370, -338,  153, 153, 153
L -1378, 789, -778,  -1370, 769, -698,  153, 153, 153
L -1370, 769, -698,  -1373, 749, -648,  153, 153, 153
L -1373, 749, -648,  -1364, 730, -648,  153, 153, 153
L -1364, 730, -648,  -1358, 709, -648,  153, 153, 153
L -1358, 709, -648,  -1360, 687, -648,  153, 153, 153
L -1360, 687, -648,  -1449, 687, -598,  153, 153, 153
L -1449, 687, -598,  -1449, 631, -538,  153, 153, 153
L -1449, 631, -538,  -1420, 630, -538,  153, 153, 153
L -1420, 630, -538,  -1421, 577, -508,  153, 153, 153
L -1421, 577, -508,  -1479, 575, -508,  153, 153, 153
L -1479, 575, -508,  -1479, 549, -498,  153, 153, 153
L -1479, 549, -498,  -1500, 508, -497,  153, 153, 153
L -1500, 508, -497,  -1508, 475, -431,  153, 153, 153
L -1508, 475, -431,  -1509, 451, -382,  153, 153, 153
L -1509, 451, -382,  -1509, 394, -338,  153, 153, 153
L -1509, 394, -338,  -1508, 365, -338,  153, 153, 153
L -1508, 365, -338,  -1534, 348, -338,  153, 153, 153
L -1534, 348, -338,  -1535, 298, -338,  153, 153, 153
L -1535, 298, -338,  -1563, 297, -338,  153, 153, 153
L -1563, 297, -338,  -1568, 289, -338,  153, 153, 153
L -1568, 289, -338,  -1569, 263, -338,  153, 153, 153
L -1569, 263, -338,  -1608, 262, -338,  153, 153, 153
L -1608, 262, -338,  -1608, 245, -338,  153, 153, 153
L -1608, 245, -338,  -1608, 163, -568,  153, 153, 153
L -1608, 163, -568,  -1606, 140, -568,  153, 153, 153
L -1606, 140, -568,  -1586, 133, -568,  153, 153, 153
L -1586, 133, -568,  -1579, 128, -568,  153, 153, 153
L -1579, 128, -568,  -1574, 117, -568,  153, 153, 153
L -1551, 263, -568,  -1552, 284, -568,  153, 153, 153
L -1552, 284, -568,  -1557, 297, -568,  153, 153, 153
L -1557, 297, -568,  -1562, 323, -568,  153, 153, 153
L -1562, 323, -568,  -1574, 337, -568,  153, 153, 153
L -1574, 337, -568,  -1591, 346, -568,  153, 153, 153
L -1591, 346, -568,  -1562, 346, -568,  153, 153, 153
L -1562, 346, -568,  -1561, 460, -568,  153, 153, 153
L -1561, 460, -568,  -1542, 479, -568,  153, 153, 153
L -1542, 479, -568,  -1541, 570, -568,  153, 153, 153
L -1541, 570, -568,  -1528, 570, -515,  153, 153, 153
L -1528, 570, -515,  -1527, 513, -508,  153, 153, 153
L -1527, 513, -508,  -1498, 546, -574,  153, 153, 153
L -1498, 546, -574,  -1487, 548, -553,  153, 153, 153
L -1487, 548, -553,  -1487, 572, -554,  153, 153, 153
L -1487, 572, -554,  -1498, 573, -598,  153, 153, 153
L -1498, 573, -598,  -1497, 664, -599,  153, 153, 153
L -1497, 664, -599,  -1489, 668, -598,  153, 153, 153
L -1489, 668, -598,  -1489, 709, -598,  153, 153, 153
L -1489, 709, -598,  -1531, 710, -598,  153, 153, 153
L -1531, 710, -598,  -1532, 695, -598,  153, 153, 153
L -1532, 695, -598,  -1561, 695, -610,  153, 153, 153
L -1561, 695, -610,  -1561, 840, -719,  153, 153, 153
L -1561, 840, -719,  -1545, 859, -748,  153, 153, 153
L -1545, 859, -748,  -1530, 858, -750,  153, 153, 153
L -1530, 858, -750,  -1519, 852, -759,  153, 153, 153
L -1519, 852, -759,  -1511, 842, -773,  153, 153, 153
L -1511, 842, -773,  -1508, 833, -778,  153, 153, 153
L -1508, 833, -778,  -1442, 814, -778,  153, 153, 153
L -1442, 814, -778,  -1379, 810, -778,  153, 153, 153
L -1379, 810, -778,  -1378, 789, -778,  153, 153, 153
L -1661, 656, -568,  -1720, 627, -568,  153, 153, 153
L -1720, 627, -568,  -1750, 571, -568,  153, 153, 153
L -1750, 571, -568,  -1750, 541, -568,  153, 153, 153
L -1750, 541, -568,  -1720, 487, -568,  153, 153, 153
L -1720, 487, -568,  -1662, 457, -568,  153, 153, 153
L -1639, 458, -568,  -1579, 488, -568,  153, 153, 153
L -1579, 488, -568,  -1550, 541, -568,  153, 153, 153
L -1550, 541, -568,  -1550, 574, -568,  153, 153, 153
L -1550, 574, -568,  -1579, 626, -568,  153, 153, 153
L -1579, 626, -568,  -1638, 656, -568,  153, 153, 153
L -1760, -110, -558,  -1380, -110, -558,  0, 0, 255
L -1380, -110, -558,  -1380, -230, -559,  0, 0, 255
L -1380, -230, -559,  -1759, -230, -558,  0, 0, 255
L -1759, -230, -558,  -1759, -110, -558,  0, 0, 255
L -1760, -160, -558,  -1590, -160, -578,  153, 153, 153
L -1590, -160, -578,  -1590, -150, -588,  153, 153, 153
L -1590, -150, -588,  -1579, -150, -578,  153, 153, 153
L -1579, -150, -578,  -1579, -110, -558,  153, 153, 153
L -1561, -110, -558,  -1560, -150, -578,  153, 153, 153
L -1560, -150, -578,  -1550, -150, -590,  153, 153, 153
L -1550, -150, -590,  -1550, -160, -580,  153, 153, 153
L -1550, -160, -580,  -1492, -158, -666,  153, 153, 153
L -1492, -158, -666,  -1491, -154, -680,  153, 153, 153
L -1491, -154, -680,  -1459, -154, -696,  153, 153, 153
L -1459, -154, -696,  -1460, -187, -702,  153, 153, 153
L -1460, -187, -702,  -1492, -185, -704,  153, 153, 153
L -1492, -185, -704,  -1492, -182, -674,  153, 153, 153
L -1492, -182, -674,  -1548, -182, -657,  153, 153, 153
L -1548, -182, -657,  -1549, -191, -706,  153, 153, 153
L -1549, -191, -706,  -1558, -192, -649,  153, 153, 153
L -1558, -192, -649,  -1558, -228, -650,  153, 153, 153
L -1580, -230, -558,  -1578, -189, -588,  153, 153, 153
L -1578, -189, -588,  -1589, -190, -588,  153, 153, 153
L -1589, -190, -588,  -1589, -180, -581,  153, 153, 153
L -1589, -180, -581,  -1757, -180, -578,  153, 153, 153
L -1352, -252, -558,  -1371, -251, -558,  153, 153, 153
L -1371, -251, -558,  -1371, -130, -558,  153, 153, 153
L -1371, -130, -558,  -1352, -128, -558,  153, 153, 153
L -1352, -128, -558,  -1350, -118, -558,  153, 153, 153
L -1350, -118, -558,  -1342, -118, -558,  153, 153, 153
L -1342, -118, -558,  -1341, -99, -558,  153, 153, 153
L -1341, -99, -558,  -1179, -99, -558,  153, 153, 153
L -1179, -99, -558,  -1178, -118, -558,  153, 153, 153
L -1178, -118, -558,  -1169, -119, -558,  153, 153, 153
L -1169, -119, -558,  -1168, -128, -558,  153, 153, 153
L -1168, -128, -558,  -1149, -129, -558,  153, 153, 153
L -1149, -129, -558,  -1149, -182, -558,  153, 153, 153
L -1149, -182, -558,  -1161, -181, -558,  153, 153, 153
L -1161, -181, -558,  -1162, -142, -558,  153, 153, 153
L -1162, -142, -558,  -1181, -141, -558,  153, 153, 153
L -1181, -141, -558,  -1182, -132, -558,  153, 153, 153
L -1182, -132, -558,  -1192, -130, -558,  153, 153, 153
L -1192, -130, -558,  -1192, -112, -558,  153, 153, 153
L -1192, -112, -558,  -1328, -112, -558,  153, 153, 153
L -1328, -112, -558,  -1329, -131, -558,  153, 153, 153
L -1329, -131, -558,  -1338, -132, -558,  153, 153, 153
L -1338, -132, -558,  -1340, -141, -558,  153, 153, 153
L -1340, -141, -558,  -1358, -142, -558,  153, 153, 153
L -1358, -142, -558,  -1358, -238, -558,  153, 153, 153
L -1358, -238, -558,  -1339, -239, -558,  153, 153, 153
L -1339, -239, -558,  -1338, -248, -558,  153, 153, 153
L -1338, -248, -558,  -1329, -249, -558,  153, 153, 153
L -1329, -249, -558,  -1328, -268, -558,  153, 153, 153
L -1328, -268, -558,  -1192, -268, -558,  153, 153, 153
L -1192, -268, -558,  -1191, -249, -558,  153, 153, 153
L -1191, -249, -558,  -1182, -248, -558,  153, 153, 153
L -1182, -248, -558,  -1181, -239, -558,  153, 153, 153
L -1181, -239, -558,  -1162, -238, -558,  153, 153, 153
L -1162, -238, -558,  -1161, -199, -558,  153, 153, 153
L -1161, -199, -558,  -1149, -199, -558,  153, 153, 153
L -1149, -199, -558,  -1149, -251, -558,  153, 153, 153
L -1149, -251, -558,  -1168, -252, -558,  153, 153, 153
L -1168, -252, -558,  -1169, -261, -558,  153, 153, 153
L -1169, -261, -558,  -1178, -262, -558,  153, 153, 153
L -1178, -262, -558,  -1179, -281, -558,  153, 153, 153
L -1179, -281, -558,  -1341, -281, -558,  153, 153, 153
L -1341, -281, -558,  -1342, -262, -558,  153, 153, 153
L -1342, -262, -558,  -1352, -260, -558,  153, 153, 153
L -1352, -260, -558,  -1352, -252, -558,  153, 153, 153
L -1262, -374, -558,  -1321, -373, -558,  153, 153, 153
L -1321, -373, -558,  -1321, -329, -558,  153, 153, 153
L -1321, -329, -558,  -1197, -329, -558,  153, 153, 153
L -1197, -329, -558,  -1197, -384, -558,  153, 153, 153
L -1197, -384, -558,  -1261, -384, -558,  153, 153, 153
L -1261, -384, -558,  -1262, -373, -558,  153, 153, 153
L -808, -291, -1008,  -808, -300, -1008,  153, 153, 153
L -781, -319, -1008,  -689, -319, -1008,  153, 153, 153
L 91, -818, -908,  116, -819, -908,  153, 153, 153
L 116, -819, -908,  116, -837, -878,  153, 153, 153
L 116, -837, -878,  83, -838, -878,  153, 153, 153
L 83, -838, -878,  63, -861, -878,  153, 153, 153
L 63, -861, -878,  33, -862, -878,  153, 153, 153
L 33, -862, -878,  -1, -897, -878,  153, 153, 153
L -1, -897, -878,  -2, -1011, -878,  153, 153, 153
L -2, -1011, -878,  -32, -1010, -758,  153, 153, 153
L -32, -1010, -758,  -32, -1002, -758,  153, 153, 153
L -32, -1002, -758,  -40, -1001, -758,  153, 153, 153
L -40, -1001, -758,  -41, -975, -618,  153, 153, 153
L -41, -975, -618,  -26, -975, -618,  153, 153, 153
L -26, -975, -618,  -26, -1001, -468,  153, 153, 153
L -26, -1001, -468,  -26, -1065, -591,  153, 153, 153
L -26, -1065, -591,  -41, -1065, -618,  153, 153, 153
L -41, -1065, -618,  -41, -1039, -758,  153, 153, 153
L -41, -1039, -758,  -32, -1038, -758,  153, 153, 153
L -32, -1038, -758,  -31, -1029, -758,  153, 153, 153
L -31, -1029, -758,  -2, -1029, -878,  153, 153, 153
L -2, -1029, -878,  -1, -1089, -878,  153, 153, 153
L -1, -1089, -878,  51, -1142, -878,  153, 153, 153
L 51, -1142, -878,  115, -1143, -878,  153, 153, 153
L 115, -1143, -878,  115, -1219, -878,  153, 153, 153
L 115, -1219, -878,  51, -1220, -928,  153, 153, 153
L 51, -1220, -928,  11, -1292, -929,  153, 153, 153
L 11, -1292, -929,  10, -1335, -988,  153, 153, 153
L 10, -1335, -988,  -30, -1335, -988,  153, 153, 153
L -30, -1335, -988,  -31, -1315, -988,  153, 153, 153
L -31, -1315, -988,  -33, -1314, -988,  153, 153, 153
L -33, -1314, -988,  -34, -1312, -988,  153, 153, 153
L -34, -1312, -988,  -92, -1312, -988,  153, 153, 153
L -92, -1312, -988,  -93, -1314, -988,  153, 153, 153
L -93, -1314, -988,  -95, -1315, -988,  153, 153, 153
L -95, -1315, -988,  -97, -1339, -988,  153, 153, 153
L -97, -1339, -988,  -103, -1340, -988,  153, 153, 153
L -103, -1340, -988,  -103, -1316, -988,  153, 153, 153
L -103, -1316, -988,  -126, -1316, -988,  153, 153, 153
L -126, -1316, -988,  -126, -1372, -988,  153, 153, 153
L -126, -1372, -988,  -103, -1372, -988,  153, 153, 153
L -103, -1372, -988,  -102, -1350, -988,  153, 153, 153
L -102, -1350, -988,  -96, -1350, -988,  153, 153, 153
L -96, -1350, -988,  -95, -1373, -988,  153, 153, 153
L -95, -1373, -988,  -93, -1374, -988,  153, 153, 153
L -93, -1374, -988,  -92, -1376, -988,  153, 153, 153
L -92, -1376, -988,  -72, -1377, -988,  153, 153, 153
L -72, -1377, -988,  -72, -1439, -988,  153, 153, 153
L -72, -1439, -988,  -95, -1440, -988,  153, 153, 153
L -95, -1440, -988,  -95, -1496, -988,  153, 153, 153
L -95, -1496, -988,  -55, -1496, -988,  153, 153, 153
L -55, -1496, -988,  -54, -1377, -988,  153, 153, 153
L -54, -1377, -988,  -34, -1376, -988,  153, 153, 153
L -34, -1376, -988,  -33, -1374, -988,  153, 153, 153
L -33, -1374, -988,  -31, -1373, -988,  153, 153, 153
L -31, -1373, -988,  -30, -1353, -988,  153, 153, 153
L -30, -1353, -988,  10, -1353, -988,  153, 153, 153
L 10, -1353, -988,  11, -1508, -988,  153, 153, 153
L 11, -1508, -988,  233, -1508, -988,  153, 153, 153
L 233, -1508, -988,  234, -1353, -988,  153, 153, 153
L 234, -1353, -988,  279, -1353, -988,  153, 153, 153
L 279, -1353, -988,  280, -1376, -988,  153, 153, 153
L 280, -1376, -988,  344, -1376, -988,  153, 153, 153
L 344, -1376, -988,  344, -1312, -988,  153, 153, 153
L 344, -1312, -988,  280, -1312, -988,  153, 153, 153
L 280, -1312, -988,  279, -1335, -988,  153, 153, 153
L 279, -1335, -988,  234, -1335, -988,  153, 153, 153
L 234, -1335, -988,  233, -1292, -929,  153, 153, 153
L 233, -1292, -929,  197, -1220, -928,  153, 153, 153
L 197, -1220, -928,  139, -1219, -878,  153, 153, 153
L 139, -1219, -878,  139, -1143, -878,  153, 153, 153
L 139, -1143, -878,  197, -1142, -878,  153, 153, 153
L 197, -1142, -878,  250, -1089, -878,  153, 153, 153
L 250, -1089, -878,  251, -1029, -878,  153, 153, 153
L 251, -1029, -878,  280, -1029, -758,  153, 153, 153
L 280, -1029, -758,  281, -1038, -758,  153, 153, 153
L 281, -1038, -758,  290, -1039, -758,  153, 153, 153
L 290, -1039, -758,  290, -1065, -618,  153, 153, 153
L 290, -1065, -618,  275, -1065, -594,  153, 153, 153
L 275, -1065, -594,  275, -975, -618,  153, 153, 153
L 275, -975, -618,  290, -975, -618,  153, 153, 153
L 290, -975, -618,  290, -1001, -758,  153, 153, 153
L 290, -1001, -758,  281, -1002, -758,  153, 153, 153
L 281, -1002, -758,  280, -1011, -758,  153, 153, 153
L 280, -1011, -758,  251, -1010, -878,  153, 153, 153
L 251, -1010, -878,  250, -901, -878,  153, 153, 153
L 250, -901, -878,  221, -862, -878,  153, 153, 153
L 221, -862, -878,  191, -861, -878,  153, 153, 153
L 191, -861, -878,  171, -838, -878,  153, 153, 153
L 171, -838, -878,  138, -837, -878,  153, 153, 153
L 138, -837, -878,  138, -819, -908,  153, 153, 153
L 138, -819, -908,  167, -818, -908,  153, 153, 153
L 167, -818, -908,  167, -768, -890,  153, 153, 153
L 167, -768, -890,  151, -755, -832,  153, 153, 153
L 151, -755, -832,  140, -753, -805,  153, 153, 153
L 140, -753, -805,  141, -727, -765,  153, 153, 153
L 141, -727, -765,  134, -726, -793,  153, 153, 153
L 134, -726, -793,  132, -682, -769,  153, 153, 153
L 132, -682, -769,  116, -650, -670,  153, 153, 153
L 116, -650, -670,  111, -631, -582,  153, 153, 153
L 111, -631, -582,  111, -588, -528,  153, 153, 153
L 111, -588, -528,  101, -533, -414,  153, 153, 153
L 101, -533, -414,  99, -507, -424,  153, 153, 153
L 99, -507, -424,  103, -477, -411,  153, 153, 153
L 103, -477, -411,  111, -448, -354,  153, 153, 153
L 111, -448, -354,  112, -432, -298,  153, 153, 153
L 112, -432, -298,  111, -415, -297,  153, 153, 153
L 111, -415, -297,  125, -411, -288,  153, 153, 153
L 125, -411, -288,  127, -285, -288,  153, 153, 153
L 127, -285, -288,  175, -287, -288,  153, 153, 153
L 175, -287, -288,  175, -315, -288,  153, 153, 153
L 175, -315, -288,  176, -316, -288,  153, 153, 153
L 176, -316, -288,  175, -321, -288,  153, 153, 153
L 175, -321, -288,  173, -323, -288,  153, 153, 153
L 173, -323, -288,  169, -323, -288,  153, 153, 153
L 169, -323, -288,  169, -355, -270,  153, 153, 153
L 169, -355, -270,  174, -356, -288,  153, 153, 153
L 174, -356, -288,  175, -411, -288,  153, 153, 153
L 175, -411, -288,  367, -411, -598,  153, 153, 153
L 367, -411, -598,  367, -393, -598,  153, 153, 153
L 367, -393, -598,  377, -384, -598,  153, 153, 153
L 377, -384, -598,  368, -384, -598,  153, 153, 153
L 368, -384, -598,  363, -378, -598,  153, 153, 153
L 363, -370, -598,  372, -362, -598,  153, 153, 153
L 372, -362, -598,  382, -365, -598,  153, 153, 153
L 382, -365, -598,  385, -373, -598,  153, 153, 153
L 385, -373, -598,  383, -379, -598,  153, 153, 153
L 383, -379, -598,  438, -333, -598,  153, 153, 153
L 438, -333, -598,  333, -332, -588,  153, 153, 153
L 333, -332, -588,  334, -322, -618,  153, 153, 153
L 334, -322, -618,  355, -321, -618,  153, 153, 153
L 355, -321, -618,  355, -289, -618,  153, 153, 153
L 355, -289, -618,  295, -289, -602,  153, 153, 153
L 295, -289, -602,  295, -320, -618,  153, 153, 153
L 295, -320, -618,  324, -322, -618,  153, 153, 153
L 324, -322, -618,  323, -333, -588,  153, 153, 153
L 323, -333, -588,  295, -333, -588,  153, 153, 153
L 295, -333, -588,  294, -348, -588,  153, 153, 153
L 294, -348, -588,  262, -348, -588,  153, 153, 153
L 262, -348, -588,  261, -339, -628,  153, 153, 153
L 261, -339, -628,  287, -337, -628,  153, 153, 153
L 287, -337, -628,  287, -289, -628,  153, 153, 153
L 287, -289, -628,  199, -289, -628,  153, 153, 153
L 199, -289, -628,  199, -337, -628,  153, 153, 153
L 199, -337, -628,  248, -338, -628,  153, 153, 153
L 248, -338, -628,  248, -348, -588,  153, 153, 153
L 248, -348, -588,  192, -348, -588,  153, 153, 153
L 192, -348, -588,  193, -287, -288,  153, 153, 153
L 177, -287, -288,  179, -361, -588,  153, 153, 153
L 179, -361, -588,  226, -362, -588,  153, 153, 153
L 226, -362, -588,  225, -368, -588,  153, 153, 153
L 225, -368, -588,  183, -369, -588,  153, 153, 153
L 183, -369, -588,  183, -397, -588,  153, 153, 153
L 183, -397, -588,  267, -397, -588,  153, 153, 153
L 267, -397, -588,  267, -371, -588,  153, 153, 153
L 267, -371, -588,  231, -368, -588,  153, 153, 153
L 231, -368, -588,  231, -361, -588,  153, 153, 153
L 231, -361, -588,  318, -362, -598,  153, 153, 153
L 318, -362, -598,  319, -403, -575,  153, 153, 153
L 319, -403, -575,  320, -395, -598,  153, 153, 153
L 320, -395, -598,  328, -392, -598,  153, 153, 153
L 328, -392, -598,  333, -392, -598,  153, 153, 153
L 340, -397, -598,  341, -405, -598,  153, 153, 153
L 341, -405, -598,  339, -411, -598,  153, 153, 153
L 339, -411, -598,  367, -411, -598,  153, 153, 153
L 367, -411, -598,  441, -330, -298,  153, 153, 153
L 441, -330, -298,  512, -270, -268,  153, 153, 153
L 512, -270, -268,  531, -269, -268,  153, 153, 153
L 531, -269, -268,  531, 286, -268,  153, 153, 153
L 531, 286, -268,  353, 480, -269,  153, 153, 153
L 353, 480, -269,  199, 480, -286,  153, 153, 153
L 199, 480, -286,  198, 346, -268,  153, 153, 153
L 198, 346, -268,  124, 347, -268,  153, 153, 153
L 124, 347, -268,  122, 226, -268,  153, 153, 153
L 122, 226, -268,  -150, 224, -268,  153, 153, 153
L -150, 224, -268,  -148, 324, -268,  153, 153, 153
L -148, 324, -268,  -168, 325, -268,  153, 153, 153
L -168, 325, -268,  -167, 387, -268,  153, 153, 153
L -167, 387, -268,  -148, 388, -268,  153, 153, 153
L -148, 388, -268,  -148, 486, -269,  153, 153, 153
L -140, 488, -248,  -140, 812, -248,  153, 153, 153
L -232, 812, -248,  -232, 488, -248,  153, 153, 153
L -297, 1079, -288,  -296, 1075, -288,  153, 153, 153
L -296, 1075, -288,  -260, 1073, -288,  153, 153, 153
L -260, 1073, -288,  -207, 1060, -288,  153, 153, 153
L -207, 1060, -288,  -153, 913, -288,  153, 153, 153
L -153, 913, -288,  -150, 813, -291,  153, 153, 153
L -150, 813, -291,  -222, 813, -293,  153, 153, 153
L -222, 813, -293,  -222, 903, -288,  153, 153, 153
L -222, 903, -288,  -246, 1002, -288,  153, 153, 153
L -246, 1002, -288,  -375, 1003, -288,  153, 153, 153
L -375, 1003, -288,  -375, 1077, -288,  153, 153, 153
L -225, 487, -293,  -224, 388, -268,  153, 153, 153
L -224, 388, -268,  -205, 387, -268,  153, 153, 153
L -205, 387, -268,  -205, 325, -268,  153, 153, 153
L -205, 325, -268,  -224, 324, -268,  153, 153, 153
L -224, 324, -268,  -224, 249, -268,  153, 153, 153
L -224, 249, -268,  -223, 247, -268,  153, 153, 153
L -223, 247, -268,  -222, 244, -270,  153, 153, 153
L -222, 244, -270,  -376, 246, -238,  153, 153, 153
L -376, 246, -238,  -375, 267, -238,  153, 153, 153
L -375, 267, -238,  -248, 268, 231,  153, 153, 153
L -248, 268, 231,  -246, 331, 231,  153, 153, 153
L -246, 331, 231,  -244, 332, 231,  153, 153, 153
L -244, 332, 231,  -243, 333, 231,  153, 153, 153
L -243, 333, 231,  -229, 333, 231,  153, 153, 153
L -229, 333, 231,  -228, 332, 231,  153, 153, 153
L -228, 332, 231,  -144, 332, 231,  153, 153, 153
L -144, 332, 231,  -143, 333, 231,  153, 153, 153
L -143, 333, 231,  -130, 334, 231,  153, 153, 153
L -130, 334, 231,  -128, 332, 231,  153, 153, 153
L -128, 332, 231,  -126, 331, 231,  153, 153, 153
L -126, 331, 231,  -124, 232, -8,  153, 153, 153
L -124, 232, -8,  27, 232, -368,  153, 153, 153
L 27, 232, -368,  28, 339, -298,  153, 153, 153
L 28, 339, -298,  33, 341, -278,  153, 153, 153
L 33, 341, -278,  35, 241, -251,  153, 153, 153
L 35, 241, -251,  104, 241, -251,  153, 153, 153
L 104, 241, -251,  106, 362, -276,  153, 153, 153
L 106, 362, -276,  180, 362, -268,  153, 153, 153
L 180, 362, -268,  181, 479, -284,  153, 153, 153
L 181, 479, -284,  50, 480, -288,  153, 153, 153
L 50, 480, -288,  35, 465, -288,  153, 153, 153
L 35, 465, -288,  34, 356, -288,  153, 153, 153
L 34, 356, -288,  28, 357, -298,  153, 153, 153
L 28, 357, -298,  27, 464, -368,  153, 153, 153
L 27, 464, -368,  -120, 464, -338,  153, 153, 153
L -120, 464, -338,  -124, 460, -368,  153, 153, 153
L -124, 460, -368,  -124, 388, -368,  153, 153, 153
L -124, 388, -368,  -120, 384, -348,  153, 153, 153
L -120, 384, -348,  -90, 384, -347,  153, 153, 153
L -90, 384, -347,  -84, 387, -368,  153, 153, 153
L -84, 387, -368,  -80, 280, -368,  153, 153, 153
L -80, 280, -368,  -76, 276, -368,  153, 153, 153
L -76, 276, -368,  -33, 275, -368,  153, 153, 153
L -33, 275, -368,  -33, 269, -368,  153, 153, 153
L -33, 269, -368,  -87, 273, -68,  153, 153, 153
L -248, 268, -238,  -248, 464, -238,  153, 153, 153
L -248, 464, -238,  -404, 464, -238,  153, 153, 153
L -404, 464, -238,  -404, 371, -238,  153, 153, 153
L -404, 371, -238,  -308, 371, -238,  153, 153, 153
L -308, 371, -238,  -307, 338, -238,  153, 153, 153
L -307, 338, -238,  -332, 337, -238,  153, 153, 153
L -332, 337, -238,  -333, 308, -238,  153, 153, 153
L -333, 308, -238,  -364, 308, -238,  153, 153, 153
L -364, 308, -238,  -364, 312, -238,  153, 153, 153
L -364, 312, -238,  -339, 314, -238,  153, 153, 153
L -339, 314, -238,  -338, 343, -238,  153, 153, 153
L -338, 343, -238,  -313, 344, -154,  153, 153, 153
L -313, 344, -154,  -313, 364, -147,  153, 153, 153
L -313, 364, -147,  -404, 364, -238,  153, 153, 153
L -404, 364, -238,  -404, 314, -238,  153, 153, 153
L -404, 314, -238,  -376, 313, -238,  153, 153, 153
L -376, 313, -238,  -376, 308, -238,  153, 153, 153
L -376, 308, -238,  -404, 307, -238,  153, 153, 153
L -404, 307, -238,  -404, 268, -238,  153, 153, 153
L -404, 268, -238,  -386, 266, -238,  153, 153, 153
L -386, 266, -238,  -387, 245, -238,  153, 153, 153
L -387, 245, -238,  -424, 244, -258,  153, 153, 153
L -424, 244, -258,  -425, 200, -258,  153, 153, 153
L -425, 200, -258,  -504, 149, -268,  153, 153, 153
L -504, 149, -268,  -505, 68, -268,  153, 153, 153
L -505, 68, -268,  -559, 19, -294,  153, 153, 153
L -559, 19, -294,  -619, 18, -288,  153, 153, 153
L -619, 18, -288,  -619, -25, -288,  153, 153, 153
L -620, -113, -288,  -619, -217, -288,  153, 153, 153
L -619, -217, -288,  -505, -218, -268,  153, 153, 153
L -505, -218, -268,  -504, -271, -268,  153, 153, 153
L -504, -271, -268,  -454, -271, -288,  153, 153, 153
L -454, -271, -288,  -459, -259, -288,  153, 153, 153
L -459, -259, -288,  -456, -254, -288,  153, 153, 153
L -456, -254, -288,  -440, -253, -288,  153, 153, 153
L -440, -253, -288,  -427, -257, -288,  153, 153, 153
L -427, -257, -288,  -418, -265, -288,  153, 153, 153
L -418, -265, -288,  -417, -271, -288,  153, 153, 153
L -417, -271, -288,  -359, -271, -288,  153, 153, 153
L -359, -271, -288,  -359, -263, -288,  153, 153, 153
L -359, -263, -288,  -354, -261, -288,  153, 153, 153
L -354, -261, -288,  -343, -263, -288,  153, 153, 153
L -343, -263, -288,  -338, -267, -288,  153, 153, 153
L -338, -267, -288,  -335, -271, -288,  153, 153, 153
L -335, -271, -288,  -194, -274, -289,  153, 153, 153
L -194, -274, -289,  -182, -290, -308,  153, 153, 153
L -182, -290, -308,  -175, -290, -308,  153, 153, 153
L -175, -290, -308,  -170, -293, -308,  153, 153, 153
L -170, -293, -308,  -172, -304, -308,  153, 153, 153
L -172, -304, -308,  -159, -321, -308,  153, 153, 153
L -159, -321, -308,  -156, -314, -308,  153, 153, 153
L -156, -314, -308,  -151, -310, -308,  153, 153, 153
L -138, -308, -308,  -131, -313, -308,  153, 153, 153
L -131, -313, -308,  -128, -320, -308,  153, 153, 153
L -128, -320, -308,  -132, -332, -308,  153, 153, 153
L -132, -332, -308,  -150, -333, -308,  153, 153, 153
L -150, -333, -308,  -93, -411, -288,  153, 153, 153
L -93, -411, -288,  -76, -411, -288,  153, 153, 153
L -76, -411, -288,  -76, -392, -288,  153, 153, 153
L -76, -392, -288,  -24, -391, -288,  153, 153, 153
L -24, -391, -288,  -23, -384, -288,  153, 153, 153
L -23, -384, -288,  24, -384, -288,  153, 153, 153
L 24, -384, -288,  25, -411, -288,  153, 153, 153
L 25, -411, -288,  31, -411, -288,  153, 153, 153
L 31, -411, -288,  32, -384, -288,  153, 153, 153
L 32, -384, -288,  90, -384, -288,  153, 153, 153
L 90, -384, -288,  91, -411, -288,  153, 153, 153
L 91, -411, -288,  94, -412, -288,  153, 153, 153
L 94, -412, -288,  94, -429, -290,  153, 153, 153
L 94, -429, -290,  94, -445, -347,  153, 153, 153
L 94, -445, -347,  88, -470, -403,  153, 153, 153
L 88, -470, -403,  83, -498, -426,  153, 153, 153
L 83, -498, -426,  82, -526, -411,  153, 153, 153
L 82, -526, -411,  87, -552, -441,  153, 153, 153
L 87, -552, -441,  95, -586, -528,  153, 153, 153
L 95, -586, -528,  95, -632, -584,  153, 153, 153
L 95, -632, -584,  98, -647, -651,  153, 153, 153
L 98, -647, -651,  114, -679, -761,  153, 153, 153
L 114, -679, -761,  117, -700, -788,  153, 153, 153
L 117, -700, -788,  117, -725, -788,  153, 153, 153
L 117, -725, -788,  115, -753, -823,  153, 153, 153
L 115, -753, -823,  103, -755, -832,  153, 153, 153
L 103, -755, -832,  91, -768, -890,  153, 153, 153
L 91, -768, -890,  91, -818, -908,  153, 153, 153
L 91, -351, -288,  90, -374, -288,  153, 153, 153
L 90, -374, -288,  -68, -375, -288,  153, 153, 153
L -68, -375, -288,  -67, -332, -239,  153, 153, 153
L -67, -332, -239,  -19, -332, -278,  153, 153, 153
L -19, -332, -278,  -18, -335, -264,  153, 153, 153
L -18, -335, -264,  -20, -337, -263,  153, 153, 153
L -20, -337, -263,  -20, -369, -263,  153, 153, 153
L -20, -369, -263,  9, -369, -219,  153, 153, 153
L 9, -369, -219,  9, -337, -263,  153, 153, 153
L 9, -337, -263,  -7, -336, -263,  153, 153, 153
L -7, -336, -263,  -7, -332, -277,  153, 153, 153
L -7, -332, -277,  13, -332, -288,  153, 153, 153
L 13, -332, -288,  13, -320, -288,  153, 153, 153
L 13, -320, -288,  56, -319, -288,  153, 153, 153
L 56, -319, -288,  58, -331, -288,  153, 153, 153
L 58, -331, -288,  90, -332, -288,  153, 153, 153
L 90, -332, -288,  91, -337, -288,  153, 153, 153
L 91, -337, -288,  110, -337, -288,  153, 153, 153
L 110, -337, -288,  110, -351, -288,  153, 153, 153
L 110, -351, -288,  91, -351, -288,  153, 153, 153
L 88, -232, -288,  194, -232, -268,  153, 153, 153
L 194, -232, -268,  194, -274, -288,  153, 153, 153
L 194, -274, -288,  88, -274, -288,  153, 153, 153
L 88, -274, -288,  88, -232, -288,  153, 153, 153
L 180, -198, -288,  88, -198, -288,  153, 153, 153
L 88, -198, -288,  88, -110, -288,  153, 153, 153
L 88, -110, -288,  181, -111, -288,  153, 153, 153
L 181, -111, -288,  180, -198, -288,  153, 153, 153
L 212, -162, -288,  212, 47, -208,  153, 153, 153
L 212, 47, -208,  222, 47, -208,  153, 153, 153
L 222, 47, -208,  223, 26, -208,  153, 153, 153
L 223, 26, -208,  226, 21, -208,  153, 153, 153
L 226, 21, -208,  226, 11, -208,  153, 153, 153
L 226, 11, -208,  223, 5, -208,  153, 153, 153
L 223, 5, -208,  223, -34, -208,  153, 153, 153
L 223, -34, -208,  333, -34, -208,  153, 153, 153
L 333, -34, -208,  334, 27, -208,  153, 153, 153
L 334, 27, -208,  427, 28, -208,  153, 153, 153
L 427, 28, -208,  427, 46, -208,  153, 153, 153
L 427, 46, -208,  424, 51, -208,  153, 153, 153
L 424, 51, -208,  424, 61, -208,  153, 153, 153
L 424, 61, -208,  427, 66, -208,  153, 153, 153
L 427, 66, -208,  427, 84, -208,  153, 153, 153
L 427, 84, -208,  411, 86, -208,  153, 153, 153
L 411, 86, -208,  411, 100, -208,  153, 153, 153
L 411, 100, -208,  373, 100, -208,  153, 153, 153
L 373, 100, -208,  368, 97, -208,  153, 153, 153
L 368, 97, -208,  356, 98, -208,  153, 153, 153
L 356, 98, -208,  353, 100, -208,  153, 153, 153
L 353, 100, -208,  316, 101, -208,  153, 153, 153
L 316, 101, -208,  316, 106, -208,  153, 153, 153
L 316, 106, -208,  417, 108, -208,  153, 153, 153
L 417, 108, -208,  419, 92, -208,  153, 153, 153
L 419, 92, -208,  434, 91, -208,  153, 153, 153
L 434, 91, -208,  435, 6, -208,  153, 153, 153
L 435, 6, -208,  341, 4, -208,  153, 153, 153
L 341, 4, -208,  340, -41, -208,  153, 153, 153
L 340, -41, -208,  223, -42, -208,  153, 153, 153
L 223, -42, -208,  223, -52, -208,  153, 153, 153
L 223, -52, -208,  227, -59, -208,  153, 153, 153
L 227, -59, -208,  227, -67, -208,  153, 153, 153
L 227, -67, -208,  223, -74, -208,  153, 153, 153
L 223, -74, -208,  223, -131, -208,  153, 153, 153
L 223, -131, -208,  227, -137, -208,  153, 153, 153
L 227, -137, -208,  227, -144, -208,  153, 153, 153
L 227, -144, -208,  223, -151, -208,  153, 153, 153
L 223, -151, -208,  367, -151, 191,  153, 153, 153
L 367, -151, 191,  368, -56, 191,  153, 153, 153
L 368, -56, 191,  451, -55, 191,  153, 153, 153
L 451, -55, 191,  451, -39, 191,  153, 153, 153
L 451, -39, 191,  369, -39, 191,  153, 153, 153
L 369, -39, 191,  367, 104, 191,  153, 153, 153
L 367, 104, 191,  223, 104, 191,  153, 153, 153
L 223, 104, 191,  223, -123, 191,  153, 153, 153
L 223, -123, 191,  243, -123, 191,  153, 153, 153
L 243, -123, 191,  245, 88, 191,  153, 153, 153
L 245, 88, 191,  346, 87, 191,  153, 153, 153
L 346, 87, 191,  346, -130, 191,  153, 153, 153
L 346, -130, 191,  253, -131, -208,  153, 153, 153
L 253, -131, -208,  252, -124, -208,  153, 153, 153
L 252, -124, -208,  411, -123, -208,  153, 153, 153
L 411, -123, -208,  411, -93, -208,  153, 153, 153
L 411, -93, -208,  407, -87, -208,  153, 153, 153
L 407, -87, -208,  407, -79, -208,  153, 153, 153
L 407, -79, -208,  411, -73, -208,  153, 153, 153
L 411, -73, -208,  412, -32, -208,  153, 153, 153
L 412, -32, -208,  451, -31, -208,  153, 153, 153
L 451, -31, -208,  451, 124, -208,  153, 153, 153
L 451, 124, -208,  267, 124, -208,  153, 153, 153
L 267, 124, -208,  267, 108, -208,  153, 153, 153
L 267, 108, -208,  295, 106, -208,  153, 153, 153
L 295, 106, -208,  293, 101, -208,  153, 153, 153
L 293, 101, -208,  253, 100, -208,  153, 153, 153
L 253, 100, -208,  248, 97, -208,  153, 153, 153
L 248, 97, -208,  238, 97, -208,  153, 153, 153
L 238, 97, -208,  233, 100, -208,  153, 153, 153
L 233, 100, -208,  223, 100, -208,  153, 153, 153
L 223, 100, -208,  223, 86, -208,  153, 153, 153
L 223, 86, -208,  213, 84, -208,  153, 153, 153
L 213, 84, -208,  212, 135, -198,  153, 153, 153
L 212, 135, -198,  462, 135, -268,  153, 153, 153
L 462, 135, -268,  462, -162, -248,  153, 153, 153
L 462, -162, -248,  211, -162, -288,  153, 153, 153
L 7, 92, -288,  7, 40, -288,  153, 153, 153
L 7, 40, -288,  10, 35, -288,  153, 153, 153
L 10, 35, -288,  6, 30, -288,  153, 153, 153
L 6, 30, -288,  0, 32, -288,  153, 153, 153
L 0, 32, -288,  -39, 32, -288,  153, 153, 153
L -39, 32, -288,  -45, 33, -288,  153, 153, 153
L -45, 33, -288,  -44, 36, -273,  153, 153, 153
L -44, 36, -273,  -44, 39, -258,  153, 153, 153
L -44, 39, -258,  -54, 39, -258,  153, 153, 153
L -54, 39, -258,  -54, 36, -273,  153, 153, 153
L -54, 36, -273,  -53, 33, -288,  153, 153, 153
L -53, 33, -288,  -55, 31, -288,  153, 153, 153
L -55, 31, -288,  -59, 32, -288,  153, 153, 153
L -59, 32, -288,  -69, 32, -288,  153, 153, 153
L -69, 32, -288,  -74, 29, -288,  153, 153, 153
L -74, 29, -288,  -77, 30, -288,  153, 153, 153
L -77, 30, -288,  -79, 32, -288,  153, 153, 153
L -79, 32, -288,  -87, 32, -288,  153, 153, 153
L -87, 32, -288,  -92, 32, -288,  153, 153, 153
L -92, 32, -288,  -92, 35, -273,  153, 153, 153
L -92, 35, -273,  -92, 36, -273,  153, 153, 153
L -92, 36, -273,  -92, 39, -258,  153, 153, 153
L -92, 39, -258,  -102, 39, -258,  153, 153, 153
L -102, 39, -258,  -102, 36, -273,  153, 153, 153
L -102, 36, -273,  -102, 32, -288,  153, 153, 153
L -102, 32, -288,  -103, 31, -288,  153, 153, 153
L -103, 31, -288,  -107, 32, -288,  153, 153, 153
L -107, 32, -288,  -144, 32, -288,  153, 153, 153
L -144, 32, -288,  -145, 31, -288,  153, 153, 153
L -145, 31, -288,  -150, 30, -288,  153, 153, 153
L -150, 30, -288,  -154, 32, -288,  153, 153, 153
L -154, 32, -288,  -195, 32, -288,  153, 153, 153
L -195, 32, -288,  -198, 30, -288,  153, 153, 153
L -198, 30, -288,  -199, 31, -288,  153, 153, 153
L -199, 31, -288,  -201, 33, -288,  153, 153, 153
L -201, 33, -288,  -200, 36, -273,  153, 153, 153
L -200, 36, -273,  -200, 39, -258,  153, 153, 153
L -200, 39, -258,  -210, 39, -258,  153, 153, 153
L -210, 39, -258,  -210, 36, -273,  153, 153, 153
L -210, 36, -273,  -210, 35, -273,  153, 153, 153
L -210, 35, -273,  -210, 31, -288,  153, 153, 153
L -210, 31, -288,  -213, 30, -288,  153, 153, 153
L -213, 30, -288,  -215, 32, -288,  153, 153, 153
L -215, 32, -288,  -240, 32, -288,  153, 153, 153
L -240, 32, -288,  -243, 30, -288,  153, 153, 153
L -243, 30, -288,  -249, 31, -288,  153, 153, 153
L -249, 31, -288,  -250, 36, -288,  153, 153, 153
L -250, 36, -288,  -248, 40, -288,  153, 153, 153
L -248, 40, -288,  -248, 112, -288,  153, 153, 153
L -248, 112, -288,  -250, 116, -288,  153, 153, 153
L -250, 116, -288,  -250, 120, -288,  153, 153, 153
L -250, 120, -288,  -243, 122, -288,  153, 153, 153
L -243, 122, -288,  -240, 120, -288,  153, 153, 153
L -240, 120, -288,  -154, 120, -288,  153, 153, 153
L -154, 120, -288,  -152, 122, -288,  153, 153, 153
L -152, 122, -288,  -149, 123, -288,  153, 153, 153
L -149, 123, -288,  -145, 121, -288,  153, 153, 153
L -145, 121, -288,  -144, 120, -288,  153, 153, 153
L -144, 120, -288,  -79, 120, -288,  153, 153, 153
L -79, 120, -288,  -78, 121, -288,  153, 153, 153
L -78, 121, -288,  -71, 122, -288,  153, 153, 153
L -71, 122, -288,  -68, 118, -288,  153, 153, 153
L -68, 118, -288,  -69, 114, -288,  153, 153, 153
L -69, 114, -288,  -72, 112, -288,  153, 153, 153
L -72, 112, -288,  -72, 99, -288,  153, 153, 153
L -72, 99, -288,  -25, 99, -288,  153, 153, 153
L -25, 99, -288,  -23, 103, -288,  153, 153, 153
L -23, 103, -288,  -16, 102, -288,  153, 153, 153
L -16, 102, -288,  -15, 99, -288,  153, 153, 153
L -15, 99, -288,  0, 99, -288,  153, 153, 153
L 0, 99, -288,  0, 100, -288,  153, 153, 153
L 0, 100, -288,  3, 102, -288,  153, 153, 153
L 3, 102, -288,  9, 101, -288,  153, 153, 153
L 9, 101, -288,  11, 97, -288,  153, 153, 153
L -418, -213, -288,  -421, -215, -288,  153, 153, 153
L -421, -215, -288,  -424, -215, -288,  153, 153, 153
L -424, -215, -288,  -426, -212, -288,  153, 153, 153
L -426, -212, -288,  -424, -207, -288,  153, 153, 153
L -424, -207, -288,  -424, -117, -288,  153, 153, 153
L -424, -117, -288,  -426, -112, -288,  153, 153, 153
L -426, -112, -288,  -421, -109, -288,  153, 153, 153
L -421, -109, -288,  -418, -111, -288,  153, 153, 153
L -418, -111, -288,  -278, -111, -288,  153, 153, 153
L -278, -111, -288,  -277, -110, -288,  153, 153, 153
L -277, -110, -288,  -273, -109, -288,  153, 153, 153
L -273, -109, -288,  -270, -111, -288,  153, 153, 153
L -270, -111, -288,  -272, -117, -288,  153, 153, 153
L -272, -117, -288,  -272, -207, -288,  153, 153, 153
L -272, -207, -288,  -270, -210, -288,  153, 153, 153
L -270, -210, -288,  -271, -214, -288,  153, 153, 153
L -271, -214, -288,  -278, -213, -288,  153, 153, 153
L -278, -213, -288,  -418, -213, -288,  153, 153, 153
L -196, -207, -288,  -196, -117, -288,  153, 153, 153
L -196, -117, -288,  -199, -113, -288,  153, 153, 153
L -199, -113, -288,  -195, -109, -288,  153, 153, 153
L -195, -109, -288,  -190, -111, -288,  153, 153, 153
L -190, -111, -288,  -50, -111, -288,  153, 153, 153
L -50, -111, -288,  -46, -108, -288,  153, 153, 153
L -46, -108, -288,  -42, -111, -288,  153, 153, 153
L -42, -111, -288,  -42, -112, -288,  153, 153, 153
L -42, -112, -288,  -44, -117, -288,  153, 153, 153
L -44, -117, -288,  -44, -182, -288,  153, 153, 153
L -44, -182, -288,  -44, -187, -288,  153, 153, 153
L -44, -187, -288,  -50, -187, -268,  153, 153, 153
L -50, -187, -268,  -54, -184, -268,  153, 153, 153
L -54, -184, -268,  -52, -119, -268,  153, 153, 153
L -52, -119, -268,  -108, -119, -205,  153, 153, 153
L -108, -119, -205,  -108, -205, -268,  153, 153, 153
L -108, -205, -268,  -104, -205, -268,  153, 153, 153
L -104, -205, -268,  -101, -203, -268,  153, 153, 153
L -101, -203, -268,  -99, -205, -268,  153, 153, 153
L -99, -205, -268,  -97, -212, -288,  153, 153, 153
L -97, -212, -288,  -102, -214, -288,  153, 153, 153
L -102, -214, -288,  -103, -213, -288,  153, 153, 153
L -103, -213, -288,  -190, -213, -288,  153, 153, 153
L -190, -213, -288,  -192, -215, -288,  153, 153, 153
L -192, -215, -288,  -195, -215, -288,  153, 153, 153
L -195, -215, -288,  -199, -209, -288,  153, 153, 153
L -199, -209, -288,  -196, -207, -288,  153, 153, 153
L -44, -207, -288,  -42, -210, -288,  153, 153, 153
L -42, -210, -288,  -42, -213, -288,  153, 153, 153
L -42, -213, -288,  -50, -216, -288,  153, 153, 153
L -50, -216, -288,  -50, -213, -288,  153, 153, 153
L -50, -213, -288,  -83, -213, -288,  153, 153, 153
L -83, -213, -288,  -84, -214, -288,  153, 153, 153
L -84, -214, -288,  -87, -214, -288,  153, 153, 153
L -87, -214, -288,  -88, -210, -278,  153, 153, 153
L -88, -210, -278,  -88, -206, -268,  153, 153, 153
L -88, -206, -268,  -84, -203, -268,  153, 153, 153
L -84, -203, -268,  -82, -205, -268,  153, 153, 153
L -82, -205, -268,  -52, -205, -268,  153, 153, 153
L -52, -205, -268,  -52, -203, -268,  153, 153, 153
L -52, -203, -268,  -53, -203, -268,  153, 153, 153
L -53, -203, -268,  -51, -197, -268,  153, 153, 153
L -51, -197, -268,  -46, -197, -280,  153, 153, 153
L -46, -197, -280,  -43, -198, -288,  153, 153, 153
L -43, -198, -288,  -42, -200, -288,  153, 153, 153
L -42, -200, -288,  -44, -202, -288,  153, 153, 153
L -44, -202, -288,  -44, -207, -288,  153, 153, 153
L -20, -258, -288,  -20, -118, -288,  153, 153, 153
L -20, -118, -288,  -22, -116, -288,  153, 153, 153
L -22, -116, -288,  -22, -112, -288,  153, 153, 153
L -22, -112, -288,  -18, -109, -288,  153, 153, 153
L -18, -109, -288,  -14, -112, -288,  153, 153, 153
L -14, -112, -288,  55, -112, -288,  153, 153, 153
L 55, -112, -288,  57, -110, -288,  153, 153, 153
L 57, -110, -288,  59, -109, -288,  153, 153, 153
L 59, -109, -288,  62, -111, -288,  153, 153, 153
L 62, -111, -288,  64, -114, -288,  153, 153, 153
L 64, -114, -288,  61, -118, -288,  153, 153, 153
L 61, -118, -288,  61, -190, -288,  153, 153, 153
L 61, -190, -288,  63, -193, -288,  153, 153, 153
L 63, -193, -288,  61, -198, -288,  153, 153, 153
L 61, -198, -288,  61, -209, -288,  153, 153, 153
L 61, -209, -288,  64, -210, -288,  153, 153, 153
L 64, -210, -288,  61, -217, -288,  153, 153, 153
L 61, -217, -288,  61, -258, -288,  153, 153, 153
L 61, -258, -288,  63, -261, -288,  153, 153, 153
L 63, -261, -288,  61, -266, -288,  153, 153, 153
L 61, -266, -288,  55, -264, -288,  153, 153, 153
L 55, -264, -288,  -14, -264, -288,  153, 153, 153
L -14, -264, -288,  -18, -267, -288,  153, 153, 153
L -18, -267, -288,  -22, -260, -288,  153, 153, 153
L -22, -260, -288,  -20, -258, -288,  153, 153, 153
L -183, -85, -288,  -184, -62, -288,  153, 153, 153
L -184, -62, -288,  -238, -62, -288,  153, 153, 153
L -238, -62, -288,  -246, -62, -288,  153, 153, 153
L -246, -62, -288,  -246, 8, -288,  153, 153, 153
L -246, 8, -288,  -46, 8, -288,  153, 153, 153
L -46, 8, -288,  -46, -87, -288,  153, 153, 153
L -46, -87, -288,  -183, -85, -288,  153, 153, 153
L 338, 252, -266,  338, 185, -268,  153, 153, 153
L 338, 185, -268,  252, 185, -268,  153, 153, 153
L 252, 185, -268,  252, 252, -266,  153, 153, 153
L 252, 252, -266,  338, 252, -265,  153, 153, 153
L -1602, -254, -558,  -1602, -308, -558,  153, 153, 153
L -1602, -308, -558,  -1730, -308, -558,  153, 153, 153
L -1730, -308, -558,  -1732, -336, -558,  153, 153, 153
L -1732, -336, -558,  -1747, -374, -551,  153, 153, 153
L -1747, -374, -551,  -1789, -375, -556,  153, 153, 153
L -1806, -376, -558,  -1806, -338, -558,  153, 153, 153
L -1806, -338, -558,  -1769, -338, -558,  153, 153, 153
L -1769, -338, -558,  -1766, -298, -551,  153, 153, 153
L -1766, -298, -551,  -1693, -297, -558,  153, 153, 153
L -1693, -297, -558,  -1692, -272, -558,  153, 153, 153
L -1692, -272, -558,  -1676, -272, -558,  153, 153, 153
L -1676, -272, -558,  -1676, -291, -558,  153, 153, 153
L -1676, -291, -558,  -1681, -293, -558,  153, 153, 153
L -1681, -293, -558,  -1680, -297, -558,  153, 153, 153
L -1680, -297, -558,  -1670, -297, -558,  153, 153, 153
L -1670, -297, -558,  -1671, -265, -558,  153, 153, 153
L -1671, -265, -558,  -1699, -265, -558,  153, 153, 153
L -1699, -265, -558,  -1700, -290, -558,  153, 153, 153
L -1700, -290, -558,  -1716, -290, -558,  153, 153, 153
L -1716, -290, -558,  -1716, -271, -558,  153, 153, 153
L -1716, -271, -558,  -1711, -270, -558,  153, 153, 153
L -1711, -270, -558,  -1712, -265, -558,  153, 153, 153
L -1712, -265, -558,  -1728, -264, -558,  153, 153, 153
L -1728, -264, -558,  -1728, -254, -558,  153, 153, 153
L -1728, -254, -558,  -1660, -254, -558,  153, 153, 153
L -1660, -254, -558,  -1659, -297, -558,  153, 153, 153
L -1659, -297, -558,  -1655, -297, -558,  153, 153, 153
L -1655, -297, -558,  -1654, -254, -497,  153, 153, 153
L -1695, -308, -558,  -1695, -298, -558,  255, 0, 0
L -1729, -298, -558,  -1729, -308, -558,  255, 0, 0
P -1300, -174, 0, 255, 255, 255, 2, Druid/Ranger/Beastlord Guild
P -359, 1062, 0, 255, 255, 255, 2, Paludal Caverns
P -1801, -369, 0, 255, 255, 255, 2, Echo Caverns
P -772, -318, 0, 255, 255, 255, 2, Bazaar
P -190, 982, 0, 255, 255, 255, 2, Succor Point
