P -63.8969, 19.6330, -135.7788,  240, 0, 0,  3,  ?#@!
P 177.4211, 16.9568, -135.7792,  240, 0, 0,  3,  ?#@!
P 79.4694, 253.5551, 75.6628,  0, 0, 0,  1,  Click_in
P 54.3090, -52.4598, -131.7792,  240, 0, 0,  3,  ?#@!
P 33.0000, -196.0000, 0.1592,  0, 0, 0,  1,  Succor
P -60.6518, -89.4063, 0.3145,  127, 0, 0,  2,  Ailing_Walrus(BST_1.5)
P 49.1221, -171.9081, -56.6542,  127, 0, 0,  2,  Mistress_of_the_Darkwater(wiz_1.5)
P 138.5315, 214.6451, 0.1582,  127, 0, 0,  2,  Wygrish(Monk_1.5)
P 39.3370, -270.7207, -162.1123,  127, 0, 0,  2,  Ravaging_Tsunami_Elemental(Mag_Pre-Q)
P 54.4168, -29.4495, -137.7792,  127, 0, 0,  2,  Feleniel_of_Darkwater(Ench1.5)
P 740.1273, 638.3577, -27.8416,  127, 0, 0,  2,  Mistress_Latazura
P -84.9800, 138.5480, -30.1731,  127, 0, 0,  2,  a_twitching_swordfish(Rng1.5)
