L -41.9305, -347.5511, 0.1582,  -33.8920, -347.5049, 0.1582,  127, 127, 0
L -34.1807, -350.4816, 0.1582,  -42.1450, -350.4825, 0.1582,  127, 127, 0
L -26.7007, -390.1798, 0.1582,  -26.6625, -381.6614, 0.1582,  127, 127, 0
L -23.7138, -381.7665, 0.1582,  -23.7298, -389.8278, 0.1582,  127, 127, 0
L 9.5343, -389.9062, 0.1582,  9.4885, -381.6646, 0.1582,  127, 127, 0
L 12.5105, -381.6639, 0.1582,  12.4675, -389.9078, 0.1582,  127, 127, 0
L 27.9608, -350.1358, 0.1582,  20.4400, -350.1546, 0.1582,  127, 127, 0
L 19.6489, -347.1557, 0.1582,  28.3567, -347.1524, 0.1582,  127, 127, 0
L 35.6338, -360.8818, 0.1582,  35.6338, -352.8002, 0.1582,  127, 127, 0
L 38.5671, -352.7445, 0.1582,  38.5664, -361.1150, 0.1582,  127, 127, 0
L -49.4665, -352.6677, 0.1582,  -49.4669, -361.1940, 0.1582,  127, 127, 0
L -52.4737, -361.1940, 0.1582,  -52.4994, -352.6524, 0.1582,  127, 127, 0
L -35.5474, -322.9648, 0.1582,  -35.5870, -314.6417, 0.1582,  127, 127, 0
L -32.5679, -314.7395, 0.1582,  -32.5767, -323.5400, 0.1582,  127, 127, 0
L 18.4292, -323.9530, 0.1582,  18.4564, -314.7307, 0.1582,  127, 127, 0
L 14.6250, -309.6191, 0.1582,  -28.6259, -309.6847, 0.1582,  127, 127, 0
L 14.6800, -305.6818, 0.1670,  -28.6445, -305.6768, 0.1250,  127, 127, 0
L 21.4076, -314.7504, 0.1582,  21.3825, -322.9159, 0.1582,  127, 127, 0
L -13.8188, -544.8333, 16.1571,  -13.8242, -540.6725, 16.1582,  240, 127, 0
L -13.8242, -540.6725, 16.1582,  -0.3735, -540.6690, 16.1582,  240, 127, 0
L -0.3806, -544.8944, 16.1492,  -0.3735, -540.6690, 16.1582,  240, 127, 0
L -33.9834, -509.3457, 15.6250,  19.8593, -509.3274, 13.4626,  127, 127, 127
L -15.1271, -502.3937, 14.6259,  -29.1035, -509.3441, 14.6259,  127, 127, 127
L 0.9203, -502.3750, 14.6259,  -15.1271, -502.3937, 14.6259,  127, 127, 127
L 15.7100, -509.3278, 14.6259,  0.9203, -502.3750, 14.6259,  127, 127, 127
L 19.8148, -509.4293, 14.6251,  15.7100, -509.3278, 14.6259,  0, 0, 0
L 30.5625, -540.3437, 16.6260,  30.5625, -527.2179, 16.6260,  127, 127, 127
L 33.5625, -527.2181, 17.6260,  33.5626, -540.3437, 17.6260,  127, 127, 127
L 36.5625, -540.3437, 18.6260,  36.5625, -527.1557, 18.6260,  127, 127, 127
L 39.5311, -527.1557, 19.6260,  39.5313, -540.4062, 19.6260,  127, 127, 127
L 42.5311, -540.3437, 20.6260,  42.5313, -527.1557, 20.6260,  127, 127, 127
L 45.5313, -527.2182, 21.6260,  45.5313, -540.3437, 21.6260,  127, 127, 127
L 48.5311, -540.3437, 22.6260,  48.5313, -527.2187, 22.6260,  127, 127, 127
L 51.5313, -527.2181, 23.6260,  51.5313, -540.3437, 23.6260,  127, 127, 127
L 54.5311, -540.3437, 24.6260,  54.5313, -527.2187, 24.6260,  127, 127, 127
L 57.5313, -527.2187, 25.6260,  57.5313, -540.3437, 25.6260,  127, 127, 127
L 60.5313, -540.3437, 26.6260,  60.5313, -527.2187, 26.6260,  127, 127, 127
L 66.5313, -527.2181, 28.6260,  66.5313, -540.3437, 28.6260,  127, 127, 127
L 63.5313, -540.3437, 27.6260,  63.5313, -527.2187, 27.6260,  127, 127, 127
L -44.5311, -540.3437, 16.6260,  -44.5313, -527.2178, 16.6260,  127, 127, 127
L -47.5313, -527.2182, 17.6260,  -47.5313, -540.4062, 17.6260,  127, 127, 127
L -50.5313, -540.3437, 18.6260,  -50.5311, -527.1557, 18.6260,  127, 127, 127
L -53.5311, -527.1557, 19.6260,  -53.5313, -540.4062, 19.6260,  127, 127, 127
L -56.5311, -540.4062, 20.6260,  -56.5313, -527.1556, 20.6260,  127, 127, 127
L -59.5591, -527.1556, 21.8409,  -59.5311, -540.4062, 21.6260,  127, 127, 127
L -62.5313, -540.3437, 22.6260,  -62.5313, -527.2187, 22.6260,  127, 127, 127
L -65.5313, -527.2187, 23.6260,  -65.5311, -540.3437, 23.6260,  127, 127, 127
L -68.5311, -540.3437, 24.6260,  -68.5313, -527.2187, 24.6260,  127, 127, 127
L -71.5313, -540.3437, 25.6260,  -71.5313, -527.2187, 25.6260,  127, 127, 127
L -74.5313, -527.2178, 26.6260,  -74.5313, -540.4062, 26.6260,  127, 127, 127
L -77.5311, -540.3437, 27.6260,  -77.5313, -527.1552, 27.6260,  127, 127, 127
L -80.5311, -527.1552, 28.6260,  -80.5447, -538.4061, 28.6260,  127, 127, 127
L -83.3438, -337.3125, 14.6259,  -73.4061, -337.3125, 14.6259,  0, 0, 0
L -73.4061, -336.3125, 15.6259,  -80.5936, -336.3122, 15.6259,  127, 127, 127
L -80.5936, -335.3122, 16.6260,  -73.3436, -335.3125, 16.6260,  127, 127, 127
L -73.4061, -334.3125, 17.6260,  -80.5936, -334.3120, 17.6260,  127, 127, 127
L -80.5936, -333.3120, 18.6260,  -73.3436, -333.3125, 18.6260,  127, 127, 127
L -73.4063, -332.3125, 19.6260,  -80.5313, -332.3122, 19.6260,  127, 127, 127
L -80.5313, -331.3125, 20.6260,  -73.4063, -331.3125, 20.6260,  127, 127, 127
L -73.4061, -330.3125, 21.6260,  -80.5936, -330.3125, 21.6260,  127, 127, 127
L -80.5313, -329.3125, 22.6260,  -73.4061, -329.3125, 22.6260,  127, 127, 127
L -73.4063, -328.3125, 23.6260,  -80.5938, -328.3125, 23.6260,  127, 127, 127
L -80.5313, -327.3120, 24.6260,  -73.4061, -327.3125, 24.6260,  127, 127, 127
L -73.4061, -326.3125, 25.6260,  -80.5938, -326.3122, 25.6260,  127, 127, 127
L -80.5313, -325.3125, 26.6260,  -73.4061, -325.3125, 26.6260,  127, 127, 127
L -73.4063, -324.3125, 27.6260,  -80.5938, -324.3120, 27.6260,  127, 127, 127
L -25.4375, -392.2812, 14.6259,  -38.5625, -392.2808, 14.6259,  127, 127, 127
L -38.5625, -390.2808, 15.6259,  -25.4375, -390.2812, 15.6259,  127, 127, 127
L -25.4375, -388.1945, 16.9487,  -38.5625, -388.2810, 16.6260,  127, 127, 127
L -38.5625, -386.2812, 17.6260,  -25.4375, -386.2812, 17.6260,  127, 127, 127
L -25.4374, -384.2812, 18.6260,  -38.5625, -384.2808, 18.6260,  127, 127, 127
L -38.5625, -382.2812, 19.6260,  -25.4375, -382.2812, 19.6260,  127, 127, 127
L -25.4375, -380.2812, 20.6260,  -38.5625, -380.2810, 20.6260,  127, 127, 127
L -38.5625, -378.2812, 21.6260,  -25.4375, -378.2812, 21.6260,  127, 127, 127
L -25.4375, -376.2812, 22.6260,  -38.5625, -376.2808, 22.6260,  127, 127, 127
L -38.4532, -374.2812, 23.6260,  -25.4375, -374.2812, 23.6260,  127, 127, 127
L -25.4375, -372.2812, 24.6260,  -38.5625, -372.2810, 24.6260,  127, 127, 127
L -38.5625, -370.2812, 25.6260,  -25.4375, -370.2812, 25.6260,  127, 127, 127
L -25.4375, -368.2812, 26.6260,  -38.5625, -368.2808, 26.6260,  127, 127, 127
L -38.5625, -366.2808, 27.6260,  -25.4375, -366.2812, 27.6260,  127, 127, 127
L 24.5625, -390.2810, 15.6259,  11.4375, -390.2812, 15.6259,  127, 127, 127
L 11.4375, -388.2812, 16.6260,  24.5625, -388.2807, 16.6260,  127, 127, 127
L 24.5625, -386.2807, 17.6260,  11.4375, -386.2812, 17.6260,  127, 127, 127
L 11.4375, -384.2812, 18.6260,  24.5625, -384.2810, 18.6260,  127, 127, 127
L 24.5625, -382.2812, 19.6260,  11.4375, -382.2812, 19.6260,  127, 127, 127
L 11.4375, -380.2812, 20.6260,  24.5625, -380.2810, 20.6260,  127, 127, 127
L 24.5625, -378.2812, 21.6260,  11.4375, -378.2812, 21.6260,  127, 127, 127
L 11.4375, -376.2812, 22.6260,  24.5625, -376.2810, 22.6260,  127, 127, 127
L 24.5625, -374.2812, 23.6260,  11.4375, -374.2812, 23.6260,  127, 127, 127
L 11.4375, -372.2812, 24.6260,  24.5625, -372.2810, 24.6260,  127, 127, 127
L 24.5625, -370.2808, 25.6260,  11.4375, -370.2812, 25.6260,  127, 127, 127
L 11.4375, -368.2812, 26.6260,  24.5625, -368.2812, 26.6260,  127, 127, 127
L 24.5625, -366.2812, 27.6260,  11.4375, -366.2812, 27.6260,  127, 127, 127
L 51.5313, -371.4062, 0.6260,  38.4375, -371.4062, 0.6260,  127, 127, 127
L 38.4375, -373.4062, 1.6259,  51.5311, -373.4062, 1.6259,  127, 127, 127
L 51.5313, -375.4062, 2.6259,  38.4375, -375.4062, 2.6259,  127, 127, 127
L 38.4373, -377.4062, 3.6259,  51.5311, -377.4062, 3.6259,  127, 127, 127
L 51.5311, -379.4062, 4.6260,  38.4375, -379.4062, 4.6260,  127, 127, 127
L 38.4375, -381.4062, 5.6260,  51.5311, -381.4062, 5.6260,  127, 127, 127
L 51.5311, -383.4062, 6.6260,  38.4375, -383.4062, 6.6260,  127, 127, 127
L 38.4375, -385.4062, 7.6260,  51.5311, -385.4062, 7.6260,  127, 127, 127
L 51.5313, -387.4062, 8.6259,  38.4375, -387.4062, 8.6259,  127, 127, 127
L 51.5311, -389.4062, 9.6259,  38.4375, -389.4062, 9.6259,  127, 127, 127
L 38.4373, -391.4062, 10.6259,  51.5311, -391.4062, 10.6259,  127, 127, 127
L 51.5313, -393.4062, 11.6259,  38.4375, -393.4062, 11.6259,  127, 127, 127
L 38.4375, -395.4062, 12.6259,  51.5313, -395.4062, 12.6259,  127, 127, 127
L -65.5311, -371.4062, 0.6260,  -52.4061, -371.4062, 0.6260,  127, 127, 127
L -65.5311, -373.4062, 1.6259,  -52.4061, -373.4062, 1.6259,  127, 127, 127
L -65.5311, -375.4062, 2.6259,  -52.4061, -375.4062, 2.6259,  127, 127, 127
L -65.5313, -377.3845, 3.6259,  -52.4061, -377.4062, 3.6259,  127, 127, 127
L -65.5311, -379.4062, 4.6260,  -52.4061, -379.4062, 4.6260,  127, 127, 127
L -65.5311, -381.4062, 5.6260,  -52.4061, -381.4062, 5.6260,  127, 127, 127
L -65.5311, -383.4062, 6.6260,  -52.4061, -383.4062, 6.6260,  127, 127, 127
L -65.5313, -385.4062, 7.6260,  -52.4061, -385.4062, 7.6260,  127, 127, 127
L -52.4061, -387.4062, 8.6259,  -65.5311, -387.4062, 8.6259,  127, 127, 127
L -65.5311, -389.4062, 9.6259,  -52.4061, -389.4062, 9.6259,  127, 127, 127
L -52.4061, -391.4062, 10.6259,  -65.5313, -391.4062, 10.6259,  127, 127, 127
L -65.5311, -393.4062, 11.6259,  -52.4061, -393.4062, 11.6259,  127, 127, 127
L -52.4061, -395.4062, 12.6259,  -65.5313, -395.4062, 12.6259,  127, 127, 127
L -61.5313, -250.2911, -0.3740,  -50.1664, -250.2735, -0.3740,  150, 0, 200
L 64.5938, -456.1868, 0.6260,  64.5938, -465.6895, 0.6260,  0, 0, 0
L 50.5936, -456.1875, 0.6260,  64.5938, -456.1868, 0.6260,  0, 0, 0
L 50.5938, -441.4375, 0.6260,  50.5936, -456.1875, 0.6260,  0, 0, 0
L 64.5936, -441.4375, 0.6260,  50.5938, -441.4375, 0.6260,  0, 0, 0
L 64.5938, -426.2187, 0.6260,  64.5936, -441.4375, 0.6260,  0, 0, 0
L 50.5938, -426.2187, 0.6260,  64.5938, -426.2187, 0.6260,  0, 0, 0
L 50.5938, -412.2178, 0.6260,  50.5938, -426.2187, 0.6260,  0, 0, 0
L 15.3750, -412.2187, 0.6260,  50.5938, -412.2178, 0.6260,  0, 0, 0
L 15.3750, -426.2187, 0.6260,  15.3750, -412.2187, 0.6260,  0, 0, 0
L 0.6250, -426.2187, 0.6260,  15.3750, -426.2187, 0.6260,  0, 0, 0
L 0.6250, -411.4687, 0.6260,  0.6250, -426.2187, 0.6260,  0, 0, 0
L 6.6250, -411.4687, 0.6260,  0.6250, -411.4687, 0.6260,  0, 0, 0
L 6.6250, -397.4687, 0.6260,  6.6250, -411.4687, 0.6260,  0, 0, 0
L 9.6250, -397.4687, 0.6260,  6.6250, -397.4687, 0.6260,  0, 0, 0
L 9.6250, -390.4687, 0.6260,  9.6250, -397.4687, 0.6260,  0, 0, 0
L 12.3750, -390.4687, 0.6260,  9.6250, -390.4687, 0.6260,  0, 0, 0
L 12.3750, -392.4687, 0.6260,  12.3750, -390.4687, 0.6260,  0, 0, 0
L 30.6250, -392.4687, 0.6260,  12.3750, -392.4687, 0.6260,  0, 0, 0
L 30.6250, -376.2180, 0.6260,  30.6250, -392.4687, 0.6260,  0, 0, 0
L 28.6250, -376.2189, 0.6260,  30.6250, -376.2180, 0.6260,  0, 0, 0
L 28.6250, -373.4646, 0.6260,  28.6250, -376.2189, 0.6260,  0, 0, 0
L 35.6250, -373.4687, 0.6260,  28.6250, -373.4646, 0.6260,  0, 0, 0
L 35.6244, -361.4687, 0.6260,  35.6250, -373.4687, 0.6260,  0, 0, 0
L 38.3750, -361.4687, 0.6260,  35.6244, -361.4687, 0.6260,  0, 0, 0
L 38.3750, -363.4687, 0.6260,  38.3750, -361.4687, 0.6260,  0, 0, 0
L 40.3436, -363.4687, 0.6260,  38.3750, -363.4687, 0.6260,  0, 0, 0
L 40.3436, -366.2187, 0.6260,  40.3436, -363.4687, 0.6260,  0, 0, 0
L 38.3750, -366.2187, 0.6260,  40.3436, -366.2187, 0.6260,  0, 0, 0
L 38.3748, -397.4687, 13.6259,  38.3750, -366.2187, 0.6260,  0, 0, 0
L 40.3436, -397.4687, 13.6259,  38.3748, -397.4687, 13.6259,  127, 127, 127
L 40.3438, -400.2192, 14.6259,  40.3436, -397.4687, 14.6259,  0, 0, 0
L 22.6250, -400.2187, 14.6259,  40.3438, -400.2192, 14.6259,  0, 0, 0
L 22.6250, -397.4664, 14.6259,  22.6250, -400.2187, 14.6259,  0, 0, 0
L 24.6250, -397.4649, 14.6259,  22.6250, -397.4664, 14.6259,  0, 0, 0
L 24.6250, -366.2187, 27.6260,  24.6250, -397.4649, 14.6259,  0, 0, 0
L 22.6250, -366.2148, 27.6260,  24.6250, -366.2187, 27.6260,  0, 0, 0
L 22.6250, -363.4687, 28.6260,  22.6250, -366.2148, 28.6260,  0, 0, 0
L 66.5938, -363.4687, 28.6260,  22.6250, -363.4687, 28.6260,  0, 0, 0
L 66.5938, -361.4687, 28.6260,  66.5938, -363.4687, 28.6260,  0, 0, 0
L 69.3436, -361.4687, 28.6260,  66.5938, -361.4687, 28.6260,  0, 0, 0
L 69.3435, -397.4687, 28.6260,  69.3436, -361.4687, 28.6260,  0, 0, 0
L 71.3436, -397.4687, 28.6260,  69.3435, -397.4687, 28.6260,  0, 0, 0
L 71.3436, -400.2187, 28.6260,  71.3436, -397.4687, 28.6260,  0, 0, 0
L 59.3436, -400.2187, 28.6260,  71.3436, -400.2187, 28.6260,  0, 0, 0
L 59.3436, -413.4687, 28.6260,  59.3436, -400.2187, 28.6260,  0, 0, 0
L 60.1240, -413.4687, 28.6260,  59.3436, -413.4687, 28.6260,  0, 0, 0
L 63.3436, -416.6884, 28.6260,  60.1240, -413.4687, 28.6260,  0, 0, 0
L 63.3436, -416.6884, 28.6260,  63.3438, -420.9990, 28.6260,  0, 0, 0
L 60.1240, -424.2187, 28.6260,  63.3438, -420.9990, 28.6260,  0, 0, 0
L 59.3436, -424.2187, 28.6260,  60.1240, -424.2187, 28.6260,  0, 0, 0
L 59.3436, -443.4375, 28.6260,  59.3436, -424.2187, 28.6260,  0, 0, 0
L 60.1272, -443.4406, 28.6260,  59.3436, -443.4375, 28.6260,  0, 0, 0
L 63.3438, -446.6571, 28.6260,  60.1272, -443.4406, 28.6260,  0, 0, 0
L 63.3436, -447.4375, 28.6260,  63.3438, -446.6571, 28.6260,  0, 0, 0
L 71.3436, -447.4375, 28.6260,  63.3436, -447.4375, 28.6260,  0, 0, 0
L 71.3436, -450.1875, 28.6260,  71.3436, -447.4375, 28.6260,  0, 0, 0
L 69.3436, -450.1875, 28.6260,  71.3436, -450.1875, 28.6260,  0, 0, 0
L 69.3435, -467.4331, 28.6260,  69.3436, -450.1875, 28.6260,  0, 0, 0
L 71.3508, -467.4350, 28.6260,  69.3435, -467.4331, 28.6260,  0, 0, 0
L 71.3423, -470.1875, 28.6260,  71.3508, -467.4350, 28.6260,  0, 0, 0
L 64.3436, -470.1875, 28.6260,  71.3423, -470.1875, 28.6260,  0, 0, 0
L 64.3436, -493.4375, 28.6260,  64.3436, -470.1875, 28.6260,  0, 0, 0
L 71.3436, -493.4375, 28.6260,  64.3436, -493.4375, 28.6260,  0, 0, 0
L 71.3436, -518.1562, 28.6260,  71.3436, -493.4375, 28.6260,  0, 0, 0
L 69.3436, -518.1562, 28.6260,  71.3436, -518.1562, 28.6260,  0, 0, 0
L 69.3436, -529.1562, 28.6260,  69.3436, -518.1562, 28.6260,  0, 0, 0
L 66.5938, -529.1562, 28.6260,  69.3436, -529.1562, 28.6260,  0, 0, 0
L 13.3804, -527.1562, 16.6260,  66.5938, -527.1554, 28.6260,  0, 0, 0
L 13.3728, -529.1561, 16.6260,  13.3804, -527.1562, 16.6260,  0, 0, 0
L 10.6250, -529.1562, 16.6260,  13.3728, -529.1561, 16.6260,  0, 0, 0
L 10.6250, -522.1562, 16.6260,  10.6250, -529.1562, 16.6260,  0, 0, 0
L -0.3750, -522.1561, 16.6260,  10.6250, -522.1562, 16.6260,  0, 0, 0
L -0.3750, -519.5498, 16.6260,  -0.3750, -522.1561, 16.6260,  0, 0, 0
L 19.8657, -509.4037, 13.4918,  -0.3750, -519.5498, 16.6260,  0, 0, 0
L 19.8628, -509.4062, 13.4929,  19.8657, -509.4037, 13.4918,  0, 0, 0
L 9.2654, -494.7907, 14.6259,  25.7137, -491.8940, 11.2649,  127, 0, 0
L 6.5290, -494.9200, 14.6504,  9.2654, -494.7907, 14.6259,  127, 0, 0
L 1.3840, -489.8765, 14.6976,  6.5290, -494.9200, 14.6504,  127, 0, 0
L 2.8902, -487.8077, 13.3728,  1.3840, -489.8765, 14.6976,  127, 0, 0
L 0.9355, -485.9080, 11.7165,  2.8902, -487.8077, 13.3728,  127, 0, 0
L 1.9403, -480.7355, 11.7828,  0.9355, -485.9080, 11.7165,  127, 0, 0
L 1.4758, -475.8014, 8.2736,  1.9403, -480.7355, 11.7828,  127, 0, 0
L 25.8902, -474.5948, 8.4966,  1.4758, -475.8014, 8.2736,  127, 0, 0
L 48.6250, -485.7228, 13.5250,  25.8902, -474.5948, 8.4966,  127, 0, 0
L 49.6908, -485.5581, 12.8269,  48.7668, -485.6515, 13.5250,  0, 0, 0
L 64.5938, -465.6895, 2.8388,  49.6908, -485.5581, 12.8269,  0, 0, 0
L 64.5938, -463.4375, 4.6260,  64.5936, -466.1865, 4.6260,  0, 0, 0
L -78.2189, -466.1870, 2.9504,  64.5936, -466.1865, 2.8393,  127, 127, 127
L -63.6253, -485.6618, 12.8803,  -78.5938, -465.6868, 2.9504,  0, 0, 0
L -46.3999, -498.8036, 12.2510,  -33.8628, -509.4062, 13.5801,  0, 0, 0
L -13.6250, -519.5497, 16.6260,  -33.8628, -509.4062, 13.5801,  0, 0, 0
L -13.6250, -522.1562, 16.6260,  -13.6250, -519.5497, 16.6260,  0, 0, 0
L -24.6250, -522.1552, 16.6260,  -13.6250, -522.1562, 16.6260,  0, 0, 0
L -24.6250, -529.1562, 16.6260,  -24.6250, -522.1552, 16.6260,  0, 0, 0
L -27.3750, -529.1562, 16.6260,  -24.6250, -529.1562, 16.6260,  0, 0, 0
L -27.3750, -527.1562, 16.6260,  -27.3750, -528.7526, 16.6260,  0, 0, 0
L -27.3750, -527.1562, 16.6260,  -27.3750, -529.1562, 16.6260,  0, 0, 0
L -80.5938, -527.1552, 28.6260,  -27.3750, -527.1562, 16.6260,  0, 0, 0
L -83.3436, -529.1562, 28.6260,  -80.5938, -529.1562, 28.6260,  0, 0, 0
L -83.3436, -518.1562, 28.6260,  -83.3436, -529.1562, 28.6260,  0, 0, 0
L -85.3438, -518.1562, 28.6260,  -83.3436, -518.1562, 28.6260,  0, 0, 0
L -85.3436, -493.4375, 28.6260,  -85.3438, -518.1562, 28.6260,  0, 0, 0
L -78.3436, -493.4375, 28.6260,  -85.3436, -493.4375, 28.6260,  0, 0, 0
L -78.3436, -470.1875, 28.6260,  -78.3436, -493.4375, 28.6260,  0, 0, 0
L -85.3436, -470.1920, 28.6260,  -78.3436, -470.1875, 28.6260,  0, 0, 0
L -85.3436, -467.4375, 28.6260,  -85.3436, -470.1920, 28.6260,  0, 0, 0
L -83.3436, -467.4375, 28.6260,  -85.3436, -467.4375, 28.6260,  0, 0, 0
L -83.3436, -450.1875, 28.6260,  -83.3436, -467.4375, 28.6260,  0, 0, 0
L -85.3436, -450.1875, 28.6260,  -83.3436, -450.1875, 28.6260,  0, 0, 0
L -85.3436, -447.4375, 28.6260,  -85.3436, -450.1875, 28.6260,  0, 0, 0
L -77.3431, -447.4375, 28.6260,  -85.3436, -447.4375, 28.6260,  0, 0, 0
L -77.3438, -447.4375, 28.6260,  -77.3438, -446.6571, 28.6260,  0, 0, 0
L -77.3438, -446.6571, 28.6260,  -74.1240, -443.4375, 28.6260,  0, 0, 0
L -73.3438, -443.4375, 28.6260,  -74.1240, -443.4375, 28.6260,  0, 0, 0
L -73.3436, -424.2187, 28.6260,  -73.3438, -443.4375, 28.6260,  0, 0, 0
L -74.1240, -424.2187, 28.6260,  -73.3436, -424.2187, 28.6260,  0, 0, 0
L -77.3438, -420.9990, 28.6260,  -74.1240, -424.2187, 28.6260,  0, 0, 0
L -77.3436, -416.6884, 28.6260,  -77.3438, -420.9990, 28.6260,  0, 0, 0
L -74.1240, -413.4687, 28.6260,  -77.3436, -416.6884, 28.6260,  0, 0, 0
L -73.3438, -413.4687, 28.6260,  -74.1240, -413.4687, 28.6260,  0, 0, 0
L -73.3436, -400.2187, 28.6260,  -73.3438, -413.4687, 28.6260,  0, 0, 0
L -85.3436, -400.2187, 28.6260,  -73.3436, -400.2187, 28.6260,  0, 0, 0
L -85.3436, -388.2187, 28.6260,  -85.3436, -400.2187, 28.6260,  0, 0, 0
L -85.3436, -388.2187, 28.6260,  -87.3436, -388.2187, 28.6260,  0, 0, 0
L -87.3436, -361.4687, 28.6260,  -87.3436, -388.2187, 28.6260,  0, 0, 0
L -70.5936, -361.4687, 28.6260,  -87.3436, -361.4687, 28.6260,  0, 0, 0
L -70.5938, -363.4687, 28.6260,  -70.5936, -361.4687, 28.6260,  0, 0, 0
L -36.6250, -363.4692, 28.6260,  -70.5938, -363.4687, 28.6260,  0, 0, 0
L -36.6250, -366.2187, 28.6260,  -36.6250, -363.4692, 28.6260,  0, 0, 0
L -38.6250, -366.2187, 27.6260,  -36.6250, -366.2187, 27.6260,  0, 0, 0
L -38.6250, -397.4687, 14.6259,  -38.6250, -366.2187, 27.6260,  0, 0, 0
L -36.6250, -397.4687, 14.6259,  -38.6250, -397.4687, 14.6259,  0, 0, 0
L -36.6250, -400.2187, 14.6259,  -36.6250, -397.4687, 14.6259,  0, 0, 0
L -54.3436, -400.2187, 14.6259,  -36.6250, -400.2187, 14.6259,  0, 0, 0
L -54.3436, -397.4687, 14.6259,  -54.3436, -400.2187, 14.6259,  0, 0, 0
L -52.3436, -397.4687, 13.6259,  -54.3436, -397.4687, 13.6259,  127, 127, 127
L -52.3436, -366.2187, 0.6260,  -52.3436, -397.4687, 13.6259,  0, 0, 0
L -54.3436, -366.2187, 0.6260,  -52.3436, -366.2187, 0.6260,  0, 0, 0
L -54.3436, -363.4687, 0.6260,  -54.3436, -366.2187, 0.6260,  0, 0, 0
L -52.3436, -363.4687, 0.6260,  -54.3436, -363.4687, 0.6260,  0, 0, 0
L -52.3367, -361.4687, 0.6260,  -52.3436, -363.4687, 0.6260,  0, 0, 0
L -49.5936, -361.4687, 0.6260,  -52.3367, -361.4687, 0.6260,  0, 0, 0
L -49.5938, -373.4687, 0.6260,  -49.5936, -361.4687, 0.6260,  0, 0, 0
L -42.5936, -373.4683, 0.6260,  -49.5938, -373.4687, 0.6260,  0, 0, 0
L -42.5936, -376.2187, 0.6260,  -42.5936, -373.4683, 0.6260,  0, 0, 0
L -44.5938, -376.2187, 0.6260,  -42.5936, -376.2187, 0.6260,  0, 0, 0
L -44.5938, -392.4687, 0.6260,  -44.5938, -376.2187, 0.6260,  0, 0, 0
L -26.3749, -392.4687, 0.6260,  -44.5938, -392.4687, 0.6260,  0, 0, 0
L -26.3750, -392.4687, 0.6260,  -26.3749, -390.4687, 0.6260,  0, 0, 0
L -26.3749, -390.4687, 0.6260,  -23.6200, -390.4687, 0.6260,  0, 0, 0
L -23.6250, -397.4687, 0.6260,  -23.6200, -390.4687, 0.6260,  0, 0, 0
L -20.6250, -397.4687, 0.6260,  -23.6250, -397.4687, 0.6260,  0, 0, 0
L -20.6250, -411.4687, 0.6260,  -20.6250, -397.4687, 0.6260,  0, 0, 0
L -14.6250, -411.4734, 0.6260,  -20.6250, -411.4687, 0.6260,  0, 0, 0
L -14.6250, -426.2187, 0.6260,  -14.6250, -411.4734, 0.6260,  0, 0, 0
L -29.3750, -426.2187, 0.6260,  -14.6250, -426.2187, 0.6260,  0, 0, 0
L -29.3750, -412.2187, 0.6260,  -29.3750, -426.2187, 0.6260,  0, 0, 0
L -64.5938, -412.2178, 0.6260,  -29.3750, -412.2187, 0.6260,  0, 0, 0
L -64.5938, -426.2187, 0.6260,  -64.5938, -412.2178, 0.6260,  0, 0, 0
L -78.5938, -426.2178, 0.6260,  -64.5938, -426.2187, 0.6260,  0, 0, 0
L -78.5938, -441.4375, 0.6260,  -78.5938, -426.2178, 0.6260,  0, 0, 0
L -64.5938, -441.4374, 0.6260,  -78.5938, -441.4375, 0.6260,  0, 0, 0
L -64.5938, -456.1875, 0.6260,  -64.5938, -441.4374, 0.6260,  0, 0, 0
L -65.9860, -456.1875, 0.6260,  -65.3693, -456.1875, 0.6260,  0, 0, 0
L -78.5938, -456.1875, 0.6260,  -64.5938, -456.1875, 0.6260,  0, 0, 0
L -78.5938, -465.6868, 0.6260,  -78.5938, -456.1875, 0.6260,  0, 0, 0
L 64.5938, -463.4375, 0.6260,  -78.5938, -463.4375, 0.6260,  127, 127, 127
L 18.6250, -323.5000, 0.6260,  21.3750, -323.5000, 0.6260,  0, 0, 0
L 18.6250, -326.5000, 0.6260,  18.6250, -323.5000, 0.6260,  0, 0, 0
L 21.3749, -325.5000, 0.6260,  21.3750, -323.5000, 0.6260,  0, 0, 0
L 56.5938, -325.5000, 0.6260,  21.3749, -325.5000, 0.6260,  0, 0, 0
L 56.5938, -323.5000, 0.6260,  56.5938, -325.5000, 0.6260,  0, 0, 0
L 59.3436, -323.5000, 0.6260,  56.5938, -323.5000, 0.6260,  0, 0, 0
L 59.3436, -334.2500, 0.6260,  59.3436, -323.5000, 0.6260,  0, 0, 0
L 33.3750, -334.2500, 0.6260,  59.3436, -334.2500, 0.6260,  0, 0, 0
L 33.3750, -336.2500, 0.6260,  33.3750, -334.2499, 0.6260,  0, 0, 0
L 30.6250, -336.2500, 0.6260,  33.3750, -336.2500, 0.6260,  0, 0, 0
L 30.6250, -334.2500, 0.6260,  30.6250, -336.2500, 0.6260,  0, 0, 0
L 17.3750, -334.2500, 0.6260,  30.6250, -334.2500, 0.6260,  0, 0, 0
L 17.3749, -347.5000, 0.6260,  17.3750, -334.2500, 0.6260,  0, 0, 0
L 19.3750, -347.5000, 0.6260,  17.3749, -347.5000, 0.6260,  0, 0, 0
L 19.3750, -350.2515, 0.6260,  19.3750, -347.5000, 0.6260,  0, 0, 0
L 12.3750, -350.2500, 0.6260,  19.3750, -350.2515, 0.6260,  0, 0, 0
L 12.3750, -373.4687, 0.6260,  12.3750, -350.2500, 0.6260,  0, 0, 0
L 19.3750, -373.4685, 0.6260,  12.3750, -373.4687, 0.6260,  0, 0, 0
L 19.3750, -376.2187, 0.6260,  19.3750, -373.4685, 0.6260,  0, 0, 0
L 17.3750, -376.2187, 0.6260,  19.3750, -376.2187, 0.6260,  0, 0, 0
L 17.3750, -379.2187, 0.6260,  17.3750, -376.2187, 0.6260,  0, 0, 0
L 12.3750, -379.2187, 0.6260,  17.3750, -379.2187, 0.6260,  0, 0, 0
L 12.3750, -381.2187, 0.6260,  12.3750, -379.2187, 0.6260,  0, 0, 0
L 9.6250, -381.2187, 0.6260,  12.3750, -381.2187, 0.6260,  0, 0, 0
L 9.6250, -373.2187, 0.6260,  9.6250, -381.2187, 0.6260,  0, 0, 0
L 0.6250, -373.2187, 0.6260,  9.6250, -373.2187, 0.6260,  0, 0, 0
L 0.6250, -364.2187, 0.6260,  0.6250, -373.2187, 0.6260,  0, 0, 0
L -14.6250, -364.2176, 0.6260,  0.6250, -364.2187, 0.6260,  0, 0, 0
L -14.6250, -373.2187, 0.6260,  -14.6250, -364.2176, 0.6260,  0, 0, 0
L -23.6250, -373.2178, 0.6260,  -14.6250, -373.2187, 0.6260,  0, 0, 0
L -23.6250, -381.2187, 0.6260,  -23.6250, -373.2178, 0.6260,  0, 0, 0
L -23.6250, -381.2187, 0.6260,  -26.3750, -381.2187, 0.6260,  0, 0, 0
L -26.3750, -379.2187, 0.6260,  -26.3750, -381.2187, 0.6260,  0, 0, 0
L -26.3750, -379.2187, 0.6260,  -31.3750, -379.2187, 0.6260,  0, 0, 0
L -31.3750, -376.2187, 0.6260,  -31.3750, -379.2187, 0.6260,  0, 0, 0
L -31.3750, -376.2187, 0.6260,  -33.3750, -376.2187, 0.6260,  0, 0, 0
L -33.3750, -373.4682, 0.6260,  -33.3750, -376.2187, 0.6260,  0, 0, 0
L -26.3750, -373.4687, 0.6260,  -33.3750, -373.4682, 0.6260,  0, 0, 0
L -26.3750, -350.2500, 0.6260,  -26.3750, -373.4687, 0.6260,  0, 0, 0
L -26.3750, -350.2500, 0.6260,  -33.3750, -350.2522, 0.6260,  0, 0, 0
L -33.3750, -349.5561, 0.6260,  -33.3750, -349.4497, 0.6260,  0, 0, 0
L -33.3750, -347.5000, 0.6260,  -33.3750, -350.2522, 0.6260,  0, 0, 0
L -31.3750, -347.5000, 0.6260,  -33.3750, -347.5000, 0.6260,  0, 0, 0
L -31.3750, -334.2500, 0.6260,  -31.3750, -347.5000, 0.6260,  0, 0, 0
L -44.5938, -334.2518, 0.6260,  -31.3750, -334.2500, 0.6260,  0, 0, 0
L -44.5938, -334.2484, 0.6260,  -44.5938, -336.2500, 0.6260,  0, 0, 0
L -47.3436, -336.2500, 0.6260,  -44.5938, -336.2500, 0.6260,  0, 0, 0
L -47.3436, -334.2500, 0.6260,  -47.3436, -336.2500, 0.6260,  0, 0, 0
L -73.3436, -334.2500, 0.6260,  -47.3436, -334.2500, 0.6260,  0, 0, 0
L -73.3436, -334.2500, 0.6260,  -73.3436, -323.5000, 0.6260,  0, 0, 0
L -70.5936, -323.5000, 0.6260,  -73.3436, -323.5000, 0.6260,  0, 0, 0
L -70.5938, -325.5000, 0.6260,  -70.5936, -323.5000, 0.6260,  0, 0, 0
L -35.3748, -325.5000, 0.6260,  -70.5938, -325.5000, 0.6260,  0, 0, 0
L -35.3750, -325.5000, 0.6260,  -35.3750, -323.5000, 0.6260,  0, 0, 0
L -32.6250, -323.5000, 0.6260,  -35.3750, -323.5000, 0.6260,  0, 0, 0
L -32.6250, -326.5000, 0.6260,  -32.6250, -323.5000, 0.6260,  0, 0, 0
L -32.6250, -326.5000, 0.6260,  -23.6250, -326.5000, 0.6260,  0, 0, 0
L 18.6250, -326.5000, 0.6260,  9.6250, -326.5000, 0.6260,  0, 0, 0
L -23.6250, -335.5000, 0.6260,  -23.6250, -326.5000, 0.6260,  0, 0, 0
L 9.6250, -335.5000, 0.6260,  -23.6250, -335.5000, 0.6260,  0, 0, 0
L 9.6250, -326.5000, 0.6260,  9.6250, -335.5000, 0.6260,  0, 0, 0
L 14.6250, -305.5000, 0.6260,  14.6250, -310.2500, 0.6260,  0, 0, 0
L 14.6250, -305.5000, -0.3740,  18.1736, -305.5000, -0.3740,  0, 0, 0
L 18.6250, -310.2500, 0.6260,  14.6250, -310.2500, 0.6260,  0, 0, 0
L 18.6250, -314.2500, 0.6260,  21.3748, -314.2499, 0.6260,  0, 0, 0
L 18.6250, -310.2491, 0.6260,  18.6250, -314.2500, 0.6260,  0, 0, 0
L 56.5938, -314.2500, 0.6260,  59.3436, -314.2500, 0.6260,  0, 0, 0
L 56.5938, -312.2488, 0.6260,  56.5938, -314.2500, 0.6260,  0, 0, 0
L 59.3436, -312.2500, 0.6260,  59.3436, -314.2500, 0.6260,  0, 0, 0
L 30.6250, -345.5000, 0.6260,  33.3751, -345.5000, 0.6260,  0, 0, 0
L 33.3748, -347.5000, 0.6260,  33.3751, -345.5000, 0.6260,  0, 0, 0
L 30.6250, -347.5000, 0.6260,  30.6250, -345.5000, 0.6260,  0, 0, 0
L 28.6250, -350.2307, 0.6260,  28.6250, -347.5000, 0.6260,  0, 0, 0
L 30.6250, -347.5000, 0.6260,  28.6250, -347.5000, 0.6260,  0, 0, 0
L 35.6250, -350.2488, 0.6260,  35.6250, -352.2187, 0.6260,  0, 0, 0
L 38.3750, -350.2500, 0.6260,  38.3750, -352.2187, 0.6260,  0, 0, 0
L 35.6250, -352.2187, 0.6260,  38.3750, -352.2187, 0.6260,  0, 0, 0
L 51.5938, -363.4687, 0.6260,  49.5936, -363.4687, 0.6260,  0, 0, 0
L 49.5938, -366.2189, 0.6260,  49.5936, -363.4687, 0.6260,  0, 0, 0
L 51.5938, -397.4687, 13.6259,  49.5938, -397.4687, 13.6259,  127, 127, 127
L 49.5938, -400.1872, 14.6259,  49.5938, -397.4687, 14.6259,  0, 0, 0
L 56.5938, -400.2187, 14.6259,  56.6120, -402.2223, 14.6259,  0, 0, 0
L 59.3430, -402.2217, 14.6259,  56.6120, -402.2223, 14.6259,  0, 0, 0
L 56.5912, -411.4664, 14.6259,  59.3447, -411.4673, 14.6259,  0, 0, 0
L 56.5893, -413.4687, 14.6259,  56.5912, -411.4664, 14.6259,  0, 0, 0
L 59.3481, -413.4687, 14.6259,  59.3447, -411.4673, 14.6259,  0, 0, 0
L 9.9914, -413.4687, 14.6259,  9.3749, -413.4687, 14.6259,  0, 0, 0
L 9.3750, -413.4687, 14.6259,  9.3750, -411.4655, 14.6259,  0, 0, 0
L 9.3750, -411.4655, 14.6259,  6.6266, -411.4689, 14.6259,  0, 0, 0
L 6.6250, -413.4687, 14.6259,  5.8239, -413.4866, 14.6259,  0, 0, 0
L -20.6250, -413.4687, 14.6259,  -20.6204, -411.4660, 14.6259,  0, 0, 0
L -23.3763, -411.4651, 14.6259,  -20.6204, -411.4660, 14.6259,  0, 0, 0
L -23.3780, -413.4687, 14.6259,  -23.3763, -411.4651, 14.6259,  0, 0, 0
L -23.3750, -413.4687, 14.6259,  -24.1573, -413.4687, 14.6259,  0, 0, 0
L -66.5938, -417.4687, 14.6259,  -66.5938, -416.7527, 14.6259,  0, 0, 0
L -73.3408, -411.4687, 14.6259,  -70.5996, -411.4680, 14.6259,  0, 0, 0
L -70.5895, -413.4687, 14.6259,  -70.5996, -411.4680, 14.6259,  0, 0, 0
L -73.3436, -413.4687, 14.6259,  -73.3408, -411.4687, 14.6259,  0, 0, 0
L -73.3435, -413.4687, 14.6259,  -74.1217, -413.4687, 14.6259,  0, 0, 0
L -77.3436, -416.6881, 14.6259,  -74.1217, -413.4687, 14.6259,  0, 0, 0
L -77.3436, -421.1330, 14.6259,  -77.3436, -416.6881, 14.6259,  0, 0, 0
L -70.5938, -400.2219, 14.6259,  -63.5942, -400.2183, 14.6259,  0, 0, 0
L -70.5895, -400.2171, 14.6259,  -70.5948, -402.2203, 14.6259,  0, 0, 0
L -73.3477, -400.2187, 14.6259,  -73.3426, -402.2180, 14.6259,  0, 0, 0
L -70.5948, -402.2203, 14.6259,  -73.3426, -402.2180, 14.6259,  0, 0, 0
L -63.5942, -400.2183, 14.6259,  -63.5934, -397.4827, 14.6259,  0, 0, 0
L -63.5936, -363.4741, 0.6260,  -63.5936, -366.2192, 0.6260,  0, 0, 0
L -65.5936, -366.2166, 0.6260,  -63.5936, -366.2192, 0.6260,  0, 0, 0
L -52.3436, -350.2500, 0.6260,  -52.3436, -352.2187, 0.6260,  0, 0, 0
L -49.6270, -352.2187, 0.6260,  -52.3436, -352.2187, 0.6260,  0, 0, 0
L -49.5938, -350.2500, 0.6260,  -42.6180, -350.2531, 0.6260,  0, 0, 0
L -42.4932, -347.4999, 0.6260,  -42.6180, -350.2531, 0.6260,  0, 0, 0
L -44.5938, -347.5000, 0.6260,  -42.4932, -347.4999, 0.6260,  0, 0, 0
L -47.3436, -345.5000, 0.6260,  -44.5936, -345.5000, 0.6260,  0, 0, 0
L -44.5938, -347.5000, 0.6260,  -44.5936, -345.5000, 0.6260,  0, 0, 0
L -47.3436, -347.5000, 0.6260,  -47.3436, -345.5000, 0.6260,  0, 0, 0
L -70.6032, -314.2500, 0.6260,  -73.3426, -314.2500, 0.6260,  0, 0, 0
L -70.5936, -312.2495, 0.6260,  -70.6032, -314.2500, 0.6260,  0, 0, 0
L -73.3436, -312.2500, 0.6260,  -73.3426, -314.2500, 0.6260,  0, 0, 0
L -35.3750, -312.2500, 0.6260,  -35.3733, -314.2470, 0.6260,  0, 0, 0
L -32.6495, -314.2504, 0.6260,  -35.3733, -314.2470, 0.6260,  0, 0, 0
L -28.6452, -305.5131, 0.5716,  -28.6245, -309.9769, 0.6260,  0, 0, 0
L -3.2768, -282.1279, -0.3740,  -2.1701, -282.2500, -0.3740,  0, 0, 0
L -3.2540, -279.5991, -0.3740,  -3.2768, -282.1279, -0.3740,  0, 0, 0
L -2.3750, -279.5000, -0.3740,  -3.2540, -279.5991, -0.3740,  0, 0, 0
L -13.6250, -279.5000, -0.3740,  -12.6213, -279.6471, -0.3740,  0, 0, 0
L -12.6213, -279.6471, -0.3740,  -12.6271, -281.9150, -0.3740,  0, 0, 0
L -50.1184, -256.2500, -0.3740,  -50.3149, -231.7618, -0.3740,  0, 0, 0
L -2.3750, -256.2812, -0.3740,  -50.1184, -256.2500, -0.3740,  0, 0, 0
L -2.3750, -279.5000, -0.3740,  -2.3750, -256.2812, -0.3740,  0, 0, 0
L 18.1736, -305.5000, -0.3740,  -2.1701, -282.2499, -0.3740,  0, 0, 0
L 21.3750, -312.2500, 0.6260,  21.3748, -314.2499, 0.6260,  0, 0, 0
L 56.5936, -312.2490, 0.6260,  21.3750, -312.2500, 0.6260,  0, 0, 0
L 72.5938, -312.2488, 0.6260,  59.3436, -312.2500, 0.6260,  0, 0, 0
L 72.5938, -347.5000, 0.6260,  72.5938, -312.2488, 0.6260,  0, 0, 0
L 33.3748, -347.5000, 0.6260,  72.5938, -347.5000, 0.6260,  0, 0, 0
L 35.6250, -350.2493, 0.6260,  28.6250, -350.2307, 0.6260,  0, 0, 0
L 51.5936, -350.2488, 0.6260,  38.3750, -350.2500, 0.6260,  0, 0, 0
L 51.5938, -363.4687, 0.6260,  51.5936, -350.2488, 0.6260,  0, 0, 0
L 51.5936, -366.2178, 0.6260,  49.5938, -366.2189, 0.6260,  0, 0, 0
L 51.5938, -397.4687, 13.6259,  51.5936, -366.2178, 0.6260,  0, 0, 0
L 56.5938, -400.2176, 14.6259,  49.5938, -400.1872, 14.6259,  0, 0, 0
L 59.3436, -400.2187, 14.6259,  59.3430, -402.2217, 14.6259,  0, 0, 0
L 82.5938, -400.2178, 14.6259,  59.3436, -400.2187, 14.6259,  0, 0, 0
L 82.5938, -447.4375, 14.6259,  82.5938, -400.2178, 14.6259,  0, 0, 0
L 63.3436, -447.4375, 14.6259,  82.5938, -447.4375, 14.6259,  0, 0, 0
L 63.2180, -446.5314, 14.6259,  63.3436, -447.4375, 14.6259,  0, 0, 0
L 59.9846, -443.4377, 14.6259,  63.2180, -446.5314, 14.6259,  0, 0, 0
L 59.3436, -443.4375, 14.6259,  59.9846, -443.4377, 14.6259,  0, 0, 0
L 59.3436, -424.2187, 14.6259,  59.3436, -443.4375, 14.6259,  0, 0, 0
L 60.2036, -424.1360, 14.6259,  59.3436, -424.2187, 14.6259,  0, 0, 0
L 63.3436, -420.7219, 14.6259,  60.2036, -424.1360, 14.6259,  0, 0, 0
L 63.1754, -416.5199, 14.6259,  63.3436, -420.7219, 14.6259,  0, 0, 0
L 59.9772, -413.4687, 14.6259,  63.1754, -416.5199, 14.6259,  0, 0, 0
L 59.3434, -413.4687, 14.6259,  59.9772, -413.4687, 14.6259,  0, 0, 0
L 55.7907, -413.5135, 14.6259,  56.5938, -413.4687, 14.6259,  0, 0, 0
L 52.5960, -416.8020, 14.6259,  55.7907, -413.5135, 14.6259,  0, 0, 0
L 13.3750, -417.4687, 14.6259,  52.5960, -416.8020, 14.6259,  0, 0, 0
L 13.2926, -416.6093, 14.6259,  13.3750, -417.4687, 14.6259,  0, 0, 0
L 10.9800, -413.4818, 14.6259,  13.2926, -416.6093, 14.6259,  0, 0, 0
L 6.6205, -413.4687, 14.6259,  6.6266, -411.4689, 14.6259,  0, 0, 0
L 2.6311, -416.7764, 14.6259,  5.8239, -413.4866, 14.6259,  0, 0, 0
L 2.6250, -417.4687, 14.6259,  2.6311, -416.7764, 14.6259,  0, 0, 0
L -16.6250, -417.4687, 14.6259,  2.6250, -417.4687, 14.6259,  0, 0, 0
L -16.6907, -416.6315, 14.6259,  -16.6250, -417.4687, 14.6259,  0, 0, 0
L -19.9018, -413.4818, 14.6259,  -16.6907, -416.6315, 14.6259,  0, 0, 0
L -20.6250, -413.4687, 14.6259,  -19.9018, -413.4818, 14.6259,  0, 0, 0
L -27.3556, -416.7250, 14.6259,  -24.1573, -413.4687, 14.6259,  0, 0, 0
L -27.3749, -417.4687, 14.6259,  -27.3556, -416.7250, 14.6259,  0, 0, 0
L -66.5938, -417.4687, 14.6259,  -27.3749, -417.4687, 14.6259,  0, 0, 0
L -69.8532, -413.4868, 14.6259,  -66.5938, -416.7527, 14.6259,  0, 0, 0
L -70.5892, -413.4687, 14.6259,  -69.8532, -413.4868, 14.6259,  0, 0, 0
L -73.9538, -424.2187, 14.6259,  -77.3436, -421.1330, 14.6259,  0, 0, 0
L -73.3436, -424.2187, 14.6259,  -73.9538, -424.2187, 14.6259,  0, 0, 0
L -73.3435, -443.4375, 14.6259,  -73.3436, -424.2187, 14.6259,  0, 0, 0
L -74.2107, -443.5258, 14.6259,  -73.3435, -443.4375, 14.6259,  0, 0, 0
L -77.3332, -446.7248, 14.6259,  -74.2107, -443.5258, 14.6259,  0, 0, 0
L -77.3434, -447.4375, 14.6259,  -77.3332, -446.7248, 14.6259,  0, 0, 0
L -96.5938, -447.4375, 14.6259,  -77.3434, -447.4375, 14.6259,  0, 0, 0
L -96.5938, -400.2171, 14.6259,  -96.5938, -447.4375, 14.6259,  0, 0, 0
L -73.3436, -400.2187, 14.6259,  -96.5938, -400.2171, 14.6259,  0, 0, 0
L -65.5938, -397.4687, 13.6259,  -63.5934, -397.4827, 13.6259,  127, 127, 127
L -65.5938, -366.2176, 0.6260,  -65.5938, -397.4687, 13.6259,  0, 0, 0
L -65.5938, -363.4687, 0.6260,  -63.5936, -363.4741, 0.6260,  0, 0, 0
L -65.5938, -350.2486, 0.6260,  -65.5938, -363.4687, 0.6260,  0, 0, 0
L -52.3436, -350.2500, 0.6260,  -65.5938, -350.2486, 0.6260,  0, 0, 0
L -49.5938, -350.2500, 0.6260,  -49.6270, -352.2187, 0.6260,  0, 0, 0
L -86.5938, -347.5000, 0.6260,  -47.3436, -347.5000, 0.6260,  0, 0, 0
L -86.5938, -312.2484, 0.6260,  -86.5938, -347.5000, 0.6260,  0, 0, 0
L -73.3436, -312.2500, 0.6260,  -86.5938, -312.2484, 0.6260,  0, 0, 0
L -35.3750, -312.2500, 0.6260,  -70.5936, -312.2488, 0.6260,  0, 0, 0
L -32.6250, -310.2493, 0.6260,  -32.6495, -314.2504, 0.6260,  0, 0, 0
L -28.6245, -309.9769, 0.6260,  -32.6250, -310.2493, 0.6260,  0, 0, 0
L -32.2250, -305.5000, -0.3740,  -28.6452, -305.5131, -0.3740,  0, 0, 0
L -13.8186, -282.2500, -0.3740,  -32.2250, -305.5000, -0.3740,  0, 0, 0
L -12.6262, -281.9055, -0.3740,  -13.8186, -282.2500, -0.3740,  0, 0, 0
L -13.7035, -267.6766, -0.3740,  -13.6250, -279.5000, -0.3740,  0, 0, 0
L -61.5936, -267.5312, -0.3740,  -13.7035, -267.6766, -0.3740,  0, 0, 0
L -61.5938, -220.2805, -0.3740,  -61.5936, -267.5312, -0.3740,  0, 0, 0
L -63.7338, -485.5006, 12.7973,  -62.3036, -485.5110, 12.8026,  127, 0, 0
L -62.3036, -485.5110, 12.8026,  -34.2139, -475.5382, 7.6604,  127, 0, 0
L -34.2139, -475.5382, 7.6604,  -24.1583, -472.7225, 6.1932,  127, 0, 0
L -24.1583, -472.7225, 6.1932,  -16.4023, -475.2971, 7.5297,  127, 0, 0
L -16.4023, -475.2971, 7.5297,  -16.5538, -478.9245, 11.4946,  127, 0, 0
L -16.5538, -478.9245, 11.4946,  -14.8356, -485.7610, 11.6259,  127, 0, 0
L -14.8356, -485.7610, 11.6259,  -15.7277, -488.7547, 13.5250,  127, 0, 0
L -15.7277, -488.7547, 13.5250,  -15.9200, -489.5982, 14.7850,  127, 0, 0
L -15.9200, -489.5982, 14.7850,  -20.1080, -495.3800, 14.6259,  127, 0, 0
L -20.1080, -495.3800, 14.6259,  -23.3339, -494.6419, 11.7309,  127, 0, 0
L -23.3339, -494.6419, 11.7309,  -32.1000, -490.1535, 11.1698,  127, 0, 0
L -32.1000, -490.1535, 11.1698,  -34.1530, -490.2740, 11.1849,  127, 0, 0
L -34.1530, -490.2740, 11.1849,  -46.4363, -498.7728, 12.2472,  127, 0, 0
L -46.4363, -498.7728, 12.2472,  -50.8230, -498.4375, 17.6366,  127, 0, 0
L -50.8230, -498.4375, 17.6366,  -63.8999, -485.2791, 12.6834,  127, 0, 0
L 36.6128, -498.4375, 11.9686,  48.7668, -485.6515, 12.4000,  127, 0, 0
L 20.2101, -509.1132, 13.3801,  33.7644, -498.4375, 9.2950,  0, 0, 0
L 33.7644, -498.4375, 9.2950,  36.8678, -498.3876, 9.2940,  127, 0, 0
L 32.5407, -498.7092, 9.3785,  25.7137, -491.8940, 6.8529,  127, 0, 0
L -20.6214, -400.2178, 14.6259,  6.6197, -400.2171, 14.6259,  0, 0, 0
L 6.6197, -400.2171, 14.6259,  6.6258, -402.2219, 14.6259,  0, 0, 0
L 6.6258, -402.2219, 14.6259,  9.3750, -402.2200, 14.6259,  0, 0, 0
L 9.3750, -402.2200, 14.6259,  9.3750, -400.2187, 14.6259,  0, 0, 0
L 9.3750, -400.2187, 14.6259,  13.3750, -400.2187, 14.6259,  0, 0, 0
L 13.3750, -400.2187, 14.6259,  13.3750, -397.4653, 14.6259,  0, 0, 0
L 13.3750, -397.4653, 14.6259,  11.3750, -397.4687, 14.6259,  0, 0, 0
L 11.3750, -397.4687, 14.6259,  11.3750, -366.2187, 27.6260,  0, 0, 0
L 11.3750, -366.2187, 27.6260,  13.3750, -366.2187, 27.6260,  0, 0, 0
L 13.3750, -366.2187, 28.6260,  13.3750, -363.4687, 28.6260,  0, 0, 0
L 13.3750, -363.4687, 28.6260,  -27.3750, -363.4687, 28.6260,  0, 0, 0
L -27.3750, -363.4687, 28.6260,  -27.3750, -366.2187, 28.6260,  0, 0, 0
L -27.3750, -366.2187, 27.6260,  -25.3750, -366.2187, 27.6260,  0, 0, 0
L -25.3750, -366.2187, 27.6260,  -25.3749, -397.4687, 14.6259,  0, 0, 0
L -25.3749, -397.4687, 14.6259,  -27.3750, -397.4687, 14.6259,  0, 0, 0
L -27.3750, -397.4687, 14.6259,  -27.3750, -400.2187, 14.6259,  0, 0, 0
L -27.3750, -400.2187, 14.6259,  -23.3750, -400.2187, 14.6259,  0, 0, 0
L -23.3750, -400.2187, 14.6259,  -23.3810, -402.2219, 14.6259,  0, 0, 0
L -23.3810, -402.2219, 14.6259,  -20.6224, -402.2223, 14.6259,  0, 0, 0
L -20.6224, -402.2223, 14.6259,  -20.6204, -400.2176, 14.6259,  0, 0, 0
L -20.6204, -400.2176, 14.6259,  -20.6250, -400.2173, 14.6259,  0, 0, 0
L -70.5938, -350.2495, 28.6260,  -57.5938, -350.2500, 28.6260,  0, 0, 0
L -57.5938, -350.2500, 28.6260,  -57.5938, -347.5002, 28.6260,  0, 0, 0
L -57.5938, -347.5002, 28.6260,  -66.5938, -347.4952, 28.6260,  0, 0, 0
L -66.5938, -347.4952, 28.6260,  -66.5267, -345.7866, 28.6260,  0, 0, 0
L -66.5267, -345.7866, 27.6260,  -68.8134, -343.5000, 27.5900,  0, 0, 0
L -68.8134, -343.5000, 26.6260,  -70.5938, -343.5000, 26.6260,  0, 0, 0
L -70.5938, -343.5000, 26.6260,  -70.5938, -316.2495, 26.6260,  0, 0, 0
L -70.5938, -316.2495, 26.6260,  -68.8135, -316.2500, 26.6260,  0, 0, 0
L -68.8135, -316.2500, 27.6260,  -66.5938, -314.3030, 27.6260,  0, 0, 0
L -66.5938, -314.3030, 28.6260,  -66.5938, -312.2486, 28.6260,  0, 0, 0
L -66.5938, -312.2486, 28.6260,  -39.3750, -312.2500, 28.6260,  0, 0, 0
L -39.3750, -312.2500, 28.6260,  -39.3750, -314.3030, 28.6260,  0, 0, 0
L -39.3750, -314.3030, 27.6260,  -37.1552, -316.2500, 27.6260,  0, 0, 0
L -37.1552, -316.2500, 26.6260,  -35.3750, -316.2500, 26.6260,  0, 0, 0
L -35.3750, -316.2500, 26.6260,  -35.3748, -343.5000, 26.6260,  0, 0, 0
L -35.3748, -343.5000, 26.6260,  -37.1552, -343.5000, 26.6260,  0, 0, 0
L -37.1552, -343.5000, 27.6142,  -39.3750, -345.7196, 27.6260,  0, 0, 0
L -39.3750, -345.7196, 28.6260,  -39.3750, -347.5000, 28.6260,  0, 0, 0
L -39.3750, -347.5000, 28.6260,  -48.3438, -347.5000, 28.6260,  0, 0, 0
L -48.3438, -347.5000, 28.6260,  -48.3438, -350.2500, 28.6260,  0, 0, 0
L -48.3438, -350.2500, 28.6260,  28.3750, -350.2500, 28.6260,  0, 0, 0
L 28.3750, -350.2500, 28.6260,  28.3750, -347.4972, 28.6260,  0, 0, 0
L 28.3750, -347.4972, 28.6260,  21.3750, -347.5000, 28.6260,  0, 0, 0
L 21.3750, -347.5000, 28.6260,  21.3750, -324.2500, 28.6260,  0, 0, 0
L 21.3750, -324.2500, 28.6260,  28.3750, -324.2518, 28.6260,  0, 0, 0
L 28.3750, -324.2518, 28.6260,  28.3750, -321.4986, 28.6260,  0, 0, 0
L 28.3750, -321.4986, 28.6260,  21.3750, -321.5000, 28.6260,  0, 0, 0
L 21.3750, -321.5000, 28.6260,  21.3750, -309.2499, 28.6260,  0, 0, 0
L 21.3750, -309.2499, 28.6260,  44.5938, -309.2500, 28.6260,  0, 0, 0
L 44.5938, -309.2500, 28.6260,  44.5936, -311.2500, 28.6260,  0, 0, 0
L 44.5936, -311.2500, 28.6260,  47.3436, -311.2500, 28.6260,  0, 0, 0
L 47.3436, -311.2500, 28.6260,  47.3436, -309.2500, 28.6260,  0, 0, 0
L 47.3436, -309.2500, 28.6260,  70.5938, -309.2500, 28.6260,  0, 0, 0
L 70.5938, -309.2500, 28.6260,  70.5938, -324.5000, 28.6260,  0, 0, 0
L 70.5938, -324.5000, 28.6260,  69.8134, -324.5000, 28.6260,  0, 0, 0
L 69.8134, -324.5000, 28.6260,  67.8134, -326.5000, 28.6260,  0, 0, 0
L 67.8134, -326.5000, 28.6260,  63.5936, -326.5000, 28.6260,  0, 0, 0
L 63.5936, -326.5000, 28.6260,  63.5938, -329.2499, 28.6260,  0, 0, 0
L 63.5938, -329.2499, 28.6260,  67.8134, -329.2500, 28.6260,  0, 0, 0
L 67.8134, -329.2500, 28.6260,  69.8127, -331.2493, 28.6260,  0, 0, 0
L 69.8127, -331.2493, 28.6260,  70.5938, -331.2500, 28.6260,  0, 0, 0
L 70.5938, -331.2500, 28.6260,  70.5938, -346.5000, 28.6260,  0, 0, 0
L 70.5938, -346.5000, 28.6260,  47.3436, -346.5000, 28.6260,  0, 0, 0
L 47.3436, -346.5000, 28.6260,  47.3436, -331.2500, 28.6260,  0, 0, 0
L 47.3436, -331.2500, 28.6260,  48.1240, -331.2499, 28.6260,  0, 0, 0
L 48.1240, -331.2499, 28.6260,  50.1240, -329.2500, 28.6260,  0, 0, 0
L 50.1240, -329.2500, 28.6260,  54.3438, -329.2499, 28.6260,  0, 0, 0
L 54.3438, -329.2499, 28.6260,  54.3430, -326.5000, 28.6260,  0, 0, 0
L 54.3430, -326.5000, 28.6260,  50.1240, -326.5000, 28.6260,  0, 0, 0
L 50.1240, -326.5000, 28.6260,  48.1240, -324.5000, 28.6260,  0, 0, 0
L 48.1240, -324.5000, 28.6260,  47.3436, -324.5000, 28.6260,  0, 0, 0
L 47.3436, -324.5000, 28.6260,  47.3438, -319.5000, 28.6260,  0, 0, 0
L 47.3438, -319.5000, 28.6260,  44.5938, -319.5000, 28.6260,  0, 0, 0
L 44.5938, -319.5000, 28.6260,  44.5938, -321.5000, 28.6260,  0, 0, 0
L 44.5938, -321.5000, 28.6260,  37.6250, -321.5000, 28.6260,  0, 0, 0
L 37.6250, -321.5000, 28.6260,  37.6250, -324.2500, 28.6260,  0, 0, 0
L 37.6250, -324.2500, 28.6260,  44.5938, -324.2491, 28.6260,  0, 0, 0
L 44.5938, -324.2491, 28.6260,  44.5938, -347.5000, 28.6260,  0, 0, 0
L 44.5938, -347.5000, 28.6260,  37.6250, -347.4968, 28.6260,  0, 0, 0
L 37.6250, -347.4968, 28.6260,  37.6250, -350.2518, 28.6260,  0, 0, 0
L 37.6250, -350.2518, 28.6260,  66.5938, -350.2490, 28.6260,  0, 0, 0
L 66.5938, -350.2490, 28.6260,  66.5938, -352.2187, 28.6260,  0, 0, 0
L 66.5938, -352.2187, 28.6260,  69.3436, -352.2187, 28.6260,  0, 0, 0
L 69.3436, -352.2187, 28.6260,  69.3436, -350.2500, 28.6260,  0, 0, 0
L 69.3436, -350.2500, 28.6260,  82.5938, -350.2500, 28.6260,  0, 0, 0
L 82.5938, -350.2500, 28.6260,  82.5938, -397.4687, 28.6260,  0, 0, 0
L 82.5938, -397.4687, 28.6260,  80.5938, -397.4687, 28.6260,  0, 0, 0
L 80.5938, -397.4687, 28.6260,  80.5938, -400.2187, 28.6260,  0, 0, 0
L 80.5938, -400.2187, 28.6260,  82.5938, -400.2187, 28.6260,  0, 0, 0
L 82.5938, -400.2187, 28.6260,  82.5938, -447.4375, 28.6260,  0, 0, 0
L 82.5938, -447.4375, 28.6260,  80.5938, -447.4375, 28.6260,  0, 0, 0
L 80.5938, -447.4375, 28.6260,  80.5938, -450.1875, 28.6260,  0, 0, 0
L 80.5938, -450.1875, 28.6260,  82.5938, -450.1875, 28.6260,  0, 0, 0
L 82.5938, -450.1875, 28.6260,  82.5938, -467.4375, 28.6260,  0, 0, 0
L 82.5938, -467.4375, 28.6260,  80.5896, -467.4375, 28.6260,  0, 0, 0
L 80.5896, -467.4375, 28.6260,  80.5945, -470.1875, 28.6260,  0, 0, 0
L 80.5945, -470.1875, 28.6260,  87.5938, -470.1875, 28.6260,  0, 0, 0
L 87.5938, -470.1875, 28.6260,  87.5938, -493.4375, 28.6260,  0, 0, 0
L 87.5938, -493.4375, 28.6260,  80.5938, -493.4375, 28.6260,  0, 0, 0
L 80.5938, -493.4375, 28.6260,  80.5938, -518.1540, 28.6260,  0, 0, 0
L 80.5938, -518.1540, 28.6260,  82.5938, -518.1562, 28.6260,  0, 0, 0
L 82.5938, -518.1562, 28.6260,  82.5938, -540.4062, 28.6260,  0, 0, 0
L 82.5938, -540.4062, 28.6260,  69.3436, -540.4062, 28.6260,  0, 0, 0
L 69.3436, -540.4062, 28.6260,  69.3436, -538.4062, 28.6260,  0, 0, 0
L 69.3436, -538.4062, 28.6260,  66.5938, -538.4062, 28.6260,  0, 0, 0
L 66.5938, -540.4062, 28.6260,  13.3750, -540.4062, 16.6260,  0, 0, 0
L 13.3750, -540.4062, 16.6260,  13.3750, -538.4062, 16.6260,  0, 0, 0
L 10.6222, -538.4062, 16.6260,  13.3750, -538.4062, 16.6260,  0, 0, 0
L 10.6222, -538.4062, 16.6260,  10.6251, -548.1562, 16.6260,  0, 0, 0
L 10.6251, -548.1562, 16.6260,  24.6250, -548.1548, 16.6260,  0, 0, 0
L 24.6250, -548.1548, 16.6260,  24.6250, -559.4062, 16.6260,  0, 0, 0
L 24.6250, -559.4062, 16.6260,  1.3750, -559.4062, 16.6260,  0, 0, 0
L 1.3750, -559.4062, 16.6260,  1.3750, -545.4062, 16.6260,  0, 0, 0
L 1.3750, -545.4062, 16.6260,  -15.3750, -545.4062, 16.6260,  240, 240, 0
L -15.3750, -545.4062, 16.6260,  -15.3750, -559.4062, 16.6260,  0, 0, 0
L -15.3750, -559.4062, 16.6260,  -38.6250, -559.4062, 16.6260,  0, 0, 0
L -38.6250, -559.4062, 16.6260,  -38.6250, -548.1562, 16.6260,  0, 0, 0
L -38.6250, -548.1562, 16.6260,  -24.6250, -548.1561, 16.6260,  0, 0, 0
L -24.6250, -548.1561, 16.6260,  -24.6250, -538.4062, 16.6260,  0, 0, 0
L -24.6250, -538.4062, 16.6260,  -27.3735, -538.4062, 16.6260,  0, 0, 0
L -27.3735, -538.4062, 16.6260,  -27.3749, -540.4062, 16.6260,  0, 0, 0
L -27.3749, -540.4062, 16.6260,  -80.5938, -540.4062, 28.6260,  0, 0, 0
L -80.5938, -540.4062, 28.6260,  -80.5938, -538.4061, 28.6260,  127, 127, 127
L -80.5938, -538.4061, 28.6260,  -83.3436, -538.4062, 28.6260,  0, 0, 0
L -83.3436, -538.4062, 28.6260,  -83.3436, -540.4062, 28.6260,  0, 0, 0
L -83.3436, -540.4062, 28.6260,  -96.5896, -540.4062, 28.6260,  0, 0, 0
L -96.5896, -540.4062, 28.6260,  -96.5938, -518.1562, 28.6260,  0, 0, 0
L -96.5938, -518.1562, 28.6260,  -94.5938, -518.1561, 28.6260,  0, 0, 0
L -94.5938, -518.1561, 28.6260,  -94.5938, -493.4375, 28.6260,  0, 0, 0
L -94.5938, -493.4375, 28.6260,  -101.5938, -493.4375, 28.6260,  0, 0, 0
L -101.5938, -493.4375, 28.6260,  -101.5938, -470.1866, 28.6260,  0, 0, 0
L -101.5938, -470.1866, 28.6260,  -94.5938, -470.1900, 28.6260,  0, 0, 0
L -94.5938, -470.1900, 28.6260,  -94.5938, -467.4375, 28.6260,  0, 0, 0
L -94.5938, -467.4375, 28.6260,  -96.5938, -467.4375, 28.6260,  0, 0, 0
L -96.5938, -467.4375, 28.6260,  -96.5938, -450.1868, 28.6260,  0, 0, 0
L -96.5938, -450.1868, 28.6260,  -94.5938, -450.1877, 28.6260,  0, 0, 0
L -94.5938, -450.1877, 28.6260,  -94.5938, -447.4375, 28.6260,  0, 0, 0
L -94.5938, -447.4375, 28.6260,  -96.5938, -447.4375, 28.6260,  0, 0, 0
L -96.5938, -447.4375, 28.6260,  -96.5938, -400.2178, 28.6260,  0, 0, 0
L -96.5938, -400.2178, 28.6260,  -94.5938, -400.2191, 28.6260,  0, 0, 0
L -94.5938, -400.2191, 28.6260,  -94.5938, -397.4687, 28.6260,  0, 0, 0
L -94.5938, -397.4687, 28.6260,  -96.5938, -397.4687, 28.6260,  0, 0, 0
L -96.5938, -397.4687, 28.6260,  -96.5938, -312.2491, 28.6260,  0, 0, 0
L -96.5938, -312.2491, 28.6260,  -73.3436, -312.2500, 28.6260,  0, 0, 0
L -73.3436, -312.2500, 28.6260,  -73.3435, -397.4687, 14.6259,  0, 0, 0
L -73.3435, -397.4687, 14.6259,  -96.5938, -397.4687, 14.6259,  0, 0, 0
L -96.5938, -397.4687, 14.6259,  -96.5938, -312.2500, 14.6259,  0, 0, 0
L -96.5938, -312.2500, 14.6259,  -73.3436, -312.2500, 14.6259,  0, 0, 0
L -73.3436, -323.5000, 14.6259,  -83.3436, -323.4999, 14.6259,  0, 0, 0
L -83.3436, -323.4999, 14.6259,  -83.3438, -337.2500, 14.6259,  0, 0, 0
L -80.5936, -337.2500, 15.6259,  -80.5938, -321.4999, 28.6260,  0, 0, 0
L -80.5938, -321.4999, 28.6260,  -87.3436, -321.5004, 28.6260,  0, 0, 0
L -87.3436, -321.5004, 28.6260,  -87.3438, -352.2187, 28.6260,  0, 0, 0
L -87.3438, -352.2187, 28.6260,  -70.5938, -352.2187, 28.6260,  0, 0, 0
L -70.5938, -352.2187, 28.6260,  -70.5938, -350.2493, 28.6260,  0, 0, 0
L -0.3750, -545.8175, 16.6260,  -0.3750, -555.4062, 16.6260,  0, 0, 0
L -0.3750, -555.4062, 16.6260,  -2.3750, -555.4062, 16.6260,  0, 0, 0
L -2.3750, -555.4062, 16.6260,  -2.3750, -558.1561, 16.6260,  0, 0, 0
L -2.3750, -558.1561, 16.4570,  -0.3750, -558.1562, 16.4570,  0, 0, 0
L -0.3750, -558.1562, 16.4570,  -0.3750, -595.3750, 4.6260,  0, 0, 0
L -0.3750, -595.3750, 4.6260,  -2.3750, -595.3750, 4.6260,  0, 0, 0
L -2.3750, -595.3750, 4.6260,  -2.3750, -598.1250, 4.6260,  0, 0, 0
L -2.3750, -598.1250, 4.6260,  -0.3750, -598.1245, 4.6260,  0, 0, 0
L -0.3750, -598.1245, 4.6260,  -0.3750, -600.1249, 4.6260,  0, 0, 0
L -0.3750, -600.1249, 4.6260,  2.3946, -600.1249, 4.6260,  0, 0, 0
L 2.3946, -600.1249, 4.4485,  2.3750, -598.1249, 4.4569,  0, 0, 0
L 2.3750, -598.1249, 4.4569,  39.5938, -598.1249, -7.3739,  0, 0, 0
L 39.5938, -598.1249, -7.3739,  39.5938, -600.1249, -7.3739,  0, 0, 0
L 39.5938, -600.1249, -7.3739,  42.3436, -600.1249, -7.3739,  0, 0, 0
L 42.3436, -600.1249, -7.3739,  42.3436, -598.1249, -7.3739,  0, 0, 0
L 42.3436, -598.1249, -7.3739,  44.3436, -598.1249, -7.3739,  0, 0, 0
L 44.3436, -598.1249, -7.3739,  44.3436, -595.3754, -7.3739,  0, 0, 0
L 44.3436, -595.3754, -7.5430,  42.3436, -595.3750, -7.5433,  0, 0, 0
L 42.3436, -595.3750, -7.5431,  42.3436, -558.1561, -19.3739,  0, 0, 0
L 42.3436, -558.1561, -19.3739,  44.3436, -558.1562, -19.3739,  0, 0, 0
L 44.3436, -558.1562, -19.3739,  44.3436, -555.4062, -19.3739,  0, 0, 0
L 44.3436, -555.4062, -19.3739,  42.3436, -555.4062, -19.3739,  0, 0, 0
L 42.3436, -555.4062, -19.3739,  42.3438, -553.4062, -19.3739,  0, 0, 0
L 42.3438, -553.4062, -19.3739,  39.5936, -553.4062, -19.3739,  0, 0, 0
L 39.5936, -553.4062, -19.5433,  39.5938, -555.4062, -19.5432,  0, 0, 0
L 39.5938, -555.4062, -19.5432,  2.3750, -555.4062, -31.3739,  0, 0, 0
L 2.3750, -555.4062, -31.3739,  2.3750, -553.4062, -31.3739,  0, 0, 0
L 2.3750, -553.4062, -31.3739,  -0.3750, -553.4062, -31.3739,  0, 0, 0
L -0.3750, -553.4062, -31.3739,  -0.3750, -555.4062, -31.3739,  0, 0, 0
L -0.3750, -555.4062, -31.3739,  -12.6250, -555.4062, -31.3739,  0, 0, 0
L -12.6250, -555.4062, -31.3739,  -12.6250, -542.1544, -31.3739,  0, 0, 0
L -12.6250, -542.1544, -31.3739,  -10.6250, -542.1563, -31.3739,  0, 0, 0
L -10.6250, -542.1563, -31.3739,  -10.6250, -539.4061, -31.3739,  0, 0, 0
L -10.6250, -539.4061, -31.5259,  -12.6250, -539.4062, -31.5259,  0, 0, 0
L -12.6250, -539.4062, -31.5259,  -12.6249, -522.1550, -39.1880,  0, 0, 0
L -12.6249, -522.1550, -39.1880,  -10.6250, -522.1563, -39.1636,  0, 0, 0
L -10.6250, -522.1563, -39.3427,  -10.6250, -519.3817, -39.3427,  0, 0, 0
L -10.6250, -519.3817, -39.3427,  -26.8374, -519.4058, -40.3001,  127, 64, 0
L -26.8374, -519.4058, -40.3001,  -27.3400, -519.2291, -40.4153,  127, 64, 0
L -28.0000, -487.2821, -51.3427,  -36.5369, -495.8190, -51.3427,  127, 64, 0
L -26.7515, -519.4062, -40.2704,  -42.8085, -502.4375, -51.2291,  127, 64, 0
L -42.8085, -502.4375, -51.3427,  -45.5938, -502.4375, -51.3427,  127, 64, 0
L -45.5938, -502.4375, -51.3427,  -45.5938, -479.1868, -51.3427,  127, 64, 0
L -45.5938, -479.1868, -51.3427,  -28.2442, -478.6965, -51.3943,  127, 64, 0
L -28.2442, -478.6965, -51.3943,  -28.1391, -487.4212, -51.3427,  127, 64, 0
L -35.6985, -495.7902, -39.3427,  -18.9873, -512.9307, -39.3427,  0, 0, 0
L -18.9872, -512.8325, -39.3427,  -36.5369, -495.8190, -51.2158,  127, 64, 0
L -11.3110, -504.8290, -39.3427,  -28.4000, -488.8210, -39.3427,  0, 0, 0
L -28.4000, -488.8210, -39.3427,  -35.6985, -495.7902, -39.3427,  0, 0, 0
L -11.3110, -504.8290, -39.3427,  -9.5663, -505.2916, -38.3740,  0, 0, 0
L -9.5663, -505.2916, -37.3740,  -9.6600, -494.9886, -37.3740,  0, 0, 0
L -9.6600, -494.9886, -36.9887,  -3.1438, -494.9402, -37.3740,  0, 0, 0
L -3.2625, -505.1951, -37.3740,  -3.1438, -494.9402, -37.3740,  0, 0, 0
L -3.2625, -505.1951, -38.3740,  -1.8718, -505.9530, -38.3740,  0, 0, 0
L -1.8718, -505.9530, -39.3427,  15.4750, -488.6520, -39.3427,  0, 0, 0
L 15.4750, -488.6520, -39.3427,  22.6659, -495.7986, -39.3427,  0, 0, 0
L 22.6659, -495.7986, -39.3427,  6.5307, -512.7816, -40.6680,  127, 64, 0
L 6.5307, -512.7816, -40.6680,  23.5305, -495.8127, -51.2856,  127, 64, 0
L 23.5305, -495.8127, -51.3427,  15.1110, -487.2932, -51.3427,  127, 64, 0
L 15.3871, -487.6693, -51.3427,  15.2561, -478.9821, -51.3427,  127, 64, 0
L 15.2561, -478.9821, -51.3427,  16.8028, -478.9730, -51.3427,  127, 64, 0
L 16.8028, -478.9730, -51.3427,  24.7119, -468.5380, -51.3719,  127, 64, 0
L 24.7119, -468.5380, -51.3719,  32.6250, -478.9343, -51.3427,  127, 64, 0
L 32.6250, -478.9343, -51.3427,  32.6250, -502.4375, -51.3427,  127, 64, 0
L 32.6250, -502.4375, -51.3427,  29.9114, -502.4479, -51.3427,  127, 64, 0
L 29.9114, -502.4479, -51.3427,  13.8382, -519.4062, -40.3019,  127, 64, 0
L 13.8382, -519.4062, -40.3019,  -2.3750, -519.4062, -39.3427,  127, 64, 0
L 24.9501, -468.3815, -51.3427,  12.4344, -456.9030, -51.3427,  127, 64, 0
L 12.4344, -456.9030, -51.3427,  -6.8487, -455.1875, -51.3427,  127, 64, 0
L -6.8487, -455.1875, -51.3427,  -29.6724, -464.8710, -51.3427,  127, 64, 0
L -29.6724, -464.8710, -51.3427,  -32.6514, -478.9510, -51.3427,  127, 64, 0
L 15.1110, -487.2932, -51.3427,  -2.1553, -504.4375, -51.3427,  127, 64, 0
L -2.1553, -504.4375, -51.3427,  -10.8446, -504.4375, -51.3427,  127, 64, 0
L -10.8446, -504.4375, -51.3427,  -28.0000, -487.2821, -51.3425,  127, 64, 0
L 16.1635, -489.1811, -51.3427,  -33.8425, -540.1561, -51.3427,  127, 64, 0
L -33.8425, -540.1561, -51.3427,  -41.5938, -540.1562, -51.3427,  127, 64, 0
L -41.5938, -540.1562, -51.3427,  -41.5938, -550.4062, -51.3427,  127, 64, 0
L -41.5938, -550.4062, -51.3427,  -39.5938, -550.4062, -51.3427,  127, 64, 0
L -39.5938, -550.4062, -51.3427,  -39.5938, -553.1562, -51.3427,  127, 64, 0
L -39.5938, -553.1562, -51.3427,  -41.8134, -553.1562, -51.3427,  127, 64, 0
L -41.8134, -553.1562, -51.3427,  -51.5938, -562.9362, -51.3427,  127, 64, 0
L -51.5938, -562.9362, -51.3427,  -51.5938, -576.6254, -51.3427,  127, 64, 0
L -51.5938, -576.6254, -51.3427,  -41.8136, -586.3750, -51.3427,  127, 64, 0
L -41.8136, -586.3750, -51.3427,  -28.1550, -586.3750, -51.3427,  127, 64, 0
L -28.1550, -586.3750, -51.3427,  -18.3750, -576.6254, -51.3427,  127, 64, 0
L -18.3750, -576.6254, -51.3427,  -18.3750, -562.9365, -51.3427,  127, 64, 0
L -18.3750, -562.9365, -51.3427,  -28.1553, -553.1562, -51.3427,  127, 64, 0
L -28.1553, -553.1562, -51.3427,  -30.3750, -553.1562, -51.3427,  127, 64, 0
L -30.3750, -553.1562, -51.3427,  -30.3750, -550.4062, -51.3427,  127, 64, 0
L -30.3750, -550.4062, -51.3427,  -28.3750, -550.4062, -51.3427,  127, 64, 0
L -28.3750, -550.4062, -51.3427,  -28.3750, -545.4062, -51.3427,  127, 64, 0
L -28.3750, -545.4062, -51.3427,  -27.1596, -545.4062, -51.3427,  127, 64, 0
L -27.1596, -545.4062, -51.3427,  21.6487, -494.6361, -51.3427,  127, 64, 0
L -2.3750, -519.4062, -39.3427,  -2.3750, -522.1561, -39.3427,  0, 0, 0
L -2.3750, -522.1561, -39.1621,  -0.3750, -522.1562, -39.1875,  0, 0, 0
L -0.3750, -522.1562, -39.1875,  -0.3750, -539.4062, -31.5259,  0, 0, 0
L -0.3750, -539.4062, -31.5259,  -2.3750, -539.4062, -31.5259,  0, 0, 0
L -2.3750, -539.4062, -31.3739,  -2.3750, -542.1562, -31.3739,  0, 0, 0
L -2.3750, -542.1562, -31.3739,  -0.3750, -542.1562, -31.3739,  0, 0, 0
L -0.3750, -542.1562, -31.3739,  -0.3750, -544.1561, -31.3739,  0, 0, 0
L -0.3750, -544.1561, -31.3739,  2.3572, -544.1562, -31.3739,  0, 0, 0
L 2.3572, -544.1562, -31.3739,  2.3750, -542.1561, -31.3739,  0, 0, 0
L 2.3750, -542.1562, -31.3739,  39.5938, -542.1562, -19.5433,  0, 0, 0
L 39.5938, -542.1562, -19.5433,  39.5938, -544.1562, -19.5433,  0, 0, 0
L 39.5938, -544.1562, -19.3739,  42.3436, -544.1562, -19.3739,  0, 0, 0
L 42.3436, -544.1562, -19.3739,  42.3436, -542.1561, -19.3739,  0, 0, 0
L 42.3436, -542.1561, -19.3739,  55.5938, -542.1562, -19.3739,  0, 0, 0
L 55.5938, -542.1562, -19.3739,  55.5938, -555.4062, -19.3739,  0, 0, 0
L 55.5938, -555.4062, -19.3739,  53.5938, -555.4102, -19.3739,  0, 0, 0
L 53.5938, -555.4102, -19.3739,  53.5938, -558.1566, -19.3739,  0, 0, 0
L 53.5938, -558.1566, -19.3739,  55.5938, -558.1548, -19.3739,  0, 0, 0
L 55.5938, -558.1548, -19.3739,  55.5938, -595.3750, -7.5433,  0, 0, 0
L 55.5938, -595.3750, -7.5433,  53.5938, -595.3750, -7.5433,  0, 0, 0
L 53.5938, -595.3750, -7.3739,  53.5938, -598.1249, -7.3739,  0, 0, 0
L 53.5938, -598.1249, -7.3739,  55.5938, -598.1249, -7.3739,  0, 0, 0
L 55.5938, -598.1249, -7.3739,  55.5938, -611.3750, -7.3739,  0, 0, 0
L 55.5938, -611.3750, -7.3739,  42.3436, -611.3750, -7.3739,  0, 0, 0
L 42.3436, -611.3750, -7.3739,  42.3438, -609.3750, -7.3739,  0, 0, 0
L 42.3438, -609.3750, -7.3739,  39.5936, -609.3750, -7.3739,  0, 0, 0
L 39.5936, -609.3750, -7.3739,  39.5938, -611.3750, -7.3739,  0, 0, 0
L 39.5938, -611.3750, -7.3739,  2.3750, -611.3750, 4.4569,  0, 0, 0
L 2.3750, -611.3750, 4.4569,  2.3750, -609.3750, 4.4569,  0, 0, 0
L 2.3750, -609.3750, 4.6260,  -0.3750, -609.3750, 4.6260,  0, 0, 0
L -0.3750, -609.3750, 4.6260,  -0.3750, -611.3750, 4.6260,  0, 0, 0
L -0.3750, -611.3750, 4.6260,  -13.6250, -611.3750, 4.6260,  0, 0, 0
L -13.6250, -611.3750, 4.6260,  -13.6250, -598.1249, 4.6260,  0, 0, 0
L -13.6250, -598.1249, 4.6260,  -11.6250, -598.1249, 4.6260,  0, 0, 0
L -11.6250, -598.1249, 4.6260,  -11.6250, -595.3750, 4.6260,  0, 0, 0
L -11.6250, -595.3750, 4.6260,  -13.6250, -595.3750, 4.6260,  0, 0, 0
L -13.6250, -595.3750, 4.6260,  -13.6250, -558.1562, 16.4570,  0, 0, 0
L -13.6250, -558.1562, 16.4570,  -11.6250, -558.1562, 16.4570,  0, 0, 0
L -11.6250, -558.1562, 16.6260,  -11.6250, -555.4062, 16.6260,  0, 0, 0
L -11.6250, -555.4062, 16.6260,  -13.6250, -555.4062, 16.6260,  0, 0, 0
L -13.6250, -555.4062, 16.6260,  -13.6250, -545.7776, 16.6260,  0, 0, 0
P -36.0000, -262.0000, 0.0000,  0, 0, 0,  1,  Succor
P -55.9857, -252.2592, -0.9990,  0, 127, 0,  3,  to_Lavastorm_Mountains
P -7.9215, -240.8871, 1.6926,  0, 0, 0,  2,  L_12_H_12
P -7.9215, -220.8871, 1.6926,  0, 0, 0,  1,  Updated_by_Goodurden
