P 3216.0000, 4758.0000, -4.0000,  240, 0, 0,  2,  Grizzleknot
P 1017.6814, 4941.7437, -3.7791,  240, 0, 0,  2,  Quillmane*HighSun
P 3273.4229, 347.7826, -3.7791,  240, 0, 0,  2,  Grizzleknot*HighSun
P -374.3138, 2676.4690, -0.4471,  240, 0, 0,  2,  Tesch_Val_Deval'Nmak*
P 2300.1980, 4714.9409, 10.5646,  240, 0, 0,  2,  _Knari_Morawk*HighSun
P -2333.4204, 765.1349, -1.9700,  240, 0, 0,  2,  Kroldir_Thunderhoof*HighSun
P -1079.3876, -1399.8248, 38.1593,  240, 0, 0,  2,  Lord_Grimrot*_AE_BARD
P -76.4406, 4972.4058, -3.7791,  240, 0, 0,  2,  Marik_Clubthorn*HighSun
P 727.5290, 6775.5605, -3.4666,  240, 0, 0,  2,  Mroon*HighSun
P -2275.4651, 7444.1089, 49.3263,  240, 0, 0,  2,  Narra_Tanith*HighSun
P -1896.5120, 476.9442, 7.9017,  240, 0, 0,  2,  Synger_Foxfyre*
P 1586.8306, 4316.2910, -3.4666,  240, 0, 0,  2,  Quillman*HighSun
P 1672.8405, 3882.8057, 57.4943,  240, 0, 0,  2,  Marik
P -1233.0000, 1234.0000, 123.0000,  240, 0, 0,  2,  Qspawn
P 1781.6776, 6668.4985, -3.7791,  240, 0, 0,  2,  Coloth_Meadowgreen*
