P 3330.0000, -3818.0000, 0.0000,  127, 64, 0,  2,  The_Waterfall
P -2033.0000, -476.0000, 0.0000,  127, 64, 0,  2,  Knobbly-Top
P 481.0000, -2018.0000, 0.0000,  127, 64, 0,  2,  Mt._Klaw
P -3284.6211, 3899.3059, -9.9990,  0, 0, 0,  1,  Safe_Camp_Spot
P 1003.2880, -3761.6299, 1169.8019,  127, 64, 0,  2,  Highland_Kobold_Camp
P 645.2490, -3033.1089, 1120.2919,  127, 64, 0,  2,  Graniteback_Ridge
P -3011.1201, -3773.2461, 1194.8521,  127, 64, 0,  2,  Highland_Kobold_Camp
P -2137.2371, 3821.7939, -40.7310,  127, 64, 0,  2,  Savage_Kobold_Camp
P -3307.4971, 4187.8711, -47.1300,  127, 64, 0,  2,  Burly_Kobold_Camp
P -1180.2209, 4790.3560, -46.2580,  127, 64, 0,  2,  Ferocious_Kobold_Camp
P 3424.4141, 4399.4131, -186.6370,  0, 0, 127,  2,  Wejnir_D'Vir
P 3413.9751, 4440.9282, -186.8569,  0, 0, 240,  2,  Cedric_Trallus
P 2725.4189, 635.8179, 358.2100,  127, 64, 0,  2,  Raging_Kobold_Camp
P 3840.6680, -2059.8831, 775.5990,  127, 64, 0,  2,  Spinning_Rocks
P 495.9850, -1349.6000, 1025.7860,  0, 0, 0,  1,  Oven
P 562.5996, -1389.5283, 1025.1232,  0, 0, 0,  1,  Pottery_Wheel
P 594.5119, -1354.1869, 1025.1232,  0, 0, 0,  1,  Forge
P 525.6970, -1353.8040, 1025.1232,  0, 0, 0,  1,  Kiln
P 1741.1379, 551.6600, 622.3841,  0, 0, 127,  2,  Dire_Panda(Brd_1.5)
P -2353.8799, -1881.4806, 793.8306,  127, 0, 0,  2,  Gnashing_Kobold(Ber1.0)
P 3330.2068, -3813.4067, 1248.4755,  127, 0, 0,  2,  The_Spirit_of_Torment(BST1.0)
