P -2588.6565, -1821.9314, -6.2394, 0, 0, 240, 2, Kellboa_Skyspeed
P -2947, -2421, 40.3447, 0, 0, 240, 2, Roshin_(M)
P -2907, -2461, 40.3447, 0, 0, 240, 2, Migo_(M)
P -2723, -2641, 39.9, 0, 0, 240, 2, Gokrok_(M)
P -2812, -2706, 40.3134, 0, 0, 240, 2, Bygle_(M)
P 1777.3715, 263.3075, -12.7665, 0, 0, 240, 2, Dugroz(Q)Key
P -2989.1559, -2631.8906, 40.252, 0, 0, 240, 2, Warlord_Hikyg(Q)
P -3030.8344, -2645.4254, 40.252, 0, 0, 240, 2, Mystic_Dovan(Q)
P -2299.8804, 2998.9731, -33.512, 127, 0, 0, 2, The_Spirit_of_Sorrow(BST1.0)
P -1497.5655, -827.2539, 14.7378, 0, 0, 240, 2, Genban_Kerrokar
