L 547, 2126, -362,  547, 2126, -362,  153, 153, 153
L 547, 2126, -362,  547, 2097, -362,  153, 153, 153
L 547, 2097, -362,  569, 2076, -362,  153, 153, 153
L 569, 2076, -362,  596, 2076, -362,  153, 153, 153
L 596, 2076, -362,  596, 1980, -362,  153, 153, 153
L 596, 1980, -362,  584, 1980, -362,  153, 153, 153
L 584, 1980, -362,  567, 1979, -362,  153, 153, 153
L 567, 1979, -362,  547, 1960, -362,  153, 153, 153
L 547, 1960, -362,  547, 1930, -362,  153, 153, 153
L 547, 1930, -362,  509, 1930, -362,  153, 153, 153
L 509, 1930, -362,  507, 1879, -362,  153, 153, 153
L 507, 1879, -362,  557, 1876, -362,  153, 153, 153
L 557, 1876, -362,  557, 1761, -362,  153, 153, 153
L 557, 1761, -362,  527, 1751, -362,  153, 153, 153
L 527, 1751, -362,  527, 1842, -362,  153, 153, 153
L 527, 1842, -362,  529, 1846, -362,  153, 153, 153
L 529, 1846, -362,  531, 1858, -362,  153, 153, 153
L 531, 1858, -362,  517, 1860, -362,  153, 153, 153
L 517, 1860, -362,  517, 1746, 37,  153, 153, 153
L 517, 1746, 37,  517, 1384, 37,  153, 153, 153
L 517, 1384, 37,  517, 1361, 37,  153, 153, 153
L 517, 1361, 37,  546, 1356, 37,  153, 153, 153
L 546, 1356, 37,  547, 1326, 37,  153, 153, 153
L 547, 1326, 37,  547, 1278, 37,  153, 153, 153
L 547, 1278, 37,  582, 1272, -62,  153, 153, 153
L 582, 1272, -62,  601, 1253, -362,  153, 153, 153
L 601, 1253, -362,  615, 1239, -362,  153, 153, 153
L 615, 1239, -362,  624, 1241, -382,  153, 153, 153
L 624, 1241, -382,  631, 1247, -362,  153, 153, 153
L 631, 1247, -362,  631, 1286, -362,  153, 153, 153
L 631, 1286, -362,  697, 1286, -362,  153, 153, 153
L 697, 1286, -362,  747, 1277, -364,  153, 153, 153
L 747, 1277, -364,  756, 1276, -462,  153, 153, 153
L 756, 1276, -462,  761, 1266, -362,  153, 153, 153
L 761, 1266, -362,  796, 1266, -362,  153, 153, 153
L 796, 1266, -362,  796, 1231, -362,  153, 153, 153
L 796, 1231, -362,  762, 1231, -362,  153, 153, 153
L 762, 1231, -362,  746, 1211, -362,  153, 153, 153
L 746, 1211, -362,  669, 1211, -362,  153, 153, 153
L 669, 1211, -362,  660, 1203, -382,  153, 153, 153
L 660, 1203, -382,  655, 1195, -362,  153, 153, 153
L 655, 1195, -362,  687, 1167, -362,  153, 153, 153
L 687, 1167, -362,  696, 1011, -362,  153, 153, 153
L 696, 1011, -362,  659, 962, -362,  153, 153, 153
L 659, 962, -362,  668, 947, -362,  153, 153, 153
L 668, 947, -362,  746, 946, -362,  153, 153, 153
L 746, 946, -362,  767, 926, -362,  153, 153, 153
L 767, 926, -362,  796, 926, -362,  153, 153, 153
L 796, 926, -362,  796, 894, -362,  153, 153, 153
L 796, 894, -362,  760, 891, -362,  153, 153, 153
L 760, 891, -362,  746, 871, -362,  153, 153, 153
L 746, 871, -362,  631, 871, -362,  153, 153, 153
L 631, 871, -362,  631, 907, -362,  153, 153, 153
L 631, 907, -362,  623, 917, -382,  153, 153, 153
L 623, 917, -382,  577, 881, -362,  153, 153, 153
L 577, 881, -362,  420, 881, -362,  153, 153, 153
L 420, 881, -362,  382, 918, -362,  153, 153, 153
L 382, 918, -362,  372, 915, -382,  153, 153, 153
L 372, 915, -382,  367, 872, -362,  153, 153, 153
L 367, 872, -362,  295, 871, -362,  153, 153, 153
L 295, 871, -362,  234, 891, -362,  153, 153, 153
L 234, 891, -362,  201, 891, -362,  153, 153, 153
L 201, 891, -362,  201, 924, -362,  153, 153, 153
L 201, 924, -362,  235, 926, -362,  153, 153, 153
L 235, 926, -362,  251, 946, -362,  153, 153, 153
L 251, 946, -362,  326, 946, -362,  153, 153, 153
L 326, 946, -362,  340, 956, -382,  153, 153, 153
L 340, 956, -382,  301, 1000, -362,  153, 153, 153
L 301, 1000, -362,  301, 1155, -362,  153, 153, 153
L 301, 1155, -362,  340, 1196, -362,  153, 153, 153
L 340, 1196, -362,  336, 1205, -382,  153, 153, 153
L 336, 1205, -382,  308, 1211, -362,  153, 153, 153
L 308, 1211, -362,  235, 1231, -362,  153, 153, 153
L 235, 1231, -362,  201, 1231, -362,  153, 153, 153
L 201, 1231, -362,  201, 1266, -362,  153, 153, 153
L 201, 1266, -362,  234, 1266, -362,  153, 153, 153
L 234, 1266, -362,  261, 1286, -362,  153, 153, 153
L 261, 1286, -362,  345, 1286, -362,  153, 153, 153
L 345, 1286, -362,  367, 1248, -362,  153, 153, 153
L 367, 1248, -362,  382, 1235, -362,  153, 153, 153
L 382, 1235, -362,  400, 1256, -362,  153, 153, 153
L 400, 1256, -362,  403, 1223, -362,  153, 153, 153
L 547, 2126, -362,  547, 2126, -362,  153, 153, 153
L 547, 2126, -362,  451, 2126, -362,  153, 153, 153
L 451, 2126, -362,  451, 2098, -362,  153, 153, 153
L 451, 2098, -362,  431, 2077, -362,  153, 153, 153
L 431, 2077, -362,  401, 2076, -362,  153, 153, 153
L 401, 2076, -362,  401, 1980, -362,  153, 153, 153
L 401, 1980, -362,  431, 1984, -362,  153, 153, 153
L 431, 1984, -362,  448, 1966, -362,  153, 153, 153
L 448, 1966, -362,  459, 1930, -362,  153, 153, 153
L 459, 1930, -362,  488, 1930, -362,  153, 153, 153
L 488, 1930, -362,  490, 1876, -362,  153, 153, 153
L 490, 1876, -362,  449, 1876, -362,  153, 153, 153
L 449, 1876, -362,  441, 1751, -362,  153, 153, 153
L 441, 1751, -362,  469, 1751, -362,  153, 153, 153
L 469, 1751, -362,  471, 1846, -362,  153, 153, 153
L 471, 1846, -362,  468, 1846, -362,  153, 153, 153
L 468, 1846, -362,  468, 1862, -362,  153, 153, 153
L 468, 1862, -362,  482, 1859, -362,  153, 153, 153
L 482, 1859, -362,  481, 1382, 37,  153, 153, 153
L 481, 1382, 37,  479, 1355, 37,  153, 153, 153
L 479, 1355, 37,  451, 1356, 37,  153, 153, 153
L 451, 1356, 37,  451, 1323, 37,  153, 153, 153
L 451, 1323, 37,  451, 1277, 37,  153, 153, 153
L 451, 1277, 37,  420, 1276, -62,  153, 153, 153
L 420, 1276, -62,  404, 1260, -28,  153, 153, 153
L 404, 1260, -28,  397, 1254, -362,  153, 153, 153
L 503, 1316, 37,  503, 1316, 37,  153, 153, 153
L 503, 1316, 37,  530, 1317, 37,  153, 153, 153
L 530, 1317, 37,  531, 1338, 37,  153, 153, 153
L 531, 1338, 37,  469, 1341, 37,  153, 153, 153
L 469, 1341, 37,  467, 1323, 37,  153, 153, 153
L 467, 1323, 37,  469, 1314, 37,  153, 153, 153
L 469, 1314, 37,  495, 1316, 37,  153, 153, 153
L 495, 1316, 37,  503, 1316, 37,  153, 153, 153
L 403, 1222, -362,  403, 1222, -362,  153, 153, 153
L 403, 1222, -362,  403, 1193, -362,  153, 153, 153
L 403, 1193, -362,  411, 1193, -362,  153, 153, 153
L 411, 1193, -362,  411, 1267, -62,  153, 153, 153
L 435, 1252, -362,  435, 1252, -362,  153, 153, 153
L 435, 1252, -362,  435, 1194, -362,  153, 153, 153
L 435, 1194, -362,  427, 1194, -362,  153, 153, 153
L 427, 1194, -362,  427, 1257, -68,  153, 153, 153
L 427, 1257, -68,  426, 1259, -62,  153, 153, 153
L 426, 1259, -62,  466, 1260, 37,  153, 153, 153
L 466, 1260, 37,  467, 1280, 37,  153, 153, 153
L 467, 1280, 37,  481, 1281, 37,  153, 153, 153
L 481, 1281, 37,  481, 1179, 37,  153, 153, 153
L 481, 1179, 37,  403, 1100, 37,  153, 153, 153
L 403, 1100, 37,  300, 1096, 37,  153, 153, 153
L 300, 1096, 37,  295, 1126, 37,  153, 153, 153
L 295, 1126, 37,  274, 1126, 37,  153, 153, 153
L 274, 1126, 37,  274, 1115, 37,  153, 153, 153
L 274, 1115, 37,  267, 1111, 37,  153, 153, 153
L 267, 1111, 37,  261, 1089, 37,  153, 153, 153
L 261, 1089, 37,  251, 1086, 37,  153, 153, 153
L 251, 1086, 37,  237, 1091, 37,  153, 153, 153
L 237, 1091, 37,  237, 1151, 37,  153, 153, 153
L -922, 1041, -1361,  -922, 1041, -1361,  153, 153, 153
L -922, 1041, -1361,  -1003, 1041, -1361,  153, 153, 153
L -1003, 1041, -1361,  -1050, 1046, -1361,  153, 153, 153
L -1050, 1046, -1361,  -1076, 1041, -1361,  153, 153, 153
L -1076, 1041, -1361,  -1087, 1019, -1361,  153, 153, 153
L -1087, 1019, -1361,  -1130, 971, -1361,  153, 153, 153
L -1130, 971, -1361,  -1150, 961, -1361,  153, 153, 153
L -1150, 961, -1361,  -1162, 954, -1361,  153, 153, 153
L -1162, 954, -1361,  -1167, 938, -1361,  153, 153, 153
L -1167, 938, -1361,  -1167, 929, -1361,  153, 153, 153
L -1167, 929, -1361,  -1162, 924, -1361,  153, 153, 153
L -1162, 924, -1361,  -1162, 919, -1361,  153, 153, 153
L -1162, 919, -1361,  -953, 916, -1361,  153, 153, 153
L -953, 916, -1361,  -919, 911, -1361,  153, 153, 153
L -919, 911, -1361,  -908, 912, -1361,  153, 153, 153
L -908, 912, -1361,  -901, 924, -1361,  153, 153, 153
L -901, 924, -1361,  -850, 936, -1361,  153, 153, 153
L -850, 936, -1361,  -822, 928, -1361,  153, 153, 153
L -822, 928, -1361,  -812, 875, -1361,  153, 153, 153
L -812, 875, -1361,  -827, 844, -1361,  153, 153, 153
L -827, 844, -1361,  -834, 841, -1361,  153, 153, 153
L -834, 841, -1361,  -837, 828, -1361,  153, 153, 153
L -837, 828, -1361,  -832, 608, -1361,  153, 153, 153
L -832, 608, -1361,  -714, 606, -802,  153, 153, 153
L -714, 606, -802,  -703, 607, -762,  153, 153, 153
L -703, 607, -762,  -702, 618, -762,  153, 153, 153
L -702, 618, -762,  -725, 637, -762,  153, 153, 153
L -725, 637, -762,  -727, 695, -762,  153, 153, 153
L -727, 695, -762,  -716, 709, -762,  153, 153, 153
L -716, 709, -762,  -700, 721, -762,  153, 153, 153
L -700, 721, -762,  -701, 724, -762,  153, 153, 153
L -701, 724, -762,  -707, 883, -762,  153, 153, 153
L -707, 883, -762,  -698, 880, -762,  153, 153, 153
L -698, 880, -762,  -691, 891, -762,  153, 153, 153
L -691, 891, -762,  -649, 897, -762,  153, 153, 153
L -649, 897, -762,  -648, 1030, -762,  153, 153, 153
L -648, 1030, -762,  -691, 1031, -762,  153, 153, 153
L -691, 1031, -762,  -707, 1063, -762,  153, 153, 153
L -707, 1063, -762,  -704, 1086, -762,  153, 153, 153
L -704, 1086, -762,  -702, 1099, -762,  153, 153, 153
L -702, 1099, -762,  -723, 1115, -762,  153, 153, 153
L -723, 1115, -762,  -727, 1162, -762,  153, 153, 153
L -727, 1162, -762,  -724, 1181, -762,  153, 153, 153
L -724, 1181, -762,  -705, 1196, -762,  153, 153, 153
L -705, 1196, -762,  -702, 1208, -762,  153, 153, 153
L -702, 1208, -762,  -707, 1227, -762,  153, 153, 153
L -707, 1227, -762,  -707, 1298, -762,  153, 153, 153
L -707, 1298, -762,  -919, 1301, -1357,  153, 153, 153
L -919, 1301, -1357,  -922, 1041, -1361,  153, 153, 153
L -977, 1348, -1361,  -977, 1348, -1361,  153, 153, 153
L -977, 1348, -1361,  -980, 1096, -1361,  153, 153, 153
L -980, 1096, -1361,  -1029, 1096, -1361,  153, 153, 153
L -1029, 1096, -1361,  -1049, 1091, -1361,  153, 153, 153
L -1049, 1091, -1361,  -1061, 1092, -1361,  153, 153, 153
L -1061, 1092, -1361,  -1080, 1096, -1361,  153, 153, 153
L -1080, 1096, -1361,  -1082, 1118, -1361,  153, 153, 153
L -1082, 1118, -1361,  -1141, 1176, -1361,  153, 153, 153
L -1141, 1176, -1361,  -1160, 1176, -1361,  153, 153, 153
L -1160, 1176, -1361,  -1162, 1191, -1361,  153, 153, 153
L -1162, 1191, -1361,  -1162, 1418, -1361,  153, 153, 153
L -1162, 1418, -1361,  -1103, 1421, -1361,  153, 153, 153
L -1103, 1421, -1361,  -1092, 1421, -1361,  153, 153, 153
L -1092, 1421, -1361,  -1077, 1421, -1361,  153, 153, 153
L -1077, 1421, -1361,  -1059, 1401, -1361,  153, 153, 153
L -1059, 1401, -1361,  -1027, 1401, -1361,  153, 153, 153
L -1027, 1401, -1361,  -990, 1411, -1361,  153, 153, 153
L -990, 1411, -1361,  -592, 1421, -762,  153, 153, 153
L -592, 1421, -762,  -592, 1434, -762,  153, 153, 153
L -592, 1434, -762,  -588, 1486, -762,  153, 153, 153
L -588, 1486, -762,  -586, 1486, -762,  153, 153, 153
L -586, 1486, -762,  -576, 1483, -762,  153, 153, 153
L -576, 1483, -762,  -567, 1468, -762,  153, 153, 153
L -567, 1468, -762,  -558, 1291, -762,  153, 153, 153
L -558, 1291, -762,  -502, 1291, -762,  153, 153, 153
L -502, 1291, -762,  -90, 1291, -162,  153, 153, 153
L -90, 1291, -162,  -88, 1111, -162,  153, 153, 153
L -88, 1111, -162,  -88, 1092, -162,  153, 153, 153
L -88, 1092, -162,  -88, 1091, -162,  153, 153, 153
L -88, 1091, -162,  -107, 1068, -162,  153, 153, 153
L -107, 1068, -162,  -117, 1066, -162,  153, 153, 153
L -117, 1066, -162,  -236, 1066, -362,  153, 153, 153
L -236, 1066, -362,  -248, 1063, -362,  153, 153, 153
L -248, 1063, -362,  -261, 1061, -362,  153, 153, 153
L -261, 1061, -362,  -267, 1073, -362,  153, 153, 153
L -267, 1073, -362,  -281, 1086, -362,  153, 153, 153
L -281, 1086, -362,  -287, 1089, -362,  153, 153, 153
L -287, 1089, -362,  -287, 1098, -362,  153, 153, 153
L -287, 1098, -362,  -282, 1176, -362,  153, 153, 153
L -282, 1176, -362,  -291, 1176, -362,  153, 153, 153
L -291, 1176, -362,  -617, 1176, -731,  153, 153, 153
L -617, 1176, -731,  -617, 1174, -751,  153, 153, 153
L -617, 1174, -751,  -628, 1171, -762,  153, 153, 153
L -628, 1171, -762,  -632, 1175, -762,  153, 153, 153
L -632, 1175, -762,  -651, 1196, -762,  153, 153, 153
L -651, 1196, -762,  -652, 1356, -762,  153, 153, 153
L -652, 1356, -762,  -964, 1356, -1361,  153, 153, 153
L -964, 1356, -1361,  -963, 1346, -1345,  153, 153, 153
L -963, 1346, -1345,  -977, 1348, -1361,  153, 153, 153
L -1437, 1151, -1561,  -1437, 1151, -1561,  153, 153, 153
L -1437, 1151, -1561,  -1437, 1176, -1561,  153, 153, 153
L -1437, 1176, -1561,  -1419, 1177, -1561,  153, 153, 153
L -1419, 1177, -1561,  -1418, 1199, -1560,  153, 153, 153
L -1418, 1199, -1560,  -1437, 1202, -1561,  153, 153, 153
L -1437, 1202, -1561,  -1437, 1226, -1561,  153, 153, 153
L -1437, 1226, -1561,  -1338, 1226, -1561,  153, 153, 153
L -1338, 1226, -1561,  -1336, 1218, -1561,  153, 153, 153
L -1336, 1218, -1561,  -1328, 1211, -1561,  153, 153, 153
L -1328, 1211, -1561,  -1322, 1088, -1561,  153, 153, 153
L -1322, 1088, -1561,  -1303, 1086, -1561,  153, 153, 153
L -1303, 1086, -1561,  -1293, 1091, -1546,  153, 153, 153
L -1293, 1091, -1546,  -1283, 1092, -1561,  153, 153, 153
L -1283, 1092, -1561,  -1281, 1096, -1561,  153, 153, 153
L -1281, 1096, -1561,  -1236, 1111, -1361,  153, 153, 153
L -1236, 1111, -1361,  -1237, 1176, -1361,  153, 153, 153
L -1237, 1176, -1361,  -1219, 1176, -1361,  153, 153, 153
L -1219, 1176, -1361,  -1217, 1196, -1361,  153, 153, 153
L -1217, 1196, -1361,  -1212, 1195, -1361,  153, 153, 153
L -1212, 1195, -1361,  -1212, 1205, -1361,  153, 153, 153
L -1212, 1205, -1361,  -1217, 1215, -1361,  153, 153, 153
L -1217, 1215, -1361,  -1217, 1463, -1361,  153, 153, 153
L -1217, 1463, -1361,  -1212, 1461, -1361,  153, 153, 153
L -1212, 1461, -1361,  -1197, 1473, -1361,  153, 153, 153
L -1197, 1473, -1361,  -1125, 1476, -1361,  153, 153, 153
L -1125, 1476, -1361,  -1098, 1474, -1361,  153, 153, 153
L -1098, 1474, -1361,  -1079, 1471, -1361,  153, 153, 153
L -1079, 1471, -1361,  -1061, 1494, -1361,  153, 153, 153
L -1061, 1494, -1361,  -1003, 1496, -1361,  153, 153, 153
L -1003, 1496, -1361,  -984, 1480, -1361,  153, 153, 153
L -984, 1480, -1361,  -977, 1471, -1361,  153, 153, 153
L -977, 1471, -1361,  -963, 1476, -1361,  153, 153, 153
L -963, 1476, -1361,  -648, 1477, -762,  153, 153, 153
L -648, 1477, -762,  -647, 1534, -762,  153, 153, 153
L -647, 1534, -762,  -595, 1536, -762,  153, 153, 153
L -595, 1536, -762,  -601, 1535, -762,  153, 153, 153
L -601, 1535, -762,  -580, 1531, -762,  153, 153, 153
L -580, 1531, -762,  -563, 1552, -762,  153, 153, 153
L -563, 1552, -762,  -500, 1556, -762,  153, 153, 153
L -500, 1556, -762,  -482, 1537, -762,  153, 153, 153
L -482, 1537, -762,  -482, 1535, -762,  153, 153, 153
L -482, 1535, -762,  -475, 1531, -762,  153, 153, 153
L -475, 1531, -762,  -468, 1639, -762,  153, 153, 153
L -468, 1639, -762,  -468, 1646, -762,  153, 153, 153
L -468, 1646, -762,  -454, 1646, -762,  153, 153, 153
L -454, 1646, -762,  -215, 1646, -162,  153, 153, 153
L -215, 1646, -162,  -221, 1635, -162,  153, 153, 153
L -221, 1635, -162,  -214, 1629, -151,  153, 153, 153
L -214, 1629, -151,  -202, 1501, -162,  153, 153, 153
L -202, 1501, -162,  -196, 1495, -162,  153, 153, 153
L -196, 1495, -162,  -191, 1491, -162,  153, 153, 153
L -191, 1491, -162,  -178, 1492, -162,  153, 153, 153
L -178, 1492, -162,  -152, 1523, -162,  153, 153, 153
L -152, 1523, -162,  -95, 1526, -162,  153, 153, 153
L -95, 1526, -162,  -66, 1501, -162,  153, 153, 153
L -66, 1501, -162,  -56, 1491, -162,  153, 153, 153
L -56, 1491, -162,  41, 1496, -162,  153, 153, 153
L 41, 1496, -162,  52, 1485, -162,  153, 153, 153
L 52, 1485, -162,  67, 1475, -162,  153, 153, 153
L 67, 1475, -162,  67, 1377, -162,  153, 153, 153
L 67, 1377, -162,  117, 1376, -162,  153, 153, 153
L 117, 1376, -162,  117, 1372, -162,  153, 153, 153
L 117, 1372, -162,  126, 1371, -162,  153, 153, 153
L 126, 1371, -162,  156, 1402, -162,  153, 153, 153
L 156, 1402, -162,  217, 1406, -162,  153, 153, 153
L 217, 1406, -162,  246, 1379, -162,  153, 153, 153
L 246, 1379, -162,  247, 1319, -162,  153, 153, 153
L 247, 1319, -162,  220, 1292, -162,  153, 153, 153
L 220, 1292, -162,  164, 1291, -162,  153, 153, 153
L 164, 1291, -162,  133, 1318, -162,  153, 153, 153
L 133, 1318, -162,  131, 1325, -162,  153, 153, 153
L 131, 1325, -162,  119, 1326, -162,  153, 153, 153
L 119, 1326, -162,  23, 1321, -162,  153, 153, 153
L 23, 1321, -162,  27, 1327, -162,  153, 153, 153
L 27, 1327, -162,  11, 1344, -162,  153, 153, 153
L 11, 1344, -162,  11, 1438, -162,  153, 153, 153
L 11, 1438, -162,  -41, 1441, -162,  153, 153, 153
L -41, 1441, -162,  -47, 1444, -162,  153, 153, 153
L -47, 1444, -162,  -59, 1446, -162,  153, 153, 153
L -59, 1446, -162,  -62, 1445, -162,  153, 153, 153
L -62, 1445, -162,  -86, 1416, -162,  153, 153, 153
L -86, 1416, -162,  -90, 1413, -162,  153, 153, 153
L -90, 1413, -162,  -97, 1397, -162,  153, 153, 153
L -97, 1397, -162,  -92, 1348, -162,  153, 153, 153
L -92, 1348, -162,  -43, 1346, -162,  153, 153, 153
L -43, 1346, -162,  -55, 1337, -162,  153, 153, 153
L -55, 1337, -162,  -32, 1325, -126,  153, 153, 153
L -32, 1325, -126,  -32, 1300, -162,  153, 153, 153
L -32, 1300, -162,  -32, 1213, -162,  153, 153, 153
L -32, 1213, -162,  -32, 1167, -162,  153, 153, 153
L -32, 1167, -162,  -32, 1111, -162,  153, 153, 153
L -32, 1111, -162,  -39, 1106, -162,  153, 153, 153
L -39, 1106, -162,  -36, 1096, -162,  153, 153, 153
L -36, 1096, -162,  -32, 1088, -162,  153, 153, 153
L -32, 1088, -162,  -23, 1078, -162,  153, 153, 153
L -23, 1078, -162,  -14, 1076, -162,  153, 153, 153
L -14, 1076, -162,  1, 1128, -162,  153, 153, 153
L 1, 1128, -162,  13, 1138, -162,  153, 153, 153
L 13, 1138, -162,  19, 1146, -162,  153, 153, 153
L 19, 1146, -162,  56, 1156, -162,  153, 153, 153
L 56, 1156, -162,  57, 1139, -162,  153, 153, 153
L 57, 1139, -162,  61, 1136, -162,  153, 153, 153
L 61, 1136, -162,  83, 1143, -262,  153, 153, 153
L 83, 1143, -262,  88, 1155, -262,  153, 153, 153
L 88, 1155, -262,  137, 1156, -262,  153, 153, 153
L 137, 1156, -262,  137, 1104, -262,  153, 153, 153
L 137, 1104, -262,  97, 1101, -262,  153, 153, 153
L 97, 1101, -262,  77, 1103, -262,  153, 153, 153
L 77, 1103, -262,  82, 1107, -262,  153, 153, 153
L 82, 1107, -262,  75, 1121, -222,  153, 153, 153
L 75, 1121, -222,  67, 1121, -162,  153, 153, 153
L 67, 1121, -162,  56, 1118, -162,  153, 153, 153
L 56, 1118, -162,  57, 1017, -162,  153, 153, 153
L 57, 1017, -162,  50, 1021, -162,  153, 153, 153
L 50, 1021, -162,  38, 1012, -162,  153, 153, 153
L 38, 1012, -162,  -16, 1001, -162,  153, 153, 153
L -16, 1001, -162,  -22, 1000, -162,  153, 153, 153
L -22, 1000, -162,  -32, 990, -162,  153, 153, 153
L -32, 990, -162,  -37, 970, -162,  153, 153, 153
L -37, 970, -162,  -33, 961, -162,  153, 153, 153
L -33, 961, -162,  -32, 817, -162,  153, 153, 153
L -32, 817, -162,  -12, 816, -162,  153, 153, 153
L -12, 816, -162,  -1, 812, -162,  153, 153, 153
L -1, 812, -162,  11, 812, -162,  153, 153, 153
L 11, 812, -162,  30, 836, -162,  153, 153, 153
L 30, 836, -162,  69, 836, -162,  153, 153, 153
L 69, 836, -162,  91, 834, -162,  153, 153, 153
L 91, 834, -162,  107, 814, -162,  153, 153, 153
L 107, 814, -162,  113, 811, -162,  153, 153, 153
L 113, 811, -162,  221, 816, -162,  153, 153, 153
L 221, 816, -162,  217, 814, -162,  153, 153, 153
L 217, 814, -162,  232, 800, -162,  153, 153, 153
L 232, 800, -162,  237, 736, -162,  153, 153, 153
L 237, 736, -162,  257, 718, -162,  153, 153, 153
L 257, 718, -162,  257, 661, -162,  153, 153, 153
L 257, 661, -162,  243, 646, -162,  153, 153, 153
L 243, 646, -162,  226, 641, -162,  153, 153, 153
L 226, 641, -162,  166, 655, -162,  153, 153, 153
L 166, 655, -162,  161, 673, -162,  153, 153, 153
L 161, 673, -162,  180, 737, -162,  153, 153, 153
L 180, 737, -162,  181, 753, -162,  153, 153, 153
L 181, 753, -162,  176, 763, -162,  153, 153, 153
L 176, 763, -162,  127, 761, -162,  153, 153, 153
L 127, 761, -162,  121, 765, -162,  153, 153, 153
L 121, 765, -162,  109, 766, -162,  153, 153, 153
L 109, 766, -162,  88, 741, -162,  153, 153, 153
L 88, 741, -162,  81, 736, -162,  153, 153, 153
L 81, 736, -162,  87, 710, -162,  153, 153, 153
L 87, 710, -162,  87, 568, -162,  153, 153, 153
L 87, 568, -162,  97, 558, -162,  153, 153, 153
L 97, 558, -162,  107, 512, -162,  153, 153, 153
L 107, 512, -162,  95, 498, -162,  153, 153, 153
L 95, 498, -162,  56, 491, -162,  153, 153, 153
L 56, 491, -162,  38, 503, -162,  153, 153, 153
L 38, 503, -162,  -348, 511, -362,  153, 153, 153
L -348, 511, -362,  -348, 614, -362,  153, 153, 153
L -348, 614, -362,  -346, 626, -362,  153, 153, 153
L -346, 626, -362,  -343, 634, -362,  153, 153, 153
L -343, 634, -362,  -356, 648, -362,  153, 153, 153
L -356, 648, -362,  -368, 711, -362,  153, 153, 153
L -368, 711, -362,  -359, 727, -362,  153, 153, 153
L -359, 727, -362,  -340, 741, -362,  153, 153, 153
L -340, 741, -362,  -348, 763, -362,  153, 153, 153
L -348, 763, -362,  -440, 771, -362,  153, 153, 153
L -440, 771, -362,  -442, 659, -362,  153, 153, 153
L -442, 659, -362,  -443, 666, -362,  153, 153, 153
L -443, 666, -362,  -460, 646, -362,  153, 153, 153
L -460, 646, -362,  -616, 641, -762,  153, 153, 153
L -616, 641, -762,  -617, 642, -762,  153, 153, 153
L -617, 642, -762,  -623, 646, -762,  153, 153, 153
L -623, 646, -762,  -638, 633, -762,  153, 153, 153
L -638, 633, -762,  -657, 620, -762,  153, 153, 153
L -657, 620, -762,  -657, 607, -762,  153, 153, 153
L -657, 607, -762,  -652, 567, -762,  153, 153, 153
L -652, 567, -762,  -659, 568, -762,  153, 153, 153
L -659, 568, -762,  -677, 552, -762,  153, 153, 153
L -677, 552, -762,  -873, 551, -1361,  153, 153, 153
L -873, 551, -1361,  -872, 561, -1361,  153, 153, 153
L -872, 561, -1361,  -887, 569, -1361,  153, 153, 153
L -887, 569, -1361,  -887, 826, -1361,  153, 153, 153
L -887, 826, -1361,  -884, 826, -1361,  153, 153, 153
L -884, 826, -1361,  -882, 833, -1361,  153, 153, 153
L -882, 833, -1361,  -901, 854, -1361,  153, 153, 153
L -901, 854, -1361,  -907, 861, -1361,  153, 153, 153
L -907, 861, -1361,  -917, 866, -1361,  153, 153, 153
L -917, 866, -1361,  -930, 861, -1361,  153, 153, 153
L -930, 861, -1361,  -1217, 861, -1361,  153, 153, 153
L -1217, 861, -1361,  -1217, 922, -1361,  153, 153, 153
L -1217, 922, -1361,  -1215, 926, -1361,  153, 153, 153
L -1215, 926, -1361,  -1212, 928, -1361,  153, 153, 153
L -1212, 928, -1361,  -1212, 937, -1361,  153, 153, 153
L -1212, 937, -1361,  -1217, 954, -1361,  153, 153, 153
L -1217, 954, -1361,  -1236, 961, -1361,  153, 153, 153
L -1236, 961, -1361,  -1244, 1041, -1418,  153, 153, 153
L -1244, 1041, -1418,  -1245, 1031, -1561,  153, 153, 153
L -1245, 1031, -1561,  -1288, 1031, -1561,  153, 153, 153
L -1288, 1031, -1561,  -1280, 1040, -1561,  153, 153, 153
L -1280, 1040, -1561,  -1294, 1047, -1561,  153, 153, 153
L -1294, 1047, -1561,  -1300, 1052, -1561,  153, 153, 153
L -1300, 1052, -1561,  -1314, 1051, -1561,  153, 153, 153
L -1314, 1051, -1561,  -1322, 1049, -1561,  153, 153, 153
L -1322, 1049, -1561,  -1322, 1035, -1561,  153, 153, 153
L -1322, 1035, -1561,  -1358, 1031, -1561,  153, 153, 153
L -1358, 1031, -1561,  -1362, 1039, -1561,  153, 153, 153
L -1362, 1039, -1561,  -1369, 1045, -1551,  153, 153, 153
L -1369, 1045, -1551,  -1377, 1147, -1561,  153, 153, 153
L -1377, 1147, -1561,  -1437, 1151, -1561,  153, 153, 153
L -618, 1121, -751,  -618, 1121, -751,  153, 153, 153
L -618, 1121, -751,  -618, 1124, -751,  153, 153, 153
L -618, 1124, -751,  -629, 1126, -762,  153, 153, 153
L -629, 1126, -762,  -635, 1119, -762,  153, 153, 153
L -635, 1119, -762,  -653, 1101, -762,  153, 153, 153
L -653, 1101, -762,  -656, 1101, -762,  153, 153, 153
L -656, 1101, -762,  -657, 1093, -762,  153, 153, 153
L -657, 1093, -762,  -656, 1087, -762,  153, 153, 153
L -656, 1087, -762,  -612, 1086, -762,  153, 153, 153
L -612, 1086, -762,  -607, 1079, -762,  153, 153, 153
L -607, 1079, -762,  -600, 1071, -762,  153, 153, 153
L -600, 1071, -762,  -592, 955, -762,  153, 153, 153
L -592, 955, -762,  -588, 951, -762,  153, 153, 153
L -588, 951, -762,  -571, 956, -722,  153, 153, 153
L -571, 956, -722,  -340, 956, -362,  153, 153, 153
L -340, 956, -362,  -338, 975, -362,  153, 153, 153
L -338, 975, -362,  -333, 985, -362,  153, 153, 153
L -333, 985, -362,  -358, 1010, -362,  153, 153, 153
L -358, 1010, -362,  -358, 1065, -362,  153, 153, 153
L -358, 1065, -362,  -347, 1079, -362,  153, 153, 153
L -347, 1079, -362,  -333, 1096, -362,  153, 153, 153
L -333, 1096, -362,  -338, 1110, -362,  153, 153, 153
L -338, 1110, -362,  -618, 1121, -751,  153, 153, 153
L -578, 901, -751,  -578, 901, -751,  153, 153, 153
L -578, 901, -751,  -578, 904, -751,  153, 153, 153
L -578, 904, -751,  -587, 906, -762,  153, 153, 153
L -587, 906, -762,  -592, 852, -762,  153, 153, 153
L -592, 852, -762,  -648, 841, -762,  153, 153, 153
L -648, 841, -762,  -652, 731, -762,  153, 153, 153
L -652, 731, -762,  -658, 728, -762,  153, 153, 153
L -658, 728, -762,  -657, 722, -762,  153, 153, 153
L -657, 722, -762,  -638, 703, -762,  153, 153, 153
L -638, 703, -762,  -632, 694, -762,  153, 153, 153
L -632, 694, -762,  -606, 696, -762,  153, 153, 153
L -606, 696, -762,  -498, 697, -362,  153, 153, 153
L -498, 697, -362,  -498, 805, -362,  153, 153, 153
L -498, 805, -362,  -489, 811, -362,  153, 153, 153
L -489, 811, -362,  -476, 826, -362,  153, 153, 153
L -476, 826, -362,  -314, 826, -362,  153, 153, 153
L -314, 826, -362,  -308, 823, -362,  153, 153, 153
L -308, 823, -362,  -292, 801, -362,  153, 153, 153
L -292, 801, -362,  -292, 760, -362,  153, 153, 153
L -292, 760, -362,  -297, 749, -362,  153, 153, 153
L -297, 749, -362,  -295, 735, -362,  153, 153, 153
L -295, 735, -362,  -272, 717, -362,  153, 153, 153
L -272, 717, -362,  -261, 711, -362,  153, 153, 153
L -261, 711, -362,  -236, 716, -362,  153, 153, 153
L -236, 716, -362,  -208, 717, -362,  153, 153, 153
L -208, 717, -362,  -208, 816, -362,  153, 153, 153
L -208, 816, -362,  -90, 816, -162,  153, 153, 153
L -90, 816, -162,  -88, 966, -162,  153, 153, 153
L -88, 966, -162,  -84, 967, -162,  153, 153, 153
L -84, 967, -162,  -87, 983, -162,  153, 153, 153
L -87, 983, -162,  -91, 993, -162,  153, 153, 153
L -91, 993, -162,  -110, 1011, -162,  153, 153, 153
L -110, 1011, -162,  -113, 1012, -162,  153, 153, 153
L -113, 1012, -162,  -133, 1014, -162,  153, 153, 153
L -133, 1014, -162,  -140, 1011, -162,  153, 153, 153
L -140, 1011, -162,  -248, 1011, -362,  153, 153, 153
L -248, 1011, -362,  -251, 1016, -362,  153, 153, 153
L -251, 1016, -362,  -261, 1016, -362,  153, 153, 153
L -261, 1016, -362,  -281, 991, -362,  153, 153, 153
L -281, 991, -362,  -288, 989, -362,  153, 153, 153
L -288, 989, -362,  -286, 977, -362,  153, 153, 153
L -286, 977, -362,  -282, 971, -362,  153, 153, 153
L -282, 971, -362,  -282, 937, -362,  153, 153, 153
L -282, 937, -362,  -288, 918, -362,  153, 153, 153
L -288, 918, -362,  -308, 901, -362,  153, 153, 153
L -308, 901, -362,  -578, 901, -731,  153, 153, 153
L -291, 641, -362,  -291, 641, -362,  153, 153, 153
L -291, 641, -362,  -297, 640, -362,  153, 153, 153
L -297, 640, -362,  -295, 625, -362,  153, 153, 153
L -295, 625, -362,  -290, 566, -362,  153, 153, 153
L -290, 566, -362,  29, 567, -162,  153, 153, 153
L 29, 567, -162,  31, 725, -162,  153, 153, 153
L 31, 725, -162,  32, 719, -162,  153, 153, 153
L 32, 719, -162,  36, 739, -162,  153, 153, 153
L 36, 739, -162,  12, 759, -162,  153, 153, 153
L 12, 759, -162,  11, 765, -162,  153, 153, 153
L 11, 765, -162,  0, 766, -162,  153, 153, 153
L 0, 766, -162,  0, 766, -162,  153, 153, 153
L 0, 766, -162,  -149, 761, -358,  153, 153, 153
L -149, 761, -358,  -152, 678, -362,  153, 153, 153
L -152, 678, -362,  -162, 677, -362,  153, 153, 153
L -162, 677, -362,  -166, 673, -345,  153, 153, 153
L -166, 673, -345,  -258, 661, -362,  153, 153, 153
L -258, 661, -362,  -266, 666, -362,  153, 153, 153
L -266, 666, -362,  -268, 666, -362,  153, 153, 153
L -268, 666, -362,  -274, 658, -362,  153, 153, 153
L -274, 658, -362,  -291, 641, -362,  153, 153, 153
L 237, 1156, 37,  237, 1156, 37,  153, 153, 153
L 237, 1156, 37,  170, 1156, 37,  153, 153, 153
L 170, 1156, 37,  152, 1146, -122,  153, 153, 153
L 152, 1146, -122,  145, 1146, -122,  153, 153, 153
L 145, 1146, -122,  145, 1111, -122,  153, 153, 153
L 145, 1111, -122,  160, 1111, -122,  153, 153, 153
L 160, 1111, -122,  168, 1101, 37,  153, 153, 153
L 168, 1101, 37,  199, 1101, 37,  153, 153, 153
L 199, 1101, 37,  201, 1061, 37,  153, 153, 153
L 201, 1061, 37,  237, 1061, 37,  153, 153, 153
L 237, 1061, 37,  237, 1070, 37,  153, 153, 153
L 237, 1070, 37,  245, 1071, 37,  153, 153, 153
L 245, 1071, 37,  259, 1071, 37,  153, 153, 153
L 259, 1071, 37,  261, 1043, 37,  153, 153, 153
L 261, 1043, 37,  267, 1053, 37,  153, 153, 153
L 267, 1053, 37,  277, 1035, 37,  153, 153, 153
L 277, 1035, 37,  295, 1031, 37,  153, 153, 153
L 295, 1031, 37,  297, 1060, 37,  153, 153, 153
L 297, 1060, 37,  398, 1061, 37,  153, 153, 153
L 398, 1061, 37,  481, 981, 37,  153, 153, 153
L 481, 981, 37,  481, 880, 37,  153, 153, 153
L 481, 880, 37,  451, 875, 37,  153, 153, 153
L 451, 875, 37,  451, 853, 37,  153, 153, 153
L 451, 853, 37,  460, 855, 37,  153, 153, 153
L 460, 855, 37,  467, 843, 37,  153, 153, 153
L 467, 843, 37,  490, 841, 37,  153, 153, 153
L 490, 841, 37,  491, 839, 37,  153, 153, 153
L 491, 839, 37,  491, 824, 37,  153, 153, 153
L 491, 824, 37,  488, 814, 37,  153, 153, 153
L 488, 814, 37,  481, 816, 37,  153, 153, 153
L 481, 816, 37,  481, 727, 37,  153, 153, 153
L 481, 727, 37,  477, 726, 37,  153, 153, 153
L 477, 726, 37,  470, 725, 37,  153, 153, 153
L 470, 725, 37,  469, 726, 37,  153, 153, 153
L 469, 726, 37,  467, 736, 37,  153, 153, 153
L 467, 736, 37,  423, 736, 37,  153, 153, 153
L 423, 736, 37,  425, 728, 37,  153, 153, 153
L 425, 728, 37,  411, 718, 48,  153, 153, 153
L 411, 718, 48,  391, 716, 37,  153, 153, 153
L 391, 716, 37,  391, 641, 37,  153, 153, 153
L 391, 641, 37,  411, 639, 37,  153, 153, 153
L 411, 639, 37,  411, 622, 37,  153, 153, 153
L 411, 622, 37,  419, 621, 37,  153, 153, 153
L 419, 621, 37,  421, 617, 37,  153, 153, 153
L 421, 617, 37,  416, 606, 37,  153, 153, 153
L 416, 606, 37,  414, 606, 37,  153, 153, 153
L 414, 606, 37,  411, 571, 37,  153, 153, 153
L 411, 571, 37,  577, 571, 37,  153, 153, 153
L 577, 571, 37,  577, 602, 37,  153, 153, 153
L 577, 602, 37,  577, 619, 37,  153, 153, 153
L 577, 619, 37,  583, 623, 37,  153, 153, 153
L 583, 623, 37,  590, 629, 37,  153, 153, 153
L 590, 629, 37,  597, 629, 37,  153, 153, 153
L 597, 629, 37,  601, 627, 137,  153, 153, 153
L 601, 627, 137,  601, 609, 137,  153, 153, 153
L 601, 609, 137,  609, 601, 137,  153, 153, 153
L 609, 601, 137,  611, 593, 137,  153, 153, 153
L 611, 593, 137,  611, 578, 117,  153, 153, 153
L 611, 578, 117,  601, 577, 98,  153, 153, 153
L 601, 577, 98,  600, 427, 37,  153, 153, 153
L 600, 427, 37,  598, 425, 37,  153, 153, 153
L 598, 425, 37,  588, 411, 37,  153, 153, 153
L 588, 411, 37,  584, 411, 37,  153, 153, 153
L 584, 411, 37,  580, 407, 37,  153, 153, 153
L 580, 407, 37,  527, 407, 37,  153, 153, 153
L 527, 407, 37,  527, 447, 37,  153, 153, 153
L 527, 447, 37,  443, 447, 37,  153, 153, 153
L 443, 447, 37,  444, 436, 66,  153, 153, 153
L 444, 436, 66,  442, 430, 37,  153, 153, 153
L 442, 430, 37,  431, 343, 37,  153, 153, 153
L 431, 343, 37,  435, 352, 37,  153, 153, 153
L 435, 352, 37,  448, 331, 86,  153, 153, 153
L 448, 331, 86,  514, 331, 37,  153, 153, 153
L 514, 331, 37,  527, 369, 37,  153, 153, 153
L 527, 369, 37,  579, 371, 37,  153, 153, 153
L 579, 371, 37,  587, 366, 37,  153, 153, 153
L 587, 366, 37,  598, 354, 37,  153, 153, 153
L 598, 354, 37,  634, 355, 37,  153, 153, 153
L 634, 355, 37,  634, 355, 37,  153, 153, 153
L 634, 355, 37,  665, 366, 37,  153, 153, 153
L 665, 366, 37,  750, 366, 437,  153, 153, 153
L 750, 366, 437,  751, 178, 437,  153, 153, 153
L 751, 178, 437,  749, 177, 437,  153, 153, 153
L 749, 177, 437,  745, 171, 437,  153, 153, 153
L 745, 171, 437,  731, 152, 437,  153, 153, 153
L 731, 152, 437,  731, 126, 437,  153, 153, 153
L 731, 126, 437,  741, 125, 437,  153, 153, 153
L 741, 125, 437,  741, 29, 777,  153, 153, 153
L 761, 37, 637,  761, 37, 637,  153, 153, 153
L 761, 37, 637,  796, 37, 637,  153, 153, 153
L 796, 37, 637,  796, 25, 637,  153, 153, 153
L 796, 25, 637,  805, 20, 637,  153, 153, 153
L 805, 20, 637,  821, 19, 637,  153, 153, 153
L 821, 19, 637,  836, 0, 637,  153, 153, 153
L 836, 0, 637,  836, -36, 637,  153, 153, 153
L 836, -36, 637,  876, -43, 857,  153, 153, 153
L 876, -43, 857,  876, -62, 857,  153, 153, 153
L 876, -62, 857,  876, -78, 857,  153, 153, 153
L 876, -78, 857,  897, -82, 837,  153, 153, 153
L 897, -82, 837,  926, -102, 837,  153, 153, 153
L 926, -102, 837,  970, -70, 837,  153, 153, 153
L 970, -70, 837,  965, -57, 892,  153, 153, 153
L 965, -57, 892,  1009, -13, 837,  153, 153, 153
L 1009, -13, 837,  1037, -5, 1210,  153, 153, 153
L 1037, -5, 1210,  1065, -8, 1434,  153, 153, 153
L 1065, -8, 1434,  1096, -16, 843,  153, 153, 153
L 1096, -16, 843,  1137, 24, 837,  153, 153, 153
L 1137, 24, 837,  1157, 68, 837,  153, 153, 153
L 1157, 68, 837,  1237, 135, 837,  153, 153, 153
L 1237, 135, 837,  1258, 152, 752,  153, 153, 153
L 1258, 152, 752,  1290, 149, 737,  153, 153, 153
L 1290, 149, 737,  1346, 58, 737,  153, 153, 153
L 1346, 58, 737,  1346, 14, 737,  153, 153, 153
L 1346, 14, 737,  1297, -58, 1159,  153, 153, 153
L 1297, -58, 1159,  1243, -76, 1110,  153, 153, 153
L 1243, -76, 1110,  1191, -93, 895,  153, 153, 153
L 1191, -93, 895,  1169, -103, 925,  153, 153, 153
L 1169, -103, 925,  1228, -135, 1014,  153, 153, 153
L 1228, -135, 1014,  1260, -169, 1037,  153, 153, 153
L 1260, -169, 1037,  1333, -163, 1232,  153, 153, 153
L 1333, -163, 1232,  1393, -199, 1227,  153, 153, 153
L 1393, -199, 1227,  1396, -227, 1233,  153, 153, 153
L 1396, -227, 1233,  1369, -293, 1191,  153, 153, 153
L 1369, -293, 1191,  1396, -369, 1231,  153, 153, 153
L 1396, -369, 1231,  1434, -381, 1216,  153, 153, 153
L 1434, -381, 1216,  1493, -410, 1520,  153, 153, 153
L 1493, -410, 1520,  1516, -423, 1495,  153, 153, 153
L 1516, -423, 1495,  1521, -442, 1231,  153, 153, 153
L 1521, -442, 1231,  1604, -404, 1037,  153, 153, 153
L 1604, -404, 1037,  1602, -355, 1027,  153, 153, 153
L 1602, -355, 1027,  1610, -311, 871,  153, 153, 153
L 1610, -311, 871,  1618, -272, 739,  153, 153, 153
L 1618, -272, 739,  1641, -254, 637,  153, 153, 153
L 1641, -254, 637,  1641, -186, 637,  153, 153, 153
L 1641, -186, 637,  1673, -115, 637,  153, 153, 153
L 1673, -115, 637,  1716, -102, 637,  153, 153, 153
L 1716, -102, 637,  1754, -176, 637,  153, 153, 153
L 1754, -176, 637,  1773, -214, 1018,  153, 153, 153
L 1773, -214, 1018,  1795, -260, 1018,  153, 153, 153
L 1795, -260, 1018,  1770, -285, 824,  153, 153, 153
L 1770, -285, 824,  1739, -316, 824,  153, 153, 153
L 1739, -316, 824,  1736, -367, 1000,  153, 153, 153
L 1736, -367, 1000,  1736, -429, 1037,  153, 153, 153
L 1736, -429, 1037,  1707, -453, 1037,  153, 153, 153
L 1707, -453, 1037,  1662, -458, 1037,  153, 153, 153
L 1662, -458, 1037,  1600, -553, 1037,  153, 153, 153
L 1600, -553, 1037,  1558, -557, 1143,  153, 153, 153
L 1558, -557, 1143,  1522, -539, 1227,  153, 153, 153
L 1522, -539, 1227,  1483, -546, 1236,  153, 153, 153
L 1483, -546, 1236,  1403, -594, 1236,  153, 153, 153
L 1403, -594, 1236,  1382, -613, 1270,  153, 153, 153
L 1382, -613, 1270,  1373, -617, 1296,  153, 153, 153
L 1373, -617, 1296,  1319, -656, 1477,  153, 153, 153
L 1319, -656, 1477,  1278, -717, 1630,  153, 153, 153
L 1278, -717, 1630,  1267, -777, 1904,  153, 153, 153
L 1267, -777, 1904,  1237, -778, 1932,  153, 153, 153
L 1237, -778, 1932,  1177, -888, 1958,  153, 153, 153
L 1177, -888, 1958,  1149, -895, 1986,  153, 153, 153
L 1149, -895, 1986,  1128, -916, 2085,  153, 153, 153
L 1128, -916, 2085,  1096, -949, 2138,  153, 153, 153
L 1096, -949, 2138,  1054, -988, 1926,  153, 153, 153
L 1054, -988, 1926,  1021, -997, 1843,  153, 153, 153
L 1021, -997, 1843,  945, -1081, 1652,  153, 153, 153
L 945, -1081, 1652,  938, -1096, 1630,  153, 153, 153
L 938, -1096, 1630,  909, -1097, 1551,  153, 153, 153
L 909, -1097, 1551,  834, -1077, 1317,  153, 153, 153
L 834, -1077, 1317,  808, -1077, 1245,  153, 153, 153
L 808, -1077, 1245,  793, -1069, 1219,  153, 153, 153
L 793, -1069, 1219,  781, -1057, 1236,  153, 153, 153
L 781, -1057, 1236,  774, -1059, 1232,  153, 153, 153
L 774, -1059, 1232,  766, -1064, 1236,  153, 153, 153
L 766, -1064, 1236,  768, -1162, 1236,  153, 153, 153
L 768, -1162, 1236,  786, -1162, 1236,  153, 153, 153
L 786, -1162, 1236,  796, -1164, 1236,  153, 153, 153
L 796, -1164, 1236,  810, -1182, 1236,  153, 153, 153
L 810, -1182, 1236,  821, -1181, 1236,  153, 153, 153
L 821, -1181, 1236,  831, -1169, 1236,  153, 153, 153
L 831, -1169, 1236,  848, -1162, 1236,  153, 153, 153
L 848, -1162, 1236,  879, -1142, 1236,  153, 153, 153
L 879, -1142, 1236,  972, -1142, 1236,  153, 153, 153
L 972, -1142, 1236,  1010, -1154, 1236,  153, 153, 153
L 1010, -1154, 1236,  1070, -1162, 1236,  153, 153, 153
L 1070, -1162, 1236,  1072, -1171, 1236,  153, 153, 153
L 1072, -1171, 1236,  1087, -1174, 1236,  153, 153, 153
L 1087, -1174, 1236,  1242, -1172, 1707,  153, 153, 153
L 1242, -1172, 1707,  1288, -1172, 1836,  153, 153, 153
L 1288, -1172, 1836,  1306, -1170, 1836,  153, 153, 153
L 1306, -1170, 1836,  1359, -1162, 1836,  153, 153, 153
L 1359, -1162, 1836,  1361, -980, 1836,  153, 153, 153
L 1361, -980, 1836,  1368, -979, 1836,  153, 153, 153
L 1368, -979, 1836,  1375, -975, 1850,  153, 153, 153
L 1375, -975, 1850,  1476, -962, 1836,  153, 153, 153
L 1476, -962, 1836,  1476, -969, 1836,  153, 153, 153
L 1476, -969, 1836,  1483, -973, 1836,  153, 153, 153
L 1483, -973, 1836,  1502, -972, 1869,  153, 153, 153
L 1502, -972, 1869,  1509, -976, 1836,  153, 153, 153
L 1509, -976, 1836,  1519, -967, 1836,  153, 153, 153
L 1519, -967, 1836,  1612, -962, 1836,  153, 153, 153
L 1612, -962, 1836,  1616, -968, 1836,  153, 153, 153
L 1616, -968, 1836,  1629, -972, 1836,  153, 153, 153
L 1629, -972, 1836,  1632, -972, 1836,  153, 153, 153
L 1632, -972, 1836,  1660, -965, 1836,  153, 153, 153
L 1660, -965, 1836,  1753, -962, 1836,  153, 153, 153
L 1753, -962, 1836,  1761, -970, 1836,  153, 153, 153
L 1761, -970, 1836,  1779, -972, 1836,  153, 153, 153
L 1779, -972, 1836,  1796, -972, 1836,  153, 153, 153
L 1796, -972, 1836,  1801, -965, 1836,  153, 153, 153
L 1801, -965, 1836,  1896, -962, 1836,  153, 153, 153
L 1896, -962, 1836,  1896, -1059, 1836,  153, 153, 153
L 1896, -1059, 1836,  1883, -1061, 1836,  153, 153, 153
L 1883, -1061, 1836,  1878, -1072, 1836,  153, 153, 153
L 1878, -1072, 1836,  1869, -1077, 1836,  153, 153, 153
L 1869, -1077, 1836,  1866, -1080, 1836,  153, 153, 153
L 1866, -1080, 1836,  1866, -1086, 1836,  153, 153, 153
L 1866, -1086, 1836,  1891, -1092, 1836,  153, 153, 153
L 1891, -1092, 1836,  1896, -1187, 1836,  153, 153, 153
L 1896, -1187, 1836,  1881, -1237, 1836,  153, 153, 153
L 1881, -1237, 1836,  1881, -1230, 1836,  153, 153, 153
L 1881, -1230, 1836,  1881, -1222, 1836,  153, 153, 153
L 1881, -1222, 1836,  1871, -1217, 1836,  153, 153, 153
L 1870, -1217, 1836,  1870, -1217, 1836,  153, 153, 153
L 1870, -1217, 1836,  1867, -1216, 1836,  153, 153, 153
L 1867, -1216, 1836,  1852, -1216, 1855,  153, 153, 153
L 1852, -1216, 1855,  1849, -1217, 1836,  153, 153, 153
L 1849, -1217, 1836,  1846, -1217, 1836,  153, 153, 153
L 1846, -1217, 1836,  1841, -1215, 1836,  153, 153, 153
L 1841, -1215, 1836,  1836, -1219, 1836,  153, 153, 153
L 1836, -1219, 1836,  1834, -1237, 1836,  153, 153, 153
L 1834, -1237, 1836,  1830, -1237, 1836,  153, 153, 153
L 1830, -1237, 1836,  1821, -1092, 1836,  153, 153, 153
L 1821, -1092, 1836,  1850, -1091, 1836,  153, 153, 153
L 1850, -1091, 1836,  1851, -1087, 1836,  153, 153, 153
L 1850, -1087, 1836,  1850, -1087, 1836,  153, 153, 153
L 1850, -1087, 1836,  1851, -1080, 1836,  153, 153, 153
L 1851, -1080, 1836,  1830, -1077, 1836,  153, 153, 153
L 1830, -1077, 1836,  1801, -1072, 1836,  153, 153, 153
L 1801, -1072, 1836,  1780, -1067, 1836,  153, 153, 153
L 1780, -1067, 1836,  1777, -1068, 1836,  153, 153, 153
L 1777, -1068, 1836,  1760, -1077, 1836,  153, 153, 153
L 1760, -1077, 1836,  1754, -1429, 1836,  153, 153, 153
L 1754, -1429, 1836,  1756, -1516, 1738,  153, 153, 153
L 1756, -1516, 1738,  1756, -1524, 1736,  153, 153, 153
L 1756, -1524, 1736,  1755, -1544, 1736,  153, 153, 153
L 1755, -1544, 1736,  1782, -1546, 1736,  153, 153, 153
L 1782, -1546, 1736,  1781, -1486, 1736,  153, 153, 153
L 1781, -1486, 1736,  1815, -1509, 1736,  153, 153, 153
L 1815, -1509, 1736,  1816, -1607, 1736,  153, 153, 153
L 1816, -1607, 1736,  1757, -1707, 1736,  153, 153, 153
L 1757, -1707, 1736,  1639, -1707, 1736,  153, 153, 153
L 1639, -1707, 1736,  1603, -1671, 1736,  153, 153, 153
L 1603, -1671, 1736,  1601, -1568, 1736,  153, 153, 153
L 1601, -1568, 1736,  1632, -1478, 1736,  153, 153, 153
L 1632, -1478, 1736,  1636, -1519, 1736,  153, 153, 153
L 1636, -1519, 1736,  1638, -1547, 1895,  153, 153, 153
L 1638, -1547, 1895,  1634, -1555, 1736,  153, 153, 153
L 1634, -1555, 1736,  1660, -1531, 1736,  153, 153, 153
L 1660, -1531, 1736,  1661, -1435, 1816,  153, 153, 153
L 1661, -1435, 1816,  1661, -1079, 1836,  153, 153, 153
L 1661, -1079, 1836,  1641, -1077, 1836,  153, 153, 153
L 1641, -1077, 1836,  1641, -1070, 1836,  153, 153, 153
L 1641, -1070, 1836,  1626, -1067, 1836,  153, 153, 153
L 1626, -1067, 1836,  1613, -1077, 1836,  153, 153, 153
L 1613, -1077, 1836,  1517, -1077, 1836,  153, 153, 153
L 1517, -1077, 1836,  1518, -1070, 1836,  153, 153, 153
L 1518, -1070, 1836,  1496, -1067, 1836,  153, 153, 153
L 1496, -1067, 1836,  1478, -1067, 1836,  153, 153, 153
L 1478, -1067, 1836,  1476, -1265, 1836,  153, 153, 153
L 1476, -1265, 1836,  1469, -1257, 1836,  153, 153, 153
L 1469, -1257, 1836,  1453, -1273, 1836,  153, 153, 153
L 1453, -1273, 1836,  1347, -1277, 1836,  153, 153, 153
L 1347, -1277, 1836,  1299, -1271, 1935,  153, 153, 153
L 1299, -1271, 1935,  1266, -1265, 1800,  153, 153, 153
L 1266, -1265, 1800,  1150, -1267, 1416,  153, 153, 153
L 1150, -1267, 1416,  1071, -1270, 1236,  153, 153, 153
L 1071, -1270, 1236,  1018, -1277, 1236,  153, 153, 153
L 1018, -1277, 1236,  996, -1297, 1236,  153, 153, 153
L 996, -1297, 1236,  987, -1298, 1236,  153, 153, 153
L 987, -1298, 1236,  981, -1304, 1236,  153, 153, 153
L 981, -1304, 1236,  988, -1332, 1236,  153, 153, 153
L 988, -1332, 1236,  983, -1336, 1236,  153, 153, 153
L 983, -1336, 1236,  982, -1361, 1236,  153, 153, 153
L 982, -1361, 1236,  986, -1519, 1831,  153, 153, 153
L 986, -1519, 1831,  982, -1534, 1836,  153, 153, 153
L 982, -1534, 1836,  994, -1548, 1836,  153, 153, 153
L 994, -1548, 1836,  996, -1658, 1836,  153, 153, 153
L 996, -1658, 1836,  983, -1697, 1836,  153, 153, 153
L 983, -1697, 1836,  977, -1697, 1836,  153, 153, 153
L 977, -1697, 1836,  977, -1742, 1836,  153, 153, 153
L 977, -1742, 1836,  984, -1757, 1836,  153, 153, 153
L 984, -1757, 1836,  996, -1758, 1836,  153, 153, 153
L 996, -1758, 1836,  996, -1760, 1836,  153, 153, 153
L 996, -1760, 1836,  1012, -1762, 1836,  153, 153, 153
L 1012, -1762, 1836,  1020, -1761, 1836,  153, 153, 153
L 1020, -1761, 1836,  1043, -1745, 1836,  153, 153, 153
L 1043, -1745, 1836,  1075, -1742, 1836,  153, 153, 153
L 1075, -1742, 1836,  1098, -1753, 1836,  153, 153, 153
L 1098, -1753, 1836,  1137, -1752, 1756,  153, 153, 153
L 1137, -1752, 1756,  1201, -1690, 1636,  153, 153, 153
L 1201, -1690, 1636,  1201, -1583, 1636,  153, 153, 153
L 1201, -1583, 1636,  1270, -1582, 1636,  153, 153, 153
L 1270, -1582, 1636,  1316, -1680, 1636,  153, 153, 153
L 1316, -1680, 1636,  1377, -1741, 1636,  153, 153, 153
L 1377, -1741, 1636,  1476, -1742, 1636,  153, 153, 153
L 1476, -1742, 1636,  1476, -1857, 1636,  153, 153, 153
L 1476, -1857, 1636,  1382, -1857, 1636,  153, 153, 153
L 1382, -1857, 1636,  1319, -1915, 1636,  153, 153, 153
L 1319, -1915, 1636,  1316, -2004, 1636,  153, 153, 153
L 1316, -2004, 1636,  1201, -2017, 1636,  153, 153, 153
L 1201, -2017, 1636,  1201, -1913, 1636,  153, 153, 153
L 1201, -1913, 1636,  1144, -1851, 1736,  153, 153, 153
L 1144, -1851, 1736,  1106, -1847, 1816,  153, 153, 153
L 1106, -1847, 1816,  1093, -1852, 1836,  153, 153, 153
L 1093, -1852, 1836,  1036, -1857, 1836,  153, 153, 153
L 1036, -1857, 1836,  1040, -1854, 1836,  153, 153, 153
L 1040, -1854, 1836,  1022, -1839, 1836,  153, 153, 153
L 1022, -1839, 1836,  1010, -1837, 1836,  153, 153, 153
L 1010, -1837, 1836,  996, -1857, 1836,  153, 153, 153
L 996, -1857, 1836,  915, -1857, 1836,  153, 153, 153
L 915, -1857, 1836,  881, -1767, 1836,  153, 153, 153
L 881, -1767, 1836,  892, -1756, 1836,  153, 153, 153
L 892, -1756, 1836,  898, -1743, 1836,  153, 153, 153
L 898, -1743, 1836,  901, -1718, 1836,  153, 153, 153
L 901, -1718, 1836,  887, -1696, 1836,  153, 153, 153
L 887, -1696, 1836,  881, -1547, 1836,  153, 153, 153
L 881, -1547, 1836,  889, -1547, 1836,  153, 153, 153
L 889, -1547, 1836,  891, -1508, 1789,  153, 153, 153
L 891, -1508, 1789,  891, -1365, 1236,  153, 153, 153
L 891, -1365, 1236,  899, -1353, 1236,  153, 153, 153
L 899, -1353, 1236,  891, -1333, 1236,  153, 153, 153
L 891, -1333, 1236,  899, -1322, 1236,  153, 153, 153
L 899, -1322, 1236,  899, -1305, 1236,  153, 153, 153
L 899, -1305, 1236,  889, -1297, 1236,  153, 153, 153
L 889, -1297, 1236,  859, -1277, 1236,  153, 153, 153
L 859, -1277, 1236,  841, -1277, 1236,  153, 153, 153
L 841, -1277, 1236,  831, -1271, 1236,  153, 153, 153
L 831, -1271, 1236,  814, -1256, 1236,  153, 153, 153
L 814, -1256, 1236,  807, -1258, 1236,  153, 153, 153
L 807, -1258, 1236,  794, -1272, 1236,  153, 153, 153
L 794, -1272, 1236,  778, -1277, 1236,  153, 153, 153
L 778, -1277, 1236,  751, -1277, 1236,  153, 153, 153
L 751, -1277, 1236,  742, -1267, 1236,  153, 153, 153
L 742, -1267, 1236,  736, -1295, 1276,  153, 153, 153
L 736, -1295, 1276,  715, -1297, 1276,  153, 153, 153
L 715, -1297, 1276,  683, -1281, 1276,  153, 153, 153
L 683, -1281, 1276,  681, -1242, 1276,  153, 153, 153
L 681, -1242, 1276,  703, -1242, 1276,  153, 153, 153
L 703, -1242, 1276,  711, -1238, 1266,  153, 153, 153
L 711, -1238, 1266,  711, -1229, 1236,  153, 153, 153
L 711, -1229, 1236,  704, -1226, 1236,  153, 153, 153
L 704, -1226, 1236,  701, -1192, 1236,  153, 153, 153
L 701, -1192, 1236,  709, -1162, 1236,  153, 153, 153
L 709, -1162, 1236,  711, -1068, 1236,  153, 153, 153
L 711, -1068, 1236,  700, -1058, 1216,  153, 153, 153
L 700, -1058, 1216,  690, -1057, 1236,  153, 153, 153
L 690, -1057, 1236,  679, -1071, 1230,  153, 153, 153
L 679, -1071, 1230,  623, -1113, 1251,  153, 153, 153
L 623, -1113, 1251,  571, -1117, 1236,  153, 153, 153
L 571, -1117, 1236,  477, -1074, 1236,  153, 153, 153
L 477, -1074, 1236,  443, -1041, 1236,  153, 153, 153
L 443, -1041, 1236,  404, -1020, 1236,  153, 153, 153
L 404, -1020, 1236,  387, -1005, 1236,  153, 153, 153
L 387, -1005, 1236,  306, -960, 1236,  153, 153, 153
L 306, -960, 1236,  301, -950, 1236,  153, 153, 153
L 301, -950, 1236,  284, -917, 1236,  153, 153, 153
L 284, -917, 1236,  284, -930, 1409,  153, 153, 153
L 284, -930, 1409,  267, -958, 1425,  153, 153, 153
L 267, -958, 1425,  249, -1012, 1236,  153, 153, 153
L 249, -1012, 1236,  209, -1025, 1236,  153, 153, 153
L 209, -1025, 1236,  201, -1026, 1236,  153, 153, 153
L 201, -1026, 1236,  162, -1022, 1165,  153, 153, 153
L 162, -1022, 1165,  125, -1007, 1137,  153, 153, 153
L 125, -1007, 1137,  88, -982, 1137,  153, 153, 153
L 88, -982, 1137,  81, -969, 1137,  153, 153, 153
L 81, -969, 1137,  102, -926, 1137,  153, 153, 153
L 102, -926, 1137,  141, -908, 1137,  153, 153, 153
L 141, -908, 1137,  121, -874, 1362,  153, 153, 153
L 121, -874, 1362,  120, -867, 1344,  153, 153, 153
L 120, -867, 1344,  87, -845, 1139,  153, 153, 153
L 87, -845, 1139,  62, -822, 1065,  153, 153, 153
L 62, -822, 1065,  7, -782, 994,  153, 153, 153
L 7, -782, 994,  1, -751, 987,  153, 153, 153
L 1, -751, 987,  9, -696, 987,  153, 153, 153
L 9, -696, 987,  71, -647, 1051,  153, 153, 153
L 71, -647, 1051,  129, -625, 1205,  153, 153, 153
L 129, -625, 1205,  161, -630, 1236,  153, 153, 153
L 161, -630, 1236,  239, -602, 1581,  153, 153, 153
L 239, -602, 1581,  251, -591, 1465,  153, 153, 153
L 251, -591, 1465,  226, -509, 1236,  153, 153, 153
L 226, -509, 1236,  221, -481, 1236,  153, 153, 153
L 221, -481, 1236,  182, -401, 1234,  153, 153, 153
L 182, -401, 1234,  181, -312, 1185,  153, 153, 153
L 181, -312, 1185,  131, -167, 934,  153, 153, 153
L 131, -167, 934,  121, -12, 837,  153, 153, 153
L 121, -12, 837,  117, 22, 866,  153, 153, 153
L 117, 22, 866,  19, 65, 730,  153, 153, 153
L 19, 65, 730,  -17, 159, 440,  153, 153, 153
L -17, 159, 440,  -16, 241, 237,  153, 153, 153
L -16, 241, 237,  59, 393, 424,  153, 153, 153
L 59, 393, 424,  127, 397, 432,  153, 153, 153
L 127, 397, 432,  153, 335, 304,  153, 153, 153
L 153, 335, 304,  134, 273, 237,  153, 153, 153
L 134, 273, 237,  108, 204, 314,  153, 153, 153
L 108, 204, 314,  183, 192, 845,  153, 153, 153
L 183, 192, 845,  188, 187, 854,  153, 153, 153
L 188, 187, 854,  225, 177, 837,  153, 153, 153
L 225, 177, 837,  273, 159, 837,  153, 153, 153
L 273, 159, 837,  295, 121, 837,  153, 153, 153
L 295, 121, 837,  377, 18, 837,  153, 153, 153
L 377, 18, 837,  486, -46, 837,  153, 153, 153
L 486, -46, 837,  558, -82, 837,  153, 153, 153
L 558, -82, 837,  609, -82, 837,  153, 153, 153
L 609, -82, 837,  643, -99, 837,  153, 153, 153
L 643, -99, 837,  654, -111, 864,  153, 153, 153
L 654, -111, 864,  678, -82, 1116,  153, 153, 153
L 678, -82, 1116,  681, -2, 837,  153, 153, 153
L 681, -2, 837,  715, -2, 837,  153, 153, 153
L 715, -2, 837,  734, 16, 637,  153, 153, 153
L 734, 16, 637,  758, 22, 637,  153, 153, 153
L 758, 22, 637,  761, 37, 637,  153, 153, 153
L 357, -843, 1673,  357, -843, 1673,  153, 153, 153
L 357, -843, 1673,  357, -918, 1236,  153, 153, 153
L 357, -918, 1236,  358, -922, 1236,  153, 153, 153
L 358, -922, 1236,  405, -945, 1236,  153, 153, 153
L 405, -945, 1236,  498, -1007, 1236,  153, 153, 153
L 498, -1007, 1236,  585, -1035, 1236,  153, 153, 153
L 585, -1035, 1236,  621, -1041, 1251,  153, 153, 153
L 621, -1041, 1251,  641, -1001, 1245,  153, 153, 153
L 641, -1001, 1245,  682, -976, 1229,  153, 153, 153
L 682, -976, 1229,  686, -979, 1225,  153, 153, 153
L 686, -979, 1225,  699, -982, 1236,  153, 153, 153
L 699, -982, 1236,  699, -814, 1236,  153, 153, 153
L 699, -814, 1236,  704, -598, 1236,  153, 153, 153
L 704, -598, 1236,  662, -551, 1236,  153, 153, 153
L 662, -551, 1236,  662, -503, 1236,  153, 153, 153
L 662, -503, 1236,  690, -440, 1286,  153, 153, 153
L 690, -440, 1286,  693, -453, 1348,  153, 153, 153
L 693, -453, 1348,  715, -437, 1286,  153, 153, 153
L 715, -437, 1286,  727, -437, 1286,  153, 153, 153
L 727, -437, 1286,  767, -443, 1286,  153, 153, 153
L 767, -443, 1286,  785, -471, 1223,  153, 153, 153
L 785, -471, 1223,  801, -455, 1237,  153, 153, 153
L 801, -455, 1237,  804, -456, 1281,  153, 153, 153
L 804, -456, 1281,  815, -539, 1236,  153, 153, 153
L 815, -539, 1236,  776, -588, 1236,  153, 153, 153
L 776, -588, 1236,  775, -753, 1236,  153, 153, 153
L 775, -753, 1236,  776, -941, 1236,  153, 153, 153
L 776, -941, 1236,  785, -985, 1236,  153, 153, 153
L 785, -985, 1236,  835, -1019, 1318,  153, 153, 153
L 835, -1019, 1318,  861, -1013, 1404,  153, 153, 153
L 861, -1013, 1404,  890, -1013, 1489,  153, 153, 153
L 890, -1013, 1489,  916, -1017, 1561,  153, 153, 153
L 916, -1017, 1561,  955, -987, 1652,  153, 153, 153
L 955, -987, 1652,  996, -923, 1883,  153, 153, 153
L 996, -923, 1883,  1028, -910, 1860,  153, 153, 153
L 1028, -910, 1860,  1085, -876, 2080,  153, 153, 153
L 1085, -876, 2080,  1105, -859, 2136,  153, 153, 153
L 1105, -859, 2136,  1150, -814, 1882,  153, 153, 153
L 1150, -814, 1882,  1142, -793, 1920,  153, 153, 153
L 1142, -793, 1920,  1236, -652, 1557,  153, 153, 153
L 1236, -652, 1557,  1314, -612, 1368,  153, 153, 153
L 1314, -612, 1368,  1348, -568, 1340,  153, 153, 153
L 1348, -568, 1340,  1406, -493, 1236,  153, 153, 153
L 1406, -493, 1236,  1398, -433, 1177,  153, 153, 153
L 1398, -433, 1177,  1370, -409, 1127,  153, 153, 153
L 1370, -409, 1127,  1346, -358, 1120,  153, 153, 153
L 1346, -358, 1120,  1316, -328, 1097,  153, 153, 153
L 1316, -328, 1097,  1272, -277, 1025,  153, 153, 153
L 1272, -277, 1025,  1192, -154, 959,  153, 153, 153
L 1192, -154, 959,  1105, -97, 848,  153, 153, 153
L 1105, -97, 848,  1024, -75, 837,  153, 153, 153
L 1024, -75, 837,  936, -133, 837,  153, 153, 153
L 936, -133, 837,  820, -249, 837,  153, 153, 153
L 820, -249, 837,  747, -253, 837,  153, 153, 153
L 747, -253, 837,  634, -141, 837,  153, 153, 153
L 634, -141, 837,  511, -105, 837,  153, 153, 153
L 511, -105, 837,  387, -30, 837,  153, 153, 153
L 387, -30, 837,  314, 50, 837,  153, 153, 153
L 314, 50, 837,  248, 85, 837,  153, 153, 153
L 248, 85, 837,  180, -20, 837,  153, 153, 153
L 180, -20, 837,  164, -108, 890,  153, 153, 153
L 164, -108, 890,  194, -238, 991,  153, 153, 153
L 194, -238, 991,  195, -259, 1016,  153, 153, 153
L 195, -259, 1016,  255, -269, 1037,  153, 153, 153
L 255, -269, 1037,  285, -381, 1103,  153, 153, 153
L 285, -381, 1103,  346, -464, 1221,  153, 153, 153
L 346, -464, 1221,  348, -481, 1217,  153, 153, 153
L 348, -481, 1217,  366, -615, 1236,  153, 153, 153
L 366, -615, 1236,  342, -644, 1342,  153, 153, 153
L 342, -644, 1342,  318, -665, 1236,  153, 153, 153
L 318, -665, 1236,  298, -668, 1236,  153, 153, 153
L 298, -668, 1236,  293, -678, 1236,  153, 153, 153
L 293, -678, 1236,  268, -705, 1236,  153, 153, 153
L 268, -705, 1236,  181, -698, 1236,  153, 153, 153
L 181, -698, 1236,  181, -752, 1272,  153, 153, 153
L 181, -752, 1272,  194, -800, 1282,  153, 153, 153
L 194, -800, 1282,  210, -816, 1236,  153, 153, 153
L 210, -816, 1236,  265, -849, 1236,  153, 153, 153
L 265, -849, 1236,  291, -859, 1236,  153, 153, 153
L 291, -859, 1236,  329, -852, 1253,  153, 153, 153
L 329, -852, 1253,  357, -843, 1673,  153, 153, 153
L 816, 34, 777,  816, 34, 777,  153, 153, 153
L 816, 34, 777,  819, 133, 437,  153, 153, 153
L 819, 133, 437,  826, 138, 437,  153, 153, 153
L 826, 138, 437,  826, 160, 437,  153, 153, 153
L 826, 160, 437,  818, 161, 437,  153, 153, 153
L 818, 161, 437,  807, 178, 437,  153, 153, 153
L 807, 178, 437,  806, 358, 437,  153, 153, 153
L 806, 358, 437,  796, 399, 437,  153, 153, 153
L 796, 399, 437,  793, 406, 437,  153, 153, 153
L 793, 406, 437,  781, 417, 437,  153, 153, 153
L 781, 417, 437,  751, 414, 437,  153, 153, 153
L 751, 414, 437,  661, 412, 37,  153, 153, 153
L 661, 412, 37,  653, 413, 37,  153, 153, 153
L 653, 413, 37,  648, 405, 103,  153, 153, 153
L 648, 405, 103,  640, 425, 37,  153, 153, 153
L 640, 425, 37,  638, 427, 37,  153, 153, 153
L 638, 427, 37,  636, 577, 37,  153, 153, 153
L 636, 577, 37,  631, 574, 37,  153, 153, 153
L 631, 574, 37,  626, 586, 137,  153, 153, 153
L 626, 586, 137,  626, 599, 137,  153, 153, 153
L 626, 599, 137,  633, 601, 137,  153, 153, 153
L 633, 601, 137,  636, 625, 137,  153, 153, 153
L 636, 625, 137,  638, 629, 137,  153, 153, 153
L 638, 629, 137,  646, 629, 37,  153, 153, 153
L 646, 629, 37,  647, 629, 37,  153, 153, 153
L 647, 629, 37,  657, 621, 37,  153, 153, 153
L 657, 621, 37,  661, 617, 37,  153, 153, 153
L 661, 617, 37,  661, 571, 37,  153, 153, 153
L 661, 571, 37,  700, 571, 37,  153, 153, 153
L 700, 571, 37,  712, 563, 51,  153, 153, 153
L 712, 563, 51,  718, 551, 37,  153, 153, 153
L 718, 551, 37,  758, 551, 37,  153, 153, 153
L 758, 551, 37,  776, 572, 37,  153, 153, 153
L 776, 572, 37,  776, 591, 37,  153, 153, 153
L 776, 591, 37,  772, 593, 37,  153, 153, 153
L 772, 593, 37,  763, 596, 37,  153, 153, 153
L 763, 596, 37,  759, 606, 37,  153, 153, 153
L 759, 606, 37,  756, 638, 37,  153, 153, 153
L 756, 638, 37,  749, 646, 37,  153, 153, 153
L 749, 646, 37,  746, 652, 37,  153, 153, 153
L 746, 652, 37,  746, 657, 37,  153, 153, 153
L 746, 657, 37,  750, 661, 37,  153, 153, 153
L 750, 661, 37,  756, 746, 37,  153, 153, 153
L 756, 746, 37,  751, 746, 37,  153, 153, 153
L 751, 746, 37,  746, 753, 37,  153, 153, 153
L 746, 753, 37,  756, 761, 37,  153, 153, 153
L 756, 761, 37,  756, 804, 37,  153, 153, 153
L 756, 804, 37,  747, 802, 37,  153, 153, 153
L 747, 802, 37,  734, 814, 37,  153, 153, 153
L 734, 814, 37,  651, 816, 37,  153, 153, 153
L 651, 816, 37,  651, 809, 37,  153, 153, 153
L 651, 809, 37,  646, 804, 37,  153, 153, 153
L 646, 804, 37,  635, 816, 37,  153, 153, 153
L 635, 816, 37,  507, 817, 37,  153, 153, 153
L 507, 817, 37,  507, 821, 37,  153, 153, 153
L 507, 821, 37,  507, 834, 37,  153, 153, 153
L 507, 834, 37,  507, 841, 37,  153, 153, 153
L 507, 841, 37,  526, 841, 37,  153, 153, 153
L 526, 841, 37,  527, 842, 37,  153, 153, 153
L 527, 842, 37,  546, 855, 37,  153, 153, 153
L 546, 855, 37,  547, 868, 37,  153, 153, 153
L 547, 868, 37,  524, 874, 37,  153, 153, 153
L 524, 874, 37,  517, 969, 37,  153, 153, 153
L 517, 969, 37,  515, 984, 37,  153, 153, 153
L 515, 984, 37,  597, 1060, 37,  153, 153, 153
L 597, 1060, 37,  695, 1063, 37,  153, 153, 153
L 695, 1063, 37,  702, 1056, 37,  153, 153, 153
L 702, 1056, 37,  702, 1031, 37,  153, 153, 153
L 702, 1031, 37,  714, 1031, 37,  153, 153, 153
L 714, 1031, 37,  725, 1039, 117,  153, 153, 153
L 725, 1039, 117,  720, 1043, 37,  153, 153, 153
L 720, 1043, 37,  737, 1069, 37,  153, 153, 153
L 737, 1069, 37,  738, 1071, 37,  153, 153, 153
L 738, 1071, 37,  761, 1061, 37,  153, 153, 153
L 761, 1061, 37,  800, 1061, 37,  153, 153, 153
L 800, 1061, 37,  801, 1034, 37,  153, 153, 153
L 801, 1034, 37,  810, 1040, 37,  153, 153, 153
L 810, 1040, 37,  814, 1026, 143,  153, 153, 153
L 814, 1026, 143,  913, 1021, 37,  153, 153, 153
L 913, 1021, 37,  959, 1021, -122,  153, 153, 153
L 959, 1021, -122,  964, 1021, -262,  153, 153, 153
L 964, 1021, -262,  971, 1015, -262,  153, 153, 153
L 971, 1015, -262,  981, 1001, -262,  153, 153, 153
L 981, 1001, -262,  1017, 1001, -182,  153, 153, 153
L 1017, 1001, -182,  1021, 982, -162,  153, 153, 153
L 1021, 982, -162,  1029, 981, -162,  153, 153, 153
L 1029, 981, -162,  1031, 977, -162,  153, 153, 153
L 1031, 977, -162,  1029, 963, -162,  153, 153, 153
L 1029, 963, -162,  1021, 901, -162,  153, 153, 153
L 1021, 901, -162,  1098, 901, -162,  153, 153, 153
L 1098, 901, -162,  1103, 901, -162,  153, 153, 153
L 1103, 901, -162,  1121, 893, -162,  153, 153, 153
L 1121, 893, -162,  1145, 891, -162,  153, 153, 153
L 1145, 891, -162,  1153, 887, -162,  153, 153, 153
L 1153, 887, -162,  1148, 875, -162,  153, 153, 153
L 1148, 875, -162,  1148, 874, -162,  153, 153, 153
L 1148, 874, -162,  1141, 841, -162,  153, 153, 153
L 1141, 841, -162,  1061, 836, -162,  153, 153, 153
L 1061, 836, -162,  1061, 641, -162,  153, 153, 153
L 1061, 641, -162,  1256, 641, -162,  153, 153, 153
L 1256, 641, -162,  1258, 682, -162,  153, 153, 153
L 1258, 682, -162,  1536, 681, -162,  153, 153, 153
L 1536, 681, -162,  1536, 936, -162,  153, 153, 153
L 1536, 936, -162,  1497, 937, -162,  153, 153, 153
L 1497, 937, -162,  1496, 979, -162,  153, 153, 153
L 1496, 979, -162,  1576, 981, -162,  153, 153, 153
L 1576, 981, -162,  1576, 1057, -162,  153, 153, 153
L 1576, 1057, -162,  1652, 1061, -162,  153, 153, 153
L 1652, 1061, -162,  1661, 1021, -162,  153, 153, 153
L 1661, 1021, -162,  1692, 1021, -162,  153, 153, 153
L 1692, 1021, -162,  1697, 1060, -162,  153, 153, 153
L 1697, 1060, -162,  1758, 1061, -162,  153, 153, 153
L 1758, 1061, -162,  1761, 981, -162,  153, 153, 153
L 1761, 981, -162,  1839, 981, -162,  153, 153, 153
L 1839, 981, -162,  1840, 898, -162,  153, 153, 153
L 1840, 898, -162,  1761, 896, -162,  153, 153, 153
L 1761, 896, -162,  1761, 839, -162,  153, 153, 153
L 1761, 839, -162,  1695, 838, -162,  153, 153, 153
L 1695, 838, -162,  1701, 1061, -162,  153, 153, 153
L 1701, 1061, -162,  1760, 1060, -162,  153, 153, 153
L 1760, 1060, -162,  1761, 981, -162,  153, 153, 153
L 1761, 981, -162,  1841, 978, -162,  153, 153, 153
L 1841, 978, -162,  1840, 897, -162,  153, 153, 153
L 1876, 861, -162,  1876, 861, -162,  153, 153, 153
L 1876, 861, -162,  1797, 861, -162,  153, 153, 153
L 1797, 861, -162,  1796, 838, -162,  153, 153, 153
L 1796, 838, -162,  1876, 836, -162,  153, 153, 153
L 1876, 836, -162,  1876, 796, -162,  153, 153, 153
L 1876, 796, -162,  1868, 791, -162,  153, 153, 153
L 1868, 791, -162,  1866, 787, -162,  153, 153, 153
L 1866, 787, -162,  1866, 778, -162,  153, 153, 153
L 1866, 778, -162,  1876, 776, -162,  153, 153, 153
L 1876, 776, -162,  1876, 721, -162,  153, 153, 153
L 1876, 721, -162,  1798, 721, -162,  153, 153, 153
L 1798, 721, -162,  1796, 679, -162,  153, 153, 153
L 1796, 679, -162,  1836, 676, -162,  153, 153, 153
L 1836, 676, -162,  1836, 641, -162,  153, 153, 153
L 1836, 641, -162,  1761, 641, -162,  153, 153, 153
L 1761, 641, -162,  1757, 723, -162,  153, 153, 153
L 1757, 723, -162,  1717, 721, -162,  153, 153, 153
L 1717, 721, -162,  1716, 691, -162,  153, 153, 153
L 1716, 691, -162,  1711, 691, -162,  153, 153, 153
L 1711, 691, -162,  1705, 688, -162,  153, 153, 153
L 1705, 688, -162,  1706, 680, -162,  153, 153, 153
L 1706, 680, -162,  1736, 676, -162,  153, 153, 153
L 1736, 676, -162,  1736, 581, -162,  153, 153, 153
L 1736, 581, -162,  1721, 581, -162,  153, 153, 153
L 1721, 581, -162,  1721, 585, -162,  153, 153, 153
L 1721, 585, -162,  1715, 592, -162,  153, 153, 153
L 1715, 592, -162,  1709, 591, -162,  153, 153, 153
L 574, 696, 37,  574, 696, 37,  153, 153, 153
L 574, 696, 37,  599, 696, 37,  153, 153, 153
L 599, 696, 37,  601, 780, 37,  153, 153, 153
L 601, 780, 37,  525, 781, 37,  153, 153, 153
L 525, 781, 37,  517, 701, 37,  153, 153, 153
L 517, 701, 37,  481, 701, 37,  153, 153, 153
L 481, 701, 37,  481, 710, 37,  153, 153, 153
L 481, 710, 37,  480, 711, 37,  153, 153, 153
L 480, 711, 37,  467, 710, 37,  153, 153, 153
L 467, 710, 37,  467, 628, 37,  153, 153, 153
L 467, 628, 37,  457, 636, 37,  153, 153, 153
L 457, 636, 37,  455, 632, 71,  153, 153, 153
L 455, 632, 71,  447, 624, 37,  153, 153, 153
L 447, 624, 37,  440, 621, 37,  153, 153, 153
L 440, 621, 37,  437, 617, 37,  153, 153, 153
L 437, 617, 37,  437, 609, 37,  153, 153, 153
L 437, 609, 37,  559, 607, 37,  153, 153, 153
L 559, 607, 37,  561, 612, 37,  153, 153, 153
L 561, 612, 37,  561, 678, 37,  153, 153, 153
L 561, 678, 37,  567, 679, 37,  153, 153, 153
L 567, 679, 37,  576, 690, 37,  153, 153, 153
L 576, 690, 37,  574, 696, 37,  153, 153, 153
L 676, 617, 37,  676, 617, 37,  153, 153, 153
L 676, 617, 37,  676, 683, 37,  153, 153, 153
L 676, 683, 37,  672, 674, 37,  153, 153, 153
L 672, 674, 37,  660, 688, 37,  153, 153, 153
L 660, 688, 37,  637, 697, 37,  153, 153, 153
L 637, 697, 37,  637, 789, 37,  153, 153, 153
L 637, 789, 37,  639, 792, 37,  153, 153, 153
L 639, 792, 37,  651, 792, 37,  153, 153, 153
L 651, 792, 37,  651, 783, 37,  153, 153, 153
L 651, 783, 37,  656, 776, 37,  153, 153, 153
L 656, 776, 37,  668, 761, 37,  153, 153, 153
L 668, 761, 37,  729, 761, 37,  153, 153, 153
L 729, 761, 37,  731, 759, 37,  153, 153, 153
L 731, 759, 37,  731, 748, 37,  153, 153, 153
L 731, 748, 37,  729, 746, 37,  153, 153, 153
L 729, 746, 37,  721, 665, 37,  153, 153, 153
L 721, 665, 37,  730, 660, 37,  153, 153, 153
L 730, 660, 37,  732, 659, 37,  153, 153, 153
L 732, 659, 37,  731, 647, 37,  153, 153, 153
L 731, 647, 37,  701, 646, 37,  153, 153, 153
L 701, 646, 37,  701, 609, 37,  153, 153, 153
L 701, 609, 37,  680, 607, 37,  153, 153, 153
L 680, 607, 37,  676, 611, 37,  153, 153, 153
L 676, 611, 37,  676, 617, 37,  153, 153, 153
L 1916, 1021, -162,  1916, 1021, -162,  153, 153, 153
L 1916, 1021, -162,  1879, 1021, -162,  153, 153, 153
L 1879, 1021, -162,  1878, 1021, -162,  153, 153, 153
L 1878, 1021, -162,  1876, 861, -162,  153, 153, 153
L 1916, 1021, -162,  1916, 1021, -162,  153, 153, 153
L 1916, 1021, -162,  1916, 1056, -162,  153, 153, 153
L 1916, 1056, -162,  1841, 1056, -162,  153, 153, 153
L 1841, 1056, -162,  1840, 1018, -162,  153, 153, 153
L 1840, 1018, -162,  1797, 1017, -162,  153, 153, 153
L 1797, 1017, -162,  1796, 1096, -162,  153, 153, 153
L 1796, 1096, -162,  1656, 1098, -162,  153, 153, 153
L 1656, 1098, -162,  1656, 1116, -162,  153, 153, 153
L 1656, 1116, -162,  1647, 1117, -162,  153, 153, 153
L 1647, 1117, -162,  1646, 1120, -162,  153, 153, 153
L 1646, 1120, -162,  1646, 1129, -162,  153, 153, 153
L 1646, 1129, -162,  1656, 1132, -162,  153, 153, 153
L 1656, 1132, -162,  1656, 1319, -162,  153, 153, 153
L 1656, 1319, -162,  1736, 1321, -162,  153, 153, 153
L 1736, 1321, -162,  1736, 1556, -162,  153, 153, 153
L 1736, 1556, -162,  1577, 1556, -162,  153, 153, 153
L 1577, 1556, -162,  1575, 1592, -162,  153, 153, 153
L 1575, 1592, -162,  1470, 1596, -162,  153, 153, 153
L 1470, 1596, -162,  1458, 1515, -162,  153, 153, 153
L 1458, 1515, -162,  1431, 1516, -162,  153, 153, 153
L 1431, 1516, -162,  1431, 1509, -162,  153, 153, 153
L 1431, 1509, -162,  1427, 1506, -162,  153, 153, 153
L 1427, 1506, -162,  1420, 1506, -162,  153, 153, 153
L 1420, 1506, -162,  1413, 1516, -162,  153, 153, 153
L 1413, 1516, -162,  1378, 1516, -162,  153, 153, 153
L 1378, 1516, -162,  1376, 1556, -162,  153, 153, 153
L 1376, 1556, -162,  1101, 1556, -162,  153, 153, 153
L 1101, 1556, -162,  1100, 1397, -162,  153, 153, 153
L 1100, 1397, -162,  1061, 1396, -162,  153, 153, 153
L 1061, 1396, -162,  1061, 1321, -162,  153, 153, 153
L 1061, 1321, -162,  1096, 1321, -162,  153, 153, 153
L 1096, 1321, -162,  1098, 1362, -162,  153, 153, 153
L 1098, 1362, -162,  1140, 1360, -162,  153, 153, 153
L 1140, 1360, -162,  1141, 1283, -162,  153, 153, 153
L 1141, 1283, -162,  1149, 1281, -162,  153, 153, 153
L 1149, 1281, -162,  1151, 1277, -162,  153, 153, 153
L 1151, 1277, -162,  1151, 1269, -162,  153, 153, 153
L 1151, 1269, -162,  1110, 1266, -162,  153, 153, 153
L 1110, 1266, -162,  1111, 1259, -162,  153, 153, 153
L 1111, 1259, -162,  1094, 1255, -162,  153, 153, 153
L 1094, 1255, -162,  1021, 1256, -162,  153, 153, 153
L 1021, 1256, -162,  1023, 1229, -162,  153, 153, 153
L 1023, 1229, -162,  1026, 1191, -162,  153, 153, 153
L 1026, 1191, -162,  1031, 1189, -162,  153, 153, 153
L 1031, 1189, -162,  1030, 1177, -162,  153, 153, 153
L 1030, 1177, -162,  1021, 1176, -162,  153, 153, 153
L 1021, 1176, -162,  1020, 1156, -165,  153, 153, 153
L 1020, 1156, -165,  980, 1156, -262,  153, 153, 153
L 980, 1156, -262,  971, 1147, -262,  153, 153, 153
L 971, 1147, -262,  971, 1139, -262,  153, 153, 153
L 971, 1139, -262,  963, 1135, -262,  153, 153, 153
L 963, 1135, -262,  961, 1095, -262,  153, 153, 153
L 961, 1095, -262,  921, 1092, -262,  153, 153, 153
L 921, 1092, -262,  921, 1085, -262,  153, 153, 153
L 921, 1085, -262,  930, 1087, -262,  153, 153, 153
L 930, 1087, -262,  935, 1080, -262,  153, 153, 153
L 935, 1080, -262,  924, 1067, -262,  153, 153, 153
L 924, 1067, -262,  921, 1065, -262,  153, 153, 153
L 921, 1065, -262,  964, 1061, -262,  153, 153, 153
L 964, 1061, -262,  961, 1021, -262,  153, 153, 153
L 961, 1021, -262,  969, 1021, -262,  153, 153, 153
L 969, 1021, -262,  971, 1009, -262,  153, 153, 153
L 1056, 981, -162,  1056, 981, -162,  153, 153, 153
L 1056, 981, -162,  1051, 981, -162,  153, 153, 153
L 1051, 981, -162,  1046, 980, -162,  153, 153, 153
L 1046, 980, -162,  1046, 970, -162,  153, 153, 153
L 1046, 970, -162,  1056, 966, -162,  153, 153, 153
L 1056, 966, -162,  1056, 938, -162,  153, 153, 153
L 1056, 938, -162,  1098, 936, -162,  153, 153, 153
L 1098, 936, -162,  1108, 935, -162,  153, 153, 153
L 1108, 935, -162,  1117, 946, -162,  153, 153, 153
L 1117, 946, -162,  1206, 946, -162,  153, 153, 153
L 1206, 946, -162,  1206, 939, -162,  153, 153, 153
L 1206, 939, -162,  1213, 936, -162,  153, 153, 153
L 1213, 936, -162,  1223, 946, -162,  153, 153, 153
L 1223, 946, -162,  1299, 947, -162,  153, 153, 153
L 1299, 947, -162,  1301, 950, -162,  153, 153, 153
L 1301, 950, -162,  1300, 961, -162,  153, 153, 153
L 1300, 961, -162,  1298, 962, -162,  153, 153, 153
L 1298, 962, -162,  1290, 1000, -162,  153, 153, 153
L 1290, 1000, -162,  1257, 1001, -162,  153, 153, 153
L 1257, 1001, -162,  1222, 1015, -162,  153, 153, 153
L 1222, 1015, -162,  1207, 1020, -162,  153, 153, 153
L 1207, 1020, -162,  1200, 1050, -162,  153, 153, 153
L 1200, 1050, -162,  1195, 1054, -162,  153, 153, 153
L 1195, 1054, -162,  1151, 1070, -162,  153, 153, 153
L 1151, 1070, -162,  1147, 1071, -162,  153, 153, 153
L 1147, 1071, -162,  1137, 1071, -162,  153, 153, 153
L 1137, 1071, -162,  1125, 1061, -162,  153, 153, 153
L 1125, 1061, -162,  1116, 1059, -182,  153, 153, 153
L 1116, 1059, -182,  1116, 1045, -210,  153, 153, 153
L 1116, 1045, -210,  1098, 1002, -262,  153, 153, 153
L 1098, 1002, -262,  1063, 1001, -183,  153, 153, 153
L 1063, 1001, -183,  1057, 1000, -182,  153, 153, 153
L 1057, 1000, -182,  1056, 981, -162,  153, 153, 153
L 1056, 981, -162,  1049, 981, -162,  153, 153, 153
L 1151, 1106, -162,  1151, 1106, -162,  153, 153, 153
L 1151, 1106, -162,  1199, 1106, -162,  153, 153, 153
L 1199, 1106, -162,  1201, 1132, -162,  153, 153, 153
L 1201, 1132, -162,  1207, 1135, -162,  153, 153, 153
L 1207, 1135, -162,  1226, 1149, -162,  153, 153, 153
L 1226, 1149, -162,  1286, 1156, -162,  153, 153, 153
L 1286, 1156, -162,  1291, 1185, -162,  153, 153, 153
L 1291, 1185, -162,  1297, 1196, -162,  153, 153, 153
L 1297, 1196, -162,  1301, 1200, -162,  153, 153, 153
L 1301, 1200, -162,  1300, 1210, -162,  153, 153, 153
L 1300, 1210, -162,  1268, 1211, -162,  153, 153, 153
L 1268, 1211, -162,  1220, 1221, -162,  153, 153, 153
L 1220, 1221, -162,  1210, 1221, -162,  153, 153, 153
L 1210, 1221, -162,  1204, 1216, -162,  153, 153, 153
L 1204, 1216, -162,  1132, 1211, -162,  153, 153, 153
L 1132, 1211, -162,  1112, 1215, -162,  153, 153, 153
L 1112, 1215, -162,  1101, 1226, -162,  153, 153, 153
L 1101, 1226, -162,  1056, 1219, -162,  153, 153, 153
L 1056, 1219, -162,  1056, 1191, -162,  153, 153, 153
L 1056, 1191, -162,  1046, 1189, -162,  153, 153, 153
L 1046, 1189, -162,  1046, 1187, -162,  153, 153, 153
L 1046, 1187, -162,  1047, 1177, -162,  153, 153, 153
L 1047, 1177, -162,  1056, 1171, -162,  153, 153, 153
L 1056, 1171, -162,  1056, 1160, -162,  153, 153, 153
L 1056, 1160, -162,  1099, 1155, -262,  153, 153, 153
L 1099, 1155, -262,  1108, 1145, -262,  153, 153, 153
L 1108, 1145, -262,  1116, 1109, -222,  153, 153, 153
L 1116, 1109, -222,  1117, 1097, -182,  153, 153, 153
L 1117, 1097, -182,  1140, 1086, -162,  153, 153, 153
L 1140, 1086, -162,  1148, 1086, -162,  153, 153, 153
L 1148, 1086, -162,  1151, 1106, -162,  153, 153, 153
L 1326, 1196, -162,  1326, 1196, -162,  153, 153, 153
L 1326, 1196, -162,  1326, 974, -162,  153, 153, 153
L 1326, 974, -162,  1319, 961, -162,  153, 153, 153
L 1319, 961, -162,  1316, 957, -162,  153, 153, 153
L 1316, 957, -162,  1316, 954, -162,  153, 153, 153
L 1316, 954, -162,  1326, 937, -162,  153, 153, 153
L 1326, 937, -162,  1339, 936, -162,  153, 153, 153
L 1339, 936, -162,  1341, 946, -162,  153, 153, 153
L 1341, 946, -162,  1433, 946, -162,  153, 153, 153
L 1433, 946, -162,  1433, 941, -162,  153, 153, 153
L 1433, 941, -162,  1446, 935, -162,  153, 153, 153
L 1446, 935, -162,  1446, 929, -162,  153, 153, 153
L 1446, 929, -162,  1450, 926, -162,  153, 153, 153
L 1450, 926, -162,  1456, 926, -162,  153, 153, 153
L 1456, 926, -162,  1461, 1056, -162,  153, 153, 153
L 1461, 1056, -162,  1438, 1061, -162,  153, 153, 153
L 1438, 1061, -162,  1436, 1021, -162,  153, 153, 153
L 1436, 1021, -162,  1401, 1021, -162,  153, 153, 153
L 1401, 1021, -162,  1401, 1093, -162,  153, 153, 153
L 1401, 1093, -162,  1427, 1136, -162,  153, 153, 153
L 1427, 1136, -162,  1401, 1087, -162,  153, 153, 153
L 1401, 1087, -162,  1401, 1136, -162,  153, 153, 153
L 1401, 1136, -162,  1430, 1136, -162,  153, 153, 153
L 1430, 1136, -162,  1436, 1101, -162,  153, 153, 153
L 1436, 1101, -162,  1460, 1097, -162,  153, 153, 153
L 1460, 1097, -162,  1461, 1225, -162,  153, 153, 153
L 1461, 1225, -162,  1457, 1231, -162,  153, 153, 153
L 1457, 1231, -162,  1450, 1231, -162,  153, 153, 153
L 1450, 1231, -162,  1442, 1211, -162,  153, 153, 153
L 1442, 1211, -162,  1341, 1211, -162,  153, 153, 153
L 1341, 1211, -162,  1341, 1218, -162,  153, 153, 153
L 1341, 1218, -162,  1332, 1221, -162,  153, 153, 153
L 1332, 1221, -162,  1326, 1211, -162,  153, 153, 153
L 1326, 1211, -162,  1320, 1211, -162,  153, 153, 153
L 1320, 1211, -162,  1316, 1207, -162,  153, 153, 153
L 1316, 1207, -162,  1316, 1200, -162,  153, 153, 153
L 1316, 1200, -162,  1326, 1196, -162,  153, 153, 153
L 1326, 891, -162,  1326, 891, -162,  153, 153, 153
L 1326, 891, -162,  1289, 891, -162,  153, 153, 153
L 1289, 891, -162,  1286, 887, -162,  153, 153, 153
L 1286, 887, -162,  1286, 879, -162,  153, 153, 153
L 1286, 879, -162,  1296, 876, -162,  153, 153, 153
L 1296, 876, -162,  1297, 837, -162,  153, 153, 153
L 1297, 837, -162,  1376, 836, -162,  153, 153, 153
L 1376, 836, -162,  1378, 717, -162,  153, 153, 153
L 1378, 717, -162,  1501, 719, -162,  153, 153, 153
L 1501, 719, -162,  1498, 902, -162,  153, 153, 153
L 1498, 902, -162,  1461, 901, -162,  153, 153, 153
L 1461, 901, -162,  1461, 908, -162,  153, 153, 153
L 1461, 908, -162,  1457, 911, -162,  153, 153, 153
L 1457, 911, -162,  1448, 911, -162,  153, 153, 153
L 1448, 911, -162,  1443, 902, -162,  153, 153, 153
L 1443, 902, -162,  1433, 891, -162,  153, 153, 153
L 1433, 891, -162,  1372, 891, -162,  153, 153, 153
L 1372, 891, -162,  1340, 901, -162,  153, 153, 153
L 1340, 901, -162,  1334, 901, -162,  153, 153, 153
L 1334, 901, -162,  1326, 891, -162,  153, 153, 153
L 1271, 887, -162,  1271, 887, -162,  153, 153, 153
L 1271, 887, -162,  1271, 888, -162,  153, 153, 153
L 1271, 888, -162,  1221, 891, -162,  153, 153, 153
L 1221, 891, -162,  1221, 898, -162,  153, 153, 153
L 1221, 898, -162,  1213, 901, -162,  153, 153, 153
L 1213, 901, -162,  1206, 891, -162,  153, 153, 153
L 1206, 891, -162,  1168, 891, -162,  153, 153, 153
L 1168, 891, -162,  1166, 887, -162,  153, 153, 153
L 1166, 887, -162,  1166, 882, -162,  153, 153, 153
L 1166, 882, -162,  1174, 871, -162,  153, 153, 153
L 1174, 871, -162,  1177, 757, -162,  153, 153, 153
L 1177, 757, -162,  1218, 756, -162,  153, 153, 153
L 1218, 756, -162,  1221, 836, -162,  153, 153, 153
L 1221, 836, -162,  1260, 837, -162,  153, 153, 153
L 1260, 837, -162,  1261, 876, -162,  153, 153, 153
L 1261, 876, -162,  1269, 876, -162,  153, 153, 153
L 1269, 876, -162,  1271, 880, -162,  153, 153, 153
L 1271, 880, -162,  1271, 887, -162,  153, 153, 153
L 1339, 717, -162,  1339, 717, -162,  153, 153, 153
L 1339, 717, -162,  1341, 798, -162,  153, 153, 153
L 1341, 798, -162,  1258, 801, -162,  153, 153, 153
L 1258, 801, -162,  1257, 718, -162,  153, 153, 153
L 1257, 718, -162,  1338, 716, -162,  153, 153, 153
L 1221, 720, -162,  1221, 720, -162,  153, 153, 153
L 1221, 720, -162,  1176, 720, -162,  153, 153, 153
L 1176, 720, -162,  1176, 681, -162,  153, 153, 153
L 1176, 681, -162,  1142, 681, -162,  153, 153, 153
L 1142, 681, -162,  1141, 799, -162,  153, 153, 153
L 1141, 799, -162,  1098, 801, -162,  153, 153, 153
L 1098, 801, -162,  1097, 677, -162,  153, 153, 153
L 1097, 677, -162,  1217, 676, -162,  153, 153, 153
L 1217, 676, -162,  1220, 677, -162,  153, 153, 153
L 1220, 677, -162,  1221, 718, -162,  153, 153, 153
L 1221, 718, -162,  1220, 720, -162,  153, 153, 153
L 1541, 1096, -162,  1541, 1096, -162,  153, 153, 153
L 1541, 1096, -162,  1618, 1096, -162,  153, 153, 153
L 1618, 1096, -162,  1621, 1116, -162,  153, 153, 153
L 1621, 1116, -162,  1629, 1116, -162,  153, 153, 153
L 1629, 1116, -162,  1631, 1120, -162,  153, 153, 153
L 1631, 1120, -162,  1628, 1132, -162,  153, 153, 153
L 1628, 1132, -162,  1622, 1132, -162,  153, 153, 153
L 1622, 1132, -162,  1621, 1138, -162,  153, 153, 153
L 1621, 1138, -162,  1496, 1139, -162,  153, 153, 153
L 1496, 1139, -162,  1496, 1017, -162,  153, 153, 153
L 1496, 1017, -162,  1540, 1017, -162,  153, 153, 153
L 1540, 1017, -162,  1541, 1096, -162,  153, 153, 153
L 1581, 1321, -162,  1581, 1321, -162,  153, 153, 153
L 1581, 1321, -162,  1581, 1356, -162,  153, 153, 153
L 1581, 1356, -162,  1619, 1356, -162,  153, 153, 153
L 1619, 1356, -162,  1621, 1398, -162,  153, 153, 153
L 1621, 1398, -162,  1538, 1401, -162,  153, 153, 153
L 1538, 1401, -162,  1536, 1259, -162,  153, 153, 153
L 1536, 1259, -162,  1576, 1256, -162,  153, 153, 153
L 1576, 1256, -162,  1578, 1176, -162,  153, 153, 153
L 1578, 1176, -162,  1618, 1176, -162,  153, 153, 153
L 1618, 1176, -162,  1621, 1179, -162,  153, 153, 153
L 1621, 1179, -162,  1618, 1322, -162,  153, 153, 153
L 1618, 1322, -162,  1581, 1321, -162,  153, 153, 153
L 1656, 1436, -162,  1656, 1436, -162,  153, 153, 153
L 1656, 1436, -162,  1656, 1358, -162,  153, 153, 153
L 1656, 1358, -162,  1697, 1356, -162,  153, 153, 153
L 1697, 1356, -162,  1701, 1519, -162,  153, 153, 153
L 1701, 1519, -162,  1579, 1521, -162,  153, 153, 153
L 1579, 1521, -162,  1577, 1436, -162,  153, 153, 153
L 1577, 1436, -162,  1656, 1436, -162,  153, 153, 153
L 1540, 1437, -162,  1540, 1437, -162,  153, 153, 153
L 1540, 1437, -162,  1536, 1562, -162,  153, 153, 153
L 1536, 1562, -162,  1498, 1561, -162,  153, 153, 153
L 1498, 1561, -162,  1496, 1481, -162,  153, 153, 153
L 1496, 1481, -162,  1431, 1481, -162,  153, 153, 153
L 1431, 1481, -162,  1431, 1488, -162,  153, 153, 153
L 1431, 1488, -162,  1427, 1491, -162,  153, 153, 153
L 1427, 1491, -162,  1421, 1491, -162,  153, 153, 153
L 1421, 1491, -162,  1413, 1485, -162,  153, 153, 153
L 1413, 1485, -162,  1341, 1481, -162,  153, 153, 153
L 1341, 1481, -162,  1340, 1521, -162,  153, 153, 153
L 1340, 1521, -162,  1238, 1521, -162,  153, 153, 153
L 1238, 1521, -162,  1236, 1491, -162,  153, 153, 153
L 1236, 1491, -162,  1228, 1491, -162,  153, 153, 153
L 1228, 1491, -162,  1226, 1487, -162,  153, 153, 153
L 1226, 1487, -162,  1226, 1480, -162,  153, 153, 153
L 1226, 1480, -162,  1376, 1476, -162,  153, 153, 153
L 1376, 1476, -162,  1376, 1437, -162,  153, 153, 153
L 1376, 1437, -162,  1541, 1436, -162,  153, 153, 153
L 1140, 1466, -162,  1140, 1466, -162,  153, 153, 153
L 1140, 1466, -162,  1152, 1468, -162,  153, 153, 153
L 1152, 1468, -162,  1155, 1476, -162,  153, 153, 153
L 1155, 1476, -162,  1208, 1476, -162,  153, 153, 153
L 1208, 1476, -162,  1211, 1480, -162,  153, 153, 153
L 1211, 1480, -162,  1211, 1489, -162,  153, 153, 153
L 1211, 1489, -162,  1201, 1491, -162,  153, 153, 153
L 1201, 1491, -162,  1201, 1519, -162,  153, 153, 153
L 1201, 1519, -162,  1137, 1520, -162,  153, 153, 153
L 1137, 1520, -162,  1136, 1470, -162,  153, 153, 153
L 1136, 1470, -162,  1140, 1466, -162,  153, 153, 153
L 1140, 1451, -162,  1140, 1451, -162,  153, 153, 153
L 1140, 1451, -162,  1136, 1449, -162,  153, 153, 153
L 1136, 1449, -162,  1137, 1397, -162,  153, 153, 153
L 1137, 1397, -162,  1176, 1396, -162,  153, 153, 153
L 1176, 1396, -162,  1177, 1356, -162,  153, 153, 153
L 1177, 1356, -162,  1200, 1357, -162,  153, 153, 153
L 1200, 1357, -162,  1201, 1437, -162,  153, 153, 153
L 1201, 1437, -162,  1156, 1441, -162,  153, 153, 153
L 1156, 1441, -162,  1151, 1447, -162,  153, 153, 153
L 1151, 1447, -162,  1147, 1451, -162,  153, 153, 153
L 1147, 1451, -162,  1140, 1451, -162,  153, 153, 153
L 1176, 1281, -162,  1176, 1281, -162,  153, 153, 153
L 1176, 1281, -162,  1168, 1281, -162,  153, 153, 153
L 1168, 1281, -162,  1166, 1277, -162,  153, 153, 153
L 1166, 1277, -162,  1167, 1265, -162,  153, 153, 153
L 1167, 1265, -162,  1206, 1266, -162,  153, 153, 153
L 1206, 1266, -162,  1209, 1256, -162,  153, 153, 153
L 1209, 1256, -162,  1217, 1256, -162,  153, 153, 153
L 1217, 1256, -162,  1223, 1266, -162,  153, 153, 153
L 1223, 1266, -162,  1268, 1266, -162,  153, 153, 153
L 1268, 1266, -162,  1271, 1272, -162,  153, 153, 153
L 1271, 1272, -162,  1271, 1277, -162,  153, 153, 153
L 1271, 1277, -162,  1261, 1283, -162,  153, 153, 153
L 1261, 1283, -162,  1259, 1321, -162,  153, 153, 153
L 1259, 1321, -162,  1176, 1320, -162,  153, 153, 153
L 1176, 1320, -162,  1176, 1281, -162,  153, 153, 153
L 1296, 1356, -162,  1296, 1356, -162,  153, 153, 153
L 1296, 1356, -162,  1296, 1281, -162,  153, 153, 153
L 1296, 1281, -162,  1290, 1281, -162,  153, 153, 153
L 1290, 1281, -162,  1286, 1279, -162,  153, 153, 153
L 1286, 1279, -162,  1286, 1275, -162,  153, 153, 153
L 1286, 1275, -162,  1286, 1268, -162,  153, 153, 153
L 1286, 1268, -162,  1326, 1266, -162,  153, 153, 153
L 1326, 1266, -162,  1327, 1257, -162,  153, 153, 153
L 1327, 1257, -162,  1338, 1256, -162,  153, 153, 153
L 1338, 1256, -162,  1344, 1266, -162,  153, 153, 153
L 1344, 1266, -162,  1446, 1266, -162,  153, 153, 153
L 1446, 1266, -162,  1446, 1248, -162,  153, 153, 153
L 1446, 1248, -162,  1450, 1246, -162,  153, 153, 153
L 1450, 1246, -162,  1455, 1246, -162,  153, 153, 153
L 1455, 1246, -162,  1461, 1247, -162,  153, 153, 153
L 1461, 1247, -162,  1461, 1256, -162,  153, 153, 153
L 1461, 1256, -162,  1499, 1256, -162,  153, 153, 153
L 1499, 1256, -162,  1501, 1318, -162,  153, 153, 153
L 1501, 1318, -162,  1461, 1321, -162,  153, 153, 153
L 1461, 1321, -162,  1459, 1321, -162,  153, 153, 153
L 1459, 1321, -162,  1456, 1301, -162,  153, 153, 153
L 1456, 1301, -162,  1421, 1301, -162,  153, 153, 153
L 1421, 1301, -162,  1421, 1356, -162,  153, 153, 153
L 1421, 1356, -162,  1501, 1358, -162,  153, 153, 153
L 1501, 1358, -162,  1500, 1400, -162,  153, 153, 153
L 1500, 1400, -162,  1492, 1401, -162,  153, 153, 153
L 1492, 1401, -162,  1379, 1401, -162,  153, 153, 153
L 1379, 1401, -162,  1376, 1361, -162,  153, 153, 153
L 1376, 1361, -162,  1341, 1361, -162,  153, 153, 153
L 1341, 1361, -162,  1341, 1439, -162,  153, 153, 153
L 1341, 1439, -162,  1235, 1439, -162,  153, 153, 153
L 1235, 1439, -162,  1236, 1361, -162,  153, 153, 153
L 1236, 1361, -162,  1296, 1356, -162,  153, 153, 153
L 1540, 1220, -162,  1540, 1220, -162,  153, 153, 153
L 1540, 1220, -162,  1497, 1220, -162,  153, 153, 153
L 1497, 1220, -162,  1496, 1178, -162,  153, 153, 153
L 1496, 1178, -162,  1538, 1176, -162,  153, 153, 153
L 1538, 1176, -162,  1540, 1220, -162,  153, 153, 153
L 1714, 592, -162,  1714, 592, -162,  153, 153, 153
L 1714, 592, -162,  1714, 601, -162,  153, 153, 153
L 1714, 601, -162,  1687, 602, -162,  153, 153, 153
L 1687, 602, -162,  1684, 591, -162,  153, 153, 153
L 1684, 591, -162,  1678, 591, -162,  153, 153, 153
L 1678, 591, -162,  1676, 581, -162,  153, 153, 153
L 1676, 581, -162,  1661, 581, -162,  153, 153, 153
L 1661, 581, -162,  1661, 676, -162,  153, 153, 153
L 1661, 676, -162,  1691, 677, -162,  153, 153, 153
L 1691, 677, -162,  1691, 680, -162,  153, 153, 153
L 1691, 680, -162,  1691, 680, -162,  153, 153, 153
L 1691, 680, -162,  1691, 689, -162,  153, 153, 153
L 1691, 689, -162,  1681, 691, -162,  153, 153, 153
L 1681, 691, -162,  1681, 756, -162,  153, 153, 153
L 1681, 756, -162,  1759, 757, -162,  153, 153, 153
L 1759, 757, -162,  1760, 800, -162,  153, 153, 153
L 1760, 800, -162,  1656, 800, -162,  153, 153, 153
L 1656, 800, -162,  1656, 761, -162,  153, 153, 153
L 1656, 761, -162,  1536, 759, -162,  153, 153, 153
L 1840, 776, -162,  1840, 776, -162,  153, 153, 153
L 1840, 776, -162,  1849, 776, -162,  153, 153, 153
L 1849, 776, -162,  1850, 780, -162,  153, 153, 153
L 1850, 780, -162,  1850, 789, -162,  153, 153, 153
L 1850, 789, -162,  1847, 794, -162,  153, 153, 153
L 1847, 794, -162,  1839, 801, -162,  153, 153, 153
L 1839, 801, -162,  1798, 801, -162,  153, 153, 153
L 1798, 801, -162,  1796, 759, -162,  153, 153, 153
L 1796, 759, -162,  1840, 757, -162,  153, 153, 153
L 1840, 757, -162,  1840, 776, -162,  153, 153, 153
L 1621, 836, -162,  1621, 836, -162,  153, 153, 153
L 1621, 836, -162,  1660, 837, -162,  153, 153, 153
L 1660, 837, -162,  1657, 1061, -162,  153, 153, 153
L 1657, 1061, -162,  1576, 1059, -162,  153, 153, 153
L 1576, 1059, -162,  1576, 983, -162,  153, 153, 153
L 1621, 836, -162,  1621, 836, -162,  153, 153, 153
L 1621, 836, -162,  1619, 796, -162,  153, 153, 153
L 1619, 796, -162,  1536, 798, -162,  153, 153, 153
L 955, 1056, -122,  955, 1056, -122,  153, 153, 153
L 955, 1056, -122,  856, 1058, 37,  153, 153, 153
L 856, 1058, 37,  857, 1099, 37,  153, 153, 153
L 857, 1099, 37,  953, 1100, -121,  153, 153, 153
L 953, 1100, -121,  956, 1136, -122,  153, 153, 153
L 956, 1136, -122,  813, 1136, 37,  153, 153, 153
L 813, 1136, 37,  819, 1126, 37,  153, 153, 153
L 819, 1126, 37,  801, 1118, 37,  153, 153, 153
L 801, 1118, 37,  799, 1096, 37,  153, 153, 153
L 799, 1096, 37,  761, 1096, 37,  153, 153, 153
L 761, 1096, 37,  761, 1089, 37,  153, 153, 153
L 761, 1089, 37,  753, 1086, 37,  153, 153, 153
L 753, 1086, 37,  738, 1086, 37,  153, 153, 153
L 738, 1086, 37,  736, 1110, 37,  153, 153, 153
L 736, 1110, 37,  731, 1111, 37,  153, 153, 153
L 731, 1111, 37,  720, 1118, 37,  153, 153, 153
L 720, 1118, 37,  701, 1126, 37,  153, 153, 153
L 701, 1126, 37,  701, 1100, 37,  153, 153, 153
L 701, 1100, 37,  598, 1096, 37,  153, 153, 153
L 598, 1096, 37,  516, 1178, 37,  153, 153, 153
L 516, 1178, 37,  517, 1280, 37,  153, 153, 153
L 517, 1280, 37,  519, 1283, 37,  153, 153, 153
L 519, 1283, 37,  526, 1281, 37,  153, 153, 153
L 526, 1281, 37,  531, 1278, 37,  153, 153, 153
L 531, 1278, 37,  533, 1260, 37,  153, 153, 153
L 533, 1260, 37,  577, 1261, -62,  153, 153, 153
L 577, 1261, -62,  570, 1191, -362,  153, 153, 153
L 570, 1191, -362,  565, 1192, -362,  153, 153, 153
L 565, 1192, -362,  563, 1252, -362,  153, 153, 153
L 595, 1259, -362,  595, 1259, -362,  153, 153, 153
L 595, 1259, -362,  593, 1192, -362,  153, 153, 153
L 593, 1192, -362,  589, 1192, -362,  153, 153, 153
L 589, 1192, -362,  587, 1266, -62,  153, 153, 153
L 953, 1057, -122,  953, 1057, -122,  153, 153, 153
L 953, 1057, -122,  953, 1021, -122,  153, 153, 153
L -148, 1396, -162,  -148, 1396, -162,  153, 153, 153
L -148, 1396, -162,  -144, 1396, -162,  153, 153, 153
L -144, 1396, -162,  -143, 1407, -162,  153, 153, 153
L -143, 1407, -162,  -149, 1411, -162,  153, 153, 153
L -149, 1411, -162,  -177, 1438, -162,  153, 153, 153
L -177, 1438, -162,  -178, 1441, -162,  153, 153, 153
L -178, 1441, -162,  -190, 1446, -162,  153, 153, 153
L -190, 1446, -162,  -192, 1441, -162,  153, 153, 153
L -192, 1441, -162,  -258, 1441, -162,  153, 153, 153
L -258, 1441, -162,  -258, 1589, -162,  153, 153, 153
L -258, 1589, -162,  -411, 1590, -762,  153, 153, 153
L -411, 1590, -762,  -412, 1481, -762,  153, 153, 153
L -412, 1481, -762,  -458, 1481, -762,  153, 153, 153
L -458, 1481, -762,  -468, 1481, -762,  153, 153, 153
L -468, 1481, -762,  -479, 1486, -762,  153, 153, 153
L -479, 1486, -762,  -483, 1483, -762,  153, 153, 153
L -483, 1483, -762,  -506, 1461, -762,  153, 153, 153
L -506, 1461, -762,  -507, 1447, -762,  153, 153, 153
L -507, 1447, -762,  -502, 1443, -762,  153, 153, 153
L -502, 1443, -762,  -502, 1346, -762,  153, 153, 153
L -502, 1346, -762,  -502, 1345, -762,  153, 153, 153
L -502, 1345, -762,  -501, 1341, -762,  153, 153, 153
L -501, 1341, -762,  -485, 1345, -739,  153, 153, 153
L -485, 1345, -739,  -479, 1346, -716,  153, 153, 153
L -479, 1346, -716,  -147, 1350, -162,  153, 153, 153
L -147, 1350, -162,  -148, 1396, -162,  153, 153, 153
P -1437, 1275, 0, 0, 0, 0, 2, Westwastes
P 1836, -1199, 0, 0, 0, 0, 2, Westwastes
P 1670, 615, 0, 0, 0, 0, 2, Westwastes
P 499, 2086, 0, 255, 255, 255, 2, Succor Point
