P -84.0000, 38.0000, 0.1000,  0, 0, 240,  3,  Karey_(Bar)
P -218.0000, 146.0000, 0.1000,  0, 0, 240,  3,  Mauren_(Tailor)
P -230.0000, 113.0000, 0.1000,  0, 0, 240,  3,  Kyla_(Tailor)
P -814.0000, 228.0000, -19.9989,  0, 0, 240,  3,  Taben_(Spells)
P -812.0000, 181.0000, -19.9989,  0, 0, 240,  3,  Brita_(Spells)
P -771.0000, 189.0000, -19.9989,  0, 0, 240,  3,  Zorik_(Spells)
P -101.0000, 439.0000, 0.1000,  0, 0, 240,  3,  Brimgald_(Smith)
P -78.0000, 440.0000, 0.1000,  0, 0, 240,  3,  Hakon_(Weapons)
P -168.0000, 319.0000, 1.9000,  0, 0, 240,  3,  Gage_(Bank)
P -133.0000, 302.0000, -4.9989,  0, 0, 240,  3,  Brynjar_(Alchemy)
P -134.0000, 287.0000, -4.9989,  0, 0, 240,  3,  Wevil_(Smith)
P -133.0000, 272.0000, -4.9989,  0, 0, 240,  3,  Rexx_(Tailor)
P -134.0000, 257.0000, -4.9989,  0, 0, 240,  3,  Brina_(Pottery)
P 27.0000, 311.0000, -14.9990,  0, 0, 240,  3,  Fogerty_(Bar)
P 28.0000, 329.0000, -14.9990,  0, 0, 240,  3,  Durgan_(Bar)
P 380.0000, -61.0000, 0.1000,  0, 0, 240,  3,  Klarp_(Bar)
P 380.0000, -45.0000, 0.1000,  0, 0, 240,  3,  Bixx_(Bar)
P 406.0000, -119.0000, -4.9989,  0, 0, 240,  3,  Celtir_(Bar)
P 482.0000, 73.0000, 0.1000,  0, 0, 240,  3,  Jeril_(Weapons)
P 495.0000, 36.0000, 0.1000,  0, 0, 240,  3,  Seril_(Weapons)
P 379.0000, 72.0000, 0.1000,  0, 0, 240,  3,  Agar_(Merchant)
P 298.0000, 203.0000, 5.1000,  0, 0, 240,  3,  Argash_(Fletcher)
P 144.0000, 435.0000, 0.1000,  0, 0, 240,  3,  Caitlin_(Armor)
P 134.0000, 435.0000, 0.1000,  0, 0, 240,  3,  Dalgrim_(Armor)
P 112.0000, 421.0000, 0.1000,  0, 0, 240,  3,  Terman_(Armor)
P -543.0000, 211.0000, -19.9989,  0, 0, 240,  3,  Keegan_(Spells)
P -485.0000, 208.0000, -19.9989,  0, 0, 240,  3,  Brigam_(Weapons)
P -552.0000, 396.0000, -24.9989,  0, 0, 240,  3,  Garish_(Armor)
P 9.0000, 332.0000, 0.1000,  0, 0, 240,  3,  Tobart_(Baking)
P -176.0000, 319.0000, 1.9000,  0, 0, 240,  3,  Mort_(Bank)
P -770.0000, 210.0000, -19.9989,  0, 0, 240,  3,  Derrin_(Spells)
P -505.0000, 390.0000, -24.9989,  0, 0, 240,  3,  Frundle_(Potions)
P -452.0000, 395.0000, -24.9989,  0, 0, 240,  3,  Fronden_(Bar)
P -133.0000, 294.0000, -4.9989,  0, 0, 240,  3,  Hulda_(Alchemy)
P -134.0000, 279.0000, -4.9989,  0, 0, 240,  3,  Perkins_(Baking)
P -133.0000, 264.0000, -4.9989,  0, 0, 240,  3,  Betti_(Tailor)
P -134.0000, 249.0000, -4.9989,  0, 0, 240,  3,  Gilthan_(Pottery)
P -219.0000, 114.0000, 0.1000,  0, 0, 240,  3,  Cobi_(Tailor)
P -107.0000, 57.0000, 0.1000,  0, 0, 240,  3,  Adia_(Bar)
P 112.8229, -45.5718, 2.5009,  0, 0, 240,  3,  Nimren_(Smith)
P 311.0000, 56.0000, 0.1000,  0, 0, 240,  3,  Doogle_(Bar)
P 298.0000, 187.0000, 5.1000,  0, 0, 240,  3,  Tavir_(Fletcher)
P 216.0000, 220.0000, 0.1000,  0, 0, 240,  3,  Mordin_(Baking)
P 54.0000, 350.0000, 0.1000,  0, 0, 240,  3,  Meg_(Jewelry)
P 71.0000, 334.0000, 0.1000,  0, 0, 240,  3,  Talem_(Jewelry)
