P -102.2210, 537.4056, 5.6260,  127, 64, 0,  3,  Arena
P 112.2536, 435.3964, 0.1000,  0, 0, 0,  1,  Forge
P 202.5588, 226.5773, 0.1000,  0, 0, 0,  1,  Oven
P 382.1111, -97.4463, -4.9989,  0, 0, 0,  1,  Brew_Barrel
P -168.3020, 260.8482, -4.9989,  0, 0, 0,  1,  Kiln
P -193.3603, 259.5821, -4.9989,  0, 0, 0,  1,  Pottery_Wheel
P 294.3034, 84.4630, 0.1000,  127, 64, 0,  3,  Doogle's_Drinks
P 269.5500, 219.5591, 0.1000,  127, 64, 0,  3,  Argash's_house_of_Carpentry
P 233.8713, 234.8873, 0.1000,  127, 64, 0,  3,  Mordin's_Meats
P -194.2376, 327.6467, 0.1000,  127, 64, 0,  3,  Thurgadin_Exchange
P -121.5965, 11.8104, 0.1000,  127, 64, 0,  3,  The_Icy_Mug
P -242.1302, 154.9384, 0.1000,  127, 64, 0,  3,  Frostbeard's_Furs_&_Leather
P 106.9827, 399.3306, 0.1000,  127, 64, 0,  3,  Underbelly's_Arms
P -97.1128, 399.5398, 0.1000,  127, 64, 0,  3,  The_Scar's_Edge
P 442.3604, -118.7900, -3.4517,  0, 0, 127,  2,  Dardek_Bladewright(War_Pre-Q)
P -4.3662, 354.4542, 0.2082,  127, 64, 0,  3,  The_Broken_Glacier
