L 7, -157, 34,  4, -157, 34,  255, 255, 255
L 4, -157, 34,  2, -155, 24,  255, 255, 255
L 2, -155, 24,  2, -155, 24,  255, 255, 255
L 2, -155, 24,  2, -117, 24,  255, 255, 255
L 2, -117, 24,  -35, -117, 24,  255, 255, 255
L -35, -117, 24,  -37, -115, 24,  255, 255, 255
L -37, -115, 24,  -37, -105, 24,  255, 255, 255
L -18, -157, 34,  -15, -157, 34,  255, 255, 255
L -15, -157, 34,  -13, -155, 24,  255, 255, 255
L -13, -155, 24,  -13, -135, 24,  255, 255, 255
L -13, -135, 24,  -15, -133, 24,  255, 255, 255
L -15, -133, 24,  -53, -133, 24,  255, 255, 255
L -53, -133, 24,  -53, -109, 24,  255, 255, 255
L 7, -157, 34,  7, -175, 34,  255, 255, 255
L 7, -175, 34,  13, -181, 34,  255, 255, 255
L 13, -181, 34,  24, -197, 34,  255, 255, 255
L 24, -197, 34,  28, -197, 34,  255, 255, 255
L 28, -197, 34,  38, -207, 34,  255, 255, 255
L 38, -207, 34,  49, -207, 34,  255, 255, 255
L 49, -207, 34,  68, -216, 34,  255, 255, 255
L 68, -216, 34,  79, -227, 34,  255, 255, 255
L 79, -227, 34,  97, -236, 34,  255, 255, 255
L 97, -236, 34,  97, -245, 34,  255, 255, 255
L 97, -245, 34,  127, -266, 34,  255, 255, 255
L 127, -266, 34,  137, -285, 34,  255, 255, 255
L 137, -285, 34,  133, -288, 34,  255, 255, 255
L 133, -288, 34,  115, -288, 34,  255, 255, 255
L 115, -288, 34,  106, -284, 34,  255, 255, 255
L 106, -284, 34,  103, -288, 34,  255, 255, 255
L 103, -288, 34,  85, -288, 34,  255, 255, 255
L 85, -288, 34,  79, -283, 34,  255, 255, 255
L 79, -283, 34,  73, -288, 34,  255, 255, 255
L 73, -288, 34,  55, -288, 34,  255, 255, 255
L 55, -288, 34,  49, -283, 34,  255, 255, 255
L 49, -283, 34,  43, -288, 34,  255, 255, 255
L 43, -288, 34,  25, -288, 34,  255, 255, 255
L 25, -288, 34,  18, -283, 34,  255, 255, 255
L 18, -283, 34,  13, -288, 34,  255, 255, 255
L 13, -288, 34,  13, -288, 34,  255, 255, 255
L 13, -288, 34,  7, -288, 34,  255, 255, 255
L 7, -288, 34,  8, -311, 34,  255, 255, 255
L 8, -311, 34,  13, -312, 34,  255, 255, 255
L 13, -312, 34,  20, -317, 34,  255, 255, 255
L 20, -317, 34,  25, -312, 34,  255, 255, 255
L 25, -312, 34,  43, -312, 34,  255, 255, 255
L 43, -312, 34,  49, -317, 34,  255, 255, 255
L 49, -317, 34,  55, -312, 34,  255, 255, 255
L 55, -312, 34,  73, -312, 34,  255, 255, 255
L 73, -312, 34,  79, -317, 34,  255, 255, 255
L 79, -317, 34,  85, -312, 34,  255, 255, 255
L 85, -312, 34,  103, -312, 34,  255, 255, 255
L 103, -312, 34,  109, -317, 34,  255, 255, 255
L 109, -317, 34,  115, -312, 34,  255, 255, 255
L 115, -312, 34,  133, -312, 34,  255, 255, 255
L 133, -312, 34,  137, -316, 34,  255, 255, 255
L 137, -316, 34,  147, -335, 34,  255, 255, 255
L 147, -335, 34,  137, -344, 34,  255, 255, 255
L 137, -344, 34,  158, -371, 34,  255, 255, 255
L 158, -371, 34,  197, -396, 24,  255, 255, 255
L 197, -396, 24,  222, -406, 24,  255, 255, 255
L 222, -406, 24,  232, -460, 24,  255, 255, 255
L 232, -460, 24,  217, -499, 24,  255, 255, 255
L 217, -499, 24,  198, -523, 24,  255, 255, 255
L 198, -523, 24,  159, -523, 31,  255, 255, 255
L 159, -523, 31,  141, -523, 34,  255, 255, 255
L 141, -523, 34,  141, -494, 34,  255, 255, 255
L 141, -494, 34,  120, -473, 34,  255, 255, 255
L 120, -473, 34,  88, -473, 34,  255, 255, 255
L 88, -473, 34,  67, -494, 34,  255, 255, 255
L 67, -494, 34,  67, -503, 34,  255, 255, 255
L 67, -503, 34,  11, -503, 34,  255, 255, 255
L 11, -503, 34,  9, -501, 34,  255, 255, 255
L 9, -501, 34,  6, -501, 34,  255, 255, 255
L 6, -501, 34,  6, -486, 34,  255, 255, 255
L 6, -486, 34,  11, -480, 24,  255, 255, 255
L 11, -480, 24,  6, -474, 24,  255, 255, 255
L 6, -474, 24,  6, -456, 24,  255, 255, 255
L 6, -456, 24,  11, -450, 24,  255, 255, 255
L 11, -450, 24,  6, -444, 24,  255, 255, 255
L 6, -444, 24,  6, -426, 24,  255, 255, 255
L 6, -426, 24,  11, -419, 24,  255, 255, 255
L 11, -419, 24,  6, -414, 24,  255, 255, 255
L 6, -414, 24,  6, -396, 24,  255, 255, 255
L 6, -396, 24,  11, -391, 24,  255, 255, 255
L 11, -391, 24,  6, -384, 34,  255, 255, 255
L 6, -384, 34,  6, -366, 34,  255, 255, 255
L 6, -366, 34,  11, -360, 34,  255, 255, 255
L 11, -360, 34,  4, -353, 67,  255, 255, 255
L -18, -157, 34,  -18, -176, 34,  255, 255, 255
L -18, -176, 34,  -23, -181, 34,  255, 255, 255
L -23, -181, 34,  -28, -196, 34,  255, 255, 255
L -28, -196, 34,  -38, -206, 34,  255, 255, 255
L -38, -206, 34,  -58, -216, 34,  255, 255, 255
L -58, -216, 34,  -58, -226, 34,  255, 255, 255
L -58, -226, 34,  -79, -236, 34,  255, 255, 255
L -79, -236, 34,  -89, -247, 34,  255, 255, 255
L -89, -247, 34,  -109, -256, 34,  255, 255, 255
L -109, -256, 34,  -119, -266, 34,  255, 255, 255
L -119, -266, 34,  -139, -276, 34,  255, 255, 255
L -139, -276, 34,  -147, -285, 34,  255, 255, 255
L -147, -285, 34,  -144, -288, 34,  255, 255, 255
L -144, -288, 34,  -126, -288, 34,  255, 255, 255
L -126, -288, 34,  -120, -283, 34,  255, 255, 255
L -120, -283, 34,  -114, -288, 34,  255, 255, 255
L -114, -288, 34,  -96, -288, 34,  255, 255, 255
L -96, -288, 34,  -90, -283, 34,  255, 255, 255
L -90, -283, 34,  -84, -288, 34,  255, 255, 255
L -84, -288, 34,  -66, -288, 34,  255, 255, 255
L -66, -288, 34,  -60, -283, 34,  255, 255, 255
L -60, -283, 34,  -54, -288, 34,  255, 255, 255
L -54, -288, 34,  -36, -288, 34,  255, 255, 255
L -36, -288, 34,  -30, -283, 34,  255, 255, 255
L -30, -283, 34,  -24, -288, 34,  255, 255, 255
L -24, -288, 34,  -18, -288, 34,  255, 255, 255
L -18, -288, 34,  -18, -312, 34,  255, 255, 255
L -18, -312, 34,  -24, -312, 34,  255, 255, 255
L -24, -312, 34,  -30, -317, 34,  255, 255, 255
L -30, -317, 34,  -36, -312, 34,  255, 255, 255
L -36, -312, 34,  -54, -312, 34,  255, 255, 255
L -54, -312, 34,  -60, -317, 34,  255, 255, 255
L -60, -317, 34,  -66, -312, 34,  255, 255, 255
L -66, -312, 34,  -84, -312, 34,  255, 255, 255
L -84, -312, 34,  -90, -317, 34,  255, 255, 255
L -90, -317, 34,  -96, -312, 34,  255, 255, 255
L -96, -312, 34,  -114, -312, 34,  255, 255, 255
L -114, -312, 34,  -120, -317, 34,  255, 255, 255
L -120, -317, 34,  -126, -312, 34,  255, 255, 255
L -126, -312, 34,  -144, -312, 34,  255, 255, 255
L -144, -312, 34,  -148, -315, 34,  255, 255, 255
L -148, -315, 34,  -138, -345, 34,  255, 255, 255
L -138, -345, 34,  -145, -360, 34,  255, 255, 255
L -145, -360, 34,  -137, -366, 34,  255, 255, 255
L -137, -366, 34,  -133, -371, 34,  255, 255, 255
L -133, -371, 34,  -130, -381, 34,  255, 255, 255
L -130, -381, 34,  -132, -390, 24,  255, 255, 255
L -132, -390, 24,  -137, -396, 24,  255, 255, 255
L -137, -396, 24,  -141, -398, 24,  255, 255, 255
L -141, -398, 24,  -154, -399, 24,  255, 255, 255
L -154, -399, 24,  -171, -398, 24,  255, 255, 255
L -171, -398, 24,  -182, -397, 24,  255, 255, 255
L -182, -397, 24,  -185, -395, 24,  255, 255, 255
L -185, -395, 24,  -186, -394, 24,  255, 255, 255
L -186, -394, 24,  -194, -397, 24,  255, 255, 255
L -194, -397, 24,  -238, -426, 24,  255, 255, 255
L -238, -426, 24,  -238, -479, 24,  255, 255, 255
L -238, -479, 24,  -199, -523, 34,  255, 255, 255
L -199, -523, 34,  -152, -523, 34,  255, 255, 255
L -152, -523, 34,  -152, -494, 34,  255, 255, 255
L -152, -494, 34,  -131, -473, 34,  255, 255, 255
L -131, -473, 34,  -99, -473, 34,  255, 255, 255
L -99, -473, 34,  -78, -494, 34,  255, 255, 255
L -78, -494, 34,  -78, -503, 34,  255, 255, 255
L -78, -503, 34,  -22, -503, 34,  255, 255, 255
L -22, -503, 34,  -17, -501, 34,  255, 255, 255
L -17, -501, 34,  -17, -486, 25,  255, 255, 255
L -17, -486, 25,  -22, -480, 24,  255, 255, 255
L -22, -480, 24,  -17, -474, 24,  255, 255, 255
L -17, -474, 24,  -17, -456, 24,  255, 255, 255
L -17, -456, 24,  -22, -450, 24,  255, 255, 255
L -22, -450, 24,  -17, -444, 24,  255, 255, 255
L -17, -444, 24,  -17, -426, 24,  255, 255, 255
L -17, -426, 24,  -22, -420, 24,  255, 255, 255
L -22, -420, 24,  -17, -414, 24,  255, 255, 255
L -17, -414, 24,  -17, -396, 24,  255, 255, 255
L -17, -396, 24,  -22, -390, 24,  255, 255, 255
L -22, -390, 24,  -17, -384, 34,  255, 255, 255
L -17, -384, 34,  -17, -366, 34,  255, 255, 255
L -17, -366, 34,  -22, -360, 34,  255, 255, 255
L -22, -360, 34,  -16, -353, 61,  255, 255, 255
L -8, -360, 84,  -9, -505, 84,  153, 0, 0
L -2, -360, 84,  -1, -505, 84,  153, 0, 0
L -13, -512, 84,  -13, -513, 84,  255, 255, 255
L -13, -513, 84,  -9, -513, 84,  255, 255, 255
L -9, -513, 84,  -8, -545, 84,  255, 255, 255
L -8, -545, 84,  -10, -547, 84,  255, 255, 255
L -10, -547, 84,  -74, -547, 84,  255, 255, 255
L -74, -547, 84,  -78, -550, 91,  255, 255, 255
L -78, -550, 91,  -79, -552, 90,  255, 255, 255
L -79, -552, 90,  -86, -552, 88,  255, 255, 255
L -86, -552, 88,  -199, -552, 88,  255, 255, 255
L -199, -552, 88,  -203, -556, 90,  255, 255, 255
L -203, -556, 90,  -205, -557, 84,  255, 255, 255
L -205, -557, 84,  -240, -557, 183,  255, 255, 255
L -240, -557, 183,  -252, -545, 184,  255, 255, 255
L -252, -545, 184,  -252, -315, 184,  255, 255, 255
L -252, -315, 184,  -240, -303, 184,  255, 255, 255
L -240, -303, 184,  -150, -303, 184,  255, 255, 255
L -150, -303, 184,  139, -303, 184,  153, 0, 0
L 139, -303, 184,  239, -303, 184,  255, 255, 255
L 239, -303, 184,  251, -315, 184,  255, 255, 255
L 251, -315, 184,  251, -545, 184,  255, 255, 255
L 251, -545, 184,  239, -557, 184,  255, 255, 255
L 239, -557, 184,  204, -557, 84,  255, 255, 255
L 204, -557, 84,  202, -555, 91,  255, 255, 255
L 202, -555, 91,  198, -552, 90,  255, 255, 255
L 198, -552, 90,  75, -552, 84,  255, 255, 255
L 75, -552, 84,  68, -552, 90,  255, 255, 255
L 68, -552, 90,  67, -550, 90,  255, 255, 255
L 67, -550, 90,  63, -547, 89,  255, 255, 255
L 63, -547, 89,  3, -547, 89,  255, 255, 255
L 3, -547, 89,  0, -547, 84,  255, 255, 255
L 0, -547, 84,  -2, -545, 84,  255, 255, 255
L -2, -545, 84,  -2, -515, 84,  255, 255, 255
L -2, -515, 84,  0, -513, 84,  255, 255, 255
L 0, -513, 84,  2, -513, 84,  255, 255, 255
L 2, -513, 84,  2, -512, 84,  255, 255, 255
L 67, -584, 91,  67, -576, 88,  255, 255, 255
L 67, -576, 88,  67, -569, 90,  255, 255, 255
L 67, -569, 90,  68, -568, 91,  255, 255, 255
L 68, -568, 91,  75, -568, 84,  255, 255, 255
L 75, -568, 84,  198, -568, 89,  255, 255, 255
L 198, -568, 89,  202, -564, 91,  255, 255, 255
L 202, -564, 91,  203, -563, 84,  255, 255, 255
L 203, -563, 84,  238, -563, 179,  255, 255, 255
L 238, -563, 179,  257, -544, 184,  255, 255, 255
L 257, -544, 184,  257, -316, 184,  255, 255, 255
L 257, -316, 184,  238, -297, 184,  255, 255, 255
L 238, -297, 184,  139, -297, 184,  255, 255, 255
L 139, -297, 184,  -150, -297, 184,  153, 0, 0
L -150, -297, 184,  -239, -297, 184,  255, 255, 255
L -239, -297, 184,  -258, -316, 184,  255, 255, 255
L -258, -316, 184,  -258, -544, 184,  255, 255, 255
L -258, -544, 184,  -239, -563, 179,  255, 255, 255
L -239, -563, 179,  -205, -563, 84,  255, 255, 255
L -205, -563, 84,  -203, -564, 92,  255, 255, 255
L -203, -564, 92,  -199, -568, 88,  255, 255, 255
L -199, -568, 88,  -86, -568, 90,  255, 255, 255
L -86, -568, 90,  -79, -568, 89,  255, 255, 255
L -79, -568, 89,  -78, -569, 91,  255, 255, 255
L -78, -569, 91,  -78, -576, 88,  255, 255, 255
L -78, -576, 88,  -78, -596, 84,  255, 255, 255
L -78, -596, 84,  -80, -598, 84,  255, 255, 255
L -80, -598, 84,  -86, -597, 84,  255, 255, 255
L -86, -597, 84,  -103, -601, 84,  255, 255, 255
L -103, -601, 84,  -104, -603, 84,  255, 255, 255
L -104, -603, 84,  -111, -602, 84,  255, 255, 255
L -111, -602, 84,  -112, -602, 84,  255, 255, 255
L -112, -602, 84,  -130, -602, 134,  255, 255, 255
L -130, -602, 134,  -132, -600, 144,  255, 255, 255
L -132, -600, 144,  -132, -590, 184,  255, 255, 255
L -132, -590, 184,  -130, -588, 194,  255, 255, 255
L -130, -588, 194,  -92, -588, 384,  255, 255, 255
L -92, -588, 384,  -62, -588, 384,  102, 102, 102
L -62, -588, 384,  -60, -587, 384,  102, 102, 102
L -60, -587, 384,  -60, -587, 384,  102, 102, 102
L -60, -587, 384,  -55, -587, 384,  102, 102, 102
L -55, -587, 384,  -53, -589, 384,  102, 102, 102
L -53, -589, 384,  -53, -621, 384,  102, 102, 102
L -53, -621, 384,  -55, -623, 384,  102, 102, 102
L -55, -623, 384,  -60, -623, 384,  102, 102, 102
L -60, -623, 384,  -62, -622, 384,  102, 102, 102
L -62, -622, 384,  -110, -622, 484,  102, 102, 102
L -110, -622, 484,  -112, -620, 484,  102, 102, 102
L -112, -620, 484,  -112, -610, 534,  102, 102, 102
L -112, -610, 534,  -110, -608, 534,  102, 102, 102
L -110, -608, 534,  -77, -608, 634,  102, 102, 102
L -77, -608, 634,  -75, -607, 634,  102, 102, 102
L -75, -607, 634,  -70, -607, 634,  102, 102, 102
L -70, -607, 634,  -68, -608, 634,  102, 102, 102
L -68, -608, 634,  -60, -608, 634,  0, 153, 153
L -60, -608, 634,  -58, -610, 634,  0, 153, 153
L -58, -610, 634,  -58, -654, 644,  0, 153, 153
L -58, -654, 644,  -55, -658, 647,  0, 153, 153
L -55, -658, 647,  -30, -658, 634,  0, 153, 153
L -30, -658, 634,  -28, -660, 644,  0, 153, 153
L -28, -660, 644,  -28, -669, 644,  0, 153, 153
L -28, -669, 644,  -29, -671, 634,  0, 153, 153
L -29, -671, 634,  -31, -673, 634,  0, 153, 153
L -31, -673, 634,  -34, -673, 634,  0, 153, 153
L -34, -673, 634,  -36, -671, 634,  0, 153, 153
L -36, -671, 634,  -64, -671, 634,  0, 153, 153
L -64, -671, 634,  -71, -672, 634,  0, 153, 153
L -71, -672, 634,  -72, -666, 634,  0, 153, 153
L -72, -666, 634,  -72, -654, 634,  0, 153, 153
L -72, -654, 634,  -74, -652, 634,  0, 153, 153
L -74, -652, 634,  -92, -652, 634,  0, 153, 153
L -92, -652, 634,  -98, -652, 634,  0, 153, 153
L -98, -652, 634,  -116, -652, 634,  0, 153, 153
L -116, -652, 634,  -118, -654, 634,  0, 153, 153
L -118, -654, 634,  -118, -672, 634,  0, 153, 153
L -118, -672, 634,  -118, -678, 634,  0, 153, 153
L -118, -678, 634,  -118, -696, 634,  0, 153, 153
L -118, -696, 634,  -116, -698, 634,  0, 153, 153
L -116, -698, 634,  -98, -698, 634,  0, 153, 153
L -98, -698, 634,  -92, -698, 634,  0, 153, 153
L -92, -698, 634,  -74, -698, 634,  0, 153, 153
L -74, -698, 634,  -72, -696, 634,  0, 153, 153
L -72, -696, 634,  -72, -684, 634,  0, 153, 153
L -72, -684, 634,  -71, -678, 634,  0, 153, 153
L -71, -678, 634,  -64, -678, 634,  0, 153, 153
L -64, -678, 634,  -36, -678, 634,  0, 153, 153
L -36, -678, 634,  -29, -678, 634,  0, 153, 153
L -29, -678, 634,  -19, -688, 637,  0, 153, 153
L -19, -688, 637,  -18, -696, 694,  0, 153, 153
L -18, -696, 694,  -18, -704, 694,  0, 153, 153
L -18, -704, 694,  -14, -708, 694,  0, 153, 153
L -14, -708, 694,  -10, -708, 694,  0, 153, 153
L -10, -708, 694,  -8, -710, 694,  0, 153, 153
L -8, -710, 694,  -8, -739, 634,  0, 153, 153
L -8, -739, 634,  -8, -745, 634,  0, 153, 153
L -8, -745, 634,  -18, -747, 634,  0, 153, 153
L -18, -747, 634,  -23, -751, 634,  0, 153, 153
L -23, -751, 634,  -23, -779, 634,  0, 153, 153
L -23, -779, 634,  -19, -783, 634,  0, 153, 153
L -19, -783, 634,  8, -783, 634,  0, 153, 153
L 8, -783, 634,  12, -777, 634,  0, 153, 153
L 12, -777, 634,  12, -751, 634,  0, 153, 153
L 12, -751, 634,  8, -747, 634,  0, 153, 153
L 8, -747, 634,  -2, -745, 634,  0, 153, 153
L -2, -745, 634,  -2, -739, 634,  0, 153, 153
L -2, -739, 634,  -2, -710, 694,  0, 153, 153
L -2, -710, 694,  -2, -710, 694,  0, 153, 153
L -2, -710, 694,  3, -708, 694,  0, 153, 153
L 3, -708, 694,  7, -704, 694,  0, 153, 153
L 7, -704, 694,  7, -696, 694,  0, 153, 153
L 7, -696, 694,  8, -688, 639,  0, 153, 153
L 8, -688, 639,  17, -680, 643,  0, 153, 153
L 17, -680, 643,  18, -678, 634,  0, 153, 153
L 18, -678, 634,  25, -678, 634,  0, 153, 153
L 25, -678, 634,  53, -678, 634,  0, 153, 153
L 53, -678, 634,  60, -678, 634,  0, 153, 153
L 60, -678, 634,  61, -680, 634,  0, 153, 153
L 61, -680, 634,  61, -688, 634,  0, 153, 153
L 61, -688, 634,  83, -688, 634,  0, 153, 153
L 83, -688, 634,  87, -684, 634,  0, 153, 153
L 87, -684, 634,  87, -662, 634,  0, 153, 153
L 87, -662, 634,  61, -662, 634,  0, 153, 153
L 61, -662, 634,  61, -670, 634,  0, 153, 153
L 61, -670, 634,  60, -671, 634,  0, 153, 153
L 60, -671, 634,  53, -671, 634,  0, 153, 153
L 53, -671, 634,  25, -671, 634,  0, 153, 153
L 25, -671, 634,  18, -671, 634,  0, 153, 153
L 18, -671, 634,  17, -660, 644,  0, 153, 153
L 17, -660, 644,  19, -658, 634,  0, 153, 153
L 19, -658, 634,  44, -658, 648,  0, 153, 153
L 44, -658, 648,  47, -654, 642,  0, 153, 153
L 47, -654, 642,  47, -610, 634,  0, 153, 153
L 47, -610, 634,  49, -608, 634,  0, 153, 153
L 49, -608, 634,  57, -608, 634,  0, 153, 153
L 57, -608, 634,  59, -607, 634,  102, 102, 102
L 59, -607, 634,  64, -607, 634,  102, 102, 102
L 64, -607, 634,  66, -608, 634,  102, 102, 102
L 66, -608, 634,  107, -608, 534,  102, 102, 102
L 107, -608, 534,  107, -582, 484,  102, 102, 102
L 107, -582, 484,  51, -582, 384,  102, 102, 102
L 51, -582, 384,  42, -569, 394,  102, 102, 102
L 42, -569, 394,  34, -562, 394,  102, 102, 102
L 34, -562, 394,  -45, -562, 394,  102, 102, 102
L -45, -562, 394,  -53, -569, 394,  102, 102, 102
L -53, -569, 394,  -53, -581, 384,  102, 102, 102
L -53, -581, 384,  -55, -583, 384,  102, 102, 102
L -55, -583, 384,  -60, -583, 384,  102, 102, 102
L -60, -583, 384,  -62, -582, 384,  102, 102, 102
L -62, -582, 384,  -138, -582, 184,  255, 255, 255
L -138, -582, 184,  -138, -608, 134,  255, 255, 255
L -138, -608, 134,  -112, -608, 84,  255, 255, 255
L -112, -608, 84,  -110, -607, 84,  255, 255, 255
L -110, -607, 84,  -105, -607, 84,  255, 255, 255
L -105, -607, 84,  -103, -608, 84,  255, 255, 255
L -103, -608, 84,  -86, -612, 84,  255, 255, 255
L -86, -612, 84,  -80, -612, 84,  255, 255, 255
L -80, -612, 84,  -78, -614, 84,  255, 255, 255
L -78, -614, 84,  -78, -619, 84,  255, 255, 255
L -78, -619, 84,  -78, -625, 91,  255, 255, 255
L -78, -625, 91,  -78, -659, 91,  255, 255, 255
L -78, -659, 91,  -74, -663, 87,  255, 255, 255
L -74, -663, 87,  -21, -663, 84,  255, 255, 255
L -21, -663, 84,  -14, -663, 91,  255, 255, 255
L -14, -663, 91,  -13, -665, 84,  255, 255, 255
L -13, -665, 84,  -13, -690, 84,  255, 255, 255
L -13, -690, 84,  -15, -692, 84,  255, 255, 255
L -15, -692, 84,  -33, -692, 84,  255, 255, 255
L -33, -692, 84,  -33, -735, 84,  255, 255, 255
L -33, -735, 84,  -35, -737, 94,  255, 255, 255
L -35, -737, 94,  -43, -744, 94,  255, 255, 255
L -43, -744, 94,  -43, -746, 84,  255, 255, 255
L -43, -746, 84,  -45, -748, 84,  255, 255, 255
L -45, -748, 84,  -60, -747, 83,  255, 255, 255
L -60, -747, 83,  -80, -747, -15,  255, 0, 255
L -80, -747, -15,  -82, -744, -25,  255, 0, 255
L -82, -744, -25,  -82, -715, -165,  255, 0, 255
L -82, -715, -165,  -80, -713, -165,  255, 0, 255
L -80, -713, -165,  -59, -713, -265,  255, 0, 255
L -59, -713, -265,  -58, -715, -265,  255, 0, 255
L -58, -715, -265,  -58, -725, -315,  255, 0, 255
L -58, -725, -315,  -60, -727, -315,  255, 0, 255
L -60, -727, -315,  -154, -727, -365,  255, 0, 255
L -154, -727, -365,  -156, -728, -365,  255, 0, 255
L -156, -728, -365,  -166, -726, -369,  255, 0, 255
L -166, -726, -369,  -175, -727, -415,  255, 0, 255
L -175, -727, -415,  -177, -725, -415,  255, 0, 255
L -177, -725, -415,  -177, -716, -415,  255, 0, 255
L -177, -716, -415,  -186, -707, -415,  255, 0, 255
L -186, -707, -415,  -274, -707, -415,  255, 0, 255
L -274, -707, -415,  -283, -716, -415,  255, 0, 255
L -283, -716, -415,  -288, -717, -415,  255, 0, 255
L -288, -717, -415,  -288, -743, -415,  255, 0, 255
L -288, -743, -415,  -284, -743, -415,  255, 0, 255
L -284, -743, -415,  -274, -753, -415,  255, 0, 255
L -274, -753, -415,  -186, -753, -415,  255, 0, 255
L -186, -753, -415,  -177, -744, -415,  255, 0, 255
L -177, -744, -415,  -177, -735, -415,  255, 0, 255
L -177, -735, -415,  -175, -733, -415,  255, 0, 255
L -175, -733, -415,  -166, -733, -369,  255, 0, 255
L -166, -733, -369,  -154, -733, -365,  255, 0, 255
L -154, -733, -365,  -52, -733, -315,  255, 0, 255
L -52, -733, -315,  -52, -707, -265,  255, 0, 255
L -52, -707, -265,  -88, -707, -165,  255, 0, 255
L -88, -707, -165,  -88, -753, -15,  255, 0, 255
L -88, -753, -15,  -60, -753, 84,  255, 0, 255
L -60, -753, 84,  -52, -753, 84,  255, 255, 255
L -52, -753, 84,  -50, -752, 84,  255, 255, 255
L -50, -752, 84,  -45, -752, 84,  255, 255, 255
L -45, -752, 84,  -43, -755, 94,  255, 255, 255
L -43, -755, 94,  -36, -763, 94,  255, 255, 255
L -36, -763, 94,  -33, -765, 84,  255, 255, 255
L -33, -765, 84,  -33, -784, -9,  255, 255, 255
L -33, -784, -9,  -33, -795, -15,  255, 255, 255
L -33, -795, -15,  -35, -797, -15,  255, 255, 255
L -35, -797, -15,  -73, -796, 186,  255, 255, 255
L -73, -796, 186,  -73, -893, 184,  255, 255, 255
L -73, -893, 184,  -35, -893, -15,  255, 255, 255
L -35, -893, -15,  -33, -894, -15,  255, 255, 255
L -33, -894, -15,  -23, -903, -15,  255, 255, 255
L -23, -903, -15,  11, -903, -15,  255, 255, 255
L 11, -903, -15,  22, -895, -15,  255, 255, 255
L 22, -895, -15,  22, -895, -15,  255, 255, 255
L 22, -895, -15,  24, -893, -15,  255, 255, 255
L 24, -893, -15,  62, -893, 187,  255, 255, 255
L 62, -893, 187,  62, -796, 184,  255, 255, 255
L 62, -796, 184,  24, -797, -15,  255, 255, 255
L 24, -797, -15,  22, -796, -15,  255, 255, 255
L 22, -796, -15,  22, -784, -9,  255, 255, 255
L 22, -784, -9,  22, -765, 84,  255, 255, 255
L 22, -765, 84,  24, -763, 94,  255, 255, 255
L 24, -763, 94,  32, -755, 94,  255, 255, 255
L 32, -755, 94,  34, -752, 84,  255, 255, 255
L 35, -748, 84,  32, -744, 94,  255, 255, 255
L 32, -744, 94,  25, -737, 94,  255, 255, 255
L 25, -737, 94,  22, -735, 84,  255, 255, 255
L 22, -735, 84,  22, -692, 84,  255, 255, 255
L 22, -692, 84,  4, -692, 84,  255, 255, 255
L 4, -692, 84,  2, -690, 84,  255, 255, 255
L 2, -690, 84,  2, -665, 84,  255, 255, 255
L 2, -665, 84,  3, -663, 86,  255, 255, 255
L 3, -663, 86,  10, -663, 90,  255, 255, 255
L 10, -663, 90,  18, -663, 89,  255, 255, 255
L 18, -663, 89,  30, -663, 84,  255, 255, 255
L 30, -663, 84,  38, -663, 88,  255, 255, 255
L 38, -663, 88,  63, -663, 84,  255, 255, 255
L 63, -663, 84,  67, -659, 89,  255, 255, 255
L 67, -659, 89,  67, -641, 84,  255, 255, 255
L 67, -641, 84,  67, -619, 84,  255, 255, 255
L 67, -619, 84,  67, -614, 84,  255, 255, 255
L 67, -614, 84,  69, -612, 84,  255, 255, 255
L 69, -612, 84,  75, -612, 84,  255, 255, 255
L 75, -612, 84,  92, -608, 84,  255, 255, 255
L 92, -608, 84,  94, -607, 84,  255, 255, 255
L 94, -607, 84,  99, -607, 84,  255, 255, 255
L 99, -607, 84,  101, -608, 84,  255, 255, 255
L 101, -608, 84,  119, -608, 134,  255, 255, 255
L 119, -608, 134,  121, -610, 144,  255, 255, 255
L 121, -610, 144,  121, -620, 184,  255, 255, 255
L 121, -620, 184,  119, -622, 194,  255, 255, 255
L 119, -622, 194,  81, -622, 384,  255, 255, 255
L 81, -622, 384,  51, -622, 384,  102, 102, 102
L 51, -622, 384,  49, -623, 384,  102, 102, 102
L 49, -623, 384,  43, -623, 384,  102, 102, 102
L 43, -623, 384,  42, -621, 384,  102, 102, 102
L 42, -621, 384,  42, -609, 394,  102, 102, 102
L 42, -609, 394,  42, -600, 394,  102, 102, 102
L 42, -600, 394,  42, -589, 384,  102, 102, 102
L 42, -589, 384,  44, -587, 384,  102, 102, 102
L 44, -587, 384,  49, -587, 384,  102, 102, 102
L 49, -587, 384,  51, -588, 384,  102, 102, 102
L 51, -588, 384,  99, -588, 484,  102, 102, 102
L 99, -588, 484,  101, -590, 484,  102, 102, 102
L 101, -590, 484,  101, -600, 533,  102, 102, 102
L 101, -600, 533,  101, -600, 533,  102, 102, 102
L 101, -600, 533,  99, -602, 534,  102, 102, 102
L 99, -602, 534,  79, -602, 634,  102, 102, 102
L 79, -602, 634,  66, -602, 634,  0, 153, 153
L 66, -602, 634,  64, -603, 634,  0, 153, 153
L 64, -603, 634,  59, -603, 634,  0, 153, 153
L 59, -603, 634,  57, -602, 634,  0, 153, 153
L 57, -602, 634,  49, -602, 634,  0, 153, 153
L 49, -602, 634,  47, -600, 634,  0, 153, 153
L 47, -600, 634,  47, -557, 646,  0, 153, 153
L 47, -557, 646,  47, -552, 634,  0, 153, 153
L 47, -552, 634,  29, -552, 634,  0, 153, 153
L 29, -552, 634,  27, -550, 654,  0, 153, 153
L 27, -550, 654,  27, -541, 669,  0, 153, 153
L 27, -541, 669,  18, -532, 674,  0, 153, 153
L 18, -532, 674,  -29, -532, 674,  0, 153, 153
L -29, -532, 674,  -38, -541, 669,  0, 153, 153
L -38, -541, 669,  -38, -550, 654,  0, 153, 153
L -38, -550, 654,  -40, -552, 634,  0, 153, 153
L -40, -552, 634,  -54, -552, 648,  0, 153, 153
L -54, -552, 648,  -58, -555, 649,  0, 153, 153
L -58, -555, 649,  -58, -600, 634,  0, 153, 153
L -58, -600, 634,  -60, -602, 634,  0, 153, 153
L -60, -602, 634,  -68, -602, 634,  0, 153, 153
L -68, -602, 634,  -70, -603, 634,  0, 153, 153
L -70, -603, 634,  -75, -603, 634,  0, 153, 153
L -75, -603, 634,  -77, -602, 634,  0, 153, 153
L -77, -602, 634,  -90, -602, 632,  0, 153, 153
L -90, -602, 632,  -118, -602, 534,  0, 153, 153
L -118, -602, 534,  -118, -628, 484,  102, 102, 102
L -118, -628, 484,  -62, -628, 384,  102, 102, 102
L -62, -628, 384,  -60, -627, 384,  102, 102, 102
L -60, -627, 384,  -55, -627, 384,  102, 102, 102
L -55, -627, 384,  -53, -629, 384,  102, 102, 102
L -53, -629, 384,  -53, -640, 394,  102, 102, 102
L -53, -640, 394,  -45, -648, 394,  102, 102, 102
L -45, -648, 394,  -40, -648, 384,  102, 102, 102
L -40, -648, 384,  -38, -650, 384,  102, 102, 102
L -38, -650, 384,  -38, -675, 384,  102, 102, 102
L -38, -675, 384,  -40, -677, 384,  102, 102, 102
L -40, -677, 384,  -43, -677, 384,  102, 102, 102
L -43, -677, 384,  -45, -678, 384,  102, 102, 102
L -45, -678, 384,  -50, -678, 384,  102, 102, 102
L -50, -678, 384,  -52, -677, 384,  102, 102, 102
L -52, -677, 384,  -61, -677, 384,  102, 102, 102
L -61, -677, 384,  -63, -675, 384,  102, 102, 102
L -63, -675, 384,  -63, -673, 384,  102, 102, 102
L -63, -673, 384,  -61, -668, 384,  102, 102, 102
L -61, -668, 384,  -57, -668, 384,  102, 102, 102
L -57, -668, 384,  -57, -652, 404,  102, 102, 102
L -57, -652, 404,  -71, -652, 384,  102, 102, 102
L -71, -652, 384,  -73, -659, 384,  102, 102, 102
L -73, -659, 384,  -73, -664, 384,  102, 102, 102
L -73, -664, 384,  -69, -668, 384,  102, 102, 102
L -69, -668, 384,  -67, -673, 384,  102, 102, 102
L -67, -673, 384,  -69, -677, 384,  102, 102, 102
L -69, -677, 384,  -86, -677, 384,  102, 102, 102
L -86, -677, 384,  -88, -675, 384,  102, 102, 102
L -88, -675, 384,  -88, -673, 384,  102, 102, 102
L -88, -673, 384,  -86, -668, 384,  102, 102, 102
L -86, -668, 384,  -82, -668, 384,  102, 102, 102
L -82, -668, 384,  -82, -652, 404,  102, 102, 102
L -82, -652, 404,  -96, -652, 384,  102, 102, 102
L -96, -652, 384,  -98, -659, 384,  102, 102, 102
L -98, -659, 384,  -98, -665, 384,  102, 102, 102
L -98, -665, 384,  -94, -668, 384,  102, 102, 102
L -94, -668, 384,  -92, -673, 384,  102, 102, 102
L -92, -673, 384,  -92, -673, 384,  102, 102, 102
L -92, -673, 384,  -92, -674, 384,  102, 102, 102
L -92, -674, 384,  -94, -677, 384,  102, 102, 102
L -94, -677, 384,  -111, -677, 384,  102, 102, 102
L -111, -677, 384,  -113, -674, 384,  102, 102, 102
L -113, -674, 384,  -113, -673, 384,  102, 102, 102
L -113, -673, 384,  -111, -668, 384,  102, 102, 102
L -111, -668, 384,  -107, -668, 384,  102, 102, 102
L -107, -668, 384,  -107, -652, 404,  102, 102, 102
L -107, -652, 404,  -121, -652, 384,  102, 102, 102
L -121, -652, 384,  -123, -659, 384,  102, 102, 102
L -123, -659, 384,  -123, -665, 384,  102, 102, 102
L -123, -665, 384,  -119, -668, 384,  102, 102, 102
L -119, -668, 384,  -117, -672, 384,  102, 102, 102
L -117, -672, 384,  -117, -675, 384,  102, 102, 102
L -117, -675, 384,  -119, -677, 384,  102, 102, 102
L -119, -677, 384,  -123, -677, 384,  102, 102, 102
L -123, -677, 384,  -123, -683, 384,  102, 102, 102
L -123, -683, 384,  -119, -683, 384,  102, 102, 102
L -119, -683, 384,  -117, -685, 384,  102, 102, 102
L -117, -685, 384,  -117, -687, 384,  102, 102, 102
L -117, -687, 384,  -119, -692, 384,  102, 102, 102
L -119, -692, 384,  -119, -692, 384,  102, 102, 102
L -119, -692, 384,  -123, -696, 384,  102, 102, 102
L -123, -696, 384,  -123, -701, 384,  102, 102, 102
L -123, -701, 384,  -121, -708, 384,  102, 102, 102
L -121, -708, 384,  -107, -708, 404,  102, 102, 102
L -107, -708, 404,  -107, -692, 384,  102, 102, 102
L -107, -692, 384,  -111, -692, 384,  102, 102, 102
L -111, -692, 384,  -113, -687, 384,  102, 102, 102
L -113, -687, 384,  -113, -684, 384,  102, 102, 102
L -113, -684, 384,  -111, -683, 384,  102, 102, 102
L -111, -683, 384,  -94, -683, 384,  102, 102, 102
L -94, -683, 384,  -92, -685, 384,  102, 102, 102
L -92, -685, 384,  -92, -687, 384,  102, 102, 102
L -92, -687, 384,  -94, -692, 384,  102, 102, 102
L -94, -692, 384,  -95, -692, 384,  102, 102, 102
L -95, -692, 384,  -98, -696, 384,  102, 102, 102
L -98, -696, 384,  -98, -701, 384,  102, 102, 102
L -98, -701, 384,  -96, -708, 384,  102, 102, 102
L -96, -708, 384,  -82, -708, 404,  102, 102, 102
L -82, -708, 404,  -82, -692, 384,  102, 102, 102
L -82, -692, 384,  -86, -692, 384,  102, 102, 102
L -86, -692, 384,  -88, -687, 384,  102, 102, 102
L -88, -687, 384,  -88, -685, 384,  102, 102, 102
L -88, -685, 384,  -86, -683, 384,  102, 102, 102
L -86, -683, 384,  -69, -683, 384,  102, 102, 102
L -69, -683, 384,  -67, -685, 384,  102, 102, 102
L -67, -685, 384,  -67, -687, 384,  102, 102, 102
L -67, -687, 384,  -69, -692, 384,  102, 102, 102
L -69, -692, 384,  -70, -692, 384,  102, 102, 102
L -70, -692, 384,  -73, -695, 384,  102, 102, 102
L -73, -695, 384,  -73, -701, 384,  102, 102, 102
L -73, -701, 384,  -71, -708, 384,  102, 102, 102
L -71, -708, 384,  -57, -708, 404,  102, 102, 102
L -57, -708, 404,  -57, -692, 384,  102, 102, 102
L -57, -692, 384,  -61, -692, 384,  102, 102, 102
L -61, -692, 384,  -63, -687, 384,  102, 102, 102
L -63, -687, 384,  -63, -685, 384,  102, 102, 102
L -63, -685, 384,  -61, -683, 384,  102, 102, 102
L -61, -683, 384,  -52, -683, 384,  102, 102, 102
L -52, -683, 384,  -50, -682, 384,  102, 102, 102
L -50, -682, 384,  -45, -682, 384,  102, 102, 102
L -45, -682, 384,  -45, -682, 384,  102, 102, 102
L -45, -682, 384,  -45, -682, 384,  102, 102, 102
L -45, -682, 384,  -43, -683, 384,  102, 102, 102
L -43, -683, 384,  -40, -683, 384,  102, 102, 102
L -40, -683, 384,  -39, -683, 384,  102, 102, 102
L -39, -683, 384,  -38, -685, 384,  102, 102, 102
L -38, -685, 384,  -38, -711, 384,  102, 102, 102
L -38, -711, 384,  -38, -715, 425,  102, 102, 102
L -38, -715, 425,  -35, -718, 432,  102, 102, 102
L -35, -718, 432,  -15, -718, 384,  102, 102, 102
L -15, -718, 384,  -13, -720, 384,  102, 102, 102
L -13, -720, 384,  -13, -723, 384,  102, 102, 102
L -13, -723, 384,  -12, -724, 384,  102, 102, 102
L -12, -724, 384,  -12, -730, 384,  102, 102, 102
L -12, -730, 384,  -12, -730, 384,  102, 102, 102
L -12, -730, 384,  -13, -731, 384,  102, 102, 102
L -13, -731, 384,  -13, -735, 384,  102, 102, 102
L -13, -735, 384,  -15, -737, 384,  102, 102, 102
L -15, -737, 384,  -18, -737, 384,  102, 102, 102
L -18, -737, 384,  -18, -753, 384,  102, 102, 102
L -18, -753, 384,  -18, -753, 384,  102, 102, 102
L -18, -753, 384,  -10, -753, 384,  102, 102, 102
L -10, -753, 384,  -8, -755, 384,  102, 102, 102
L -8, -755, 384,  -8, -758, 384,  102, 102, 102
L -8, -758, 384,  -7, -760, 384,  102, 102, 102
L -7, -760, 384,  -7, -762, 384,  102, 102, 102
L -7, -762, 384,  -8, -766, 384,  102, 102, 102
L -8, -766, 384,  -13, -767, 411,  102, 102, 102
L -13, -767, 411,  -13, -783, 423,  102, 102, 102
L -13, -783, 423,  2, -783, 424,  102, 102, 102
L 2, -783, 424,  2, -767, 384,  102, 102, 102
L 2, -767, 384,  -1, -767, 384,  102, 102, 102
L -1, -767, 384,  -1, -767, 384,  102, 102, 102
L -1, -767, 384,  -3, -762, 384,  102, 102, 102
L -3, -762, 384,  -3, -762, 384,  102, 102, 102
L -3, -762, 384,  -3, -759, 384,  102, 102, 102
L -3, -759, 384,  -2, -758, 384,  102, 102, 102
L -2, -758, 384,  -2, -754, 384,  102, 102, 102
L -2, -754, 384,  0, -753, 384,  102, 102, 102
L 0, -753, 384,  9, -753, 384,  102, 102, 102
L 9, -753, 384,  11, -755, 384,  102, 102, 102
L 11, -755, 384,  11, -763, 384,  102, 102, 102
L 11, -763, 384,  87, -763, 384,  102, 102, 102
L 87, -763, 384,  87, -727, 384,  102, 102, 102
L 87, -727, 384,  11, -727, 384,  102, 102, 102
L 11, -727, 384,  11, -735, 384,  102, 102, 102
L 11, -735, 384,  9, -737, 384,  102, 102, 102
L 9, -737, 384,  4, -737, 384,  102, 102, 102
L 4, -737, 384,  2, -735, 384,  102, 102, 102
L 2, -735, 384,  2, -731, 384,  102, 102, 102
L 2, -731, 384,  1, -730, 384,  102, 102, 102
L 1, -730, 384,  1, -724, 384,  102, 102, 102
L 1, -724, 384,  2, -723, 384,  102, 102, 102
L 2, -723, 384,  2, -719, 384,  102, 102, 102
L 2, -719, 384,  4, -718, 384,  102, 102, 102
L 4, -718, 384,  20, -718, 384,  102, 102, 102
L 20, -718, 384,  27, -711, 384,  102, 102, 102
L 27, -711, 384,  27, -684, 384,  102, 102, 102
L 27, -684, 384,  29, -683, 384,  102, 102, 102
L 29, -683, 384,  32, -683, 384,  102, 102, 102
L 32, -683, 384,  34, -682, 384,  102, 102, 102
L 34, -682, 384,  39, -682, 384,  102, 102, 102
L 39, -682, 384,  41, -683, 384,  102, 102, 102
L 41, -683, 384,  50, -683, 384,  102, 102, 102
L 50, -683, 384,  52, -684, 384,  102, 102, 102
L 52, -684, 384,  52, -687, 384,  102, 102, 102
L 52, -687, 384,  50, -692, 384,  102, 102, 102
L 50, -692, 384,  49, -692, 384,  102, 102, 102
L 49, -692, 384,  46, -696, 384,  102, 102, 102
L 46, -696, 384,  46, -701, 384,  102, 102, 102
L 46, -701, 384,  48, -708, 384,  102, 102, 102
L 48, -708, 384,  62, -708, 404,  102, 102, 102
L 62, -708, 404,  62, -692, 384,  102, 102, 102
L 62, -692, 384,  58, -692, 384,  102, 102, 102
L 58, -692, 384,  56, -687, 384,  102, 102, 102
L 56, -687, 384,  56, -685, 384,  102, 102, 102
L 56, -685, 384,  58, -683, 384,  102, 102, 102
L 58, -683, 384,  75, -683, 384,  102, 102, 102
L 75, -683, 384,  77, -685, 384,  102, 102, 102
L 77, -685, 384,  77, -687, 384,  102, 102, 102
L 77, -687, 384,  75, -692, 384,  102, 102, 102
L 75, -692, 384,  74, -692, 384,  102, 102, 102
L 74, -692, 384,  71, -695, 384,  102, 102, 102
L 71, -695, 384,  71, -701, 384,  102, 102, 102
L 71, -701, 384,  73, -708, 384,  102, 102, 102
L 73, -708, 384,  87, -708, 404,  102, 102, 102
L 87, -708, 404,  87, -692, 384,  102, 102, 102
L 87, -692, 384,  83, -692, 384,  102, 102, 102
L 83, -692, 384,  81, -687, 384,  102, 102, 102
L 81, -687, 384,  81, -685, 384,  102, 102, 102
L 81, -685, 384,  82, -683, 384,  102, 102, 102
L 82, -683, 384,  100, -683, 384,  102, 102, 102
L 100, -683, 384,  102, -685, 384,  102, 102, 102
L 102, -685, 384,  102, -687, 384,  102, 102, 102
L 102, -687, 384,  100, -692, 384,  102, 102, 102
L 100, -692, 384,  100, -692, 384,  102, 102, 102
L 100, -692, 384,  96, -695, 384,  102, 102, 102
L 96, -695, 384,  96, -701, 384,  102, 102, 102
L 96, -701, 384,  98, -708, 384,  102, 102, 102
L 98, -708, 384,  112, -708, 404,  102, 102, 102
L 112, -708, 404,  112, -692, 384,  102, 102, 102
L 112, -692, 384,  108, -692, 384,  102, 102, 102
L 108, -692, 384,  106, -687, 384,  102, 102, 102
L 106, -687, 384,  106, -685, 384,  102, 102, 102
L 106, -685, 384,  108, -683, 384,  102, 102, 102
L 108, -683, 384,  112, -683, 384,  102, 102, 102
L 112, -683, 384,  112, -677, 384,  102, 102, 102
L 112, -677, 384,  108, -677, 384,  102, 102, 102
L 108, -677, 384,  106, -675, 384,  102, 102, 102
L 106, -675, 384,  106, -673, 384,  102, 102, 102
L 106, -673, 384,  108, -668, 384,  102, 102, 102
L 108, -668, 384,  112, -668, 384,  102, 102, 102
L 112, -668, 384,  112, -652, 404,  102, 102, 102
L 112, -652, 404,  98, -652, 384,  102, 102, 102
L 98, -652, 384,  96, -659, 384,  102, 102, 102
L 96, -659, 384,  96, -664, 384,  102, 102, 102
L 96, -664, 384,  99, -668, 384,  102, 102, 102
L 99, -668, 384,  100, -668, 384,  102, 102, 102
L 100, -668, 384,  102, -673, 384,  102, 102, 102
L 102, -673, 384,  102, -675, 384,  102, 102, 102
L 102, -675, 384,  100, -677, 384,  102, 102, 102
L 100, -677, 384,  83, -677, 384,  102, 102, 102
L 83, -677, 384,  81, -674, 384,  102, 102, 102
L 81, -674, 384,  81, -673, 384,  102, 102, 102
L 81, -673, 384,  83, -668, 384,  102, 102, 102
L 83, -668, 384,  87, -668, 384,  102, 102, 102
L 87, -668, 384,  87, -652, 404,  102, 102, 102
L 87, -652, 404,  73, -652, 384,  102, 102, 102
L 73, -652, 384,  71, -659, 384,  102, 102, 102
L 71, -659, 384,  71, -664, 384,  102, 102, 102
L 71, -664, 384,  74, -668, 384,  102, 102, 102
L 74, -668, 384,  75, -668, 384,  102, 102, 102
L 75, -668, 384,  77, -673, 384,  102, 102, 102
L 77, -673, 384,  77, -675, 384,  102, 102, 102
L 77, -675, 384,  75, -677, 384,  102, 102, 102
L 75, -677, 384,  58, -677, 384,  102, 102, 102
L 58, -677, 384,  56, -675, 384,  102, 102, 102
L 56, -675, 384,  56, -673, 384,  102, 102, 102
L 56, -673, 384,  58, -668, 384,  102, 102, 102
L 58, -668, 384,  62, -668, 384,  102, 102, 102
L 62, -668, 384,  62, -652, 404,  102, 102, 102
L 62, -652, 404,  48, -652, 384,  102, 102, 102
L 48, -652, 384,  46, -659, 384,  102, 102, 102
L 46, -659, 384,  46, -665, 384,  102, 102, 102
L 46, -665, 384,  49, -668, 384,  102, 102, 102
L 49, -668, 384,  50, -668, 384,  102, 102, 102
L 50, -668, 384,  52, -672, 384,  102, 102, 102
L 52, -672, 384,  52, -675, 384,  102, 102, 102
L 52, -675, 384,  50, -677, 384,  102, 102, 102
L 50, -677, 384,  41, -677, 384,  102, 102, 102
L 41, -677, 384,  39, -678, 384,  102, 102, 102
L 39, -678, 384,  34, -678, 384,  102, 102, 102
L 34, -678, 384,  32, -677, 384,  102, 102, 102
L 32, -677, 384,  29, -677, 384,  102, 102, 102
L 29, -677, 384,  27, -675, 384,  102, 102, 102
L 27, -675, 384,  27, -650, 384,  102, 102, 102
L 27, -650, 384,  29, -648, 384,  102, 102, 102
L 29, -648, 384,  35, -648, 394,  102, 102, 102
L 35, -648, 394,  42, -640, 394,  102, 102, 102
L 42, -640, 394,  42, -628, 384,  102, 102, 102
L 42, -628, 384,  44, -627, 384,  102, 102, 102
L 44, -627, 384,  51, -628, 384,  102, 102, 102
L 51, -628, 384,  81, -628, 384,  102, 102, 102
L 81, -628, 384,  127, -628, 184,  255, 255, 255
L 127, -628, 184,  127, -602, 134,  255, 255, 255
L 127, -602, 134,  101, -602, 84,  255, 255, 255
L 101, -602, 84,  99, -603, 84,  255, 255, 255
L 99, -603, 84,  94, -603, 84,  255, 255, 255
L 94, -603, 84,  92, -601, 84,  255, 255, 255
L 92, -601, 84,  75, -597, 84,  255, 255, 255
L 75, -597, 84,  74, -598, 84,  255, 255, 255
L 74, -598, 84,  68, -598, 84,  255, 255, 255
L 68, -598, 84,  67, -595, 84,  255, 255, 255
L 67, -595, 84,  67, -584, 91,  255, 255, 255
L 1, -625, 34,  -12, -625, 34,  255, 0, 0
L -12, -625, 34,  -24, -612, 34,  255, 0, 0
L -24, -612, 34,  -24, -598, 34,  255, 0, 0
L -24, -598, 34,  -12, -585, 34,  255, 0, 0
L -12, -585, 34,  1, -585, 34,  255, 0, 0
L 1, -585, 34,  14, -597, 34,  255, 0, 0
L 14, -597, 34,  15, -612, 34,  255, 0, 0
L 15, -612, 34,  1, -625, 34,  255, 0, 0
L -123, -638, -432,  -123, -638, -432,  0, 255, 255
L -123, -638, -432,  -108, -620, -432,  0, 255, 255
L -108, -620, -432,  -86, -617, -432,  0, 255, 255
L -86, -617, -432,  -73, -638, -423,  0, 255, 255
L -73, -638, -423,  -54, -657, -614,  0, 255, 255
L -54, -657, -614,  -42, -657, -765,  0, 255, 255
L -42, -657, -765,  -30, -667, -812,  0, 255, 255
L -30, -667, -812,  -26, -663, -858,  0, 255, 255
L -26, -663, -858,  -5, -667, -912,  0, 255, 255
L -5, -667, -912,  3, -658, -912,  0, 255, 255
L 3, -658, -912,  48, -657, -1012,  0, 255, 255
L 48, -657, -1012,  57, -644, -1012,  0, 255, 255
L 57, -644, -1012,  57, -604, -1012,  0, 255, 255
L 57, -604, -1012,  70, -593, -1018,  0, 255, 255
L 70, -593, -1018,  94, -598, -1062,  0, 255, 255
L 94, -598, -1062,  105, -612, -1062,  0, 255, 255
L 105, -612, -1062,  124, -613, -1062,  0, 255, 255
L 124, -613, -1062,  129, -618, -1075,  0, 255, 255
L 129, -618, -1075,  140, -610, -1101,  0, 255, 255
L 140, -610, -1101,  159, -607, -1112,  0, 255, 255
L 159, -607, -1112,  170, -604, -1112,  0, 255, 255
L 170, -604, -1112,  188, -555, -1112,  0, 255, 255
L 188, -555, -1112,  192, -533, -1112,  0, 255, 255
L 192, -533, -1112,  198, -522, -1115,  0, 255, 255
L 198, -522, -1115,  218, -497, -1161,  0, 255, 255
L 218, -497, -1161,  231, -460, -1161,  0, 255, 255
L 231, -460, -1161,  222, -408, -1161,  0, 255, 255
L 222, -408, -1161,  196, -396, -1161,  0, 255, 255
L 196, -396, -1161,  161, -374, -1161,  0, 255, 255
L 161, -374, -1161,  161, -386, -1161,  0, 255, 255
L 161, -386, -1161,  138, -392, -1161,  0, 255, 255
L 138, -392, -1161,  107, -392, -1211,  0, 255, 255
L 107, -392, -1211,  80, -387, -1211,  0, 255, 255
L 80, -387, -1211,  62, -391, -1211,  0, 255, 255
L 62, -391, -1211,  41, -388, -1211,  0, 255, 255
L 41, -388, -1211,  33, -390, -1211,  0, 255, 255
L 33, -390, -1211,  16, -392, -1211,  0, 255, 255
L 16, -392, -1211,  5, -388, -1211,  0, 255, 255
L 5, -388, -1211,  -6, -387, -1211,  0, 255, 255
L -6, -387, -1211,  -34, -392, -1211,  0, 255, 255
L -34, -392, -1211,  -62, -388, -1211,  0, 255, 255
L -62, -388, -1211,  -76, -392, -1211,  0, 255, 255
L -76, -392, -1211,  -106, -392, -1211,  0, 255, 255
L -106, -392, -1211,  -117, -388, -1211,  0, 255, 255
L -117, -388, -1211,  -141, -392, -1211,  0, 255, 255
L -141, -392, -1211,  -160, -387, -1211,  0, 255, 255
L -160, -387, -1211,  -195, -398, -1211,  0, 255, 255
L -195, -398, -1211,  -239, -427, -1211,  0, 255, 255
L -239, -427, -1211,  -249, -442, -1211,  0, 255, 255
L -249, -442, -1211,  -260, -442, -1211,  0, 255, 255
L -260, -442, -1211,  -263, -421, -1211,  0, 255, 255
L -263, -421, -1211,  -274, -413, -1211,  0, 255, 255
L -274, -413, -1211,  -294, -412, -1163,  0, 255, 255
L -294, -412, -1163,  -317, -406, -1112,  0, 255, 255
L -317, -406, -1112,  -321, -402, -1112,  0, 255, 255
L -321, -402, -1112,  -317, -390, -1112,  0, 255, 255
L -317, -390, -1112,  -318, -375, -1112,  0, 255, 255
L -318, -375, -1112,  -327, -361, -1112,  0, 255, 255
L -327, -361, -1112,  -347, -351, -1112,  0, 255, 255
L -347, -351, -1112,  -372, -340, -1112,  0, 255, 255
L -372, -340, -1112,  -370, -296, -1062,  0, 255, 255
L -370, -296, -1062,  -352, -259, -1067,  0, 255, 255
L -352, -259, -1067,  -352, -218, -1112,  0, 255, 255
L -352, -218, -1112,  -315, -193, -1112,  0, 255, 255
L -315, -193, -1112,  -293, -214, -1112,  0, 255, 255
L -293, -214, -1112,  -293, -223, -1112,  0, 255, 255
L -293, -223, -1112,  -275, -233, -1112,  0, 255, 255
L -275, -233, -1112,  -273, -249, -1132,  0, 255, 255
L -273, -249, -1132,  -259, -267, -1132,  0, 255, 255
L -259, -267, -1132,  -257, -268, -1132,  0, 255, 255
L -257, -268, -1132,  -257, -225, -1132,  0, 255, 255
L -257, -225, -1132,  -236, -212, -1063,  0, 255, 255
L -236, -212, -1063,  -228, -205, -1062,  0, 255, 255
L -228, -205, -1062,  -227, -191, -1062,  0, 255, 255
L -227, -191, -1062,  -238, -167, -1070,  0, 255, 255
L -238, -167, -1070,  -258, -120, -1112,  0, 255, 255
L -258, -120, -1112,  -278, -100, -1132,  0, 255, 255
L -278, -100, -1132,  -296, -63, -1132,  0, 255, 255
L -296, -63, -1132,  -315, -62, -1132,  0, 255, 255
L -315, -62, -1132,  -354, -43, -1132,  0, 255, 255
L -354, -43, -1132,  -406, -37, -1132,  0, 255, 255
L -406, -37, -1132,  -434, -23, -1132,  0, 255, 255
L -434, -23, -1132,  -418, -4, -1112,  0, 255, 255
L -418, -4, -1112,  -417, 0, -1115,  0, 255, 255
L -417, 0, -1115,  -395, 2, -1132,  0, 255, 255
L -395, 2, -1132,  -387, 5, -1132,  0, 255, 255
L -387, 5, -1132,  -351, 6, -1132,  0, 255, 255
L -351, 6, -1132,  -309, 26, -1132,  0, 255, 255
L -309, 26, -1132,  -266, 26, -1132,  0, 255, 255
L -266, 26, -1132,  -226, 61, -1132,  0, 255, 255
L -226, 61, -1132,  -203, 45, -1062,  0, 255, 255
L -203, 45, -1062,  -183, 26, -1062,  0, 255, 255
L -183, 26, -1062,  -183, 20, -1062,  0, 255, 255
L -183, 20, -1062,  -162, 25, -1068,  0, 255, 255
L -162, 25, -1068,  -147, 30, -1107,  0, 255, 255
L -147, 30, -1107,  -127, 59, -1112,  0, 255, 255
L -127, 59, -1112,  -109, 78, -1132,  0, 255, 255
L -109, 78, -1132,  -106, 81, -1132,  0, 255, 255
L -106, 81, -1132,  -64, 82, -1132,  0, 255, 255
L -64, 82, -1132,  -24, 103, -1132,  0, 255, 255
L -24, 103, -1132,  10, 138, -1132,  0, 255, 255
L 10, 138, -1132,  53, 141, -1132,  0, 255, 255
L 53, 141, -1132,  74, 161, -1132,  0, 255, 255
L 74, 161, -1132,  93, 156, -1132,  0, 255, 255
L 93, 156, -1132,  99, 141, -1112,  0, 255, 255
L 99, 141, -1112,  111, 121, -1112,  0, 255, 255
L 111, 121, -1112,  142, 112, -1112,  0, 255, 255
L 142, 112, -1112,  189, 112, -1112,  0, 255, 255
L 189, 112, -1112,  207, 126, -1112,  0, 255, 255
L 207, 126, -1112,  213, 136, -1130,  0, 255, 255
L 213, 136, -1130,  244, 136, -1132,  0, 255, 255
L 244, 136, -1132,  275, 142, -1132,  0, 255, 255
L 275, 142, -1132,  288, 149, -1060,  0, 255, 255
L 288, 149, -1060,  284, 151, -1150,  0, 255, 255
L 284, 151, -1150,  274, 148, -1150,  0, 255, 255
L 274, 148, -1150,  241, 149, -1150,  0, 255, 255
L 241, 149, -1150,  212, 160, -1132,  0, 255, 255
L 212, 160, -1132,  212, 169, -1130,  0, 255, 255
L 212, 169, -1130,  173, 205, -1130,  0, 255, 255
L 173, 205, -1130,  178, 215, -1130,  0, 255, 255
L 178, 215, -1130,  178, 224, -1130,  0, 255, 255
L 178, 224, -1130,  167, 246, -1130,  0, 255, 255
L 167, 246, -1130,  168, 249, -1130,  0, 255, 255
L 168, 249, -1130,  227, 309, -1130,  0, 255, 255
L 227, 309, -1130,  228, 330, -1130,  0, 255, 255
L 228, 330, -1130,  248, 349, -1131,  0, 255, 255
L 248, 349, -1131,  247, 369, -1180,  0, 255, 255
L 247, 369, -1180,  208, 398, -1180,  0, 255, 255
L 208, 398, -1180,  213, 409, -1180,  0, 255, 255
L 213, 409, -1180,  208, 419, -1180,  0, 255, 255
L 208, 419, -1180,  220, 428, -1223,  0, 255, 255
L 220, 428, -1223,  228, 439, -1230,  0, 255, 255
L 228, 439, -1230,  217, 459, -1230,  0, 255, 255
L 217, 459, -1230,  208, 468, -1230,  0, 255, 255
L 208, 468, -1230,  206, 489, -1230,  0, 255, 255
L 206, 489, -1230,  163, 518, -1230,  0, 255, 255
L 163, 518, -1230,  118, 563, -1230,  0, 255, 255
L 118, 563, -1230,  88, 563, -1230,  0, 255, 255
L 88, 563, -1230,  82, 575, -1230,  0, 255, 255
L 82, 575, -1230,  88, 615, -1230,  0, 255, 255
L 88, 615, -1230,  108, 630, -1230,  0, 255, 255
L 108, 630, -1230,  108, 649, -1230,  0, 255, 255
L 108, 649, -1230,  88, 669, -1228,  0, 255, 255
L 88, 669, -1228,  83, 710, -980,  0, 255, 255
L 83, 710, -980,  82, 724, -980,  0, 255, 255
L 82, 724, -980,  66, 746, -980,  0, 255, 255
L 66, 746, -980,  82, 749, -980,  0, 255, 255
L 82, 749, -980,  83, 763, -980,  0, 255, 255
L 71, 760, -962,  71, 760, -962,  0, 255, 255
L 71, 760, -962,  71, 758, -962,  0, 255, 255
L 71, 758, -962,  56, 752, -962,  0, 255, 255
L 56, 752, -962,  57, 744, -962,  0, 255, 255
L 57, 744, -962,  66, 725, -962,  0, 255, 255
L 66, 725, -962,  66, 708, -962,  0, 255, 255
L 66, 708, -962,  71, 689, -1091,  0, 255, 255
L 71, 689, -1091,  71, 660, -1211,  0, 255, 255
L 71, 660, -1211,  76, 656, -1230,  0, 255, 255
L 76, 656, -1230,  90, 650, -1230,  0, 255, 255
L 90, 650, -1230,  89, 629, -1230,  0, 255, 255
L 89, 629, -1230,  82, 629, -1230,  0, 255, 255
L 82, 629, -1230,  70, 623, -1230,  0, 255, 255
L 70, 623, -1230,  70, 611, -1230,  0, 255, 255
L 70, 611, -1230,  65, 588, -1230,  0, 255, 255
L 65, 588, -1230,  64, 572, -1230,  0, 255, 255
L 64, 572, -1230,  60, 563, -1230,  0, 255, 255
L 60, 563, -1230,  60, 555, -1230,  0, 255, 255
L 60, 555, -1230,  106, 540, -1230,  0, 255, 255
L 106, 540, -1230,  119, 545, -1230,  0, 255, 255
L 119, 545, -1230,  141, 518, -1230,  0, 255, 255
L 141, 518, -1230,  140, 510, -1230,  0, 255, 255
L 140, 510, -1230,  166, 498, -1230,  0, 255, 255
L 166, 498, -1230,  186, 467, -1230,  0, 255, 255
L 186, 467, -1230,  170, 454, -1230,  0, 255, 255
L 170, 454, -1230,  170, 439, -1230,  0, 255, 255
L 170, 439, -1230,  190, 418, -1180,  0, 255, 255
L 190, 418, -1180,  185, 413, -1180,  0, 255, 255
L 185, 413, -1180,  185, 406, -1180,  0, 255, 255
L 185, 406, -1180,  189, 400, -1180,  0, 255, 255
L 189, 400, -1180,  190, 389, -1180,  0, 255, 255
L 190, 389, -1180,  230, 370, -1180,  0, 255, 255
L 230, 370, -1180,  230, 347, -1130,  0, 255, 255
L 230, 347, -1130,  210, 338, -1130,  0, 255, 255
L 210, 338, -1130,  209, 304, -1130,  0, 255, 255
L 209, 304, -1130,  202, 301, -1130,  0, 255, 255
L 202, 301, -1130,  155, 253, -1130,  0, 255, 255
L 155, 253, -1130,  155, 203, -1130,  0, 255, 255
L 155, 203, -1130,  97, 193, -1109,  0, 255, 255
L 97, 193, -1109,  94, 183, -1134,  0, 255, 255
L 94, 183, -1134,  74, 177, -1150,  0, 255, 255
L 74, 177, -1150,  56, 159, -1150,  0, 255, 255
L 56, 159, -1150,  14, 158, -1150,  0, 255, 255
L 14, 158, -1150,  -22, 121, -1150,  0, 255, 255
L -22, 121, -1150,  -64, 98, -1150,  0, 255, 255
L -64, 98, -1150,  -104, 98, -1150,  0, 255, 255
L -104, 98, -1150,  -145, 78, -1150,  0, 255, 255
L -145, 78, -1150,  -185, 98, -1130,  0, 255, 255
L -185, 98, -1130,  -224, 88, -1130,  0, 255, 255
L -224, 88, -1130,  -224, 77, -1150,  0, 255, 255
L -224, 77, -1150,  -264, 43, -1150,  0, 255, 255
L -264, 43, -1150,  -293, 43, -1150,  0, 255, 255
L -293, 43, -1150,  -309, 43, -977,  0, 255, 255
L -309, 43, -977,  -348, 23, -1150,  0, 255, 255
L -348, 23, -1150,  -385, 28, -1150,  0, 255, 255
L -385, 28, -1150,  -401, 38, -1045,  0, 255, 255
L -401, 38, -1045,  -435, 47, -1130,  0, 255, 255
L -435, 47, -1130,  -465, 30, -1130,  0, 255, 255
L -465, 30, -1130,  -469, 24, -1131,  0, 255, 255
L -469, 24, -1131,  -490, 18, -1150,  0, 255, 255
L -490, 18, -1150,  -525, 38, -1150,  0, 255, 255
L -525, 38, -1150,  -577, 12, -1150,  0, 255, 255
L -577, 12, -1150,  -606, 9, -1150,  0, 255, 255
L -606, 9, -1150,  -622, 4, -1150,  0, 255, 255
L -622, 4, -1150,  -624, -5, -1150,  0, 255, 255
L -624, -5, -1150,  -642, -24, -1150,  0, 255, 255
L -642, -24, -1150,  -644, -45, -1150,  0, 255, 255
L -644, -45, -1150,  -649, -65, -1150,  0, 255, 255
L -649, -65, -1150,  -650, -88, -1150,  0, 255, 255
L -650, -88, -1150,  -653, -90, -1150,  0, 255, 255
L -653, -90, -1150,  -654, -123, -1150,  0, 255, 255
L -654, -123, -1150,  -639, -139, -1150,  0, 255, 255
L -639, -139, -1150,  -631, -139, -1150,  0, 255, 255
L -631, -139, -1150,  -626, -117, -1150,  0, 255, 255
L -626, -117, -1150,  -626, -91, -1150,  0, 255, 255
L -626, -91, -1150,  -631, -86, -1150,  0, 255, 255
L -631, -86, -1150,  -625, -42, -1150,  0, 255, 255
L -625, -42, -1150,  -604, -3, -1150,  0, 255, 255
L -604, -3, -1150,  -567, -4, -1150,  0, 255, 255
L -567, -4, -1150,  -526, 19, -1150,  0, 255, 255
L -526, 19, -1150,  -491, 1, -1150,  0, 255, 255
L -491, 1, -1150,  -468, 0, -1150,  0, 255, 255
L -468, 0, -1150,  -464, -9, -1130,  0, 255, 255
L -464, -9, -1130,  -436, -38, -1150,  0, 255, 255
L -436, -38, -1150,  -394, -59, -1150,  0, 255, 255
L -394, -59, -1150,  -384, -59, -1150,  0, 255, 255
L -384, -59, -1150,  -384, -64, -1130,  0, 255, 255
L -384, -64, -1130,  -353, -69, -1130,  0, 255, 255
L -353, -69, -1130,  -314, -80, -1150,  0, 255, 255
L -314, -80, -1150,  -295, -98, -1150,  0, 255, 255
L -295, -98, -1150,  -294, -101, -1150,  0, 255, 255
L -294, -101, -1150,  -294, -121, -1150,  0, 255, 255
L -294, -121, -1150,  -315, -147, -1130,  0, 255, 255
L -315, -147, -1130,  -334, -160, -1130,  0, 255, 255
L -334, -160, -1130,  -334, -168, -1130,  0, 255, 255
L -334, -168, -1130,  -349, -191, -1130,  0, 255, 255
L -349, -191, -1130,  -368, -205, -1130,  0, 255, 255
L -368, -205, -1130,  -369, -257, -1092,  0, 255, 255
L -369, -257, -1092,  -389, -302, -1083,  0, 255, 255
L -389, -302, -1083,  -389, -345, -1130,  0, 255, 255
L -389, -345, -1130,  -384, -354, -1130,  0, 255, 255
L -384, -354, -1130,  -366, -361, -1130,  0, 255, 255
L -366, -361, -1130,  -339, -389, -1130,  0, 255, 255
L -339, -389, -1130,  -339, -407, -1130,  0, 255, 255
L -339, -407, -1130,  -365, -427, -1130,  0, 255, 255
L -365, -427, -1130,  -379, -455, -1130,  0, 255, 255
L -379, -455, -1130,  -379, -479, -1130,  0, 255, 255
L -379, -479, -1130,  -365, -503, -1130,  0, 255, 255
L -365, -503, -1130,  -339, -524, -1130,  0, 255, 255
L -339, -524, -1130,  -315, -534, -1131,  0, 255, 255
L -315, -534, -1131,  -295, -533, -1174,  0, 255, 255
L -295, -533, -1174,  -276, -519, -1180,  0, 255, 255
L -276, -519, -1180,  -276, -505, -1180,  0, 255, 255
L -276, -505, -1180,  -263, -496, -1230,  0, 255, 255
L -263, -496, -1230,  -261, -479, -1230,  0, 255, 255
L -261, -479, -1230,  -250, -474, -1230,  0, 255, 255
L -250, -474, -1230,  -244, -476, -1230,  0, 255, 255
L -244, -476, -1230,  -200, -522, -1224,  0, 255, 255
L -200, -522, -1224,  -196, -504, -1230,  0, 255, 255
L -196, -504, -1230,  -182, -499, -1230,  0, 255, 255
L -182, -499, -1230,  -162, -470, -1230,  0, 255, 255
L -162, -470, -1230,  -138, -458, -1230,  0, 255, 255
L -138, -458, -1230,  -120, -464, -1230,  0, 255, 255
L -120, -464, -1230,  -103, -459, -1230,  0, 255, 255
L -103, -459, -1230,  -99, -478, -1230,  0, 255, 255
L -99, -478, -1230,  -85, -479, -1230,  0, 255, 255
L -85, -479, -1230,  -75, -468, -1230,  0, 255, 255
L -75, -468, -1230,  -60, -478, -1230,  0, 255, 255
L -60, -478, -1230,  -10, -489, -1180,  0, 255, 255
L -10, -489, -1180,  16, -480, -1230,  0, 255, 255
L 16, -480, -1230,  37, -483, -1230,  0, 255, 255
L 37, -483, -1230,  53, -464, -1230,  0, 255, 255
L 53, -464, -1230,  77, -459, -1230,  0, 255, 255
L 77, -459, -1230,  106, -459, -1230,  0, 255, 255
L 106, -459, -1230,  139, -474, -1180,  0, 255, 255
L 139, -474, -1180,  156, -490, -1180,  0, 255, 255
L 156, -490, -1180,  160, -526, -1130,  0, 255, 255
L 160, -526, -1130,  160, -529, -1130,  0, 255, 255
L 160, -529, -1130,  167, -533, -1130,  0, 255, 255
L 167, -533, -1130,  160, -547, -1130,  0, 255, 255
L 160, -547, -1130,  160, -559, -1130,  0, 255, 255
L 160, -559, -1130,  144, -561, -1130,  0, 255, 255
L 144, -561, -1130,  124, -576, -1080,  0, 255, 255
L 124, -576, -1080,  101, -575, -1080,  0, 255, 255
L 101, -575, -1080,  93, -561, -1080,  0, 255, 255
L 93, -561, -1080,  65, -560, -1030,  0, 255, 255
L 65, -560, -1030,  64, -557, -1030,  0, 255, 255
L 64, -557, -1030,  15, -555, -937,  0, 255, 255
L 15, -555, -937,  14, -547, -930,  0, 255, 255
L 14, -547, -930,  11, -544, -930,  0, 255, 255
L 11, -544, -930,  -21, -542, -930,  0, 255, 255
L -21, -542, -930,  -54, -556, -830,  0, 255, 255
L -54, -556, -830,  -73, -579, -445,  0, 255, 255
L -73, -579, -445,  -84, -597, -430,  0, 255, 255
L -84, -597, -430,  -85, -608, -450,  0, 255, 255
L -85, -608, -450,  -104, -606, -450,  0, 255, 255
L -104, -606, -450,  -124, -630, -450,  0, 255, 255
L -124, -630, -450,  -124, -642, -450,  0, 255, 255
L -124, -642, -450,  -124, -639, -450,  0, 255, 255
L -571, -3, -1204,  -571, 12, -1204,  0, 0, 255
L -571, 12, -1204,  -604, 12, -1334,  0, 0, 255
L -604, 12, -1334,  -621, 3, -1349,  0, 0, 255
L -621, 3, -1349,  -622, -4, -1351,  0, 0, 255
L -622, -4, -1351,  -641, -24, -1351,  0, 0, 255
L -641, -24, -1351,  -642, -39, -1351,  0, 0, 255
L -642, -39, -1351,  -647, -62, -1351,  0, 0, 255
L -647, -62, -1351,  -668, -63, -1310,  0, 0, 255
L -668, -63, -1310,  -690, -48, -1261,  0, 0, 255
L -690, -48, -1261,  -714, -47, -1260,  0, 0, 255
L -714, -47, -1260,  -732, -35, -1261,  0, 0, 255
L -732, -35, -1261,  -753, -42, -1215,  0, 0, 255
L -753, -42, -1215,  -758, -42, -1211,  0, 0, 255
L -758, -42, -1211,  -779, -37, -1113,  0, 0, 255
L -779, -37, -1113,  -791, -30, -1111,  0, 0, 255
L -791, -30, -1111,  -792, -34, -1110,  0, 0, 255
L -792, -34, -1110,  -797, -40, -1112,  0, 0, 255
L -797, -40, -1112,  -792, -51, -1108,  0, 0, 255
L -792, -51, -1108,  -783, -49, -1109,  0, 0, 255
L -783, -49, -1109,  -757, -53, -1211,  0, 0, 255
L -757, -53, -1211,  -736, -43, -1248,  0, 0, 255
L -736, -43, -1248,  -719, -54, -1261,  0, 0, 255
L -719, -54, -1261,  -690, -58, -1261,  0, 0, 255
L -690, -58, -1261,  -669, -73, -1310,  0, 0, 255
L -669, -73, -1310,  -650, -82, -1311,  0, 0, 255
L -650, -82, -1311,  -652, -91, -1349,  0, 0, 255
L -652, -91, -1349,  -652, -94, -1351,  0, 0, 255
L -652, -94, -1351,  -652, -122, -1351,  0, 0, 255
L -652, -122, -1351,  -641, -136, -1351,  0, 0, 255
L -641, -136, -1351,  -635, -138, -1351,  0, 0, 255
L -635, -138, -1351,  -628, -118, -1351,  0, 0, 255
L -628, -118, -1351,  -627, -92, -1350,  0, 0, 255
L -627, -92, -1350,  -631, -87, -1350,  0, 0, 255
L -631, -87, -1350,  -627, -48, -1351,  0, 0, 255
L -627, -48, -1351,  -607, -4, -1351,  0, 0, 255
L -607, -4, -1351,  -580, -3, -1243,  0, 0, 255
L -580, -3, -1243,  -571, -3, -1204,  0, 0, 255
L -792, -52, -303,  -792, -52, -349,  153, 153, 153
L -792, -52, -349,  -818, -63, -212,  153, 153, 153
L -818, -63, -212,  -835, -68, -208,  153, 153, 153
L -835, -68, -208,  -854, -57, -212,  153, 153, 153
L -854, -57, -212,  -870, -43, -210,  153, 153, 153
L -870, -43, -210,  -876, -43, -210,  153, 153, 153
L -876, -43, -210,  -886, -58, -211,  153, 153, 153
L -886, -58, -211,  -910, -72, -209,  153, 153, 153
L -910, -72, -209,  -921, -67, -212,  153, 153, 153
L -921, -67, -212,  -927, -68, -212,  153, 153, 153
L -927, -68, -212,  -937, -53, -212,  153, 153, 153
L -937, -53, -212,  -937, -42, -212,  153, 153, 153
L -937, -42, -212,  -930, -33, -211,  153, 153, 153
L -930, -33, -211,  -926, -9, -212,  153, 153, 153
L -926, -9, -212,  -918, -1, -212,  153, 153, 153
L -918, -1, -212,  -917, 22, -212,  153, 153, 153
L -917, 22, -212,  -898, 37, -212,  153, 153, 153
L -898, 37, -212,  -878, 58, -212,  153, 153, 153
L -878, 58, -212,  -877, 78, -242,  153, 153, 153
L -867, 81, -252,  -867, 81, -248,  153, 153, 153
L -867, 81, -248,  -868, 59, -212,  153, 153, 153
L -868, 59, -212,  -902, 23, -210,  153, 153, 153
L -902, 23, -210,  -902, 0, -210,  153, 153, 153
L -902, 0, -210,  -886, -7, -212,  153, 153, 153
L -886, -7, -212,  -876, -27, -211,  153, 153, 153
L -876, -27, -211,  -868, -26, -212,  153, 153, 153
L -868, -26, -212,  -860, -20, -212,  153, 153, 153
L -860, -20, -212,  -848, -12, -212,  153, 153, 153
L -848, -12, -212,  -834, -12, -212,  153, 153, 153
L -834, -12, -212,  -820, -18, -211,  153, 153, 153
L -820, -18, -211,  -814, -23, -211,  153, 153, 153
L -814, -23, -211,  -796, -27, -212,  153, 153, 153
L -796, -27, -212,  -792, -29, -314,  153, 153, 153
P -45, -106, 0, 255, 255, 255, 2, Thurgadin
P -211, -730, 0, 255, 0, 255, 2, Hall of Ancestors
P 34, -750, 0, 255, 255, 255, 2, Guarded Door
P 68, -744, 0, 102, 102, 102, 2, Barracks
P 0, -600, 0, 255, 0, 0, 2, The Pit
P 77, 759, 0, 255, 255, 255, 2, Thurgadin
P -877, 78, 0, 255, 255, 255, 2, Great Divide
P 0, -250, 0, 255, 255, 255, 2, Succor Point
