P 3226, 4489, 0, 0, 127, 0, 2, Dock
P -2783, 1293, 0, 127, 64, 0, 2, Ogre_Raiders
P -3566, -5873, 0, 0, 0, 0, 2, Dock
P 5739.9354, 4107.1522, 11.1353, 0, 0, 0, 1, Timorous_Coconut
P 4815.4092, -6283.5757, 14.8693, 0, 0, 0, 1, Timousous_Coconut
P 1539.6464, -5839.1342, 11.3994, 0, 0, 0, 1, Timorous_Coconut
P -3163.6082, 6876.5565, -3.1044, 0, 0, 0, 3, X
P 2028.4235, -5807.4512, 6.1867, 0, 127, 127, 3, Captain__Jack_Aviak_#2
P 1391.8195, -5264.8632, 10.5557, 0, 127, 127, 3, Bosun_Darwor
P -713.8443, -5880.7021, -1.2947, 0, 127, 127, 3, Captain_Jack_Aviak_#3
P -2520.273, -5894.6635, 8.4638, 0, 127, 127, 3, Captain_Jack_Aviak_#4
P 1385.4094, -5227.707, 12.9824, 127, 0, 0, 3, Silithis_Sisnta(Sk_1.5)
P -3835.2451, -6480.5195, 277.5092, 0, 0, 127, 2, Drendico_Metalbones(Ncr1.0)*
P -3060.9047, -7541.9385, 85.2651, 0, 0, 0, 1, deckhand
P 4225.9345, -5611.9395, 11.7969, 0, 0, 0, 1, Prismatic_Crystal(GS)Wiz1.5)
P -2831.5958, 6324.3369, 4.5298, 0, 0, 0, 1, Severely_Damaged_Dragon_Head_Hilt(GS)War1.0)
P -2978.8969, 8975.419, 257.5192, 0, 0, 127, 2, Scout_Sihmoj(BST1.0)
P 2207.8604, 11629.3241, 68.3843, 0, 0, 127, 2, Lheao(Mnk1.0)
P -2721.4452, 5997.1558, 4.8994, 0, 0, 127, 2, Alrik_Farsight*(Drd/Rng1.0)
P 1856.4943, 11819.9971, -1.2618, 0, 0, 127, 2, Dolgin_Codslayer(Drd1.0
P -1982.7846, 9203.449, 8.2493, 127, 0, 0, 2, Draz_Nurakk(BST1.0)
