L -1092.2234, -132.9624, -49.6253, -1092.153, -128.7244, -49.6253, 127, 64, 0
L -1092.153, -128.7244, -49.6253, -1056.9247, -130.4485, -49.6253, 127, 64, 0
L -1056.9247, -130.4485, -49.6253, -1057.7279, -146.8703, -49.6253, 127, 64, 0
L -1057.7279, -146.8703, -49.6253, -1092.8221, -145.1465, -49.6253, 127, 64, 0
L -1092.8221, -145.1465, -49.6253, -1092.6339, -141.3189, -49.6253, 127, 64, 0
L -1092.7038, -142.7396, -49.6253, -1092.7173, -143.124, -49.6253, 127, 64, 0
L -1092.6339, -141.3189, -49.4534, -1096.1823, -141.1445, -49.4534, 127, 64, 0
L -1092.2234, -132.9624, -49.4534, -1095.7761, -132.7545, -49.4827, 127, 64, 0
L -1096.1823, -141.1445, -50.4359, -1096.5226, -147.9113, -50.4408, 127, 64, 0
L -1096.5226, -147.9113, -50.4162, -1054.3216, -149.9846, -49.6535, 127, 64, 0
L -1054.3216, -149.9846, -49.6086, -1053.2299, -127.7613, -49.5897, 127, 64, 0
L -1053.2299, -127.7613, -49.6171, -1095.4291, -125.6882, -50.3802, 127, 64, 0
L -1095.4291, -125.6882, -50.4196, -1095.7761, -132.7545, -50.4234, 127, 64, 0
L -2610.9625, 1142.7926, 119.463, -2610.2226, 513.8696, 120.15, 0, 0, 0
L -2611.2451, 1407.1388, 187.9841, -2610.9625, 1142.7926, 119.463, 0, 0, 0
L -2611.6078, 1735.3086, 137.2348, -2611.2451, 1407.1388, 187.9841, 0, 0, 0
L -2611.8117, 1919.6611, 83.409, -2611.6078, 1735.3086, 137.2348, 0, 0, 0
L -2609.6008, -94.9407, 173.8789, -2610.1896, 441.7744, 105.2395, 0, 0, 0
L -2608.1995, -1366.2363, 157.8049, -2609.6008, -94.9407, 173.8789, 0, 0, 0
L -2607.4382, -2074.414, 134.3102, -2608.1995, -1366.2363, 157.8049, 0, 0, 0
L -2654.4558, 498.3437, -37.624, -2654.3933, 526.937, -37.624, 150, 0, 200
L 419.2269, 2614.5336, -44.4677, 446.622, 2614.5695, -44.4677, 150, 0, 200
L 475.3933, 1016.9278, -89.766, 472.569, 1016.9693, -89.7974, 127, 64, 0
L 485.8969, 1024.7227, -89.8422, 475.3933, 1016.9278, -89.766, 127, 64, 0
L 488.828, 1037.5278, -90.2215, 485.8969, 1024.7227, -89.8422, 127, 64, 0
L 480.2792, 1048.389, -90.43, 488.828, 1037.5278, -90.2215, 127, 64, 0
L 467.182, 1049.8584, -89.5867, 480.2792, 1048.389, -90.43, 127, 64, 0
L 457.9, 1042.2025, -89.3853, 467.182, 1049.8584, -89.5867, 127, 64, 0
L 454.9497, 1029.4728, -89.5331, 457.9, 1042.2025, -89.3853, 127, 64, 0
L 462.978, 1018.519, -89.953, 454.9497, 1029.4728, -89.5331, 127, 64, 0
L 476.2119, 1013.9104, -89.6706, 472.5344, 1014.2994, -89.7061, 127, 64, 0
L 488.6093, 1022.7754, -89.7334, 476.2119, 1013.9104, -89.6573, 127, 64, 0
L 491.3677, 1038.2172, -90.1809, 488.6093, 1022.7754, -89.7674, 127, 64, 0
L 481.9313, 1050.6757, -89.7424, 491.3677, 1038.2172, -90.2004, 127, 64, 0
L 467.364, 1053.291, -89.5631, 481.9313, 1050.6757, -90.16, 127, 64, 0
L 454.4626, 1043.6193, -88.9145, 467.364, 1053.291, -89.5117, 127, 64, 0
L 452.645, 1028.9495, -89.4462, 454.4626, 1043.6193, -89.2832, 127, 64, 0
L 461.2466, 1016.1631, -89.5257, 452.645, 1028.9495, -89.3936, 127, 64, 0
L 465.3645, 1015.572, -89.9187, 461.2466, 1016.1631, -89.9689, 127, 64, 0
L 462.978, 1018.519, -89.9552, 465.182, 1018.6191, -90.103, 127, 64, 0
L 465.3645, 1015.572, -89.9352, 465.182, 1018.6191, -89.9579, 127, 64, 0
L 472.569, 1016.9693, -89.7874, 472.5344, 1014.2994, -89.7553, 127, 64, 0
L 474.5889, 991.8143, -88.2425, 477.459, 990.7163, -88.1974, 127, 64, 0
L 474.4109, 984.39, -87.6984, 472.1164, 985.2227, -87.7533, 127, 64, 0
L 473.8387, 981.7107, -87.4694, 474.4109, 984.39, -87.6058, 127, 64, 0
L 478.9757, 970.3871, -86.4602, 473.8387, 981.7107, -87.4694, 127, 64, 0
L 490.3775, 965.9035, -85.9025, 478.9757, 970.3871, -86.4602, 127, 64, 0
L 501.5944, 970.5149, -86.901, 490.3775, 965.9035, -85.9025, 127, 64, 0
L 506.5688, 981.7622, -86.9214, 501.5944, 970.5149, -86.901, 127, 64, 0
L 502.119, 993.4954, -87.9525, 506.5688, 981.7622, -86.9214, 127, 64, 0
L 490.4325, 998.7436, -88.5772, 502.119, 993.4954, -87.9525, 127, 64, 0
L 478.3127, 993.6852, -88.3696, 490.4325, 998.7436, -88.5772, 127, 64, 0
L 477.459, 990.7163, -88.2545, 478.3127, 993.6852, -88.3696, 127, 64, 0
L 470.6827, 981.7294, -87.5298, 472.1164, 985.2227, -87.6546, 127, 64, 0
L 476.7405, 968.1762, -86.3508, 470.6827, 981.7294, -87.4714, 127, 64, 0
L 490.1736, 962.6626, -85.6452, 476.7405, 968.1762, -86.168, 127, 64, 0
L 503.8967, 968.3599, -85.6958, 490.1736, 962.6626, -85.6529, 127, 64, 0
L 509.7081, 981.4179, -86.814, 503.8967, 968.3599, -85.9548, 127, 64, 0
L 504.5348, 995.5821, -88.413, 509.7081, 981.4179, -86.807, 127, 64, 0
L 490.3677, 1001.9207, -88.8151, 504.5348, 995.5821, -88.135, 127, 64, 0
L 476.156, 995.6393, -88.261, 490.3677, 1001.9207, -88.8252, 127, 64, 0
L 474.5889, 991.8143, -88.373, 476.156, 995.6393, -88.4514, 127, 64, 0
L 812.62, 1555.226, -44.9528, 870.2605, 1558.2904, -43.6732, 127, 127, 127
L 808.8051, 1613.9315, -48.5326, 812.62, 1555.226, -45.381, 127, 127, 127
L 868.5701, 1617.2644, -49.499, 808.8051, 1613.9315, -48.4213, 127, 127, 127
L 870.2605, 1558.2904, -43.7824, 868.5701, 1617.2644, -49.499, 127, 127, 127
L 875.3884, 1423.635, -34.3528, 872.9208, 1475.8909, -36.7316, 127, 127, 127
L 822.2853, 1420.136, -34.4508, 875.3884, 1423.635, -34.234, 127, 127, 127
L 819.357, 1473.6525, -37.1981, 822.2853, 1420.136, -34.5679, 127, 127, 127
L 872.9208, 1475.8909, -36.6495, 819.357, 1473.6525, -37.1154, 127, 127, 127
L 950.4886, 1425.4481, -38.927, 947.6291, 1480.4152, -40.282, 127, 127, 127
L 1004.1249, 1428.8959, -34.582, 950.4886, 1425.4481, -38.728, 127, 127, 127
L 1001.5009, 1482.2125, -34.716, 1004.1249, 1428.8959, -34.2582, 127, 127, 127
L 947.6291, 1480.4152, -40.3601, 1001.5009, 1482.2125, -34.8288, 127, 127, 127
L 998.7961, 1566.2318, -39.394, 996.9675, 1622.5283, -42.5172, 127, 127, 127
L 942.4317, 1562.3224, -45.7614, 998.7961, 1566.2318, -39.127, 127, 127, 127
L 938.7916, 1621.6455, -49.499, 942.4317, 1562.3224, -45.7578, 127, 127, 127
L 996.9675, 1622.5283, -42.7541, 938.7916, 1621.6455, -49.499, 127, 127, 127
L 1053.8429, 1870.8261, -35.7376, 1053.6587, 1871.9943, -35.7518, 127, 64, 0
L 1048.75, 1871.1476, -36.1753, 1053.8429, 1870.8261, -35.7766, 127, 64, 0
L 1047.801, 1853.45, -36.3053, 1048.75, 1871.1476, -36.1753, 127, 64, 0
L 1065.8558, 1852.7, -35.2695, 1047.801, 1853.45, -36.3053, 127, 64, 0
L 1066.8701, 1869.9229, -35.2299, 1065.8558, 1852.7, -35.2695, 127, 64, 0
L 1062.5986, 1870.1989, -35.3603, 1066.8701, 1869.9229, -35.2299, 127, 64, 0
L 1062.7274, 1871.3976, -35.3902, 1062.5986, 1870.1989, -35.3975, 127, 64, 0
L 1062.7274, 1871.3976, -35.3584, 1068.1438, 1871.347, -35.2017, 127, 64, 0
L 1047.7579, 1872.4403, -36.2212, 1053.6587, 1871.9943, -35.7832, 127, 64, 0
L 1046.4727, 1851.8797, -36.4804, 1047.7579, 1872.4403, -36.3192, 127, 64, 0
L 1066.9055, 1850.7902, -35.2449, 1046.4727, 1851.8797, -36.3932, 127, 64, 0
L 1068.1438, 1871.347, -35.1788, 1066.9055, 1850.7902, -35.2167, 127, 64, 0
L 1096.322, 1909.6204, -34.1144, 1094.8617, 1909.5504, -34.1781, 127, 64, 0
L 1097.6721, 1900.9833, -34.401, 1096.6304, 1900.1066, -34.748, 127, 64, 0
L 1095.3114, 1913.8032, -34.1189, 1112.8711, 1917.2943, -33.4331, 127, 64, 0
L 1095.308, 1913.8157, -34.1191, 1096.322, 1909.6204, -34.932, 127, 64, 0
L 1098.6394, 1895.9873, -33.9889, 1097.6721, 1900.9833, -34.185, 127, 64, 0
L 1116.2466, 1899.4972, -33.3012, 1098.6394, 1895.9873, -33.9889, 127, 64, 0
L 1112.8761, 1917.2708, -33.4328, 1116.2466, 1899.4972, -33.3012, 127, 64, 0
L 1094.8617, 1909.5504, -34.1385, 1093.8857, 1914.7709, -34.1691, 127, 64, 0
L 1097.6429, 1894.6922, -34.337, 1096.6304, 1900.1066, -34.636, 127, 64, 0
L 1117.5799, 1898.5144, -33.2824, 1097.6429, 1894.6922, -33.9919, 127, 64, 0
L 1113.9001, 1918.39, -33.3766, 1117.5799, 1898.5144, -33.2385, 127, 64, 0
L 1093.8857, 1914.7709, -34.1462, 1113.9001, 1918.39, -33.4198, 127, 64, 0
L -1184.943, 2403.3888, 102.9217, 246.397, 2406.1421, -48.304, 0, 0, 0
L -1249.7556, 2063.9315, 48.771, -1184.943, 2403.3888, 102.9217, 0, 0, 0
L -1364.1165, 2021.5286, -60.6471, -1249.7556, 2063.9315, 48.771, 0, 0, 240
L -1359.2589, 2006.41, -60.7479, -1364.1165, 2021.5286, -60.6471, 0, 0, 240
L -1348.1367, 1988.3115, -60.6981, -1359.2589, 2006.41, -60.7479, 0, 0, 240
L -1340.1314, 1998.524, -59.9583, -1348.1367, 1988.3115, -60.6981, 0, 0, 240
L -1247.5516, 1940.8109, -60.2366, -1340.1314, 1998.524, -59.9583, 0, 0, 240
L -1199.9756, 1953.4817, -60.3228, -1247.5516, 1940.8109, -60.2366, 0, 0, 240
L -1186.8231, 1907.6414, -60.7088, -1199.9756, 1953.4817, -60.3228, 0, 0, 240
L -1175.166, 1879.9954, -60.1647, -1186.8231, 1907.6414, -60.7088, 0, 0, 240
L -1157.8333, 1806.1087, -60.593, -1175.166, 1879.9954, -60.1647, 0, 0, 240
L -1159.5226, 1795.56, -60.6103, -1157.8333, 1806.1087, -60.593, 0, 0, 240
L -1159.3259, 1705.2816, -60.3806, -1159.5226, 1795.56, -60.6103, 0, 0, 240
L -1163.6494, 1690.3378, -60.6188, -1159.3259, 1705.2816, -60.3806, 0, 0, 240
L -1169.8632, 1605.9395, -60.5996, -1163.6494, 1690.3378, -60.6188, 0, 0, 240
L -1175.8635, 1578.5078, -60.6066, -1169.8632, 1605.9395, -60.5996, 0, 0, 240
L -1176.2424, 1505.2675, -60.7237, -1175.8635, 1578.5078, -60.6066, 0, 0, 240
L -1182.3489, 1472.2274, -60.6627, -1176.2424, 1505.2675, -60.7237, 0, 0, 240
L -1182.3495, 1403.5309, -60.6193, -1182.3489, 1472.2274, -60.6627, 0, 0, 240
L -1183.9391, 1370.749, -60.508, -1182.3495, 1403.5309, -60.6193, 0, 0, 240
L -1184.4364, 1203.8814, -60.6993, -1183.9391, 1370.749, -60.508, 0, 0, 240
L -1182.2543, 1173.5707, -60.6073, -1184.4364, 1203.8814, -60.6993, 0, 0, 240
L -1182.2451, 1105.806, -60.6501, -1182.2543, 1173.5707, -60.6073, 0, 0, 240
L -1179.3442, 1075.3197, -60.6732, -1182.2451, 1105.806, -60.6501, 0, 0, 240
L -1179.954, 1005.6439, -60.5902, -1179.3442, 1075.3197, -60.6732, 0, 0, 240
L -1173.9961, 979.7861, -60.6713, -1179.954, 1005.6439, -60.5902, 0, 0, 240
L -1173.628, 904.9767, -60.5711, -1173.9961, 979.7861, -60.6713, 0, 0, 240
L -1169.4679, 884.1204, -60.6402, -1173.628, 904.9767, -60.5711, 0, 0, 240
L -1148.1577, 860.735, -60.6768, -1169.4679, 884.1204, -60.6402, 0, 0, 240
L -1093.7488, 861.1689, -60.5675, -1148.1577, 860.735, -60.6768, 0, 0, 240
L -1048.3619, 892.3894, -60.789, -1093.7488, 861.1689, -60.5675, 0, 0, 240
L -961.1532, 892.3188, -60.9102, -1048.3619, 892.3894, -60.789, 0, 0, 240
L -950.2957, 893.9582, -60.2389, -961.1532, 892.3188, -60.9102, 0, 0, 240
L -859.8872, 893.8977, -60.2402, -950.2957, 893.9582, -60.2389, 0, 0, 240
L -848.615, 887.874, -60.5082, -859.8872, 893.8977, -60.2402, 0, 0, 240
L -780.5413, 887.578, -60.6839, -848.615, 887.874, -60.5082, 0, 0, 240
L -765.5463, 879.3461, -60.5705, -780.5413, 887.578, -60.6839, 0, 0, 240
L -755.2645, 805.8794, -60.7569, -765.5463, 879.3461, -60.5705, 0, 0, 240
L -751.5037, 802.7576, -60.192, -755.2645, 805.8794, -60.7569, 0, 0, 240
L -748.4198, 800.6414, -60.8924, -751.5037, 802.7576, -60.192, 0, 0, 240
L -662.3953, 791.1317, -60.2749, -748.4198, 800.6414, -60.8924, 0, 0, 240
L -662.6422, 706.3843, -60.4731, -662.3953, 791.1317, -60.2749, 0, 0, 240
L -648.4063, 664.951, -60.651, -662.6422, 706.3843, -60.4731, 0, 0, 240
L -593.5353, 660.9909, -60.5578, -648.4063, 664.951, -60.651, 0, 0, 240
L -622.4094, 605.6029, -60.6771, -593.5353, 660.9909, -60.5578, 0, 0, 240
L -584.3513, 569.395, -59.996, -622.4094, 605.6029, -60.6771, 0, 0, 240
L -579.6339, 505.692, -59.4322, -584.3513, 569.395, -59.996, 0, 0, 240
L -575.6767, 479.5744, -60.4192, -579.6339, 505.692, -59.4322, 0, 0, 240
L -548.8873, 435.7368, -60.4151, -575.6767, 479.5744, -60.4192, 0, 0, 240
L -528.8052, 424.9807, -60.2408, -548.8873, 435.7368, -60.4151, 0, 0, 240
L -531.5416, 405.7144, -59.8248, -528.8052, 424.9807, -60.2408, 0, 0, 240
L -493.3011, 361.273, -60.387, -531.5416, 405.7144, -59.8248, 0, 0, 240
L -448.644, 327.7192, -60.4266, -493.3011, 361.273, -60.387, 0, 0, 240
L -418.8054, 335.3004, -60.4583, -448.644, 327.7192, -60.4266, 0, 0, 240
L -349.1118, 313.1157, -60.3656, -418.8054, 335.3004, -60.4583, 0, 0, 240
L -248.114, 323.83, -60.5733, -349.1118, 313.1157, -60.3656, 0, 0, 240
L -231.3223, 323.3729, -60.3667, -248.114, 323.83, -60.5733, 0, 0, 240
L -149.109, 314.5441, -60.5792, -231.3223, 323.3729, -60.3667, 0, 0, 240
L -128.3109, 325.5212, -60.6768, -149.109, 314.5441, -60.5792, 0, 0, 240
L -116.6341, 305.7898, -60.7363, -128.3109, 325.5212, -60.6768, 0, 0, 240
L -57.1694, 297.692, -59.966, -116.6341, 305.7898, -60.7363, 0, 0, 240
L -48.3504, 281.2103, -60.5386, -57.1694, 297.692, -59.966, 0, 0, 240
L 22.1434, 276.8407, -60.7905, -48.3504, 281.2103, -60.5386, 0, 0, 240
L 23.1535, 205.3865, -60.5467, 22.1434, 276.8407, -60.7905, 0, 0, 240
L 36.1366, 190.6535, -60.7918, 23.1535, 205.3865, -60.5467, 0, 0, 240
L 39.983, 105.921, -60.2616, 36.1366, 190.6535, -60.7918, 0, 0, 240
L 42.7312, 96.5751, -60.617, 39.983, 105.921, -60.2616, 0, 0, 240
L 50.3626, -3.9091, -60.2143, 42.7312, 96.5751, -60.617, 0, 0, 240
L 67.3114, -93.927, -60.6732, 71.7703, -58.6341, -60.6696, 0, 0, 240
L 51.3297, -136.425, -60.6878, 67.3114, -93.927, -60.6732, 0, 0, 240
L 47.7224, -194.7152, -60.4029, 51.3297, -136.425, -60.6878, 0, 0, 240
L 40.566, -292.3677, -60.2747, 47.7224, -194.7152, -60.4029, 0, 0, 240
L 40.9887, -304.8965, -60.1071, 40.566, -292.3677, -60.2747, 0, 0, 240
L 51.9052, -394.3681, -60.2794, 40.9887, -304.8965, -60.1071, 0, 0, 240
L 77.2733, -468.6032, -60.4346, 51.9052, -394.3681, -60.2794, 0, 0, 240
L 113.726, -494.2434, -60.4583, 77.2733, -468.6032, -60.4346, 0, 0, 240
L 133.1458, -512.4366, -60.2227, 113.726, -494.2434, -60.4583, 0, 0, 240
L 150.7188, -518.1435, -60.4793, 133.1458, -512.4366, -60.2227, 0, 0, 240
L 218.9732, -527.3246, -60.6666, 150.7188, -518.1435, -60.4793, 0, 0, 240
L 251.1458, -538.5925, -60.2736, 218.9732, -527.3246, -60.6666, 0, 0, 240
L 307.738, -538.4225, -60.1375, 251.1458, -538.5925, -60.2736, 0, 0, 240
L 351.9775, -528.4, -60.6888, 307.738, -538.4225, -60.1375, 0, 0, 240
L 450.8331, -495.6881, -60.4095, 351.9775, -528.4, -60.6888, 0, 0, 240
L 455.1397, -494.1458, -60.6681, 450.8331, -495.6881, -60.4095, 0, 0, 240
L 550.8551, -416.9746, -60.2725, 455.1397, -494.1458, -60.6681, 0, 0, 240
L 728.4583, -417.3337, -60.6347, 550.8551, -416.9746, -60.2725, 0, 0, 240
L 751.2071, -475.9909, -60.6916, 728.4583, -417.3337, -60.6347, 0, 0, 240
L 769.8469, -475.8892, -60.6368, 751.2071, -475.9909, -60.6916, 0, 0, 240
L 769.5578, -493.942, -60.6764, 769.8469, -475.8892, -60.6368, 0, 0, 240
L 840.6733, -505.3548, -60.2479, 769.5578, -493.942, -60.6764, 0, 0, 240
L 851.3129, -589.9714, -60.719, 840.6733, -505.3548, -60.2479, 0, 0, 240
L 853.6251, -591.4628, -60.6685, 851.3129, -589.9714, -60.719, 0, 0, 240
L 855.5702, -594.5339, -60.6321, 853.6251, -591.4628, -60.6685, 0, 0, 240
L 926.9701, -618.3654, -60.5101, 855.5702, -594.5339, -60.6321, 0, 0, 240
L 929.208, -694.7128, -60.9551, 926.9701, -618.3654, -60.5101, 0, 0, 240
L 938.6893, -707.3451, -60.4114, 929.208, -694.7128, -60.9551, 0, 0, 240
L 949.2028, -796.1599, -60.3284, 938.6893, -707.3451, -60.4114, 0, 0, 240
L 1023.4713, -822.14, -60.3785, 949.2028, -796.1599, -60.3284, 0, 0, 240
L 1050.8748, -880.2422, -60.5923, 1023.4713, -822.14, -60.3785, 0, 0, 240
L 1084.8356, -894.5774, -60.6747, 1050.8748, -880.2422, -60.5923, 0, 0, 240
L 1151.5161, -902.5593, -59.7387, 1084.8356, -894.5774, -60.6747, 0, 0, 240
L 1160.317, -909.417, -59.1859, 1151.5161, -902.5593, -59.7387, 0, 0, 240
L 1138.8444, 2405.7341, 41.525, 1160.317, -909.417, -59.1859, 0, 0, 0
L 346.4775, 2408.8622, -44.4938, 1138.8444, 2405.7341, 41.525, 0, 0, 0
L 333.3183, 2408.5138, -45.1368, 269.6308, 2408.6365, -45.1041, 127, 127, 127
L 346.6711, 2408.2683, -45.1368, 332.9277, 2408.6741, -45.829, 127, 127, 127
L 341.8632, 2338.5969, -49.499, 346.6711, 2408.2683, -45.4772, 127, 127, 127
L 306.1161, 2341.2345, -49.499, 341.8632, 2338.5969, -49.499, 127, 127, 127
L 304.8942, 2327.3488, -49.499, 306.1161, 2341.2345, -49.499, 127, 127, 127
L 277.8441, 2329.5817, -49.4836, 304.708, 2327.4854, -49.499, 127, 127, 127
L 278.1772, 2343.2953, -49.499, 277.4021, 2329.822, -49.499, 127, 127, 127
L 241.1364, 2345.851, -49.499, 278.1772, 2343.2953, -49.499, 127, 127, 127
L 246.1963, 2408.675, -45.1368, 241.1364, 2345.851, -49.499, 127, 127, 127
L 269.9076, 2408.7444, -44.9444, 246.1963, 2408.675, -45.1368, 127, 127, 127
L 424.1202, 2625.8825, -45.927, 391.6634, 2659.3845, -45.927, 0, 0, 0
L 410.2318, 2593.6718, -45.927, 424.1202, 2625.8825, -45.927, 0, 0, 0
L 396.7198, 2583.344, -45.927, 410.2318, 2593.6718, -45.927, 0, 0, 0
L 386.8793, 2583.3438, -45.927, 396.7198, 2583.344, -45.927, 0, 0, 0
L 348.301, 2572.4771, -45.927, 386.8793, 2583.3438, -45.927, 0, 0, 0
L 297.9631, 2530.5452, -44.9986, 348.301, 2572.4771, -45.927, 0, 0, 0
L 270.5864, 2409.4434, -44.8746, 297.9631, 2530.5452, -44.9986, 0, 0, 0
L 325.9087, 2530.75, -44.9994, 332.9277, 2408.6741, -44.8821, 0, 0, 0
L 354.8285, 2551.2055, -45.927, 325.9087, 2530.75, -44.9994, 0, 0, 0
L 383.29, 2564.8112, -45.927, 354.8285, 2551.2055, -45.927, 0, 0, 0
L 400.2499, 2563.9113, -45.927, 383.29, 2564.8112, -45.927, 0, 0, 0
L 429.1836, 2581.79, -45.927, 400.2499, 2563.9113, -45.927, 0, 0, 0
L 452.697, 2627.5106, -45.927, 429.1836, 2581.79, -45.927, 0, 0, 0
L 418.9986, 2664.7512, -45.927, 452.697, 2627.5106, -45.927, 0, 0, 0
L 138.433, -7.4039, -47.5427, 137.227, -3.9281, -47.5427, 127, 127, 127
L 131.6574, -58.6452, -47.5427, 138.4764, -3.9283, -47.5427, 127, 127, 127
L -255.8004, -58.5739, -50.884, 131.6574, -58.6452, -47.5427, 127, 127, 127
L -253.209, -3.8432, -51.596, -255.8004, -58.5739, -51.596, 127, 127, 127
L 138.4764, -3.9283, -51.2635, -253.209, -3.8432, -51.596, 127, 127, 127
L -1706.1542, -2314.7777, -60.3068, -245.2093, -2394.8984, -48.7113, 0, 0, 0
L -252.2418, -2394.5131, -48.7113, -256.4825, -2308.8227, -48.7327, 127, 127, 127
L -241.8857, -2308.105, -48.7205, -155.7844, -2303.643, -49.499, 127, 127, 127
L -155.7844, -2303.643, -49.499, -151.209, -2394.2411, -49.219, 127, 127, 127
L -152.195, -2394.4207, -48.6368, -155.7578, -2394.2885, -48.6368, 127, 127, 127
L -155.7578, -2394.2885, -48.6368, -157.1761, -2390.5531, -48.6368, 127, 127, 127
L -157.1761, -2390.5531, -48.6368, -165.545, -2390.8654, -48.6368, 127, 127, 127
L -165.545, -2390.8654, -48.6368, -167.1152, -2398.467, -48.6368, 127, 127, 127
L -166.872, -2394.675, -48.6368, -192.1387, -2394.4268, -48.6368, 127, 127, 127
L -192.1387, -2394.4268, -48.4042, -192.9608, -2526.4113, -48.4962, 0, 0, 0
L -192.9608, -2526.4113, -48.4962, -273.8743, -2526.5023, -48.4061, 0, 0, 0
L -273.8743, -2526.5023, -48.4052, -290.5312, -2543.15, -48.4052, 0, 0, 0
L -290.5312, -2543.15, -48.4052, -290.5312, -2560.905, -48.4052, 0, 0, 0
L -290.5312, -2560.905, -48.4052, -278.1016, -2572.5234, -48.4052, 0, 0, 0
L -304.2812, -2573.286, -48.4052, -304.2812, -2528.907, -48.4052, 0, 0, 0
L -304.2812, -2528.907, -48.4052, -288.9399, -2512.7494, -48.4052, 0, 0, 0
L -288.9399, -2512.7494, -48.4052, -224.781, -2512.7182, -48.4671, 0, 0, 0
L -224.781, -2512.7182, -48.4677, -220.383, -2506.2797, -48.4834, 0, 0, 0
L -220.383, -2506.2797, -48.4953, -218.2242, -2487.8616, -48.4369, 0, 0, 0
L -218.2242, -2487.8616, -48.4369, -218.4725, -2394.9104, -48.3434, 0, 0, 0
L -240.4285, -2394.6426, -47.668, -237.6507, -2401.9315, -40.9268, 127, 127, 127
L -237.6507, -2401.9315, -38.2287, -243.7777, -2406.864, -34.4029, 127, 127, 127
L -243.7777, -2406.864, -34.1452, -250.3675, -2402.5569, -37.6492, 127, 127, 127
L -250.3675, -2402.5569, -39.7, -248.2364, -2394.7327, -46.4142, 127, 127, 127
L -219.6364, -2394.6725, -48.6368, -245.2093, -2394.8984, -48.3132, 127, 127, 127
L -167.1152, -2398.467, -43.69, -160.5347, -2402.7746, -39.5478, 127, 127, 127
L -160.5347, -2402.7746, -39.6069, -154.408, -2397.8429, -43.1655, 127, 127, 127
L -154.408, -2397.8429, -46.3213, -156.6819, -2391.8551, -48.6368, 127, 127, 127
L -171.3569, -2312.1257, -48.6368, -164.7764, -2316.4335, -48.6368, 127, 127, 127
L -164.7764, -2316.4335, -48.6368, -158.6497, -2311.5014, -48.6368, 127, 127, 127
L -158.6497, -2311.5014, -48.6368, -161.4402, -2304.1532, -48.6368, 127, 127, 127
L -161.4402, -2304.1532, -48.7494, -169.3003, -2304.5392, -48.7494, 127, 127, 127
L -169.3003, -2304.5392, -48.6368, -171.3569, -2312.1257, -48.6368, 127, 127, 127
L -241.8924, -2315.5905, -48.6368, -248.193, -2320.5226, -48.6368, 127, 127, 127
L -248.193, -2320.5226, -48.6368, -254.6091, -2316.2157, -48.6368, 127, 127, 127
L -254.6091, -2316.2157, -48.6368, -252.5427, -2308.6291, -48.6368, 127, 127, 127
L -256.4825, -2308.8227, -48.7492, -241.8857, -2308.105, -48.7494, 127, 127, 127
L -244.6895, -2308.2505, -48.6368, -241.8924, -2315.5905, -48.6368, 127, 127, 127
L 1161.49, -1090.4679, -61.4024, 1155.3833, -1094.2255, -60.9395, 0, 0, 240
L 1155.3833, -1094.2255, -60.9395, 1151.3641, -1106.2318, -60.3145, 0, 0, 240
L 1151.3641, -1106.2318, -60.3145, 995.2631, -1150.3108, -60.6246, 0, 0, 240
L 995.2631, -1150.3108, -60.6246, 994.4995, -1094.7276, -60.7169, 0, 0, 240
L 994.4995, -1094.7276, -60.7169, 961.525, -1084.5882, -60.6272, 0, 0, 240
L 961.525, -1084.5882, -60.6272, 861.2318, -1083.6365, -60.2282, 0, 0, 240
L 861.2318, -1083.6365, -60.2282, 851.662, -1053.257, -60.4643, 0, 0, 240
L 851.662, -1053.257, -60.4643, 793.2111, -1052.7433, -60.6019, 0, 0, 240
L 793.2111, -1052.7433, -60.6019, 792.8712, -994.6096, -60.6494, 0, 0, 240
L 792.8712, -994.6096, -60.6494, 762.7634, -982.6875, -60.5617, 0, 0, 240
L 762.7634, -982.6875, -60.5617, 758.1369, -886.6752, -60.3977, 0, 0, 240
L 758.1369, -886.6752, -60.3977, 750.8244, -879.7811, -60.5054, 0, 0, 240
L 750.8244, -879.7811, -60.5054, 697.4877, -848.2219, -60.7222, 0, 0, 240
L 697.4877, -848.2219, -60.7222, 686.221, -794.1743, -60.6283, 0, 0, 240
L 686.221, -794.1743, -60.6283, 672.4287, -773.1295, -60.7088, 0, 0, 240
L 672.4287, -773.1295, -60.7088, 656.9643, -693.8232, -60.4969, 0, 0, 240
L 656.9643, -693.8232, -60.4969, 656.389, -688.5813, -60.6661, 0, 0, 240
L 656.389, -688.5813, -60.6661, 551.3138, -686.6173, -60.493, 0, 0, 240
L 551.3138, -686.6173, -60.493, 525.4968, -694.4358, -60.3327, 0, 0, 240
L 525.4968, -694.4358, -60.3327, 451.4096, -748.6319, -60.4769, 0, 0, 240
L 451.4096, -748.6319, -60.4769, 387.663, -758.942, -60.4829, 0, 0, 240
L 387.663, -758.942, -60.4829, 351.6209, -781.3228, -60.1084, 0, 0, 240
L 351.6209, -781.3228, -60.1084, 264.7398, -781.605, -60.1516, 0, 0, 240
L 264.7398, -781.605, -60.1516, 251.9028, -782.8464, -60.1129, 0, 0, 240
L 251.9028, -782.8464, -60.1129, 163.2838, -782.2364, -60.7663, 0, 0, 240
L 163.2838, -782.2364, -60.7663, 151.792, -780.5184, -60.5641, 0, 0, 240
L 151.792, -780.5184, -60.5641, 65.2612, -781.1183, -60.745, 0, 0, 240
L 65.2612, -781.1183, -60.745, 51.7646, -756.3315, -60.85, 0, 0, 240
L 51.7646, -756.3315, -60.85, -10.6644, -756.1521, -60.6591, 0, 0, 240
L -10.6644, -756.1521, -60.6591, -20.5899, -694.186, -60.5788, 0, 0, 240
L -20.5899, -694.186, -60.5788, -49.5, -685.8626, -60.383, 0, 0, 240
L -49.5, -685.8626, -60.383, -128.164, -673.5687, -60.829, 0, 0, 240
L -128.164, -673.5687, -60.829, -131.1932, -594.4441, -60.2062, 0, 0, 240
L -131.1932, -594.4441, -60.2062, -148.7819, -520.2224, -60.5302, 0, 0, 240
L -148.7819, -520.2224, -60.5302, -157.4019, -503.1216, -60.6837, 0, 0, 240
L -157.4019, -503.1216, -60.6837, -167.4719, -494.3928, -60.6837, 0, 0, 240
L -167.4719, -494.3928, -60.6837, -196.4125, -441.15, -60.4868, 0, 0, 240
L -196.4125, -441.15, -60.4868, -215.1562, -394.1446, -60.667, 0, 0, 240
L -215.1562, -394.1446, -60.667, -220.3361, -365.1929, -60.6032, 0, 0, 240
L -220.3361, -365.1929, -60.6032, -220.3108, -194.4984, -60.6133, 0, 0, 240
L -220.3108, -194.4984, -60.6133, -227.567, -173.4591, -60.6878, 0, 0, 240
L -227.567, -173.4591, -60.6878, -234.4285, -94.3572, -60.4671, 0, 0, 240
L -234.4285, -94.3572, -60.4671, -237.4345, -82.3084, -60.4962, 0, 0, 240
L -237.4345, -82.3084, -60.4962, -237.8127, -58.5771, -60.694, 0, 0, 240
L -236.3006, -2.7917, -60.268, -236.3006, 5.1314, -60.1732, 0, 0, 240
L -236.3006, 5.1314, -60.1732, -238.5674, 16.3038, -60.4652, 0, 0, 240
L -238.5674, 16.3038, -60.4652, -249.544, 83.734, -60.5945, 0, 0, 240
L -249.544, 83.734, -60.5945, -254.8454, 99.7514, -60.4155, 0, 0, 240
L -254.8454, 99.7514, -60.4155, -348.7771, 104.6747, -60.6326, 0, 0, 240
L -348.7771, 104.6747, -60.6326, -351.4805, 102.9119, -60.5412, 0, 0, 240
L -351.4805, 102.9119, -60.5412, -376.786, 106.381, -60.773, 0, 0, 240
L -376.786, 106.381, -60.773, -447.6594, 106.8802, -60.3918, 0, 0, 240
L -447.6594, 106.8802, -60.3918, -539.7636, 114.1881, -60.3338, 0, 0, 240
L -539.7636, 114.1881, -60.3338, -548.4593, 117.7048, -60.2419, 0, 0, 240
L -548.4593, 117.7048, -60.2419, -644.6625, 109.7441, -60.5476, 0, 0, 240
L -644.6625, 109.7441, -60.5476, -606.1826, 205.509, -60.4444, 0, 0, 240
L -606.1826, 205.509, -60.4444, -615.8686, 238.2083, -60.2556, 0, 0, 240
L -615.8686, 238.2083, -60.2556, -648.6598, 252.663, -60.705, 0, 0, 240
L -648.6598, 252.663, -60.705, -731.5082, 222.8342, -60.448, 0, 0, 240
L -731.5082, 222.8342, -60.448, -732.3451, 305.6177, -60.2552, 0, 0, 240
L -732.3451, 305.6177, -60.2552, -738.8685, 314.9501, -60.2265, 0, 0, 240
L -738.8685, 314.9501, -60.2265, -748.6203, 357.5389, -60.6741, 0, 0, 240
L -748.6203, 357.5389, -60.6741, -795.9486, 357.5645, -60.6373, 0, 0, 240
L -795.9486, 357.5645, -60.6373, -797.91, 405.5006, -60.6174, 0, 0, 240
L -797.91, 405.5006, -60.6174, -832.9846, 421, -60.5842, 0, 0, 240
L -832.9846, 421, -60.5842, -831.503, 505.1999, -60.6317, 0, 0, 240
L -831.503, 505.1999, -60.6317, -836.7111, 517.4841, -60.4515, 0, 0, 240
L -836.7111, 517.4841, -60.4515, -848.8984, 553.8718, -60.6462, 0, 0, 240
L -848.8984, 553.8718, -60.6462, -871.5847, 583.2364, -60.5397, 0, 0, 240
L -871.5847, 583.2364, -60.5397, -882.8273, 605.6123, -60.6799, 0, 0, 240
L -882.8273, 605.6123, -60.6799, -927.5281, 627.955, -60.1796, 0, 0, 240
L -927.5281, 627.955, -60.1796, -948.3858, 641.1663, -60.3288, 0, 0, 240
L -948.3858, 641.1663, -60.3288, -1024.5051, 630.1041, -61.313, 0, 0, 240
L -1024.5051, 630.1041, -61.313, -1048.3848, 622.2095, -59.6983, 0, 0, 240
L -1048.3848, 622.2095, -59.6983, -1062.3479, 605.7187, -59.8442, 0, 0, 240
L -1063.1477, 605.8111, -60.7218, -1081.9258, 506.2604, -60.75, 0, 0, 240
L -1081.9258, 506.2604, -60.75, -1153.205, 405.5167, -59.9478, 0, 0, 240
L -1153.205, 405.5167, -59.9478, -1155.535, 306.3516, -60.5632, 0, 0, 240
L -1155.535, 306.3516, -60.5632, -1163.5202, 205.6048, -60.2227, 0, 0, 240
L -1163.5202, 205.6048, -60.2227, -1196.6242, 106.5979, -60.5471, 0, 0, 240
L -1196.6242, 106.5979, -60.5471, -1195.3513, 5.4324, -60.4688, 0, 0, 240
L -1195.3513, 5.4324, -60.4688, -1192.8544, -37.6396, -60.478, 0, 0, 240
L -1192.8544, -37.6396, -60.478, -1167.7195, -94.441, -60.6263, 0, 0, 240
L -1167.7195, -94.441, -60.6263, -1166.7822, -129.3901, -60.5878, 0, 0, 240
L -1166.6226, -149.4036, -60.4971, -1166.6312, -196.6374, -60.5803, 0, 0, 240
L -1166.6312, -196.6374, -60.5803, -1165.6775, -211.8083, -60.5521, 0, 0, 240
L -1165.6775, -211.8083, -60.5521, -1168.7013, -293.6612, -60.6516, 0, 0, 240
L -1168.7013, -293.6612, -60.6516, -1166.1549, -312.1922, -60.1811, 0, 0, 240
L -1166.1549, -312.1922, -60.1811, -1198.1784, -393.9323, -60.3978, 0, 0, 240
L -1198.1784, -393.9323, -60.3978, -1195.8544, -440.6397, -60.837, 0, 0, 240
L -1195.8544, -440.6397, -60.837, -1159.8225, -493.8826, -60.4675, 0, 0, 240
L -1159.8225, -493.8826, -60.4675, -1159.4278, -604.7432, -60.4894, 0, 0, 240
L -1159.4278, -604.7432, -60.4894, -1186.2119, -693.134, -60.8701, 0, 0, 240
L -1186.2119, -693.134, -60.8701, -1186.1641, -931.9166, -60.8599, 0, 0, 240
L -1186.1641, -931.9166, -60.8599, -1159.4429, -994.2912, -60.6167, 0, 0, 240
L -1159.4429, -994.2912, -60.6167, -1159.6503, -1193.3958, -60.6974, 0, 0, 240
L -1159.6503, -1193.3958, -60.6974, -1161.2929, -1206.4181, -60.9275, 0, 0, 240
L -1161.2929, -1206.4181, -60.9275, -1174.9848, -1293.9376, -60.7781, 0, 0, 240
L -1174.9848, -1293.9376, -60.7781, -1176.7128, -1322.882, -60.8819, 0, 0, 240
L -1176.7128, -1322.882, -60.8819, -1191.2054, -1394.5454, -60.5561, 0, 0, 240
L -1191.2054, -1394.5454, -60.5561, -1193.8945, -1439.817, -60.1458, 0, 0, 240
L -1193.8945, -1439.817, -60.1458, -1202.9988, -1494.791, -60.5987, 0, 0, 240
L -1202.9988, -1494.791, -60.5987, -1206.4966, -1552.1313, -60.5885, 0, 0, 240
L -1206.4966, -1552.1313, -60.5885, -1207.248, -1593.6548, -60.4575, 0, 0, 240
L -1207.248, -1593.6548, -60.4575, -1211.4249, -1656.7282, -60.6039, 0, 0, 240
L -1211.4249, -1656.7282, -60.6039, -1174.9059, -1694.393, -60.5932, 0, 0, 240
L -1174.9059, -1694.393, -60.5932, -1175.2996, -1820.1521, -60.7361, 0, 0, 240
L -1175.2996, -1820.1521, -60.7361, -1191.388, -1893.934, -60.698, 0, 0, 240
L -1191.388, -1893.934, -60.698, -1187.5449, -1933.4075, -60.5189, 0, 0, 240
L -1187.5449, -1933.4075, -60.5189, -1187.9577, -1994.4873, -60.7942, 0, 0, 240
L -1187.9577, -1994.4873, -60.7942, -1167.5552, -2094.2714, -60.7903, 0, 0, 240
L -1167.5552, -2094.2714, -60.7903, -1193.4619, -2138.4429, -60.7329, 0, 0, 240
L -1193.4619, -2138.4429, -60.7329, -1193.7666, -2194.1948, -60.6167, 0, 0, 240
L -1193.7666, -2194.1948, -60.6167, -1248.5851, -2212.691, -60.5972, 0, 0, 240
L -1248.5851, -2212.691, -60.5972, -1303.9992, -2194.293, -60.5598, 0, 0, 240
L -1303.9992, -2194.293, -60.5598, -1348.1342, -2169.2885, -60.6015, 0, 0, 240
L -1348.1342, -2169.2885, -60.6015, -1373.9081, -2167.9812, -60.6578, 0, 0, 240
L -1373.9081, -2167.9812, -60.6578, -1448.4434, -2150.1228, -60.5897, 0, 0, 240
L -1448.4434, -2150.1228, -60.5897, -1495.3932, -2145.9524, -60.8162, 0, 0, 240
L -1495.3932, -2145.9524, -60.8162, -1548.4143, -2137.4535, -60.6347, 0, 0, 240
L -1548.4143, -2137.4535, -60.6347, -1646.139, -2096.709, -60.7873, 0, 0, 240
L -1646.139, -2096.709, -60.7873, -1626.5811, -2194.6033, -60.5294, 0, 0, 240
L -1626.5811, -2194.6033, -60.5294, -1624.4132, -2217.9072, -60.6034, 0, 0, 240
L -1624.4132, -2217.9072, -60.6034, -1647.9271, -2214.994, -60.6518, 0, 0, 240
L -1647.9271, -2214.994, -60.6518, -1707.175, -2294.614, -60.8477, 0, 0, 240
L -1707.175, -2294.614, -60.8477, -1706.6865, -2314.6359, -60.6403, 0, 0, 240
L -151.7578, -2394.6819, -48.6477, 1169.9303, -2399.1685, 35.1676, 0, 0, 0
L 1169.9303, -2399.1685, 35.1676, 1161.49, -1090.4679, -59.694, 0, 0, 0
L 343.9091, 2391.1361, -45.1368, 337.896, 2396.2172, -45.1368, 127, 127, 127
L 337.896, 2396.2172, -45.1368, 331.2114, 2392.722, -45.1368, 127, 127, 127
L 331.2114, 2392.722, -45.1368, 333.908, 2384.4375, -45.1368, 127, 127, 127
L 333.908, 2384.4375, -45.1368, 340.9293, 2383.8591, -45.1368, 127, 127, 127
L 340.9293, 2383.8591, -45.1368, 343.9091, 2391.1361, -45.1368, 127, 127, 127
L 260.7823, 2397.268, -45.1368, 257.7909, 2389.9376, -45.1368, 127, 127, 127
L 257.7909, 2389.9376, -45.1368, 249.961, 2390.5817, -45.1368, 127, 127, 127
L 249.961, 2390.5817, -45.1368, 248.944, 2398.2038, -45.1368, 127, 127, 127
L 248.944, 2398.2038, -45.1368, 254.7786, 2402.3488, -45.1368, 127, 127, 127
L 254.7786, 2402.3488, -45.1368, 260.7823, 2397.268, -45.1368, 127, 127, 127
L 260.329, 2396.1572, -45.1368, 258.3201, 2391.2341, -45.1368, 127, 127, 127
L 327.901, 2347.1941, -45.1368, 329.7982, 2339.4872, -45.1368, 127, 127, 127
L 334.5858, 2351.3393, -45.1368, 327.901, 2347.1941, -45.1368, 127, 127, 127
L 334.5858, 2351.3393, -45.1368, 340.5987, 2346.2581, -45.1368, 127, 127, 127
L 340.5987, 2346.2581, -45.1368, 337.5908, 2338.9126, -45.1368, 127, 127, 127
L 257.4719, 2352.3899, -45.1368, 254.4293, 2344.934, -45.1368, 127, 127, 127
L 246.7086, 2345.4668, -45.1368, 244.7838, 2353.3258, -45.1368, 127, 127, 127
L 244.7838, 2353.3258, -45.1368, 251.4681, 2357.4708, -45.1368, 127, 127, 127
L 251.4681, 2357.4708, -45.1368, 257.4719, 2352.3899, -45.1368, 127, 127, 127
L -1213.5508, -129.6473, -51.7391, -1213.5431, -149.3136, -51.737, 127, 64, 0
L -1213.5431, -149.3136, -51.737, -1153.626, -149.4285, -51.7351, 127, 64, 0
L -1161.902, -129.7552, -51.7299, -1161.902, -126.463, -51.7293, 127, 64, 0
L -1161.902, -126.463, -51.7287, -1166.2092, -126.463, -51.7282, 127, 64, 0
L -1166.2092, -126.463, -51.7276, -1166.2157, -129.7446, -51.7287, 127, 64, 0
L -1161.266, -153.1244, -51.7274, -1161.266, -149.4139, -51.7269, 127, 64, 0
L -1161.266, -153.1244, -51.7259, -1166.391, -153.1244, -51.7257, 127, 64, 0
L -1166.391, -153.1244, -51.725, -1166.391, -149.404, -51.7248, 127, 64, 0
L -1185.4836, -130.3882, -51.718, -1185.4836, -130.3882, -51.7175, 127, 64, 0
L -1180.7464, -129.7147, -51.7394, -1180.7464, -126.463, -51.7387, 127, 64, 0
L -1180.7464, -126.463, -51.7383, -1185.8714, -126.463, -51.7379, 127, 64, 0
L -1185.8714, -126.463, -51.7374, -1185.8714, -129.7041, -51.737, 127, 64, 0
L -1185.9846, -149.3665, -51.7361, -1185.9846, -153.1244, -51.7355, 127, 64, 0
L -1185.9846, -153.1244, -51.7347, -1180.8674, -153.1244, -51.734, 127, 64, 0
L -1180.8674, -153.1244, -51.7331, -1180.8574, -149.3762, -51.7325, 127, 64, 0
L -1204.2759, -148.5072, -51.7227, -1204.2759, -148.5072, -51.7224, 127, 64, 0
L -1202.7933, -149.3343, -51.7212, -1202.7933, -153.1244, -51.7396, 127, 64, 0
L -1202.7933, -153.1244, -51.7389, -1207.9182, -153.1244, -51.7381, 127, 64, 0
L -1207.9182, -153.1244, -51.7376, -1207.9183, -149.3243, -51.7372, 127, 64, 0
L -1207.9142, -129.6336, -51.7364, -1207.9213, -126.463, -51.7359, 127, 64, 0
L -1207.9213, -126.463, -51.7355, -1202.8871, -126.463, -51.7349, 127, 64, 0
L -1202.8871, -126.463, -51.7346, -1202.7816, -129.6694, -51.734, 127, 64, 0
L -1213.5508, -129.6473, -51.7389, -1153.7209, -129.7703, -51.7372, 127, 64, 0
L -1153.626, -149.4285, -51.7338, -1153.7209, -129.7703, -51.7329, 127, 64, 0
L 329.9621, -1027.1975, -55.4457, 338.1612, -1021.7332, -55.1101, 127, 127, 127
L 338.1612, -1021.7332, -55.114, 343.6426, -1029.9873, -54.1514, 127, 127, 127
L 335.4753, -1035.4657, -53.7824, 329.9621, -1027.1975, -53.5343, 127, 127, 127
L 343.2096, -1018.3943, -53.4915, 348.6745, -1026.5615, -53.3198, 127, 127, 127
L 356.8156, -1021.1137, -52.7935, 351.3439, -1012.9456, -52.468, 127, 127, 127
L 351.3439, -1012.9456, -52.3703, 343.2096, -1018.3943, -52.763, 127, 127, 127
L 383.7644, -1025.6739, -56.3252, 392.28, -1020.1557, -56.1454, 127, 127, 127
L 397.5722, -1028.4191, -57.204, 389.2814, -1033.9653, -57.1507, 127, 127, 127
L 389.2814, -1033.9653, -57.33, 383.7644, -1025.6739, -56.5489, 127, 127, 127
L 392.591, -1038.8684, -57.6745, 400.9067, -1033.3187, -57.5287, 127, 127, 127
L 406.6114, -1041.8209, -58.3888, 398.1209, -1047.1791, -58.5489, 127, 127, 127
L 398.1209, -1047.1791, -58.4065, 392.591, -1038.8684, -57.9027, 127, 127, 127
L 332.7479, -1061.5752, -59.3911, 338.3593, -1069.9535, -59.6433, 127, 127, 127
L 338.3593, -1069.9535, -59.9373, 329.9608, -1075.5868, -60.4577, 127, 127, 127
L 329.9608, -1075.5868, -60.5037, 324.3475, -1067.1663, -60.1978, 127, 127, 127
L 324.3475, -1067.1663, -59.9196, 332.7479, -1061.5752, -59.4742, 127, 127, 127
L 341.6222, -1074.7552, -60.2796, 333.1931, -1080.3653, -60.7616, 127, 127, 127
L 347.2524, -1083.162, -60.468, 341.6222, -1074.7552, -60.1715, 127, 127, 127
L 377.5742, -1078.3617, -60.7687, 369.1417, -1083.9957, -60.9281, 127, 127, 127
L 369.1417, -1083.9957, -61.1343, 374.7773, -1092.4592, -61.7205, 127, 127, 127
L 383.2393, -1086.7925, -61.4769, 377.5742, -1078.3617, -60.923, 127, 127, 127
L 387.9812, -1083.5658, -61.3271, 382.3507, -1075.1198, -60.7584, 127, 127, 127
L 382.3507, -1075.1198, -60.5553, 390.7665, -1069.4912, -60.3975, 127, 127, 127
L 390.7665, -1069.4912, -60.5022, 396.4254, -1077.9052, -61.1326, 127, 127, 127
L 338.8256, -1088.8144, -61.191, 347.2524, -1083.162, -60.7126, 127, 127, 127
L 338.8256, -1088.8144, -61.292, 333.1931, -1080.3653, -60.9729, 127, 127, 127
L 362.8335, -1066.9272, -59.1103, 352.5484, -1051.4058, -57.9594, 127, 127, 127
L 352.5484, -1051.4058, -57.6638, 367.9619, -1041.1323, -57.3063, 127, 127, 127
L 367.9619, -1041.1323, -57.4489, 378.3426, -1056.5388, -58.6916, 127, 127, 127
L 378.3426, -1056.5388, -58.8815, 362.8335, -1066.9272, -59.2693, 127, 127, 127
L 406.6114, -1041.8209, -58.1858, 400.9067, -1033.3187, -57.6921, 127, 127, 127
L 397.5722, -1028.4191, -56.865, 392.28, -1020.1557, -56.2094, 127, 127, 127
L 356.8156, -1021.1137, -55.2854, 348.6745, -1026.5615, -55.4495, 127, 127, 127
L 343.6426, -1029.9873, -56.3455, 335.4753, -1035.4657, -56.7864, 127, 127, 127
L 374.7773, -1092.4592, -61.8669, 383.2393, -1086.7925, -61.7158, 127, 127, 127
L 387.9812, -1083.5658, -61.4774, 396.4254, -1077.9052, -61.3515, 127, 127, 127
L -1008.8799, -2203.7629, -31.6811, -988.6, -2203.8236, -30.8273, 240, 240, 240
L -988.6, -2203.8236, -30.7381, -962.2655, -2248.4164, -30.3652, 240, 240, 240
L -962.2655, -2248.4164, -30.4141, -988.256, -2292.9904, -36.5589, 240, 240, 240
L -988.256, -2292.9904, -37.745, -1039.4337, -2292.9308, -45.5531, 240, 240, 240
L -1039.4337, -2292.9308, -45.9099, -1065.1835, -2248.4032, -42.6236, 240, 240, 240
L -1065.1835, -2248.4032, -42.2991, -1039.4508, -2203.7694, -36.1756, 240, 240, 240
L -1039.4508, -2203.7694, -35.9134, -1018.6298, -2203.7676, -31.6811, 240, 240, 240
L -1008.8799, -2203.7629, -30.8448, -1008.8798, -2210.1118, -30.8448, 240, 240, 240
L -1018.6298, -2210.1116, -30.8448, -1018.6298, -2203.7676, -30.8448, 240, 240, 240
L -1018.6298, -2210.1116, -31.4933, -1035.8705, -2210.1118, -31.4933, 240, 240, 240
L -1035.8705, -2210.1118, -31.4933, -1057.9717, -2248.4293, -31.4933, 240, 240, 240
L -1057.9717, -2248.4293, -31.4933, -1035.8706, -2286.713, -31.4933, 240, 240, 240
L -1035.8706, -2286.713, -31.4933, -991.6381, -2286.7134, -31.4933, 240, 240, 240
L -991.6381, -2286.7134, -31.4933, -969.5303, -2248.4162, -31.4933, 240, 240, 240
L -969.5303, -2248.4162, -31.4933, -991.6387, -2210.1118, -31.4933, 240, 240, 240
L -991.6387, -2210.1118, -31.4933, -1008.8798, -2210.1118, -31.4933, 240, 240, 240
L -445.4624, -2169.8375, -43.2479, -467.5711, -2131.5331, -43.2479, 240, 240, 240
L -467.5711, -2131.5331, -43.2479, -445.4624, -2093.2363, -43.2479, 240, 240, 240
L -445.4624, -2093.2363, -43.2479, -401.2305, -2093.2363, -43.2479, 240, 240, 240
L -401.2305, -2093.2363, -43.2479, -379.1218, -2131.5331, -39.2742, 240, 240, 240
L -379.1218, -2131.5331, -39.2742, -401.2305, -2169.8375, -43.2479, 240, 240, 240
L -401.2305, -2169.8375, -43.2479, -418.4714, -2169.8375, -43.2479, 240, 240, 240
L -418.4714, -2169.8375, -42.5994, -418.4714, -2176.1885, -42.5994, 240, 240, 240
L -428.2214, -2176.1902, -43.4354, -449.885, -2176.932, -49.499, 240, 240, 240
L -449.885, -2176.932, -49.499, -474.8061, -2131.5307, -49.499, 240, 240, 240
L -474.8061, -2131.5307, -49.499, -449.727, -2086.9641, -49.2841, 240, 240, 240
L -449.727, -2086.9641, -49.499, -397.6091, -2086.9722, -49.499, 240, 240, 240
L -397.6091, -2086.9722, -49.499, -371.6943, -2131.8762, -49.499, 240, 240, 240
L -371.6943, -2131.8762, -49.499, -397.6329, -2176.1028, -49.499, 240, 240, 240
L -428.2214, -2169.8375, -43.2479, -445.4623, -2169.8375, -43.2479, 240, 240, 240
L -428.2214, -2169.8375, -42.5994, -428.2214, -2176.1902, -42.5994, 240, 240, 240
L -429.6225, -2169.8375, -43.2479, -445.4623, -2169.8375, -43.2479, 240, 240, 240
L -418.4714, -2176.1885, -43.4354, -397.6329, -2176.1028, -49.499, 240, 240, 240
L -412.7839, -2176.1044, -49.499, -413.5756, -2191.688, -49.499, 240, 240, 240
L -413.5756, -2191.688, -49.499, -431.4696, -2191.6055, -49.4831, 240, 240, 240
L -432.7291, -2176.1046, -49.499, -431.4696, -2191.6055, -49.2956, 240, 240, 240
L 1069.9924, -2196.4171, -24.5731, 1069.9908, -2180.644, -23.8832, 240, 240, 240
L 1069.9908, -2180.644, -23.7228, 1114.5551, -2154.3222, -20.3154, 240, 240, 240
L 1114.5551, -2154.3222, -20.1748, 1159.16, -2180.556, -11.224, 240, 240, 240
L 1159.16, -2180.556, -9.6979, 1159.1448, -2231.547, -14.208, 240, 240, 240
L 1159.1448, -2231.547, -16.7971, 1114.5406, -2257.2296, -27.3857, 240, 240, 240
L 1114.5406, -2257.2296, -27.5281, 1070.38, -2231.5084, -27.4969, 240, 240, 240
L 1070.38, -2231.5084, -27.4048, 1069.999, -2216.3569, -26.2412, 240, 240, 240
L 1069.9113, -2216.3598, -26.2417, 1045.3131, -2215.6208, -26.8423, 240, 240, 240
L 1045.3131, -2215.6208, -26.8423, 1045.6044, -2203.9326, -26.4924, 240, 240, 240
L 1045.6044, -2203.9326, -26.4924, 1046.8345, -2198.9911, -26.103, 240, 240, 240
L 1046.8345, -2198.9911, -26.103, 1046.574, -2197.4459, -26.1232, 240, 240, 240
L 1046.574, -2197.4459, -26.1232, 1069.9092, -2196.4203, -24.5731, 240, 240, 240
L 1069.9092, -2196.4203, -16.966, 1069.9052, -2200.925, -16.9665, 240, 240, 240
L 1069.9047, -2210.675, -16.9665, 1069.9113, -2216.3598, -16.9656, 240, 240, 240
L 1069.9052, -2200.925, -16.1305, 1076.2503, -2200.9247, -16.1305, 240, 240, 240
L 1069.9047, -2210.675, -16.1305, 1076.2501, -2210.6745, -16.1305, 240, 240, 240
L 1076.2501, -2210.6745, -16.7789, 1076.2503, -2227.9158, -16.7789, 240, 240, 240
L 1076.2503, -2227.9158, -16.7789, 1114.5547, -2250.243, -16.7789, 240, 240, 240
L 1114.5547, -2250.243, -16.7789, 1152.8517, -2227.9162, -16.7789, 240, 240, 240
L 1152.8517, -2227.9162, -16.7789, 1152.8517, -2183.6811, -16.7789, 240, 240, 240
L 1152.8517, -2183.6811, -16.7789, 1114.5547, -2161.5754, -16.7789, 240, 240, 240
L 1114.5547, -2161.5754, -16.7789, 1076.2503, -2183.6837, -16.7789, 240, 240, 240
L 1076.2503, -2183.6837, -16.7789, 1076.2503, -2200.9247, -16.7789, 240, 240, 240
L 762.7083, -1810.5388, -83.2951, 788.4488, -1765.9973, -79.8405, 240, 240, 240
L 788.4488, -1765.9973, -79.5614, 762.7314, -1721.4168, -77.5588, 240, 240, 240
L 762.7314, -1721.4168, -77.6531, 711.249, -1721.4014, -74.7793, 240, 240, 240
L 711.249, -1721.4014, -74.6645, 685.5072, -1765.9924, -76.2852, 240, 240, 240
L 685.5072, -1765.9924, -76.5871, 711.2494, -1810.554, -80.5178, 240, 240, 240
L 727.6053, -1810.5517, -82.1518, 728.4388, -1827.187, -80.5972, 240, 240, 240
L 728.4388, -1827.187, -80.5972, 746.7388, -1830.5269, -81.95, 240, 240, 240
L 746.7388, -1830.5269, -81.95, 747.5506, -1810.5446, -84.93, 240, 240, 240
L 732.113, -1810.6473, -74.1426, 711.2494, -1810.554, -80.5729, 240, 240, 240
L 741.863, -1810.6503, -74.1426, 762.7083, -1810.5388, -83.448, 240, 240, 240
L 732.113, -1810.6473, -73.3066, 732.1131, -1804.297, -73.3066, 240, 240, 240
L 741.863, -1810.6503, -73.3066, 741.863, -1804.297, -73.3066, 240, 240, 240
L 759.1041, -1804.297, -73.9549, 781.433, -1766.2858, -72.944, 240, 240, 240
L 781.433, -1766.2858, -72.944, 759.1041, -1727.6954, -73.9549, 240, 240, 240
L 759.1041, -1727.6954, -73.9549, 714.8719, -1727.6956, -73.9549, 240, 240, 240
L 714.8719, -1727.6956, -73.9549, 692.7635, -1765.9924, -73.9549, 240, 240, 240
L 692.7635, -1765.9924, -73.9549, 714.8721, -1804.2971, -73.9549, 240, 240, 240
L 732.1131, -1804.297, -73.9549, 714.8718, -1804.297, -73.9549, 240, 240, 240
L 741.863, -1804.297, -73.9549, 759.1038, -1804.297, -73.9549, 240, 240, 240
L -2381.695, -2134.2961, -60.5469, -2606.7507, -2074.1664, 132.5424, 0, 0, 0
L -2611.123, 1919.304, 81.7121, -2368.6784, 1939.9402, -60.5825, 0, 0, 0
L -2368.6784, 1939.9402, -60.5825, -2398.3964, 1856.5369, -60.1028, 0, 0, 240
L -2398.3964, 1856.5369, -60.1028, -2398.2451, 1806.3973, -60.6347, 0, 0, 240
L -2398.2451, 1806.3973, -60.6347, -2371.9884, 1782.8052, -60.9309, 0, 0, 240
L -2371.9884, 1782.8052, -60.9309, -2372.199, 1705.6876, -60.5277, 0, 0, 240
L -2392.6869, 1661.9387, -60.3868, -2372.199, 1705.6876, -60.3579, 0, 0, 240
L -2392.6869, 1661.9387, -60.8626, -2393.4944, 1605.1239, -60.4179, 0, 0, 240
L -2369.9517, 1584.354, -60.3288, -2364.5531, 1406.224, -60.2867, 0, 0, 240
L -2364.5531, 1406.224, -60.2867, -2367.6995, 1386.3335, -60.5384, 0, 0, 240
L -2367.6995, 1386.3335, -60.5384, -2372.8629, 1305.3804, -60.7606, 0, 0, 240
L -2372.8629, 1305.3804, -60.7606, -2392.1862, 1262.1982, -60.2261, 0, 0, 240
L -2392.1862, 1262.1982, -60.2261, -2392.1525, 1205.9196, -60.5634, 0, 0, 240
L -2392.1525, 1205.9196, -60.5634, -2372.859, 1181.7681, -60.688, 0, 0, 240
L -2372.859, 1181.7681, -60.688, -2372.751, 1105.6106, -59.981, 0, 0, 240
L -2372.751, 1105.6106, -59.981, -2384.4906, 1069.8642, -60.3166, 0, 0, 240
L -2384.4906, 1069.8642, -60.3166, -2384.4839, 1006.3622, -60.521, 0, 0, 240
L -2384.4839, 1006.3622, -60.521, -2375.833, 979.86, -60.3755, 0, 0, 240
L -2375.833, 979.86, -60.3755, -2364.4101, 905.7522, -60.2595, 0, 0, 240
L -2364.4101, 905.7522, -60.2595, -2371.855, 883.9283, -60.3791, 0, 0, 240
L -2371.855, 883.9283, -60.3791, -2395.715, 758.363, -60.6766, 0, 0, 240
L -2395.715, 758.363, -60.6766, -2396.1464, 705.5012, -60.5182, 0, 0, 240
L -2396.1464, 705.5012, -60.5182, -2419.3061, 635.2028, -60.5197, 0, 0, 240
L -2419.3061, 635.2028, -60.5197, -2347.7125, 606.6513, -60.5583, 0, 0, 240
L -2347.7125, 606.6513, -60.5583, -2350.6736, 506.874, -60.6317, 0, 0, 240
L -2350.6736, 506.874, -60.6317, -2351.9917, 502.3578, -60.6411, 0, 0, 240
L -2351.9917, 502.3578, -60.6411, -2341.2354, 412.8233, -60.6852, 0, 0, 240
L -2341.2354, 412.8233, -60.6852, -2344.109, 405.9932, -60.6056, 0, 0, 240
L -2344.109, 405.9932, -60.6056, -2348.182, 401.3969, -60.7227, 0, 0, 240
L -2348.182, 401.3969, -60.7227, -2393.9207, 305.8274, -60.6113, 0, 0, 240
L -2393.9207, 305.8274, -60.6113, -2401.412, 253.9901, -60.5827, 0, 0, 240
L -2401.412, 253.9901, -60.5827, -2400.3726, 105.1137, -60.9692, 0, 0, 240
L -2400.3726, 105.1137, -60.9692, -2395.8368, 58.5061, -60.7062, 0, 0, 240
L -2395.8368, 58.5061, -60.7062, -2396.1633, 6.102, -60.4998, 0, 0, 240
L -2396.1633, 6.102, -60.4998, -2376.4726, -22.5273, -60.5097, 0, 0, 240
L -2376.4726, -22.5273, -60.5097, -2368.2561, -94.408, -60.6595, 0, 0, 240
L -2368.2561, -94.408, -60.6595, -2372.1399, -117.8854, -60.5529, 0, 0, 240
L -2372.1399, -117.8854, -60.5529, -2350.7813, -193.9113, -60.7678, 0, 0, 240
L -2350.7813, -193.9113, -60.7678, -2353.2312, -199.5181, -60.6456, 0, 0, 240
L -2353.2312, -199.5181, -60.6456, -2384.7541, -294.8174, -60.1935, 0, 0, 240
L -2384.7541, -294.8174, -60.1935, -2362.6359, -308.4345, -60.5259, 0, 0, 240
L -2362.6359, -308.4345, -60.5259, -2368.434, -393.1292, -60.8126, 0, 0, 240
L -2368.434, -393.1292, -60.8126, -2388.8191, -434.4114, -60.593, 0, 0, 240
L -2388.8191, -434.4114, -60.593, -2388.8949, -493.9855, -60.4789, 0, 0, 240
L -2388.8949, -493.9855, -60.4789, -2401.3627, -546.7998, -60.402, 0, 0, 240
L -2401.3627, -546.7998, -60.402, -2400.6921, -593.6826, -60.8481, 0, 0, 240
L -2400.6921, -593.6826, -60.8481, -2395.5648, -641.1371, -60.6009, 0, 0, 240
L -2395.5648, -641.1371, -60.6009, -2395.4796, -693.6685, -60.6143, 0, 0, 240
L -2395.4796, -693.6685, -60.6143, -2375.8955, -722.2753, -60.7083, 0, 0, 240
L -2375.8955, -722.2753, -60.7083, -2376.2764, -794.232, -60.3515, 0, 0, 240
L -2376.2764, -794.232, -60.3515, -2383.2213, -829.2427, -60.319, 0, 0, 240
L -2383.2213, -829.2427, -60.319, -2382.827, -894.2924, -60.5292, 0, 0, 240
L -2382.827, -894.2924, -60.5292, -2367.101, -913.4827, -60.4996, 0, 0, 240
L -2367.101, -913.4827, -60.4996, -2361.563, -993.5886, -60.2612, 0, 0, 240
L -2361.563, -993.5886, -60.2612, -2375.672, -1021.6879, -60.2152, 0, 0, 240
L -2375.672, -1021.6879, -60.2152, -2385.8438, -1094.5742, -60.5007, 0, 0, 240
L -2385.8438, -1094.5742, -60.5007, -2378.4277, -1124.5712, -60.4705, 0, 0, 240
L -2378.4277, -1124.5712, -60.4705, -2378.1716, -1194.1418, -60.6077, 0, 0, 240
L -2378.1716, -1194.1418, -60.6077, -2360.8198, -1206.9729, -60.3539, 0, 0, 240
L -2360.8198, -1206.9729, -60.3539, -2357.8872, -1293.9838, -59.8252, 0, 0, 240
L -2357.8872, -1293.9838, -59.8252, -2370.6671, -1316.4674, -59.6743, 0, 0, 240
L -2370.6671, -1316.4674, -59.6743, -2376.6305, -1393.9528, -60.5352, 0, 0, 240
L -2376.6305, -1393.9528, -60.5352, -2374.1271, -1419.2479, -60.5253, 0, 0, 240
L -2374.1271, -1419.2479, -60.5253, -2374.4423, -1493.8218, -60.1011, 0, 0, 240
L -2374.4423, -1493.8218, -60.1011, -2366.1147, -1511.9863, -60.197, 0, 0, 240
L -2366.1147, -1511.9863, -60.197, -2358.168, -1594.6005, -60.4692, 0, 0, 240
L -2358.168, -1594.6005, -60.4692, -2366.19, -1612.863, -60.728, 0, 0, 240
L -2366.19, -1612.863, -60.728, -2377.706, -1694.9789, -60.8646, 0, 0, 240
L -2377.706, -1694.9789, -60.8646, -2395.9918, -1741.9093, -60.4335, 0, 0, 240
L -2395.9918, -1741.9093, -60.4335, -2396.7069, -1794.759, -60.8487, 0, 0, 240
L -2396.7069, -1794.759, -60.8487, -2374.4877, -1820.3232, -60.6092, 0, 0, 240
L -2374.8805, -1820.429, -60.3376, -2380.3029, -1894.4469, -60.5831, 0, 0, 240
L -2380.3029, -1894.4469, -60.5831, -2406.4232, -1952.123, -60.2304, 0, 0, 240
L -2406.4232, -1952.123, -60.2304, -2399.86, -1994.1718, -60.3714, 0, 0, 240
L -2399.86, -1994.1718, -60.3714, -2397.6853, -2094.2946, -60.3838, 0, 0, 240
L -2397.6853, -2094.2946, -60.3838, -2381.9438, -2127.1581, -60.5037, 0, 0, 240
L -2381.9438, -2127.1581, -60.5037, -2381.695, -2134.2961, -60.4652, 0, 0, 240
L -2393.4944, 1605.1239, -59.9168, -2369.9517, 1584.354, -60.3404, 0, 0, 240
L -2451.8056, 439.9698, -42.95, -2479.39, 439.9399, -40.8937, 127, 127, 127
L -2479.39, 439.9399, -40.8053, -2479.39, 438.4275, -40.8044, 0, 0, 0
L -2479.39, 438.4275, -40.8044, -2603.3483, 438.3539, -38.2486, 0, 0, 0
L -2603.3483, 438.3539, -38.2486, -2622.739, 448.491, -38.249, 0, 0, 0
L -2622.739, 448.491, -38.249, -2632.4684, 467.4904, -38.249, 0, 0, 0
L -2632.4684, 467.4904, -38.249, -2632.4684, 498.3437, -38.249, 0, 0, 0
L -2684.6887, 498.3437, -38.249, -2632.4684, 498.3437, -38.249, 0, 0, 0
L -2684.6887, 498.3437, -38.249, -2684.7377, 467.4458, -38.249, 0, 0, 0
L -2712.4688, 439.38, -38.249, -2712.4684, 496.9531, -38.249, 0, 0, 0
L -2712.4684, 496.9531, -38.249, -2702.755, 516.38, -38.249, 0, 0, 0
L -2702.755, 516.38, -38.249, -2683.3281, 526.937, -38.249, 0, 0, 0
L -2683.3281, 526.937, -38.249, -2633.8591, 526.937, -38.249, 0, 0, 0
L -2633.8591, 526.937, -38.249, -2610.2226, 513.8695, -38.249, 0, 0, 0
L -2614.2069, 515.9301, -38.249, -2604.7184, 496.9488, -38.249, 0, 0, 0
L -2604.7184, 496.9488, -38.249, -2604.7182, 466.896, -38.249, 0, 0, 0
L -2479.1455, 466.4524, -40.7781, -2604.7182, 466.896, -38.2462, 0, 0, 0
L -2479.1799, 464.745, -40.8755, -2451.9949, 464.7534, -41.8755, 127, 127, 127
L -2479.1799, 464.745, -40.7858, -2479.152, 466.4522, -40.7837, 0, 0, 0
L -2451.9949, 464.7534, -42.628, -2452.776, 493.8446, -40.825, 127, 127, 127
L -2452.776, 493.8446, -37.7456, -2481.3634, 493.2778, -19.6785, 127, 127, 127
L -2478.3823, 511.4889, -19.6755, -2478.416, 493.3349, -18.4213, 127, 127, 127
L -2478.3823, 511.4889, -18.5, -2518.2782, 510.7785, 9.617, 127, 127, 127
L -2518.2782, 510.7785, 10.8183, -2518.1277, 468.9442, 15.9476, 127, 127, 127
L -2518.1277, 468.9442, 15.4766, -2481.3402, 468.3308, -12.301, 127, 127, 127
L -2481.3634, 493.2778, -12.3007, -2481.2881, 410.9067, -12.2192, 127, 127, 127
L -2481.3114, 436.353, -12.2192, -2517.8069, 435.5899, 18.3518, 127, 127, 127
L -2517.8069, 435.5899, 20.6765, -2517.7229, 394.4823, 23.1312, 127, 127, 127
L -2517.7229, 394.4823, 22.2142, -2478.2166, 393.6607, -12.6243, 127, 127, 127
L -2478.2166, 393.6607, -15.333, -2478.479, 410.8374, -20.5747, 127, 127, 127
L -2481.2881, 410.9067, -22.542, -2451.726, 410.2739, -43.4346, 127, 127, 127
L -2451.726, 410.2739, -45.9183, -2451.8056, 439.9698, -43.9397, 127, 127, 127
L 840.8564, -1142.8905, -55.6507, 824.3682, -1142.8939, -56.4733, 240, 240, 240
L 824.3682, -1142.8939, -56.7976, 798.6716, -1187.4655, -62.9431, 240, 240, 240
L 798.6716, -1187.4655, -63.2434, 824.3755, -1232.21, -64.7857, 240, 240, 240
L 824.3755, -1232.21, -64.6932, 875.8179, -1232.331, -60.4714, 240, 240, 240
L 875.8179, -1232.331, -60.397, 901.5778, -1187.4808, -55.157, 240, 240, 240
L 901.5778, -1187.4808, -55.1557, 875.8401, -1142.891, -55.1978, 240, 240, 240
L 875.8401, -1142.891, -55.292, 858.1903, -1142.8831, -54.968, 240, 240, 240
L 858.1903, -1142.8831, -52.1, 858.5344, -1137.1094, -54.3188, 240, 240, 240
L 858.5344, -1137.1094, -54.3188, 851.9533, -1137.1971, -54.2775, 240, 240, 240
L 851.9533, -1137.1971, -54.2775, 840.9351, -1135.8104, -54.773, 240, 240, 240
L 840.9351, -1135.8104, -54.773, 840.857, -1142.8353, -52.671, 240, 240, 240
L 845.2234, -1142.8467, -52.64, 840.857, -1142.8353, -52.673, 240, 240, 240
L 858.2694, -1142.8331, -52.683, 854.9733, -1142.8296, -52.69, 240, 240, 240
L 854.9733, -1142.8296, -51.2329, 854.9733, -1149.1749, -51.2329, 240, 240, 240
L 845.2234, -1149.1748, -51.2329, 845.2234, -1142.8467, -51.2329, 240, 240, 240
L 845.2234, -1149.1748, -51.8813, 827.9824, -1149.1749, -51.8813, 240, 240, 240
L 827.9824, -1149.1749, -51.8813, 805.874, -1187.4797, -51.8813, 240, 240, 240
L 805.874, -1187.4797, -51.8813, 827.9814, -1225.7764, -51.8813, 240, 240, 240
L 827.9814, -1225.7764, -51.8813, 872.2145, -1225.7764, -51.8813, 240, 240, 240
L 872.2145, -1225.7764, -51.8813, 894.3229, -1187.4795, -51.8813, 240, 240, 240
L 894.3229, -1187.4795, -51.8813, 872.2145, -1149.1749, -51.8813, 240, 240, 240
L 872.2145, -1149.1749, -51.8813, 854.9733, -1149.1749, -51.8813, 240, 240, 240
L -290.5312, -2549.759, -47.7802, -304.2812, -2549.8573, -47.7802, 150, 0, 200
P -203, -2295, 0, 0, 0, 0, 2, Succor
P -291, -2545, -48.4052, 0, 127, 0, 3, to_Erudin
P 429, 2601, -41.9677, 0, 127, 0, 3, to_Paineel
P -287, 2343, -46.374, 0, 127, 0, 3, to_PoK
P 581, -2322, -44.3641, 0, 127, 0, 3, to_PoK
P -2642, 515, -38.249, 0, 127, 0, 3, to_Kerra_Ridge
