P 287.423, -530.2899, -19.9989, 0, 0, 0, 1, Wizard_Staff_Piece
P 166.173, -343.4837, 1.6142, 0, 0, 0, 1, Gyrospire_Beza
P 282.3899, -687.4497, 0.1582, 0, 0, 127, 2, Serra(BRD1.0)
P -78.9369, -685.1694, -21.2457, 240, 0, 0, 3, Trap
P -105.776, -684.7277, -20.9838, 240, 0, 0, 3, Trap
P 284.5656, -524.9221, -18.4971, 0, 0, 0, 1, Rod(Spoke_of_Tartons_Wheel_-_Jaka)
P -61.8673, -496.6677, 40.9707, 127, 0, 0, 2, a_priest_of_najena
P 83.2574, -702.4, 53.6473, 0, 0, 127, 2, Garanel
P 13.9604, -528.4856, 45.6199, 127, 0, 0, 2, Librarian_Carsil
P 285.144, -498.4017, 8.1061, 127, 0, 0, 2, a_twisted_acolyte
P -141.1293, -484.2939, -35.8937, 127, 0, 0, 1, Garanel
