L -1023, 3371, 457,  -727, 3163, 277,  153, 153, 153
L -727, 3163, 277,  -520, 3047, 368,  153, 153, 153
L -520, 3047, 368,  -702, 2622, 277,  153, 153, 153
L -702, 2622, 277,  -891, 2324, 277,  153, 153, 153
L -891, 2324, 277,  -1039, 2274, 379,  153, 153, 153
L -1039, 2274, 379,  -1091, 2218, 607,  153, 153, 153
L -1091, 2218, 607,  -1170, 2205, 658,  153, 153, 153
L -1170, 2205, 658,  -1255, 2208, 503,  153, 153, 153
L -1255, 2208, 503,  -1467, 2043, 299,  153, 153, 153
L -1467, 2043, 299,  -1675, 1920, 312,  153, 153, 153
L -1675, 1920, 312,  -1775, 1829, 256,  153, 153, 153
L -1775, 1829, 256,  -1805, 1618, 222,  153, 153, 153
L -1805, 1618, 222,  -1711, 1592, 257,  153, 153, 153
L -1711, 1592, 257,  -1706, 1348, -130,  153, 153, 153
L -1706, 1348, -130,  -1611, 1293, 186,  153, 153, 153
L -1611, 1293, 186,  -1521, 1294, 451,  153, 153, 153
L -1521, 1294, 451,  -1333, 1293, 513,  153, 153, 153
L -1333, 1293, 513,  -1225, 1293, 466,  153, 153, 153
L -1225, 1293, 466,  -1089, 1293, 262,  153, 153, 153
L -1089, 1293, 262,  -944, 1296, 226,  153, 153, 153
L -944, 1296, 226,  -850, 1315, 228,  153, 153, 153
L -850, 1315, 228,  -725, 1382, 199,  153, 153, 153
L -725, 1382, 199,  -618, 1476, 258,  153, 153, 153
L -618, 1476, 258,  -597, 1561, 314,  153, 153, 153
L -597, 1561, 314,  -445, 1667, 333,  153, 153, 153
L -445, 1667, 333,  -194, 1692, 199,  153, 153, 153
L -124, 1692, 176,  -8, 1700, 21,  153, 153, 153
L -8, 1700, 21,  94, 1790, 281,  153, 153, 153
L 94, 1790, 281,  395, 1799, 292,  153, 153, 153
L 395, 1799, 292,  676, 2073, 277,  153, 153, 153
L 676, 2073, 277,  706, 2170, 317,  153, 153, 153
L 706, 2170, 317,  776, 2198, 292,  153, 153, 153
L 776, 2198, 292,  891, 2195, 393,  153, 153, 153
L 891, 2195, 393,  898, 2099, 277,  153, 153, 153
L 898, 2099, 277,  1183, 2098, 566,  153, 153, 153
L 1183, 2098, 566,  1276, 2095, 1018,  153, 153, 153
L 1276, 2095, 1018,  1686, 2097, 1140,  153, 153, 153
L 1686, 2097, 1140,  1814, 2102, 284,  153, 153, 153
L 1814, 2102, 284,  1898, 2193, 483,  153, 153, 153
L 1898, 2193, 483,  1985, 2279, 313,  153, 153, 153
L 1985, 2279, 313,  2003, 2451, 271,  153, 153, 153
L 2003, 2451, 271,  1905, 2504, 273,  153, 153, 153
L 1905, 2504, 273,  1906, 2597, 174,  153, 153, 153
L 1906, 2597, 174,  1800, 2611, 680,  153, 153, 153
L 1800, 2611, 680,  1807, 2698, 234,  153, 153, 153
L 1807, 2698, 234,  1609, 2703, 283,  153, 153, 153
L 1609, 2703, 283,  1411, 2903, 305,  153, 153, 153
L 1411, 2903, 305,  1405, 3020, 277,  153, 153, 153
L 1401, 3068, 340,  1401, 3298, 761,  153, 153, 153
L 1401, 3298, 761,  1483, 3374, 365,  153, 153, 153
L 1483, 3374, 365,  1699, 3587, 418,  153, 153, 153
L 1699, 3587, 418,  2186, 3596, 300,  153, 153, 153
L 2186, 3596, 300,  2275, 3490, 391,  153, 153, 153
L 2275, 3490, 391,  2290, 3324, 261,  153, 153, 153
L 2290, 3324, 261,  2456, 3196, 277,  153, 153, 153
L 2456, 3196, 277,  3091, 3197, 277,  153, 153, 153
L 3091, 3197, 277,  3093, 3115, 277,  153, 153, 153
L 3093, 3115, 277,  3183, 3095, 277,  153, 153, 153
L 3183, 3095, 277,  3197, 2811, 385,  153, 153, 153
L 3197, 2811, 385,  3104, 2707, 804,  153, 153, 153
L 3104, 2707, 804,  3015, 2707, 362,  153, 153, 153
L 3015, 2707, 362,  2849, 2549, 132,  153, 153, 153
L 2849, 2549, 132,  2815, 2384, 323,  153, 153, 153
L 2815, 2384, 323,  2886, 2220, 33,  153, 153, 153
L 2886, 2220, 33,  2995, 2088, -59,  153, 153, 153
L 2995, 2088, -59,  3742, 2095, 277,  153, 153, 153
L 3742, 2095, 277,  3906, 2004, 420,  153, 153, 153
L 3906, 2004, 420,  4184, 1995, 276,  153, 153, 153
L 4184, 1995, 276,  4197, 1904, 277,  153, 153, 153
L 4197, 1904, 277,  4381, 1895, 277,  153, 153, 153
L 4381, 1895, 277,  4392, 1815, 277,  153, 153, 153
L 4392, 1815, 277,  4586, 1793, 352,  153, 153, 153
L 4586, 1793, 352,  4603, 1705, 311,  153, 153, 153
L 4603, 1705, 311,  4750, 1695, 260,  153, 153, 153
L 4750, 1695, 260,  4792, 1528, -211,  153, 153, 153
L 4792, 1528, -211,  4776, 1196, -1253,  153, 153, 153
L 4776, 1196, -1253,  4795, 718, -1968,  153, 153, 153
L 4795, 718, -1968,  5038, 708, -1940,  153, 153, 153
L 5038, 708, -1940,  5040, 655, -1940,  153, 153, 153
L 4990, 652, -1940,  4804, 654, -1949,  153, 153, 153
L 4804, 654, -1949,  4795, 599, -1968,  153, 153, 153
L 4795, 599, -1968,  4795, 540, -1921,  153, 153, 153
L 4795, 540, -1921,  4779, -503, 308,  153, 153, 153
L 4779, -503, 308,  4502, -693, 277,  153, 153, 153
L 4502, -693, 277,  4155, -1016, 422,  153, 153, 153
L 4155, -1016, 422,  3863, -1331, 277,  153, 153, 153
L 3863, -1331, 277,  3514, -1684, 274,  153, 153, 153
L 3514, -1684, 274,  3324, -1775, 210,  153, 153, 153
L 3324, -1775, 210,  3119, -1883, 327,  153, 153, 153
L 3119, -1883, 327,  2784, -2193, 304,  153, 153, 153
L 2784, -2193, 304,  2440, -2474, 292,  153, 153, 153
L 2440, -2474, 292,  2143, -2595, 277,  153, 153, 153
L 2143, -2595, 277,  1835, -2694, 267,  153, 153, 153
L 1835, -2694, 267,  1515, -2801, 301,  153, 153, 153
L 1515, -2801, 301,  1408, -2886, 304,  153, 153, 153
L 1408, -2886, 304,  1219, -2898, 277,  153, 153, 153
L 1219, -2898, 277,  1112, -2983, 277,  153, 153, 153
L 1112, -2983, 277,  927, -2999, 277,  153, 153, 153
L 927, -2999, 277,  744, -2857, 363,  153, 153, 153
L 744, -2857, 363,  662, -2800, 314,  153, 153, 153
L 662, -2800, 314,  329, -2798, 276,  153, 153, 153
L 329, -2798, 276,  126, -2969, 307,  153, 153, 153
L 126, -2969, 307,  -150, -2975, 277,  153, 153, 153
L -150, -2975, 277,  -399, -2999, 277,  153, 153, 153
L -399, -2999, 277,  -491, -3083, 277,  153, 153, 153
L -491, -3083, 277,  -1079, -3095, 500,  153, 153, 153
L -1079, -3095, 500,  -1154, -2996, 261,  153, 153, 153
L -1154, -2996, 261,  -1486, -2998, 761,  153, 153, 153
L -1486, -2998, 761,  -1497, -2910, 361,  153, 153, 153
L -1497, -2910, 361,  -1624, -2792, -33,  153, 153, 153
L -1624, -2792, -33,  -1876, -2701, -66,  153, 153, 153
L -1876, -2701, -66,  -2087, -2516, -334,  153, 153, 153
L -2087, -2516, -334,  -2398, -2391, 210,  153, 153, 153
L -2398, -2391, 210,  -2476, -2317, 154,  153, 153, 153
L -2476, -2317, 154,  -2686, -2202, 227,  153, 153, 153
L -2686, -2202, 227,  -2804, -2115, -89,  153, 153, 153
L -2804, -2115, -89,  -2899, -1898, -459,  153, 153, 153
L -2899, -1898, -459,  -3128, -1859, 625,  153, 153, 153
L -3128, -1859, 625,  -3233, -1794, 266,  153, 153, 153
L -3233, -1794, 266,  -3472, -1797, 359,  153, 153, 153
L -3472, -1797, 359,  -3593, -1710, 81,  153, 153, 153
L -3593, -1710, 81,  -3896, -1700, -148,  153, 153, 153
L -3896, -1700, -148,  -3993, -1783, 509,  153, 153, 153
L -3993, -1783, 509,  -4171, -1791, 265,  153, 153, 153
L -4171, -1791, 265,  -4376, -1792, 325,  153, 153, 153
L -4376, -1792, 325,  -4398, -1692, 239,  153, 153, 153
L -4398, -1692, 239,  -4487, -1692, 228,  153, 153, 153
L -4487, -1692, 228,  -4516, -1486, -593,  153, 153, 153
L -4516, -1486, -593,  -4675, -1470, -595,  153, 153, 153
L -4690, -1444, -595,  -4529, -1440, -589,  153, 153, 153
L -4529, -1440, -589,  -4525, -1350, -516,  153, 153, 153
L -4525, -1350, -516,  -4522, -1243, 0,  153, 153, 153
L -4522, -1243, 0,  -4360, -1082, 231,  153, 153, 153
L -4360, -1082, 231,  -4239, -854, 493,  153, 153, 153
L -4239, -854, 493,  -4067, -672, 271,  153, 153, 153
L -4067, -672, 271,  -3992, -524, 258,  153, 153, 153
L -3992, -524, 258,  -3992, -462, 277,  153, 153, 153
L -3992, -462, 277,  -3807, -210, 276,  153, 153, 153
L -3807, -210, 276,  -3798, -114, 276,  153, 153, 153
L -3798, -114, 276,  -3786, 2, 700,  153, 153, 153
L -3786, 2, 700,  -3611, 91, 286,  153, 153, 153
L -3611, 91, 286,  -3421, 95, 253,  153, 153, 153
L -3421, 95, 253,  -3317, 98, 143,  153, 153, 153
L -3317, 98, 143,  -3206, 188, 244,  153, 153, 153
L -3206, 188, 244,  -3100, 198, 271,  153, 153, 153
L -3100, 198, 271,  -2899, 301, 313,  153, 153, 153
L -2899, 301, 313,  -2691, 480, 456,  153, 153, 153
L -2691, 480, 456,  -2512, 666, 293,  153, 153, 153
L -2512, 666, 293,  -2305, 885, 628,  153, 153, 153
L -2305, 885, 628,  -2207, 990, 261,  153, 153, 153
L -2207, 990, 261,  -2191, 1141, 149,  153, 153, 153
L -2191, 1141, 149,  -2196, 1290, -79,  153, 153, 153
L -2196, 1290, -79,  -2272, 1388, 120,  153, 153, 153
L -2272, 1388, 120,  -2336, 1515, -90,  153, 153, 153
L -2336, 1515, -90,  -2498, 1505, 259,  153, 153, 153
L -2498, 1505, 259,  -2779, 1501, 277,  153, 153, 153
L -2779, 1501, 277,  -2798, 1687, 256,  153, 153, 153
L -2798, 1687, 256,  -2887, 1707, 258,  153, 153, 153
L -2887, 1707, 258,  -2899, 1777, 139,  153, 153, 153
L -2899, 1777, 139,  -3006, 1883, 396,  153, 153, 153
L -3006, 1883, 396,  -3188, 1995, 273,  153, 153, 153
L -3188, 1995, 273,  -3472, 2229, 277,  153, 153, 153
L -3472, 2229, 277,  -3482, 2350, 277,  153, 153, 153
L -3482, 2350, 277,  -3204, 2692, 276,  153, 153, 153
L -3204, 2692, 276,  -3192, 2879, 277,  153, 153, 153
L -3192, 2879, 277,  -2912, 3281, 276,  153, 153, 153
L -2912, 3281, 276,  -2823, 3295, 274,  153, 153, 153
L -2823, 3295, 274,  -2613, 3480, 270,  153, 153, 153
L -2613, 3480, 270,  -2597, 3669, 319,  153, 153, 153
L -2597, 3669, 319,  -2419, 3881, 278,  153, 153, 153
L -2419, 3881, 278,  -2033, 3896, 138,  153, 153, 153
L -2033, 3896, 138,  -1827, 3894, 259,  153, 153, 153
L -1827, 3894, 259,  -1629, 3895, 277,  153, 153, 153
L -1629, 3895, 277,  -1602, 3809, 277,  153, 153, 153
L -1602, 3809, 277,  -1502, 3702, 277,  153, 153, 153
L -1502, 3702, 277,  -1422, 3683, 326,  153, 153, 153
L -1422, 3683, 326,  -1403, 3512, 277,  153, 153, 153
L -1403, 3512, 277,  -1314, 3494, 412,  153, 153, 153
L -1314, 3494, 412,  -1301, 3398, 282,  153, 153, 153
L -1301, 3398, 282,  -1019, 3328, 358,  153, 153, 153
L -1019, 3328, 358,  -921, 3293, 278,  153, 153, 153
L -2057, 3408, -1150,  -2058, 3434, -1123,  0, 0, 153
L -2058, 3434, -1123,  -2057, 3435, -1145,  0, 0, 153
L -2057, 3435, -1145,  -2071, 3555, -1232,  0, 0, 153
L -2071, 3555, -1232,  -2081, 3650, -1369,  0, 0, 153
L -2081, 3650, -1369,  -2079, 3724, -1514,  0, 0, 153
L -2079, 3724, -1514,  -2051, 3857, -1549,  0, 0, 153
L -2051, 3857, -1549,  -2032, 4023, -1620,  0, 0, 153
L -2032, 4023, -1620,  -2103, 4046, -1687,  0, 0, 153
L -2103, 4046, -1687,  -2124, 4100, -1681,  0, 0, 153
L -2124, 4100, -1681,  -2124, 4169, -1679,  0, 0, 153
L -2124, 4169, -1679,  -2112, 4219, -1669,  0, 0, 153
L -2112, 4219, -1669,  -2049, 4237, -1680,  0, 0, 153
L -2049, 4237, -1680,  -1946, 4228, -1679,  0, 0, 153
L -1946, 4228, -1679,  -1927, 4187, -1674,  0, 0, 153
L -1927, 4187, -1674,  -1925, 4127, -1678,  0, 0, 153
L -1925, 4127, -1678,  -1938, 4050, -1669,  0, 0, 153
L -1938, 4050, -1669,  -2009, 4032, -1677,  0, 0, 153
L -2009, 4032, -1677,  -2010, 3975, -1623,  0, 0, 153
L -2010, 3975, -1623,  -2012, 3915, -1637,  0, 0, 153
L -2012, 3915, -1637,  -2023, 3858, -1601,  0, 0, 153
L -2023, 3858, -1601,  -2046, 3768, -1508,  0, 0, 153
L -2046, 3768, -1508,  -2057, 3626, -1302,  0, 0, 153
L -2057, 3626, -1302,  -2037, 3505, -1207,  0, 0, 153
L -2037, 3505, -1207,  -2034, 3410, -1115,  0, 0, 153
L -697, 2532, 314,  -697, 2532, 314,  0, 0, 153
L -697, 2532, 314,  -583, 2524, -56,  0, 0, 153
L -583, 2524, -56,  -560, 2489, -56,  0, 0, 153
L -560, 2489, -56,  -503, 2440, -56,  0, 0, 153
L -503, 2440, -56,  -451, 2447, -56,  0, 0, 153
L -451, 2447, -56,  -386, 2473, -56,  0, 0, 153
L -386, 2473, -56,  -357, 2474, -56,  0, 0, 153
L -357, 2474, -56,  -302, 2465, -56,  0, 0, 153
L -302, 2465, -56,  -282, 2404, -56,  0, 0, 153
L -282, 2404, -56,  -284, 2334, -56,  0, 0, 153
L -284, 2334, -56,  -309, 2267, -56,  0, 0, 153
L -309, 2267, -56,  -353, 2196, -56,  0, 0, 153
L -353, 2196, -56,  -380, 2111, -56,  0, 0, 153
L -380, 2111, -56,  -377, 2052, -56,  0, 0, 153
L -377, 2052, -56,  -348, 2033, -56,  0, 0, 153
L -348, 2033, -56,  -333, 1982, -56,  0, 0, 153
L -333, 1982, -56,  -285, 1961, -56,  0, 0, 153
L -285, 1961, -56,  -213, 1990, -56,  0, 0, 153
L -213, 1990, -56,  -188, 1978, -56,  0, 0, 153
L -188, 1978, -56,  -177, 1714, 171,  0, 0, 153
L -132, 1696, 191,  -130, 1756, 123,  0, 0, 153
L -130, 1756, 123,  -133, 1830, 30,  0, 0, 153
L -133, 1830, 30,  -135, 1885, -38,  0, 0, 153
L -135, 1885, -38,  -129, 1951, -56,  0, 0, 153
L -129, 1951, -56,  -117, 1964, -56,  0, 0, 153
L -117, 1964, -56,  -89, 1952, -56,  0, 0, 153
L -89, 1952, -56,  -38, 1940, -56,  0, 0, 153
L -38, 1940, -56,  -23, 1951, -54,  0, 0, 153
L -23, 1951, -54,  -20, 1962, -56,  0, 0, 153
L -20, 1962, -56,  -35, 2006, -56,  0, 0, 153
L -35, 2006, -56,  -35, 2012, -56,  0, 0, 153
L -35, 2012, -56,  -26, 2035, -56,  0, 0, 153
L -26, 2035, -56,  -17, 2043, -56,  0, 0, 153
L -17, 2043, -56,  -28, 2052, -47,  0, 0, 153
L -28, 2052, -47,  -59, 2055, -56,  0, 0, 153
L -59, 2055, -56,  -104, 2059, -56,  0, 0, 153
L -104, 2059, -56,  -133, 2065, -56,  0, 0, 153
L -133, 2065, -56,  -135, 2104, -56,  0, 0, 153
L -135, 2104, -56,  -129, 2156, -56,  0, 0, 153
L -129, 2156, -56,  -116, 2213, -56,  0, 0, 153
L -116, 2213, -56,  -94, 2268, -56,  0, 0, 153
L -94, 2268, -56,  -63, 2314, -56,  0, 0, 153
L -63, 2314, -56,  -13, 2324, -56,  0, 0, 153
L -13, 2324, -56,  24, 2319, -56,  0, 0, 153
L 24, 2319, -56,  98, 2261, -56,  0, 0, 153
L 98, 2261, -56,  157, 2184, -56,  0, 0, 153
L 157, 2184, -56,  201, 2160, -56,  0, 0, 153
L 201, 2160, -56,  214, 2173, -56,  0, 0, 153
L 214, 2173, -56,  245, 2164, -56,  0, 0, 153
L 245, 2164, -56,  297, 2156, -56,  0, 0, 153
L 297, 2156, -56,  340, 2164, -56,  0, 0, 153
L 340, 2164, -56,  403, 2200, -56,  0, 0, 153
L 403, 2200, -56,  422, 2275, -56,  0, 0, 153
L 422, 2275, -56,  405, 2315, -56,  0, 0, 153
L 405, 2315, -56,  381, 2334, -56,  0, 0, 153
L 381, 2334, -56,  328, 2376, -56,  0, 0, 153
L 328, 2376, -56,  310, 2410, -56,  0, 0, 153
L 310, 2410, -56,  309, 2439, -56,  0, 0, 153
L 309, 2439, -56,  322, 2482, -56,  0, 0, 153
L 322, 2482, -56,  360, 2528, -56,  0, 0, 153
L 360, 2528, -56,  412, 2542, -56,  0, 0, 153
L 412, 2542, -56,  451, 2532, -56,  0, 0, 153
L 451, 2532, -56,  504, 2552, -56,  0, 0, 153
L 504, 2552, -56,  545, 2596, -56,  0, 0, 153
L 545, 2596, -56,  567, 2658, -56,  0, 0, 153
L 567, 2658, -56,  570, 2720, -56,  0, 0, 153
L 570, 2720, -56,  564, 2762, -56,  0, 0, 153
L 564, 2762, -56,  541, 2803, -56,  0, 0, 153
L 541, 2803, -56,  483, 2823, -56,  0, 0, 153
L 483, 2823, -56,  475, 2825, -56,  0, 0, 153
L 475, 2825, -56,  451, 2890, -56,  0, 0, 153
L 451, 2890, -56,  463, 2917, -56,  0, 0, 153
L 463, 2917, -56,  468, 2928, -56,  0, 0, 153
L 468, 2928, -56,  557, 2989, -56,  0, 0, 153
L 557, 2989, -56,  557, 2989, -56,  0, 0, 153
L 557, 2989, -56,  581, 3011, -56,  0, 0, 153
L 581, 3011, -56,  611, 3013, -56,  0, 0, 153
L 611, 3013, -56,  653, 3015, -56,  0, 0, 153
L 653, 3015, -56,  678, 2999, -56,  0, 0, 153
L 678, 2999, -56,  685, 2972, -56,  0, 0, 153
L 685, 2972, -56,  679, 2963, -56,  0, 0, 153
L 679, 2963, -56,  640, 2910, -56,  0, 0, 153
L 640, 2910, -56,  640, 2881, -56,  0, 0, 153
L 640, 2881, -56,  645, 2869, -56,  0, 0, 153
L 645, 2869, -56,  668, 2851, -56,  0, 0, 153
L 668, 2851, -56,  723, 2838, -56,  0, 0, 153
L 723, 2838, -56,  753, 2839, -56,  0, 0, 153
L 753, 2839, -56,  795, 2854, -56,  0, 0, 153
L 795, 2854, -56,  816, 2874, -56,  0, 0, 153
L 816, 2874, -56,  823, 2919, -56,  0, 0, 153
L 823, 2919, -56,  806, 2941, -56,  0, 0, 153
L 806, 2941, -56,  757, 2951, -56,  0, 0, 153
L 757, 2951, -56,  727, 2954, -56,  0, 0, 153
L 727, 2954, -56,  711, 2966, -56,  0, 0, 153
L 711, 2966, -56,  705, 2981, -56,  0, 0, 153
L 705, 2981, -56,  723, 2999, -56,  0, 0, 153
L 723, 2999, -56,  759, 2994, -56,  0, 0, 153
L 759, 2994, -56,  802, 3004, -56,  0, 0, 153
L 802, 3004, -56,  823, 3024, -56,  0, 0, 153
L 823, 3024, -56,  836, 3053, -56,  0, 0, 153
L 836, 3053, -56,  840, 3103, -56,  0, 0, 153
L 840, 3103, -56,  839, 3127, -56,  0, 0, 153
L 839, 3127, -56,  846, 3130, -56,  0, 0, 153
L 846, 3130, -56,  872, 3127, -56,  0, 0, 153
L 872, 3127, -56,  881, 3116, -56,  0, 0, 153
L 881, 3116, -56,  893, 3115, -56,  0, 0, 153
L 893, 3115, -56,  918, 3131, -56,  0, 0, 153
L 918, 3131, -56,  926, 3154, -56,  0, 0, 153
L 926, 3154, -56,  923, 3210, -56,  0, 0, 153
L 923, 3210, -56,  914, 3244, -56,  0, 0, 153
L 914, 3244, -56,  905, 3273, -56,  0, 0, 153
L 905, 3273, -56,  903, 3285, -56,  0, 0, 153
L 903, 3285, -56,  920, 3322, -56,  0, 0, 153
L 920, 3322, -56,  942, 3305, -56,  0, 0, 153
L 942, 3305, -56,  942, 3305, -56,  0, 0, 153
L 942, 3305, -56,  974, 3280, -56,  0, 0, 153
L 974, 3280, -56,  986, 3276, -56,  0, 0, 153
L 986, 3276, -56,  1007, 3269, -56,  0, 0, 153
L 1007, 3269, -56,  1018, 3265, -56,  0, 0, 153
L 1018, 3265, -56,  1023, 3251, -56,  0, 0, 153
L 1023, 3251, -56,  1023, 3230, -56,  0, 0, 153
L 1023, 3230, -56,  1022, 3226, -56,  0, 0, 153
L 1022, 3226, -56,  1010, 3204, -56,  0, 0, 153
L 1010, 3204, -56,  996, 3186, -56,  0, 0, 153
L 996, 3186, -56,  971, 3174, -56,  0, 0, 153
L 971, 3174, -56,  960, 3135, -56,  0, 0, 153
L 960, 3135, -56,  962, 3120, -56,  0, 0, 153
L 962, 3120, -56,  992, 3078, -56,  0, 0, 153
L 992, 3078, -56,  1022, 3066, -56,  0, 0, 153
L 1022, 3066, -56,  1046, 3070, -56,  0, 0, 153
L 1046, 3070, -56,  1059, 3075, -56,  0, 0, 153
L 1059, 3075, -56,  1085, 3114, -56,  0, 0, 153
L 1085, 3114, -56,  1086, 3128, -56,  0, 0, 153
L 1086, 3128, -56,  1075, 3153, -56,  0, 0, 153
L 1075, 3153, -56,  1050, 3166, -56,  0, 0, 153
L 1050, 3166, -56,  1045, 3170, -56,  0, 0, 153
L 1045, 3170, -56,  1031, 3181, -56,  0, 0, 153
L 1031, 3181, -56,  1032, 3201, -56,  0, 0, 153
L 1032, 3201, -56,  1057, 3228, -56,  0, 0, 153
L 1057, 3228, -56,  1070, 3235, -56,  0, 0, 153
L 1070, 3235, -56,  1070, 3235, -56,  0, 0, 153
L 1070, 3235, -56,  1109, 3211, -56,  0, 0, 153
L 1109, 3211, -56,  1142, 3210, -56,  0, 0, 153
L 1142, 3210, -56,  1157, 3204, -56,  0, 0, 153
L 1157, 3204, -56,  1163, 3200, -56,  0, 0, 153
L 1163, 3200, -56,  1172, 3182, -56,  0, 0, 153
L 1172, 3182, -56,  1169, 3158, -56,  0, 0, 153
L 1169, 3158, -56,  1161, 3145, -56,  0, 0, 153
L 1161, 3145, -56,  1162, 3079, -56,  0, 0, 153
L 1162, 3079, -56,  1178, 3075, -56,  0, 0, 153
L 1178, 3075, -56,  1195, 3059, -56,  0, 0, 153
L 1195, 3059, -56,  1199, 3049, -56,  0, 0, 153
L 1199, 3049, -56,  1187, 3026, -56,  0, 0, 153
L 1187, 3026, -56,  1166, 3013, -56,  0, 0, 153
L 1166, 3013, -56,  1146, 3018, -56,  0, 0, 153
L 1146, 3018, -56,  1112, 3021, -56,  0, 0, 153
L 1112, 3021, -56,  1083, 3012, -56,  0, 0, 153
L 1083, 3012, -56,  1051, 2987, -56,  0, 0, 153
L 1051, 2987, -56,  1033, 2963, -56,  0, 0, 153
L 1033, 2963, -56,  1027, 2935, -56,  0, 0, 153
L 1027, 2935, -56,  1034, 2870, -56,  0, 0, 153
L 1034, 2870, -56,  1047, 2844, -56,  0, 0, 153
L 1047, 2844, -56,  1068, 2824, -56,  0, 0, 153
L 1068, 2824, -56,  1123, 2799, -56,  0, 0, 153
L 1123, 2799, -56,  1178, 2805, -56,  0, 0, 153
L 1178, 2805, -56,  1195, 2827, -56,  0, 0, 153
L 1195, 2827, -56,  1201, 2876, -56,  0, 0, 153
L 1201, 2876, -56,  1181, 2894, -56,  0, 0, 153
L 1181, 2894, -56,  1141, 2896, -56,  0, 0, 153
L 1141, 2896, -56,  1141, 2896, -56,  0, 0, 153
L 1141, 2896, -56,  1124, 2899, -56,  0, 0, 153
L 1124, 2899, -56,  1119, 2917, -56,  0, 0, 153
L 1119, 2917, -56,  1113, 2952, -56,  0, 0, 153
L 1113, 2952, -56,  1118, 2959, -56,  0, 0, 153
L 1118, 2959, -56,  1142, 2976, -56,  0, 0, 153
L 1142, 2976, -56,  1171, 2988, -56,  0, 0, 153
L 1171, 2988, -56,  1180, 2994, -56,  0, 0, 153
L 1180, 2994, -56,  1205, 3026, -56,  0, 0, 153
L 1205, 3026, -56,  1209, 3039, -56,  0, 0, 153
L 1209, 3039, -56,  1222, 3053, -56,  0, 0, 153
L 1222, 3053, -56,  1250, 3055, -56,  0, 0, 153
L 1250, 3055, -56,  1300, 3041, -56,  0, 0, 153
L 1300, 3041, -56,  1309, 3038, -18,  0, 0, 153
L 1309, 3038, -18,  1327, 3038, 53,  0, 0, 153
L 1327, 3038, 53,  1394, 3040, 327,  0, 0, 153
L 1394, 3040, 327,  1415, 3039, 303,  0, 0, 153
L 1418, 3067, 277,  1376, 3065, 265,  0, 0, 255
L 1376, 3065, 265,  1344, 3066, 50,  0, 0, 255
L 1344, 3066, 50,  1329, 3066, -46,  0, 0, 255
L 1329, 3066, -46,  1279, 3064, -56,  0, 0, 255
L 1279, 3064, -56,  1258, 3075, -56,  0, 0, 255
L 1258, 3075, -56,  1243, 3077, -56,  0, 0, 255
L 1243, 3077, -56,  1216, 3093, -56,  0, 0, 255
L 1216, 3093, -56,  1201, 3131, -56,  0, 0, 255
L 1201, 3131, -56,  1196, 3148, -56,  0, 0, 255
L 1196, 3148, -56,  1203, 3155, -56,  0, 0, 255
L 1203, 3155, -56,  1224, 3188, -56,  0, 0, 255
L 1224, 3188, -56,  1223, 3215, -56,  0, 0, 255
L 1223, 3215, -56,  1205, 3238, -56,  0, 0, 255
L 1205, 3238, -56,  1191, 3250, -56,  0, 0, 255
L 1191, 3250, -56,  1168, 3243, -56,  0, 0, 255
L 1168, 3243, -56,  1139, 3238, -56,  0, 0, 255
L 1139, 3238, -56,  1103, 3251, -56,  0, 0, 255
L 1103, 3251, -56,  1095, 3260, -56,  0, 0, 255
L 1095, 3260, -56,  1091, 3294, -56,  0, 0, 255
L 1091, 3294, -56,  1091, 3294, -56,  0, 0, 255
L 1091, 3294, -56,  1103, 3313, -55,  0, 0, 255
L 1103, 3313, -55,  1145, 3322, -56,  0, 0, 255
L 1145, 3322, -56,  1161, 3318, -56,  0, 0, 255
L 1161, 3318, -56,  1192, 3313, -56,  0, 0, 255
L 1192, 3313, -56,  1207, 3334, -56,  0, 0, 255
L 1207, 3334, -56,  1209, 3387, -56,  0, 0, 255
L 1209, 3387, -56,  1205, 3414, -56,  0, 0, 255
L 1205, 3414, -56,  1185, 3457, -56,  0, 0, 255
L 1185, 3457, -56,  1166, 3481, -56,  0, 0, 255
L 1166, 3481, -56,  1131, 3506, -56,  0, 0, 255
L 1131, 3506, -56,  1102, 3516, -56,  0, 0, 255
L 1102, 3516, -56,  1043, 3521, -56,  0, 0, 255
L 1043, 3521, -56,  1015, 3511, -56,  0, 0, 255
L 1015, 3511, -56,  992, 3472, -56,  0, 0, 255
L 992, 3472, -56,  987, 3411, -56,  0, 0, 255
L 987, 3411, -56,  988, 3395, -56,  0, 0, 255
L 988, 3395, -56,  1017, 3378, -56,  0, 0, 255
L 1017, 3378, -56,  1033, 3377, -56,  0, 0, 255
L 1033, 3377, -56,  1071, 3373, -56,  0, 0, 255
L 1071, 3373, -56,  1080, 3356, -56,  0, 0, 255
L 1080, 3356, -56,  1084, 3327, -56,  0, 0, 255
L 1084, 3327, -56,  1071, 3310, -55,  0, 0, 255
L 1071, 3310, -55,  1048, 3293, -55,  0, 0, 255
L 1048, 3293, -55,  1036, 3290, -56,  0, 0, 255
L 1036, 3290, -56,  1005, 3290, -56,  0, 0, 255
L 1005, 3290, -56,  977, 3302, -56,  0, 0, 255
L 977, 3302, -56,  954, 3319, -56,  0, 0, 255
L 954, 3319, -56,  927, 3353, -56,  0, 0, 255
L 927, 3353, -56,  920, 3358, -56,  0, 0, 255
L 920, 3358, -56,  908, 3344, -56,  0, 0, 255
L 908, 3344, -56,  890, 3342, -56,  0, 0, 255
L 890, 3342, -56,  871, 3351, -56,  0, 0, 255
L 871, 3351, -56,  864, 3364, -55,  0, 0, 255
L 864, 3364, -55,  861, 3388, -56,  0, 0, 255
L 861, 3388, -56,  835, 3389, -56,  0, 0, 255
L 835, 3389, -56,  813, 3385, -56,  0, 0, 255
L 813, 3385, -56,  798, 3376, -56,  0, 0, 255
L 798, 3376, -56,  760, 3334, -56,  0, 0, 255
L 760, 3334, -56,  747, 3326, -56,  0, 0, 255
L 747, 3326, -56,  716, 3317, -56,  0, 0, 255
L 716, 3317, -56,  682, 3336, -56,  0, 0, 255
L 682, 3336, -56,  662, 3364, -56,  0, 0, 255
L 662, 3364, -56,  659, 3374, -56,  0, 0, 255
L 659, 3374, -56,  651, 3401, -56,  0, 0, 255
L 651, 3401, -56,  658, 3429, -56,  0, 0, 255
L 658, 3429, -56,  678, 3435, -56,  0, 0, 255
L 678, 3435, -56,  685, 3429, -56,  0, 0, 255
L 685, 3429, -56,  704, 3400, -56,  0, 0, 255
L 704, 3400, -56,  704, 3400, -56,  0, 0, 255
L 704, 3400, -56,  759, 3388, -56,  0, 0, 255
L 759, 3388, -56,  806, 3418, -56,  0, 0, 255
L 806, 3418, -56,  806, 3418, -56,  0, 0, 255
L 806, 3418, -56,  831, 3454, -56,  0, 0, 255
L 831, 3454, -56,  847, 3490, -56,  0, 0, 255
L 847, 3490, -56,  852, 3503, -56,  0, 0, 255
L 852, 3503, -56,  859, 3550, -56,  0, 0, 255
L 859, 3550, -56,  864, 3610, -56,  0, 0, 255
L 864, 3610, -56,  856, 3653, -56,  0, 0, 255
L 856, 3653, -56,  840, 3677, -56,  0, 0, 255
L 840, 3677, -56,  819, 3685, 8,  0, 0, 255
L 819, 3685, 8,  793, 3682, -56,  0, 0, 255
L 793, 3682, -56,  780, 3675, -56,  0, 0, 255
L 780, 3675, -56,  768, 3652, -56,  0, 0, 255
L 768, 3652, -56,  763, 3622, -56,  0, 0, 255
L 763, 3622, -56,  756, 3599, -56,  0, 0, 255
L 756, 3599, -56,  733, 3578, -56,  0, 0, 255
L 733, 3578, -56,  725, 3574, -56,  0, 0, 255
L 725, 3574, -56,  712, 3567, -56,  0, 0, 255
L 712, 3567, -56,  682, 3541, -56,  0, 0, 255
L 682, 3541, -56,  671, 3500, -56,  0, 0, 255
L 671, 3500, -56,  669, 3484, -56,  0, 0, 255
L 669, 3484, -56,  660, 3463, -56,  0, 0, 255
L 660, 3463, -56,  635, 3444, -56,  0, 0, 255
L 635, 3444, -56,  613, 3444, -56,  0, 0, 255
L 613, 3444, -56,  596, 3448, -56,  0, 0, 255
L 596, 3448, -56,  584, 3473, -56,  0, 0, 255
L 584, 3473, -56,  576, 3499, -56,  0, 0, 255
L 576, 3499, -56,  578, 3538, -56,  0, 0, 255
L 578, 3538, -56,  585, 3551, -56,  0, 0, 255
L 585, 3551, -56,  595, 3589, -56,  0, 0, 255
L 595, 3589, -56,  591, 3601, -56,  0, 0, 255
L 591, 3601, -56,  577, 3641, -56,  0, 0, 255
L 577, 3641, -56,  561, 3666, -56,  0, 0, 255
L 561, 3666, -56,  516, 3703, -56,  0, 0, 255
L 516, 3703, -56,  487, 3711, -56,  0, 0, 255
L 487, 3711, -56,  462, 3719, -56,  0, 0, 255
L 462, 3719, -56,  410, 3745, -56,  0, 0, 255
L 410, 3745, -56,  397, 3747, -50,  0, 0, 255
L 397, 3747, -50,  379, 3772, 28,  0, 0, 255
L 379, 3772, 28,  409, 3805, -56,  0, 0, 255
L 409, 3805, -56,  436, 3815, -56,  0, 0, 255
L 436, 3815, -56,  449, 3814, -56,  0, 0, 255
L 449, 3814, -56,  477, 3806, -56,  0, 0, 255
L 477, 3806, -56,  517, 3796, -56,  0, 0, 255
L 517, 3796, -56,  547, 3794, -56,  0, 0, 255
L 547, 3794, -56,  586, 3810, -56,  0, 0, 255
L 586, 3810, -56,  614, 3844, -56,  0, 0, 255
L 614, 3844, -56,  620, 3872, -56,  0, 0, 255
L 620, 3872, -56,  627, 3934, -56,  0, 0, 255
L 627, 3934, -56,  625, 3950, -56,  0, 0, 255
L 625, 3950, -56,  614, 3961, -56,  0, 0, 255
L 614, 3961, -56,  594, 3960, -56,  0, 0, 255
L 594, 3960, -56,  587, 3988, -56,  0, 0, 255
L 587, 3988, -56,  600, 4024, -56,  0, 0, 255
L 600, 4024, -56,  591, 4036, -56,  0, 0, 255
L 591, 4036, -56,  579, 4053, -56,  0, 0, 255
L 579, 4053, -56,  534, 4089, -56,  0, 0, 255
L 534, 4089, -56,  511, 4106, -56,  0, 0, 255
L 511, 4106, -56,  463, 4129, -56,  0, 0, 255
L 463, 4129, -56,  449, 4135, -56,  0, 0, 255
L 449, 4135, -56,  403, 4148, -56,  0, 0, 255
L 403, 4148, -56,  388, 4149, -56,  0, 0, 255
L 388, 4149, -56,  334, 4150, -56,  0, 0, 255
L 334, 4150, -56,  306, 4147, -56,  0, 0, 255
L 306, 4147, -56,  264, 4135, -56,  0, 0, 255
L 264, 4135, -56,  223, 4114, -56,  0, 0, 255
L 223, 4114, -56,  211, 4106, -56,  0, 0, 255
L 211, 4106, -56,  184, 4080, -56,  0, 0, 255
L 184, 4080, -56,  168, 4055, -56,  0, 0, 255
L 168, 4055, -56,  148, 4010, -56,  0, 0, 255
L 148, 4010, -56,  148, 4010, -56,  0, 0, 255
L 148, 4010, -56,  140, 3965, -56,  0, 0, 255
L 140, 3965, -56,  144, 3917, -56,  0, 0, 255
L 144, 3917, -56,  149, 3901, -56,  0, 0, 255
L 149, 3901, -56,  155, 3888, -56,  0, 0, 255
L 155, 3888, -56,  174, 3873, -56,  0, 0, 255
L 174, 3873, -56,  187, 3872, -56,  0, 0, 255
L 187, 3872, -56,  206, 3863, -56,  0, 0, 255
L 206, 3863, -56,  232, 3833, -56,  0, 0, 255
L 232, 3833, -56,  232, 3831, -56,  0, 0, 255
L 232, 3831, -56,  233, 3823, -56,  0, 0, 255
L 233, 3823, -56,  261, 3812, -56,  0, 0, 255
L 261, 3812, -56,  287, 3797, -56,  0, 0, 255
L 287, 3797, -56,  318, 3768, -56,  0, 0, 255
L 318, 3768, -56,  329, 3757, -56,  0, 0, 255
L 329, 3757, -56,  348, 3735, -56,  0, 0, 255
L 348, 3735, -56,  355, 3725, -56,  0, 0, 255
L 355, 3725, -56,  352, 3690, -56,  0, 0, 255
L 352, 3690, -56,  342, 3659, -56,  0, 0, 255
L 342, 3659, -56,  323, 3633, -56,  0, 0, 255
L 323, 3633, -56,  314, 3622, -56,  0, 0, 255
L 314, 3622, -56,  292, 3601, -56,  0, 0, 255
L 292, 3601, -56,  269, 3587, -56,  0, 0, 255
L 269, 3587, -56,  257, 3582, -56,  0, 0, 255
L 257, 3582, -56,  211, 3563, -56,  0, 0, 255
L 211, 3563, -56,  185, 3558, -56,  0, 0, 255
L 185, 3558, -56,  173, 3568, -56,  0, 0, 255
L 173, 3568, -56,  153, 3593, -56,  0, 0, 255
L 153, 3593, -56,  153, 3593, -56,  0, 0, 255
L 153, 3593, -56,  144, 3629, -56,  0, 0, 255
L 144, 3629, -56,  144, 3650, -56,  0, 0, 255
L 144, 3650, -56,  148, 3678, -56,  0, 0, 255
L 148, 3678, -56,  142, 3709, -56,  0, 0, 255
L 142, 3709, -56,  108, 3736, -56,  0, 0, 255
L 108, 3736, -56,  71, 3761, 22,  0, 0, 255
L 71, 3761, 22,  40, 3766, 0,  0, 0, 255
L 40, 3766, 0,  5, 3758, -56,  0, 0, 255
L 5, 3758, -56,  -8, 3751, -56,  0, 0, 255
L -8, 3751, -56,  -30, 3733, -56,  0, 0, 255
L -30, 3733, -56,  -53, 3678, -56,  0, 0, 255
L -53, 3678, -56,  -55, 3663, -56,  0, 0, 255
L -55, 3663, -56,  -51, 3618, -56,  0, 0, 255
L -51, 3618, -56,  -51, 3618, -56,  0, 0, 255
L -51, 3618, -56,  -16, 3582, -56,  0, 0, 255
L -16, 3582, -56,  9, 3564, -56,  0, 0, 255
L 9, 3564, -56,  38, 3552, -56,  0, 0, 255
L 38, 3552, -56,  82, 3546, -56,  0, 0, 255
L 82, 3546, -56,  100, 3545, -56,  0, 0, 255
L 100, 3545, -56,  114, 3544, -56,  0, 0, 255
L 114, 3544, -56,  137, 3539, -56,  0, 0, 255
L 137, 3539, -56,  172, 3516, -56,  0, 0, 255
L 172, 3516, -56,  176, 3503, -56,  0, 0, 255
L 176, 3503, -56,  184, 3456, -56,  0, 0, 255
L 184, 3456, -56,  177, 3445, -56,  0, 0, 255
L 177, 3445, -56,  149, 3389, 17,  0, 0, 255
L 149, 3389, 17,  104, 3346, -56,  0, 0, 255
L 104, 3346, -56,  104, 3346, -56,  0, 0, 255
L 104, 3346, -56,  98, 3332, -56,  0, 0, 255
L 98, 3332, -56,  85, 3279, -56,  0, 0, 255
L 85, 3279, -56,  82, 3264, -56,  0, 0, 255
L 82, 3264, -56,  76, 3232, -56,  0, 0, 255
L 76, 3232, -56,  73, 3207, -56,  0, 0, 255
L 73, 3207, -56,  70, 3176, -56,  0, 0, 255
L 70, 3176, -56,  67, 3139, -56,  0, 0, 255
L 67, 3139, -56,  67, 3126, -56,  0, 0, 255
L 67, 3126, -56,  79, 3097, -56,  0, 0, 255
L 79, 3097, -56,  86, 3078, -56,  0, 0, 255
L 86, 3078, -56,  99, 3051, -56,  0, 0, 255
L 99, 3051, -56,  135, 2990, -56,  0, 0, 255
L 135, 2990, -56,  150, 2962, -56,  0, 0, 255
L 150, 2962, -56,  178, 2927, -56,  0, 0, 255
L 178, 2927, -56,  187, 2917, -56,  0, 0, 255
L 187, 2917, -56,  210, 2895, -56,  0, 0, 255
L 210, 2895, -56,  222, 2887, -56,  0, 0, 255
L 222, 2887, -56,  264, 2878, -56,  0, 0, 255
L 264, 2878, -56,  292, 2865, -56,  0, 0, 255
L 292, 2865, -56,  317, 2848, -56,  0, 0, 255
L 317, 2848, -56,  353, 2823, -56,  0, 0, 255
L 353, 2823, -56,  353, 2823, -56,  0, 0, 255
L 353, 2823, -56,  361, 2801, -56,  0, 0, 255
L 361, 2801, -56,  362, 2772, -56,  0, 0, 255
L 362, 2772, -56,  357, 2744, -56,  0, 0, 255
L 357, 2744, -56,  353, 2719, -56,  0, 0, 255
L 353, 2719, -56,  339, 2651, -56,  0, 0, 255
L 339, 2651, -56,  329, 2638, -56,  0, 0, 255
L 329, 2638, -56,  310, 2616, -56,  0, 0, 255
L 310, 2616, -56,  276, 2580, -56,  0, 0, 255
L 276, 2580, -56,  267, 2567, -56,  0, 0, 255
L 267, 2567, -56,  252, 2536, -56,  0, 0, 255
L 252, 2536, -56,  241, 2508, -56,  0, 0, 255
L 241, 2508, -56,  232, 2480, -56,  0, 0, 255
L 232, 2480, -56,  210, 2446, -56,  0, 0, 255
L 210, 2446, -56,  190, 2424, -56,  0, 0, 255
L 190, 2424, -56,  168, 2408, -56,  0, 0, 255
L 168, 2408, -56,  135, 2391, -56,  0, 0, 255
L 135, 2391, -56,  122, 2388, -56,  0, 0, 255
L 122, 2388, -56,  70, 2385, -56,  0, 0, 255
L 70, 2385, -56,  28, 2393, -56,  0, 0, 255
L 28, 2393, -56,  0, 2392, -56,  0, 0, 255
L 0, 2392, -56,  -40, 2376, -56,  0, 0, 255
L -40, 2376, -56,  -54, 2370, -56,  0, 0, 255
L -54, 2370, -56,  -84, 2354, -56,  0, 0, 255
L -84, 2354, -56,  -110, 2338, -56,  0, 0, 255
L -110, 2338, -56,  -129, 2317, -56,  0, 0, 255
L -129, 2317, -56,  -147, 2295, -56,  0, 0, 255
L -147, 2295, -56,  -161, 2270, -56,  0, 0, 255
L -161, 2270, -56,  -176, 2238, -56,  0, 0, 255
L -176, 2238, -56,  -192, 2192, -56,  0, 0, 255
L -192, 2192, -56,  -196, 2177, -56,  0, 0, 255
L -196, 2177, -56,  -203, 2142, -56,  0, 0, 255
L -203, 2142, -56,  -204, 2111, -56,  0, 0, 255
L -204, 2111, -56,  -202, 2082, -56,  0, 0, 255
L -202, 2082, -56,  -201, 2076, -56,  0, 0, 255
L -201, 2076, -56,  -220, 2075, -56,  0, 0, 255
L -220, 2075, -56,  -246, 2088, -56,  0, 0, 255
L -246, 2088, -56,  -259, 2095, -56,  0, 0, 255
L -259, 2095, -56,  -273, 2120, -56,  0, 0, 255
L -273, 2120, -56,  -274, 2166, -56,  0, 0, 255
L -274, 2166, -56,  -272, 2178, -56,  0, 0, 255
L -272, 2178, -56,  -258, 2215, -56,  0, 0, 255
L -258, 2215, -56,  -250, 2240, -56,  0, 0, 255
L -250, 2240, -56,  -234, 2264, -56,  0, 0, 255
L -234, 2264, -56,  -227, 2276, -56,  0, 0, 255
L -227, 2276, -56,  -218, 2302, -56,  0, 0, 255
L -218, 2302, -56,  -207, 2347, -56,  0, 0, 255
L -207, 2347, -56,  -194, 2370, -56,  0, 0, 255
L -194, 2370, -56,  -187, 2383, -56,  0, 0, 255
L -187, 2383, -56,  -155, 2407, -56,  0, 0, 255
L -155, 2407, -56,  -125, 2421, -56,  0, 0, 255
L -125, 2421, -56,  -102, 2433, -56,  0, 0, 255
L -102, 2433, -56,  -74, 2447, -56,  0, 0, 255
L -74, 2447, -56,  -30, 2460, -56,  0, 0, 255
L -30, 2460, -56,  -17, 2464, -56,  0, 0, 255
L -17, 2464, -56,  5, 2477, -56,  0, 0, 255
L 5, 2477, -56,  13, 2488, -56,  0, 0, 255
L 13, 2488, -56,  31, 2517, -56,  0, 0, 255
L 31, 2517, -56,  61, 2567, -56,  0, 0, 255
L 61, 2567, -56,  60, 2581, -56,  0, 0, 255
L 60, 2581, -56,  58, 2625, -56,  0, 0, 255
L 58, 2625, -56,  57, 2641, -56,  0, 0, 255
L 57, 2641, -56,  56, 2653, -56,  0, 0, 255
L 56, 2653, -56,  52, 2691, -56,  0, 0, 255
L 52, 2691, -56,  47, 2724, -56,  0, 0, 255
L 47, 2724, -56,  38, 2752, -56,  0, 0, 255
L 38, 2752, -56,  16, 2790, -56,  0, 0, 255
L 16, 2790, -56,  1, 2815, -56,  0, 0, 255
L 1, 2815, -56,  -6, 2828, -56,  0, 0, 255
L -6, 2828, -56,  -29, 2849, -56,  0, 0, 255
L -29, 2849, -56,  -66, 2878, -56,  0, 0, 255
L -66, 2878, -56,  -92, 2895, -56,  0, 0, 255
L -92, 2895, -56,  -106, 2899, -56,  0, 0, 255
L -106, 2899, -56,  -152, 2906, -56,  0, 0, 255
L -152, 2906, -56,  -181, 2903, -56,  0, 0, 255
L -181, 2903, -56,  -212, 2892, -56,  0, 0, 255
L -212, 2892, -56,  -238, 2875, -56,  0, 0, 255
L -238, 2875, -56,  -254, 2852, -56,  0, 0, 255
L -254, 2852, -56,  -268, 2818, -56,  0, 0, 255
L -268, 2818, -56,  -280, 2775, -56,  0, 0, 255
L -280, 2775, -56,  -284, 2756, -56,  0, 0, 255
L -284, 2756, -56,  -288, 2707, -56,  0, 0, 255
L -288, 2707, -56,  -294, 2678, -56,  0, 0, 255
L -294, 2678, -56,  -314, 2657, -56,  0, 0, 255
L -314, 2657, -56,  -343, 2634, -56,  0, 0, 255
L -343, 2634, -56,  -372, 2619, -56,  0, 0, 255
L -372, 2619, -56,  -386, 2613, -56,  0, 0, 255
L -386, 2613, -56,  -431, 2589, -56,  0, 0, 255
L -431, 2589, -56,  -462, 2564, -56,  0, 0, 255
L -462, 2564, -56,  -472, 2555, -56,  0, 0, 255
L -472, 2555, -56,  -507, 2539, -56,  0, 0, 255
L -507, 2539, -56,  -531, 2541, -56,  0, 0, 255
L -531, 2541, -56,  -551, 2549, -56,  0, 0, 255
L -551, 2549, -56,  -572, 2565, -56,  0, 0, 255
L -572, 2565, -56,  -597, 2571, -35,  0, 0, 255
L -597, 2571, -35,  -650, 2569, 142,  0, 0, 255
L -650, 2569, 142,  -650, 2569, 142,  0, 0, 255
L -650, 2569, 142,  -693, 2568, 286,  0, 0, 255
L -693, 2568, 286,  -716, 2569, 298,  0, 0, 255
L 992, -787, -1679,  887, -800, -1690,  0, 0, 255
L 887, -800, -1690,  775, -862, -1968,  0, 0, 255
L 775, -862, -1968,  666, -842, -1917,  0, 0, 255
L 666, -842, -1917,  494, -809, -1846,  0, 0, 255
L 494, -809, -1846,  345, -773, -1894,  0, 0, 255
L 345, -773, -1894,  301, -633, -1842,  0, 0, 255
L 301, -633, -1842,  511, -377, -1870,  0, 0, 255
L 511, -377, -1870,  720, -272, -1717,  0, 0, 255
L 720, -272, -1717,  880, -147, -1923,  0, 0, 255
L 880, -147, -1923,  1042, -63, -1927,  0, 0, 255
L 1042, -63, -1927,  1235, -65, -1965,  0, 0, 255
L 1235, -65, -1965,  1381, -127, -1952,  0, 0, 255
L 1381, -127, -1952,  1480, -253, -1882,  0, 0, 255
L 1480, -253, -1882,  1551, -352, -1981,  0, 0, 255
L 1551, -352, -1981,  1561, -488, -1952,  0, 0, 255
L 1561, -488, -1952,  1417, -638, -1958,  0, 0, 255
L 1417, -638, -1958,  1239, -720, -1905,  0, 0, 255
L 1239, -720, -1905,  1064, -780, -1671,  0, 0, 255
L 1007, -793, -1642,  1008, -731, -1515,  153, 153, 153
L 1008, -731, -1515,  1008, -641, -1479,  153, 153, 153
L 1008, -641, -1479,  1008, -565, -1637,  153, 153, 153
L 1008, -565, -1637,  951, -553, -1659,  153, 153, 153
L 951, -553, -1659,  936, -402, -1659,  153, 153, 153
L 936, -402, -1659,  1114, -373, -1659,  153, 153, 153
L 1114, -373, -1659,  1124, -536, -1659,  153, 153, 153
L 1124, -536, -1659,  1053, -553, -1659,  153, 153, 153
L 1053, -553, -1659,  1040, -636, -1478,  153, 153, 153
L 1040, -636, -1478,  1039, -704, -1482,  153, 153, 153
L 1039, -704, -1482,  1041, -782, -1604,  153, 153, 153
P 39, -1726, 0, 255, 255, 255, 2, Fairie Village
P -1447, -1857, 0, 255, 255, 255, 2, Lady Gelestial
P -2044, 3394, 0, 255, 255, 255, 2, Holgesh Lair
P -707, 2559, 0, 255, 255, 255, 2, Rock People Lair
P -180, 1692, 0, 255, 255, 255, 2, Rock People Lair
P 1408, 3040, 0, 255, 255, 255, 2, Rock People Lair
P 2978, 3017, 0, 255, 255, 255, 2, Dragon Portal
P 4809, 683, 0, 255, 255, 255, 2, Kael Drakka
P -4530, -1454, 0, 255, 255, 255, 2, Skyshrine
P 1061, -458, 0, 255, 255, 255, 2, Plane of Growth
P 5000, 673, 0, 255, 255, 255, 2, Succor Point
