L 911, -742, -354, 918, -736, -38, 0, 0, 0
L 918, -736, -38, 922, -726, -38, 0, 0, 0
L 922, -726, -38, 917, -720, -37, 0, 0, 0
L 917, -720, -37, 911, -715, -34, 0, 0, 0
L 911, -715, -34, 910, -648, -33, 0, 0, 0
L 910, -648, -33, 952, -644, -31, 0, 0, 0
L 952, -644, -31, 958, -648, -34, 0, 0, 0
L 958, -648, -34, 961, -648, -34, 0, 0, 0
L 961, -648, -34, 965, -647, -33, 0, 0, 0
L 965, -647, -33, 968, -645, -34, 0, 0, 0
L 968, -645, -34, 974, -643, -37, 0, 0, 0
L 974, -643, -37, 988, -645, -38, 0, 0, 0
L 988, -645, -38, 995, -647, -38, 0, 0, 0
L 995, -647, -38, 998, -655, -38, 0, 0, 0
L 998, -655, -38, 1003, -661, -38, 0, 0, 0
L 1003, -661, -38, 1006, -654, -38, 0, 0, 0
L 1006, -654, -38, 1070, -653, -45, 0, 0, 0
L 1060, -687, -457, 1006, -687, -38, 0, 0, 0
L 1006, -687, -38, 1006, -678, -38, 0, 0, 0
L 1006, -678, -38, 1001, -676, -38, 0, 0, 0
L 1001, -676, -38, 1001, -687, -38, 0, 0, 0
L 1001, -687, -38, 992, -692, -38, 0, 0, 0
L 992, -692, -38, 973, -693, -37, 0, 0, 0
L 973, -693, -37, 968, -689, -34, 0, 0, 0
L 968, -689, -34, 958, -690, -35, 0, 0, 0
L 958, -690, -35, 958, -695, -33, 0, 0, 0
L 958, -695, -33, 957, -815, -33, 0, 0, 0
L 957, -815, -33, 898, -815, -33, 0, 0, 0
L 918, -781, -387, 923, -773, -38, 0, 0, 0
L 923, -773, -38, 919, -764, -38, 0, 0, 0
L 919, -764, -38, 914, -757, -36, 0, 0, 0
L 910, -742, -350, 900, -743, -34, 0, 0, 0
L 900, -743, -34, 898, -743, -34, 0, 0, 0
L 897, -755, -348, 909, -755, -34, 0, 0, 0
L 909, -755, -34, 919, -763, -38, 0, 0, 0
L 1072, -653, -457, 1072, -653, -45, 0, 0, 0
L 1072, -653, -45, 1087, -659, -45, 0, 0, 0
L 1087, -659, -45, 1100, -675, -45, 0, 0, 0
L 1100, -675, -45, 1101, -748, -52, 0, 0, 0
L 1101, -748, -52, 1091, -765, -52, 0, 0, 0
L 1091, -765, -52, 1076, -774, -52, 0, 0, 0
L 1076, -774, -52, 994, -775, -59, 0, 0, 0
L 994, -775, -59, 979, -768, -59, 0, 0, 0
L 979, -768, -59, 966, -754, -59, 0, 0, 0
L 966, -754, -59, 964, -702, -68, 0, 0, 0
L 964, -702, -68, 964, -637, -68, 0, 0, 0
L 964, -637, -68, 960, -627, -68, 0, 0, 0
L 960, -627, -68, 800, -627, -68, 0, 0, 0
L 800, -627, -68, 800, -553, -68, 0, 0, 0
L 800, -553, -68, 774, -551, -67, 0, 0, 0
L 774, -551, -67, 772, -568, -71, 0, 0, 0
L 772, -568, -71, 790, -569, -71, 0, 0, 0
L 790, -569, -71, 790, -639, -71, 0, 0, 0
L 790, -639, -71, 795, -641, -74, 0, 0, 0
L 795, -641, -74, 799, -641, -76, 0, 0, 0
L 799, -641, -76, 800, -635, -76, 0, 0, 0
L 800, -635, -76, 874, -635, -76, 0, 0, 0
L 874, -635, -76, 874, -682, -76, 0, 0, 0
L 874, -682, -76, 800, -683, -76, 0, 0, 0
L 800, -683, -76, 800, -660, -76, 0, 0, 0
L 800, -660, -76, 744, -659, -71, 0, 0, 0
L 744, -659, -71, 744, -596, -71, 0, 0, 0
L 744, -596, -71, 720, -595, -71, 0, 0, 0
L 720, -595, -71, 720, -501, -71, 0, 0, 0
L 720, -501, -71, 772, -501, -71, 0, 0, 0
L 772, -501, -71, 774, -509, -67, 0, 0, 0
L 774, -509, -67, 798, -509, -68, 0, 0, 0
L 798, -509, -68, 800, -492, -68, 0, 0, 0
L 800, -492, -68, 720, -491, -68, 0, 0, 0
L 720, -491, -68, 720, -440, -68, 0, 0, 0
L 720, -440, -68, 689, -439, -68, 0, 0, 0
L 689, -439, -68, 690, -427, -71, 0, 0, 0
L 690, -427, -71, 686, -425, -72, 0, 0, 0
L 686, -425, -72, 684, -435, -72, 0, 0, 0
L 684, -401, -729, 684, -410, -72, 0, 0, 0
L 684, -410, -72, 688, -410, -72, 0, 0, 0
L 688, -410, -72, 689, -397, -68, 0, 0, 0
L 689, -397, -68, 762, -397, -68, 0, 0, 0
L 762, -397, -68, 762, -448, -68, 0, 0, 0
L 762, -448, -68, 842, -449, -68, 0, 0, 0
L 842, -449, -68, 842, -584, -68, 0, 0, 0
L 842, -584, -68, 864, -585, -68, 0, 0, 0
L 864, -585, -68, 866, -581, -68, 0, 0, 0
L 866, -581, -68, 880, -579, -71, 0, 0, 0
L 890, -579, -717, 894, -579, -71, 0, 0, 0
L 894, -579, -71, 894, -581, -71, 0, 0, 0
L 894, -581, -71, 905, -581, -68, 0, 0, 0
L 905, -581, -68, 905, -584, -68, 0, 0, 0
L 905, -584, -68, 997, -585, -68, 0, 0, 0
L 997, -585, -68, 997, -627, -68, 0, 0, 0
L 997, -627, -68, 1001, -635, -68, 0, 0, 0
L 1001, -635, -68, 1003, -696, -68, 0, 0, 0
L 1003, -696, -68, 1003, -735, -60, 0, 0, 0
L 1003, -735, -60, 1060, -745, -52, 0, 0, 0
L 1060, -745, -52, 1062, -687, -45, 0, 0, 0
L 1062, -687, -45, 1006, -687, -38, 0, 0, 0
L 883, -578, -717, 882, -575, -71, 0, 0, 0
L 882, -575, -71, 878, -575, -71, 0, 0, 0
L 878, -575, -71, 852, -573, -71, 0, 0, 0
L 852, -573, -71, 852, -497, -71, 0, 0, 0
L 852, -497, -71, 855, -497, -71, 0, 0, 0
L 855, -497, -71, 856, -495, -71, 0, 0, 0
L 856, -495, -71, 856, -493, -71, 0, 0, 0
L 856, -493, -71, 852, -491, -71, 0, 0, 0
L 852, -491, -71, 854, -433, -80, 0, 0, 0
L 854, -433, -80, 855, -433, -80, 0, 0, 0
L 855, -433, -80, 856, -428, -80, 0, 0, 0
L 856, -428, -80, 772, -427, -89, 0, 0, 0
L 772, -427, -89, 772, -352, -89, 0, 0, 0
L 772, -352, -89, 768, -351, -88, 0, 0, 0
L 768, -351, -88, 766, -355, -89, 0, 0, 0
L 766, -355, -89, 660, -355, -89, 0, 0, 0
L 660, -355, -89, 660, -241, -89, 0, 0, 0
L 660, -241, -89, 663, -241, -89, 0, 0, 0
L 663, -241, -89, 664, -236, -89, 0, 0, 0
L 664, -236, -89, 660, -235, -89, 0, 0, 0
L 660, -235, -89, 652, -220, -89, 0, 0, 0
L 652, -220, -89, 648, -204, -89, 0, 0, 0
L 648, -204, -89, 648, -181, -98, 0, 0, 0
L 648, -181, -98, 651, -166, -98, 0, 0, 0
L 651, -166, -98, 660, -149, -98, 0, 0, 0
L 660, -149, -98, 681, -149, -98, 0, 0, 0
L 681, -149, -98, 697, -180, -98, 0, 0, 0
L 697, -180, -98, 701, -184, -98, 0, 0, 0
L 701, -184, -98, 706, -185, -98, 0, 0, 0
L 706, -185, -98, 708, -181, -98, 0, 0, 0
L 708, -181, -98, 767, -181, -98, 0, 0, 0
L 767, -181, -98, 768, -177, -98, 0, 0, 0
L 768, -177, -98, 760, -175, -98, 0, 0, 0
L 760, -175, -98, 760, -129, -98, 0, 0, 0
L 760, -129, -98, 838, -129, -98, 0, 0, 0
L 838, -129, -98, 841, -148, -93, 0, 0, 0
L 841, -148, -93, 842, -175, -93, 0, 0, 0
L 842, -175, -93, 840, -175, -94, 0, 0, 0
L 840, -175, -94, 840, -203, -94, 0, 0, 0
L 840, -203, -94, 834, -227, -94, 0, 0, 0
L 834, -227, -94, 834, -244, -96, 0, 0, 0
L 834, -244, -96, 837, -259, -100, 0, 0, 0
L 837, -259, -100, 849, -276, -102, 0, 0, 0
L 849, -276, -102, 854, -280, -103, 0, 0, 0
L 854, -280, -103, 858, -285, -103, 0, 0, 0
L 858, -285, -103, 863, -281, -103, 0, 0, 0
L 863, -281, -103, 861, -277, -103, 0, 0, 0
L 861, -277, -103, 877, -277, -103, 0, 0, 0
L 877, -277, -103, 886, -275, -106, 0, 0, 0
L 886, -275, -106, 891, -272, -107, 0, 0, 0
L 891, -272, -107, 899, -257, -107, 0, 0, 0
L 899, -257, -107, 960, -257, -104, 0, 0, 0
L 960, -257, -104, 961, -260, -104, 0, 0, 0
L 961, -260, -104, 966, -261, -104, 0, 0, 0
L 966, -261, -104, 968, -257, -104, 0, 0, 0
L 968, -257, -104, 1052, -257, -104, 0, 0, 0
L 1052, -257, -104, 1053, -331, -96, 0, 0, 0
L 1053, -331, -96, 1058, -332, -96, 0, 0, 0
L 1058, -332, -96, 1060, -331, -96, 0, 0, 0
L 1060, -331, -96, 1060, -313, -96, 0, 0, 0
L 1060, -313, -96, 1087, -313, -96, 0, 0, 0
L 1087, -313, -96, 1088, -293, -96, 0, 0, 0
L 1088, -293, -96, 1072, -291, -96, 0, 0, 0
L 1072, -291, -96, 1072, -257, -96, 0, 0, 0
L 1072, -257, -96, 1125, -257, -96, 0, 0, 0
L 1125, -257, -96, 1125, -351, -105, 0, 0, 0
L 1125, -351, -105, 1060, -351, -96, 0, 0, 0
L 1060, -351, -96, 1060, -341, -96, 0, 0, 0
L 1060, -341, -96, 1054, -340, -96, 0, 0, 0
L 1054, -340, -96, 1053, -359, -92, 0, 0, 0
L 1053, -359, -92, 1061, -364, -92, 0, 0, 0
L 1061, -364, -92, 1061, -415, -92, 0, 0, 0
L 1061, -415, -92, 1008, -415, -92, 0, 0, 0
L 1008, -415, -92, 980, -407, -92, 0, 0, 0
L 980, -407, -92, 968, -407, -92, 0, 0, 0
L 968, -407, -92, 968, -400, -92, 0, 0, 0
L 968, -400, -92, 963, -399, -92, 0, 0, 0
L 963, -399, -92, 961, -403, -92, 0, 0, 0
L 961, -403, -92, 939, -403, -86, 0, 0, 0
L 939, -403, -86, 937, -427, -80, 0, 0, 0
L 937, -427, -80, 935, -427, -80, 0, 0, 0
L 935, -427, -80, 933, -431, -80, 0, 0, 0
L 933, -431, -80, 937, -433, -80, 0, 0, 0
L 937, -433, -80, 937, -455, -80, 0, 0, 0
L 937, -455, -80, 880, -455, -80, 0, 0, 0
L 880, -455, -80, 880, -451, -80, 0, 0, 0
L 880, -451, -80, 875, -451, -80, 0, 0, 0
L 875, -451, -80, 874, -490, -71, 0, 0, 0
L 874, -490, -71, 870, -491, -71, 0, 0, 0
L 870, -491, -71, 870, -496, -71, 0, 0, 0
L 870, -496, -71, 945, -497, -71, 0, 0, 0
L 945, -497, -71, 945, -549, -78, 0, 0, 0
L 945, -549, -78, 969, -551, -79, 0, 0, 0
L 969, -551, -79, 972, -549, -79, 0, 0, 0
L 972, -549, -79, 960, -547, -79, 0, 0, 0
L 898, -814, -325, 892, -807, -34, 0, 0, 0
L 892, -807, -34, 887, -802, -37, 0, 0, 0
L 887, -802, -37, 880, -799, -37, 0, 0, 0
L 880, -799, -37, 876, -798, -38, 0, 0, 0
L 876, -798, -38, 859, -806, -41, 0, 0, 0
L 859, -806, -41, 836, -806, -47, 0, 0, 0
L 836, -806, -47, 836, -800, -47, 0, 0, 0
L 836, -800, -47, 832, -798, -47, 0, 0, 0
L 832, -798, -47, 831, -806, -47, 0, 0, 0
L 831, -806, -47, 828, -814, -49, 0, 0, 0
L 828, -814, -49, 825, -828, -54, 0, 0, 0
L 825, -828, -54, 826, -838, -57, 0, 0, 0
L 826, -838, -57, 829, -847, -60, 0, 0, 0
L 829, -847, -60, 833, -855, -60, 0, 0, 0
L 833, -855, -60, 833, -862, -60, 0, 0, 0
L 833, -862, -60, 830, -877, -60, 0, 0, 0
L 830, -877, -60, 826, -886, -60, 0, 0, 0
L 826, -886, -60, 823, -898, -60, 0, 0, 0
L 823, -898, -60, 815, -906, -60, 0, 0, 0
L 815, -906, -60, 799, -914, -60, 0, 0, 0
L 799, -914, -60, 762, -914, -60, 0, 0, 0
L 762, -914, -60, 737, -908, -60, 0, 0, 0
L 737, -908, -60, 729, -905, -60, 0, 0, 0
L 729, -905, -60, 717, -899, -60, 0, 0, 0
L 717, -899, -60, 696, -895, -60, 0, 0, 0
L 696, -895, -60, 683, -892, -58, 0, 0, 0
L 683, -892, -58, 678, -888, -57, 0, 0, 0
L 678, -888, -57, 676, -844, -56, 0, 0, 0
L 676, -844, -56, 676, -763, -49, 0, 0, 0
L 676, -763, -49, 673, -748, -60, 0, 0, 0
L 673, -748, -60, 661, -736, -61, 0, 0, 0
L 661, -736, -61, 656, -732, -62, 0, 0, 0
L 656, -732, -62, 653, -730, -63, 0, 0, 0
L 653, -730, -63, 642, -727, -63, 0, 0, 0
L 642, -727, -63, 632, -726, -64, 0, 0, 0
L 632, -726, -64, 625, -725, -66, 0, 0, 0
L 625, -725, -66, 623, -725, -66, 0, 0, 0
L 623, -725, -66, 616, -722, -69, 0, 0, 0
L 616, -722, -69, 611, -719, -72, 0, 0, 0
L 611, -719, -72, 609, -717, -74, 0, 0, 0
L 609, -717, -74, 600, -714, -78, 0, 0, 0
L 600, -714, -78, 598, -713, -78, 0, 0, 0
L 598, -713, -78, 583, -710, -81, 0, 0, 0
L 583, -710, -81, 574, -701, -81, 0, 0, 0
L 574, -701, -81, 573, -701, -81, 0, 0, 0
L 573, -701, -81, 568, -700, -81, 0, 0, 0
L 568, -700, -81, 567, -699, -81, 0, 0, 0
L 567, -699, -81, 565, -699, -81, 0, 0, 0
L 565, -699, -81, 560, -709, -75, 0, 0, 0
L 560, -709, -75, 558, -710, -81, 0, 0, 0
L 558, -710, -81, 544, -710, -79, 0, 0, 0
L 544, -710, -79, 528, -710, -87, 0, 0, 0
L 528, -710, -87, 525, -712, -82, 0, 0, 0
L 525, -712, -82, 525, -716, -81, 0, 0, 0
L 525, -716, -81, 533, -717, -83, 0, 0, 0
L 533, -717, -83, 545, -717, -74, 0, 0, 0
L 545, -717, -74, 545, -758, -74, 0, 0, 0
L 545, -758, -74, 472, -758, -74, 0, 0, 0
L 472, -758, -74, 472, -717, -74, 0, 0, 0
L 472, -717, -74, 489, -717, -83, 0, 0, 0
L 489, -717, -83, 492, -713, -83, 0, 0, 0
L 492, -713, -83, 398, -710, -76, 0, 0, 0
L 398, -710, -76, 388, -709, -75, 0, 0, 0
L 388, -709, -75, 367, -699, -75, 0, 0, 0
L 367, -699, -75, 368, -696, -75, 0, 0, 0
L 368, -696, -75, 367, -692, -75, 0, 0, 0
L 367, -692, -75, 360, -687, -72, 0, 0, 0
L 360, -687, -72, 360, -672, -75, 0, 0, 0
L 360, -672, -75, 312, -670, -76, 0, 0, 0
L 312, -670, -76, 312, -658, -79, 0, 0, 0
L 312, -658, -79, 309, -656, -79, 0, 0, 0
L 309, -656, -79, 307, -674, -74, 0, 0, 0
L 307, -674, -74, 269, -674, -74, 0, 0, 0
L 269, -674, -74, 268, -672, -74, 0, 0, 0
L 268, -672, -74, 266, -668, -76, 0, 0, 0
L 266, -668, -76, 259, -673, -75, 0, 0, 0
L 259, -673, -75, 261, -677, -74, 0, 0, 0
L 261, -607, -772, 260, -608, -75, 0, 0, 0
L 260, -608, -75, 256, -615, -69, 0, 0, 0
L 256, -615, -69, 256, -618, -70, 0, 0, 0
L 256, -618, -70, 257, -623, -76, 0, 0, 0
L 257, -623, -76, 263, -628, -69, 0, 0, 0
L 263, -628, -69, 268, -629, -70, 0, 0, 0
L 268, -629, -70, 270, -626, -69, 0, 0, 0
L 270, -626, -69, 275, -622, -74, 0, 0, 0
L 275, -622, -74, 307, -621, -74, 0, 0, 0
L 307, -621, -74, 307, -638, -79, 0, 0, 0
L 307, -638, -79, 312, -639, -79, 0, 0, 0
L 312, -639, -79, 312, -626, -76, 0, 0, 0
L 312, -626, -76, 359, -625, -76, 0, 0, 0
L 359, -625, -76, 360, -604, -75, 0, 0, 0
L 360, -604, -75, 365, -597, -73, 0, 0, 0
L 365, -597, -73, 369, -594, -71, 0, 0, 0
L 369, -594, -71, 375, -589, -68, 0, 0, 0
L 375, -589, -68, 379, -582, -66, 0, 0, 0
L 379, -582, -66, 387, -577, -66, 0, 0, 0
L 387, -577, -66, 406, -577, -71, 0, 0, 0
L 406, -577, -71, 471, -569, -74, 0, 0, 0
L 471, -569, -74, 492, -562, -82, 0, 0, 0
L 492, -562, -82, 495, -558, -82, 0, 0, 0
L 495, -558, -82, 496, -557, -82, 0, 0, 0
L 496, -557, -82, 498, -552, -81, 0, 0, 0
L 498, -552, -81, 505, -548, -83, 0, 0, 0
L 505, -548, -83, 506, -547, -83, 0, 0, 0
L 506, -547, -83, 510, -546, -82, 0, 0, 0
L 510, -546, -82, 512, -544, -80, 0, 0, 0
L 512, -544, -80, 542, -543, -82, 0, 0, 0
L 542, -543, -82, 544, -544, -81, 0, 0, 0
L 544, -544, -81, 552, -545, -82, 0, 0, 0
L 552, -545, -82, 554, -545, -80, 0, 0, 0
L 554, -545, -80, 558, -541, -78, 0, 0, 0
L 558, -541, -78, 568, -533, -81, 0, 0, 0
L 568, -533, -81, 669, -533, -66, 0, 0, 0
L 669, -533, -66, 673, -621, -81, 0, 0, 0
L 673, -621, -81, 676, -644, -77, 0, 0, 0
L 676, -644, -77, 678, -654, -70, 0, 0, 0
L 678, -654, -70, 681, -660, -68, 0, 0, 0
L 681, -660, -68, 694, -690, -63, 0, 0, 0
L 694, -690, -63, 698, -697, -62, 0, 0, 0
L 698, -697, -62, 705, -704, -60, 0, 0, 0
L 705, -704, -60, 711, -705, -60, 0, 0, 0
L 711, -705, -60, 749, -705, -60, 0, 0, 0
L 749, -705, -60, 767, -707, -60, 0, 0, 0
L 767, -707, -60, 785, -711, -60, 0, 0, 0
L 785, -711, -60, 803, -728, -60, 0, 0, 0
L 803, -728, -60, 809, -735, -59, 0, 0, 0
L 809, -735, -59, 817, -745, -56, 0, 0, 0
L 817, -745, -56, 821, -752, -53, 0, 0, 0
L 821, -752, -53, 826, -759, -51, 0, 0, 0
L 826, -759, -51, 828, -766, -49, 0, 0, 0
L 828, -766, -49, 831, -775, -47, 0, 0, 0
L 831, -775, -47, 831, -779, -47, 0, 0, 0
L 831, -779, -47, 835, -781, -47, 0, 0, 0
L 835, -781, -47, 836, -773, -47, 0, 0, 0
L 836, -773, -47, 858, -769, -41, 0, 0, 0
L 858, -769, -41, 865, -777, -40, 0, 0, 0
L 865, -777, -40, 869, -780, -39, 0, 0, 0
L 869, -780, -39, 872, -781, -39, 0, 0, 0
L 872, -781, -39, 877, -781, -38, 0, 0, 0
L 877, -781, -38, 890, -773, -35, 0, 0, 0
L 890, -773, -35, 902, -773, -35, 0, 0, 0
L 902, -773, -35, 905, -776, -36, 0, 0, 0
L 905, -776, -36, 917, -781, -37, 0, 0, 0
L 917, -781, -37, 921, -778, -37, 0, 0, 0
L 921, -778, -37, 923, -772, -37, 0, 0, 0
L 784, -808, -480, 784, -807, -47, 0, 0, 0
L 784, -807, -47, 780, -804, -48, 0, 0, 0
L 780, -804, -48, 775, -802, -50, 0, 0, 0
L 775, -802, -50, 773, -802, -51, 0, 0, 0
L 773, -802, -51, 770, -802, -51, 0, 0, 0
L 770, -802, -51, 765, -804, -53, 0, 0, 0
L 765, -804, -53, 761, -805, -54, 0, 0, 0
L 761, -805, -54, 755, -810, -56, 0, 0, 0
L 755, -810, -56, 746, -817, -60, 0, 0, 0
L 746, -817, -60, 742, -814, -60, 0, 0, 0
L 742, -814, -60, 738, -814, -60, 0, 0, 0
L 738, -814, -60, 734, -814, -61, 0, 0, 0
L 734, -814, -61, 732, -814, -61, 0, 0, 0
L 732, -814, -61, 729, -819, -60, 0, 0, 0
L 729, -819, -60, 730, -825, -53, 0, 0, 0
L 730, -825, -53, 732, -832, -60, 0, 0, 0
L 732, -832, -60, 729, -839, -57, 0, 0, 0
L 729, -839, -57, 733, -842, -58, 0, 0, 0
L 733, -842, -58, 739, -844, -60, 0, 0, 0
L 739, -844, -60, 751, -848, -60, 0, 0, 0
L 751, -848, -60, 756, -849, -60, 0, 0, 0
L 756, -849, -60, 759, -849, -60, 0, 0, 0
L 759, -849, -60, 762, -844, -59, 0, 0, 0
L 762, -844, -59, 765, -838, -57, 0, 0, 0
L 765, -838, -57, 768, -833, -56, 0, 0, 0
L 768, -833, -56, 772, -828, -54, 0, 0, 0
L 772, -828, -54, 780, -818, -51, 0, 0, 0
L 780, -818, -51, 782, -814, -49, 0, 0, 0
L 782, -814, -49, 784, -809, -48, 0, 0, 0
L 784, -809, -48, 782, -805, -47, 0, 0, 0
L 783, -774, -478, 783, -774, -47, 0, 0, 0
L 783, -774, -47, 783, -773, -47, 0, 0, 0
L 783, -773, -47, 784, -770, -48, 0, 0, 0
L 784, -770, -48, 784, -766, -49, 0, 0, 0
L 784, -766, -49, 783, -764, -50, 0, 0, 0
L 783, -764, -50, 781, -760, -51, 0, 0, 0
L 781, -760, -51, 777, -754, -53, 0, 0, 0
L 777, -754, -53, 772, -748, -55, 0, 0, 0
L 772, -748, -55, 768, -741, -57, 0, 0, 0
L 768, -741, -57, 765, -737, -58, 0, 0, 0
L 765, -737, -58, 760, -733, -60, 0, 0, 0
L 760, -733, -60, 757, -730, -60, 0, 0, 0
L 757, -730, -60, 754, -731, -60, 0, 0, 0
L 754, -731, -60, 749, -736, -60, 0, 0, 0
L 749, -736, -60, 745, -739, -60, 0, 0, 0
L 745, -739, -60, 740, -745, -60, 0, 0, 0
L 740, -745, -60, 738, -746, -60, 0, 0, 0
L 738, -746, -60, 736, -753, -60, 0, 0, 0
L 736, -753, -60, 735, -755, -60, 0, 0, 0
L 735, -755, -60, 738, -761, -60, 0, 0, 0
L 738, -761, -60, 746, -767, -60, 0, 0, 0
L 746, -767, -60, 750, -770, -58, 0, 0, 0
L 750, -770, -58, 760, -775, -55, 0, 0, 0
L 760, -775, -55, 764, -776, -53, 0, 0, 0
L 764, -776, -53, 772, -777, -51, 0, 0, 0
L 772, -777, -51, 777, -777, -49, 0, 0, 0
L 777, -777, -49, 780, -776, -48, 0, 0, 0
L 780, -776, -48, 783, -773, -47, 0, 0, 0
L 973, -548, -788, 972, -547, -78, 0, 0, 0
L 972, -547, -78, 960, -546, -78, 0, 0, 0
L 960, -546, -78, 960, -500, -78, 0, 0, 0
L 960, -500, -78, 996, -497, -78, 0, 0, 0
L 996, -497, -78, 997, -502, -78, 0, 0, 0
L 997, -502, -78, 1001, -503, -78, 0, 0, 0
L 1001, -503, -78, 1002, -489, -78, 0, 0, 0
L 1002, -489, -78, 1023, -489, -78, 0, 0, 0
L 1023, -489, -78, 1029, -512, -78, 0, 0, 0
L 1029, -512, -78, 1002, -512, -78, 0, 0, 0
L 1002, -512, -78, 1002, -511, -78, 0, 0, 0
L 1002, -511, -78, 998, -510, -78, 0, 0, 0
L 998, -510, -78, 997, -522, -78, 0, 0, 0
L 997, -522, -78, 1001, -523, -78, 0, 0, 0
L 1001, -523, -78, 1002, -519, -78, 0, 0, 0
L 1002, -519, -78, 1029, -519, -78, 0, 0, 0
L 1029, -519, -78, 1029, -540, -78, 0, 0, 0
L 1029, -540, -78, 1003, -542, -78, 0, 0, 0
L 1003, -542, -78, 1002, -532, -78, 0, 0, 0
L 1002, -532, -78, 999, -530, -78, 0, 0, 0
L 999, -530, -78, 997, -546, -78, 0, 0, 0
L 997, -546, -78, 981, -546, -78, 0, 0, 0
L 981, -546, -78, 979, -550, -78, 0, 0, 0
L 979, -550, -78, 993, -551, -78, 0, 0, 0
L 993, -551, -78, 997, -565, -78, 0, 0, 0
L 997, -565, -78, 930, -572, -78, 0, 0, 0
L 930, -572, -78, 928, -536, -70, 0, 0, 0
L 928, -536, -70, 907, -534, -70, 0, 0, 0
L 907, -534, -70, 905, -572, -70, 0, 0, 0
L 905, -572, -70, 894, -572, -70, 0, 0, 0
L 894, -572, -70, 893, -574, -70, 0, 0, 0
L 893, -574, -70, 891, -574, -70, 0, 0, 0
L 891, -574, -70, 889, -578, -70, 0, 0, 0
L 889, -578, -70, 893, -579, -70, 0, 0, 0
L 893, -579, -70, 893, -580, -70, 0, 0, 0
L 893, -580, -70, 905, -581, -67, 0, 0, 0
L 873, -433, -798, 873, -436, -79, 0, 0, 0
L 873, -436, -79, 878, -437, -79, 0, 0, 0
L 878, -437, -79, 880, -433, -79, 0, 0, 0
L 880, -433, -79, 919, -433, -79, 0, 0, 0
L 919, -433, -79, 920, -429, -79, 0, 0, 0
L 920, -429, -79, 916, -426, -79, 0, 0, 0
L 916, -426, -79, 916, -381, -85, 0, 0, 0
L 916, -381, -85, 961, -381, -91, 0, 0, 0
L 961, -381, -91, 961, -384, -91, 0, 0, 0
L 961, -384, -91, 967, -385, -91, 0, 0, 0
L 967, -385, -91, 968, -377, -91, 0, 0, 0
L 968, -377, -91, 975, -375, -91, 0, 0, 0
L 975, -375, -91, 999, -371, -91, 0, 0, 0
L 999, -371, -91, 1021, -366, -91, 0, 0, 0
L 1021, -366, -91, 1030, -362, -91, 0, 0, 0
L 1030, -362, -91, 1032, -309, -99, 0, 0, 0
L 1032, -309, -99, 1026, -307, -99, 0, 0, 0
L 1026, -307, -99, 1025, -319, -99, 0, 0, 0
L 1025, -319, -99, 999, -318, -99, 0, 0, 0
L 999, -318, -99, 998, -335, -99, 0, 0, 0
L 998, -335, -99, 976, -335, -96, 0, 0, 0
L 976, -335, -96, 975, -289, -99, 0, 0, 0
L 975, -289, -99, 1023, -288, -99, 0, 0, 0
L 1023, -288, -99, 1025, -299, -99, 0, 0, 0
L 1025, -299, -99, 1031, -300, -99, 0, 0, 0
L 1031, -300, -99, 1032, -279, -103, 0, 0, 0
L 1032, -279, -103, 968, -278, -103, 0, 0, 0
L 968, -278, -103, 968, -276, -103, 0, 0, 0
L 968, -276, -103, 962, -274, -103, 0, 0, 0
L 962, -274, -103, 961, -320, -103, 0, 0, 0
L 961, -320, -103, 906, -322, -106, 0, 0, 0
L 906, -322, -106, 897, -322, -106, 0, 0, 0
L 897, -322, -106, 890, -319, -106, 0, 0, 0
L 890, -319, -106, 885, -316, -104, 0, 0, 0
L 885, -316, -104, 880, -315, -103, 0, 0, 0
L 880, -315, -103, 866, -314, -102, 0, 0, 0
L 866, -314, -102, 853, -302, -102, 0, 0, 0
L 853, -302, -102, 849, -296, -102, 0, 0, 0
L 849, -296, -102, 831, -278, -101, 0, 0, 0
L 831, -278, -101, 820, -265, -100, 0, 0, 0
L 820, -265, -100, 811, -250, -97, 0, 0, 0
L 811, -250, -97, 806, -233, -94, 0, 0, 0
L 806, -233, -94, 804, -205, -93, 0, 0, 0
L 804, -205, -93, 805, -205, -93, 0, 0, 0
L 805, -205, -93, 806, -177, -93, 0, 0, 0
L 806, -177, -93, 783, -174, -97, 0, 0, 0
L 783, -174, -97, 781, -179, -97, 0, 0, 0
L 781, -179, -97, 785, -182, -97, 0, 0, 0
L 785, -182, -97, 785, -226, -97, 0, 0, 0
L 785, -226, -97, 746, -226, -92, 0, 0, 0
L 746, -226, -92, 745, -230, -92, 0, 0, 0
L 745, -230, -92, 743, -230, -92, 0, 0, 0
L 743, -230, -92, 741, -247, -88, 0, 0, 0
L 741, -247, -88, 745, -250, -88, 0, 0, 0
L 745, -250, -88, 745, -270, -88, 0, 0, 0
L 745, -270, -88, 708, -270, -88, 0, 0, 0
L 708, -270, -88, 704, -268, -88, 0, 0, 0
L 704, -268, -88, 699, -266, -88, 0, 0, 0
L 699, -266, -88, 697, -271, -88, 0, 0, 0
L 697, -271, -88, 682, -278, -88, 0, 0, 0
L 682, -278, -88, 681, -332, -88, 0, 0, 0
L 697, -249, -888, 697, -252, -88, 0, 0, 0
L 697, -252, -88, 702, -253, -88, 0, 0, 0
L 702, -253, -88, 704, -249, -88, 0, 0, 0
L 704, -249, -88, 719, -249, -88, 0, 0, 0
L 719, -249, -88, 720, -233, -91, 0, 0, 0
L 720, -233, -91, 711, -230, -90, 0, 0, 0
L 711, -230, -90, 710, -209, -90, 0, 0, 0
L 710, -209, -90, 745, -209, -92, 0, 0, 0
L 745, -209, -92, 745, -211, -92, 0, 0, 0
L 745, -211, -92, 763, -213, -96, 0, 0, 0
L 763, -213, -96, 764, -210, -97, 0, 0, 0
L 764, -210, -97, 764, -204, -97, 0, 0, 0
L 764, -204, -97, 708, -202, -97, 0, 0, 0
L 708, -202, -97, 708, -200, -97, 0, 0, 0
L 708, -200, -97, 703, -198, -97, 0, 0, 0
L 703, -198, -97, 698, -202, -97, 0, 0, 0
L 698, -202, -97, 682, -234, -88, 0, 0, 0
L 682, -234, -88, 678, -234, -88, 0, 0, 0
L 678, -234, -88, 677, -239, -88, 0, 0, 0
L 677, -239, -88, 677, -240, -88, 0, 0, 0
L 677, -240, -88, 682, -241, -88, 0, 0, 0
L 682, -241, -88, 697, -249, -88, 0, 0, 0
L 681, -330, -888, 681, -332, -88, 0, 0, 0
L 681, -332, -88, 703, -333, -88, 0, 0, 0
L 703, -333, -88, 704, -329, -88, 0, 0, 0
L 704, -329, -88, 696, -326, -88, 0, 0, 0
L 696, -326, -88, 694, -320, -88, 0, 0, 0
L 694, -320, -88, 692, -315, -88, 0, 0, 0
L 692, -315, -88, 692, -292, -88, 0, 0, 0
L 692, -292, -88, 694, -287, -86, 0, 0, 0
L 694, -287, -86, 700, -281, -86, 0, 0, 0
L 700, -281, -86, 752, -281, -86, 0, 0, 0
L 752, -281, -86, 760, -283, -86, 0, 0, 0
L 760, -283, -86, 762, -285, -86, 0, 0, 0
L 762, -285, -86, 765, -290, -86, 0, 0, 0
L 765, -290, -86, 765, -307, -86, 0, 0, 0
L 765, -307, -86, 764, -309, -86, 0, 0, 0
L 764, -309, -86, 758, -314, -86, 0, 0, 0
L 758, -314, -86, 755, -314, -86, 0, 0, 0
L 755, -314, -86, 750, -314, -88, 0, 0, 0
L 750, -314, -88, 739, -314, -88, 0, 0, 0
L 739, -314, -88, 738, -315, -88, 0, 0, 0
L 738, -315, -88, 733, -319, -88, 0, 0, 0
L 733, -319, -88, 722, -326, -88, 0, 0, 0
L 722, -326, -88, 718, -335, -88, 0, 0, 0
L 719, -333, -897, 719, -333, -89, 0, 0, 0
L 719, -333, -89, 766, -333, -89, 0, 0, 0
L 766, -333, -89, 766, -336, -89, 0, 0, 0
L 766, -336, -89, 770, -337, -88, 0, 0, 0
L 770, -337, -88, 772, -325, -89, 0, 0, 0
L 772, -325, -89, 860, -325, -89, 0, 0, 0
L 860, -325, -89, 867, -337, -89, 0, 0, 0
L 867, -337, -89, 873, -373, -89, 0, 0, 0
L 873, -373, -89, 874, -419, -80, 0, 0, 0
L 874, -419, -80, 871, -427, -80, 0, 0, 0
L 871, -427, -80, 870, -432, -80, 0, 0, 0
L 870, -432, -80, 874, -433, -80, 0, 0, 0
L 684, -435, -729, 649, -435, -78, 0, 0, 0
L 649, -435, -78, 643, -437, -78, 0, 0, 0
L 643, -437, -78, 642, -437, -78, 0, 0, 0
L 642, -437, -78, 640, -445, -78, 0, 0, 0
L 640, -445, -78, 640, -448, -78, 0, 0, 0
L 640, -448, -78, 683, -449, -78, 0, 0, 0
L 683, -449, -78, 686, -515, -77, 0, 0, 0
L 686, -515, -77, 649, -515, -77, 0, 0, 0
L 649, -515, -77, 648, -492, -77, 0, 0, 0
L 648, -492, -77, 632, -491, -78, 0, 0, 0
L 632, -491, -78, 632, -438, -78, 0, 0, 0
L 632, -438, -78, 614, -445, -76, 0, 0, 0
L 614, -445, -76, 593, -470, -75, 0, 0, 0
L 593, -470, -75, 580, -482, -75, 0, 0, 0
L 580, -482, -75, 560, -490, -77, 0, 0, 0
L 560, -490, -77, 534, -492, -79, 0, 0, 0
L 534, -492, -79, 508, -492, -79, 0, 0, 0
L 508, -492, -79, 505, -490, -81, 0, 0, 0
L 505, -490, -81, 492, -487, -75, 0, 0, 0
L 492, -487, -75, 486, -485, -75, 0, 0, 0
L 486, -485, -75, 458, -480, -74, 0, 0, 0
L 458, -480, -74, 448, -480, -74, 0, 0, 0
L 448, -480, -74, 437, -485, -74, 0, 0, 0
L 437, -485, -74, 432, -488, -74, 0, 0, 0
L 432, -488, -74, 416, -496, -74, 0, 0, 0
L 416, -496, -74, 341, -499, -74, 0, 0, 0
L 341, -499, -74, 323, -491, -74, 0, 0, 0
L 323, -491, -74, 305, -473, -74, 0, 0, 0
L 305, -473, -74, 291, -448, -74, 0, 0, 0
L 291, -448, -74, 282, -412, -74, 0, 0, 0
L 282, -412, -74, 280, -391, -74, 0, 0, 0
L 280, -391, -74, 289, -391, -74, 0, 0, 0
L 289, -391, -74, 290, -378, -74, 0, 0, 0
L 290, -378, -74, 280, -377, -74, 0, 0, 0
L 280, -377, -74, 280, -364, -74, 0, 0, 0
L 280, -364, -74, 234, -363, -70, 0, 0, 0
L 234, -363, -70, 234, -354, -70, 0, 0, 0
L 234, -354, -70, 222, -353, -70, 0, 0, 0
L 222, -353, -70, 220, -371, -70, 0, 0, 0
L 220, -301, -707, 220, -318, -70, 0, 0, 0
L 220, -318, -70, 233, -319, -70, 0, 0, 0
L 233, -319, -70, 234, -309, -70, 0, 0, 0
L 234, -309, -70, 374, -309, -74, 0, 0, 0
L 374, -309, -74, 382, -377, -74, 0, 0, 0
L 382, -377, -74, 372, -377, -74, 0, 0, 0
L 372, -377, -74, 372, -390, -74, 0, 0, 0
L 372, -390, -74, 382, -391, -74, 0, 0, 0
L 382, -391, -74, 382, -404, -74, 0, 0, 0
L 382, -404, -74, 384, -409, -74, 0, 0, 0
L 384, -409, -74, 386, -412, -74, 0, 0, 0
L 386, -412, -74, 396, -422, -74, 0, 0, 0
L 396, -422, -74, 402, -426, -74, 0, 0, 0
L 402, -426, -74, 406, -429, -74, 0, 0, 0
L 406, -429, -74, 418, -429, -74, 0, 0, 0
L 418, -429, -74, 424, -428, -74, 0, 0, 0
L 424, -428, -74, 434, -422, -74, 0, 0, 0
L 434, -422, -74, 444, -412, -74, 0, 0, 0
L 444, -412, -74, 448, -404, -74, 0, 0, 0
L 448, -404, -74, 453, -397, -74, 0, 0, 0
L 453, -397, -74, 457, -396, -74, 0, 0, 0
L 457, -396, -74, 468, -394, -74, 0, 0, 0
L 468, -394, -74, 472, -394, -74, 0, 0, 0
L 472, -394, -74, 474, -393, -74, 0, 0, 0
L 474, -393, -74, 476, -388, -74, 0, 0, 0
L 476, -388, -74, 476, -384, -74, 0, 0, 0
L 476, -384, -74, 477, -383, -74, 0, 0, 0
L 477, -383, -74, 481, -381, -75, 0, 0, 0
L 481, -381, -75, 486, -377, -75, 0, 0, 0
L 486, -377, -75, 493, -372, -75, 0, 0, 0
L 493, -372, -75, 499, -365, -76, 0, 0, 0
L 499, -365, -76, 505, -359, -77, 0, 0, 0
L 505, -359, -77, 507, -357, -77, 0, 0, 0
L 507, -357, -77, 508, -352, -81, 0, 0, 0
L 508, -352, -81, 508, -349, -82, 0, 0, 0
L 508, -349, -82, 549, -349, -81, 0, 0, 0
L 549, -349, -81, 550, -350, -81, 0, 0, 0
L 550, -350, -81, 550, -353, -81, 0, 0, 0
L 550, -353, -81, 553, -355, -81, 0, 0, 0
L 553, -355, -81, 556, -357, -78, 0, 0, 0
L 556, -357, -78, 560, -357, -77, 0, 0, 0
L 560, -357, -77, 569, -357, -76, 0, 0, 0
L 569, -357, -76, 585, -360, -75, 0, 0, 0
L 585, -360, -75, 593, -363, -75, 0, 0, 0
L 593, -363, -75, 621, -386, -77, 0, 0, 0
L 621, -386, -77, 627, -391, -78, 0, 0, 0
L 627, -391, -78, 632, -394, -78, 0, 0, 0
L 632, -394, -78, 641, -398, -78, 0, 0, 0
L 641, -398, -78, 647, -401, -78, 0, 0, 0
L 647, -401, -78, 658, -401, -77, 0, 0, 0
L 658, -401, -77, 684, -401, -72, 0, 0, 0
L 339, -381, -747, 338, -379, -74, 0, 0, 0
L 338, -379, -74, 326, -377, -74, 0, 0, 0
L 326, -377, -74, 324, -390, -74, 0, 0, 0
L 324, -390, -74, 336, -391, -74, 0, 0, 0
L 336, -391, -74, 338, -380, -74, 0, 0, 0
L 338, -380, -74, 338, -378, -74, 0, 0, 0
L 220, -371, -707, 207, -371, -70, 0, 0, 0
L 207, -371, -70, 169, -371, -70, 0, 0, 0
L 169, -371, -70, 164, -370, -70, 0, 0, 0
L 164, -370, -70, 165, -363, -70, 0, 0, 0
L 165, -363, -70, 167, -361, -69, 0, 0, 0
L 167, -361, -69, 168, -358, -68, 0, 0, 0
L 168, -358, -68, 170, -353, -67, 0, 0, 0
L 170, -353, -67, 170, -352, -66, 0, 0, 0
L 170, -352, -66, 168, -349, -66, 0, 0, 0
L 168, -349, -66, 163, -346, -66, 0, 0, 0
L 163, -346, -66, 161, -345, -66, 0, 0, 0
L 161, -345, -66, 154, -343, -66, 0, 0, 0
L 154, -343, -66, 152, -342, -66, 0, 0, 0
L 152, -342, -66, 152, -332, -66, 0, 0, 0
L 152, -332, -66, 153, -329, -66, 0, 0, 0
L 153, -329, -66, 157, -328, -66, 0, 0, 0
L 157, -328, -66, 162, -327, -66, 0, 0, 0
L 162, -327, -66, 165, -325, -66, 0, 0, 0
L 165, -325, -66, 166, -324, -66, 0, 0, 0
L 166, -324, -66, 170, -321, -66, 0, 0, 0
L 170, -321, -66, 170, -319, -67, 0, 0, 0
L 170, -319, -67, 169, -317, -67, 0, 0, 0
L 169, -317, -67, 167, -312, -69, 0, 0, 0
L 167, -312, -69, 167, -311, -69, 0, 0, 0
L 167, -311, -69, 165, -308, -70, 0, 0, 0
L 165, -308, -70, 164, -303, -70, 0, 0, 0
L 164, -303, -70, 164, -301, -70, 0, 0, 0
L 164, -301, -70, 219, -301, -70, 0, 0, 0
L 263, -682, -753, 263, -683, -75, 0, 0, 0
L 263, -683, -75, 260, -691, -79, 0, 0, 0
L 260, -691, -79, 258, -694, -80, 0, 0, 0
L 258, -694, -80, 256, -696, -80, 0, 0, 0
L 256, -696, -80, 254, -707, -77, 0, 0, 0
L 254, -707, -77, 263, -678, -75, 0, 0, 0
L 263, -678, -75, 261, -674, -75, 0, 0, 0
L 261, -674, -75, 260, -692, -79, 0, 0, 0
L 260, -692, -79, 254, -706, -80, 0, 0, 0
L 254, -706, -80, 255, -719, -66, 0, 0, 0
L 255, -719, -66, 258, -724, -66, 0, 0, 0
L 258, -724, -66, 262, -751, -71, 0, 0, 0
L 262, -751, -71, 262, -779, -71, 0, 0, 0
L 262, -779, -71, 192, -787, -71, 0, 0, 0
L 192, -787, -71, 175, -787, -71, 0, 0, 0
L 175, -787, -71, 174, -811, -71, 0, 0, 0
L 174, -811, -71, 214, -813, -71, 0, 0, 0
L 214, -813, -71, 214, -888, -71, 0, 0, 0
L 214, -888, -71, 178, -891, -71, 0, 0, 0
L 178, -891, -71, 118, -891, -71, 0, 0, 0
L 118, -891, -71, 118, -937, -71, 0, 0, 0
L 118, -937, -71, 15, -938, -70, 0, 0, 0
L 15, -938, -70, 8, -813, -71, 0, 0, 0
L 8, -813, -71, 118, -813, -71, 0, 0, 0
L 118, -813, -71, 120, -788, -71, 0, 0, 0
L 120, -788, -71, -35, -787, -71, 0, 0, 0
L -35, -787, -71, -39, -647, -71, 0, 0, 0
L -39, -647, -71, -39, -561, -71, 0, 0, 0
L -39, -561, -71, 102, -561, -71, 0, 0, 0
L 102, -561, -71, 104, -546, -71, 0, 0, 0
L 104, -546, -71, 109, -545, -71, 0, 0, 0
L 109, -545, -71, 112, -541, -69, 0, 0, 0
L 112, -541, -69, 113, -537, -68, 0, 0, 0
L 113, -537, -68, 118, -537, -71, 0, 0, 0
L 118, -537, -71, 120, -535, -72, 0, 0, 0
L 120, -535, -72, 120, -471, -71, 0, 0, 0
L 120, -471, -71, 108, -471, -71, 0, 0, 0
L 74, -405, -717, 74, -408, -71, 0, 0, 0
L 74, -408, -71, 80, -409, -71, 0, 0, 0
L 80, -409, -71, 167, -409, -71, 0, 0, 0
L 167, -409, -71, 168, -409, -68, 0, 0, 0
L 168, -409, -68, 182, -419, -68, 0, 0, 0
L 182, -419, -68, 182, -611, -71, 0, 0, 0
L 182, -611, -71, 166, -619, -71, 0, 0, 0
L 166, -619, -71, 161, -616, -74, 0, 0, 0
L 161, -616, -74, 159, -615, -71, 0, 0, 0
L 159, -615, -71, 155, -616, -71, 0, 0, 0
L 155, -616, -71, 155, -619, -69, 0, 0, 0
L 155, -619, -69, 158, -624, -71, 0, 0, 0
L 158, -624, -71, 158, -635, -71, 0, 0, 0
L 158, -635, -71, 170, -637, -71, 0, 0, 0
L 170, -637, -71, 178, -689, -71, 0, 0, 0
L 178, -689, -71, 159, -691, -71, 0, 0, 0
L 159, -691, -71, 158, -721, -71, 0, 0, 0
L 158, -721, -71, 127, -723, -71, 0, 0, 0
L 127, -723, -71, 126, -723, -71, 0, 0, 0
L 126, -723, -71, 126, -731, -71, 0, 0, 0
L 126, -731, -71, 128, -733, -71, 0, 0, 0
L 128, -733, -71, 208, -732, -71, 0, 0, 0
L 208, -732, -71, 209, -585, -72, 0, 0, 0
L 209, -585, -72, 212, -583, -75, 0, 0, 0
L 212, -583, -75, 214, -577, -63, 0, 0, 0
L 214, -577, -63, 225, -577, -71, 0, 0, 0
L 225, -577, -71, 246, -584, -77, 0, 0, 0
L 246, -584, -77, 250, -588, -79, 0, 0, 0
L 250, -588, -79, 254, -592, -80, 0, 0, 0
L 254, -592, -80, 255, -594, -80, 0, 0, 0
L 255, -594, -80, 255, -597, -80, 0, 0, 0
L 255, -597, -80, 257, -600, -80, 0, 0, 0
L 257, -600, -80, 262, -609, -75, 0, 0, 0
L 262, -609, -75, 262, -610, -70, 0, 0, 0
L 262, -610, -70, 261, -611, -69, 0, 0, 0
L 261, -611, -69, 258, -616, -68, 0, 0, 0
L 258, -616, -68, 257, -620, -72, 0, 0, 0
L 257, -620, -72, 258, -623, -75, 0, 0, 0
L 258, -623, -75, 258, -624, -75, 0, 0, 0
L 258, -624, -75, 262, -629, -73, 0, 0, 0
L 262, -629, -73, 264, -629, -71, 0, 0, 0
L 264, -629, -71, 273, -623, -75, 0, 0, 0
L 80, -728, -717, 80, -723, -71, 0, 0, 0
L 80, -723, -71, 54, -723, -71, 0, 0, 0
L 54, -723, -71, 48, -643, -71, 0, 0, 0
L 48, -643, -71, 55, -637, -71, 0, 0, 0
L 55, -637, -71, 97, -637, -71, 0, 0, 0
L 97, -637, -71, 104, -636, -71, 0, 0, 0
L 104, -636, -71, 104, -620, -71, 0, 0, 0
L 104, -620, -71, 15, -619, -71, 0, 0, 0
L 15, -619, -71, 14, -645, -71, 0, 0, 0
L 14, -645, -71, 38, -645, -71, 0, 0, 0
L 38, -645, -71, 38, -711, -71, 0, 0, 0
L 38, -711, -71, 15, -711, -71, 0, 0, 0
L 15, -711, -71, 14, -732, -71, 0, 0, 0
L 14, -732, -71, 54, -733, -71, 0, 0, 0
L 54, -733, -71, 79, -733, -71, 0, 0, 0
L 79, -733, -71, 80, -725, -71, 0, 0, 0
L 113, -471, -717, 63, -471, -71, 0, 0, 0
L 63, -471, -71, -43, -471, -71, 0, 0, 0
L -43, -471, -71, -56, -471, -70, 0, 0, 0
L -56, -471, -70, -57, -475, -75, 0, 0, 0
L -57, -475, -75, -57, -502, -80, 0, 0, 0
L -57, -502, -80, -57, -586, -88, 0, 0, 0
L -57, -586, -88, -57, -698, -88, 0, 0, 0
L -57, -698, -88, -60, -699, -88, 0, 0, 0
L -60, -699, -88, -177, -699, -88, 0, 0, 0
L -177, -699, -88, -183, -688, -85, 0, 0, 0
L -183, -688, -85, -199, -687, -88, 0, 0, 0
L -199, -687, -88, -201, -700, -89, 0, 0, 0
L -201, -700, -89, -201, -703, -89, 0, 0, 0
L -201, -703, -89, -195, -716, -94, 0, 0, 0
L -195, -716, -94, -192, -721, -97, 0, 0, 0
L -192, -721, -97, -189, -725, -98, 0, 0, 0
L -189, -725, -98, -184, -731, -100, 0, 0, 0
L -184, -731, -100, -181, -736, -101, 0, 0, 0
L -181, -736, -101, -181, -741, -102, 0, 0, 0
L -181, -741, -102, -181, -752, -102, 0, 0, 0
L -181, -752, -102, -183, -759, -102, 0, 0, 0
L -183, -759, -102, -185, -764, -102, 0, 0, 0
L -185, -764, -102, -189, -771, -102, 0, 0, 0
L -189, -771, -102, -196, -774, -102, 0, 0, 0
L -196, -774, -102, -202, -777, -102, 0, 0, 0
L -202, -777, -102, -208, -779, -102, 0, 0, 0
L -208, -779, -102, -219, -779, -102, 0, 0, 0
L -219, -779, -102, -227, -777, -102, 0, 0, 0
L -227, -777, -102, -241, -775, -102, 0, 0, 0
L -241, -775, -102, -244, -775, -102, 0, 0, 0
L -244, -775, -102, -252, -773, -104, 0, 0, 0
L -252, -773, -104, -257, -769, -106, 0, 0, 0
L -257, -769, -106, -262, -764, -108, 0, 0, 0
L -262, -764, -108, -263, -763, -109, 0, 0, 0
L -263, -763, -109, -267, -761, -110, 0, 0, 0
L -267, -761, -110, -272, -759, -111, 0, 0, 0
L -272, -759, -111, -280, -770, -111, 0, 0, 0
L -280, -770, -111, -281, -771, -111, 0, 0, 0
L -281, -771, -111, -336, -771, -111, 0, 0, 0
L -336, -771, -111, -345, -770, -111, 0, 0, 0
L -345, -770, -111, -350, -768, -111, 0, 0, 0
L -350, -768, -111, -379, -759, -111, 0, 0, 0
L -379, -759, -111, -381, -757, -111, 0, 0, 0
L -381, -757, -111, -389, -753, -111, 0, 0, 0
L -389, -753, -111, -404, -744, -111, 0, 0, 0
L -404, -744, -111, -407, -743, -111, 0, 0, 0
L -407, -743, -111, -411, -737, -111, 0, 0, 0
L -411, -737, -111, -417, -729, -111, 0, 0, 0
L -417, -729, -111, -424, -718, -111, 0, 0, 0
L -424, -718, -111, -425, -713, -111, 0, 0, 0
L -425, -713, -111, -425, -706, -111, 0, 0, 0
L -425, -706, -111, -429, -697, -109, 0, 0, 0
L -429, -697, -109, -433, -689, -108, 0, 0, 0
L -433, -689, -108, -439, -658, -88, 0, 0, 0
L -439, -658, -88, -439, -633, -88, 0, 0, 0
L -439, -633, -88, -438, -624, -88, 0, 0, 0
L -438, -624, -88, -434, -623, -90, 0, 0, 0
L -434, -623, -90, -419, -618, -98, 0, 0, 0
L -419, -618, -98, -407, -613, -103, 0, 0, 0
L -407, -613, -103, -398, -613, -106, 0, 0, 0
L -398, -613, -106, -387, -613, -109, 0, 0, 0
L -387, -613, -109, -381, -612, -111, 0, 0, 0
L -381, -612, -111, -360, -601, -111, 0, 0, 0
L -360, -601, -111, -360, -590, -111, 0, 0, 0
L -360, -590, -111, -357, -584, -111, 0, 0, 0
L -357, -584, -111, -351, -577, -111, 0, 0, 0
L -351, -577, -111, -341, -566, -111, 0, 0, 0
L -341, -566, -111, -337, -562, -111, 0, 0, 0
L -337, -562, -111, -329, -555, -111, 0, 0, 0
L -329, -555, -111, -325, -550, -107, 0, 0, 0
L -325, -550, -107, -318, -546, -103, 0, 0, 0
L -318, -546, -103, -316, -544, -105, 0, 0, 0
L -316, -544, -105, -309, -540, -102, 0, 0, 0
L -309, -540, -102, -301, -536, -99, 0, 0, 0
L -301, -536, -99, -297, -533, -97, 0, 0, 0
L -297, -533, -97, -288, -533, -97, 0, 0, 0
L -305, -659, -1117, -312, -664, -111, 0, 0, 0
L -312, -664, -111, -317, -667, -111, 0, 0, 0
L -317, -667, -111, -317, -670, -111, 0, 0, 0
L -317, -670, -111, -316, -671, -111, 0, 0, 0
L -316, -671, -111, -314, -674, -111, 0, 0, 0
L -314, -674, -111, -304, -678, -111, 0, 0, 0
L -304, -678, -111, -303, -673, -110, 0, 0, 0
L -303, -673, -110, -301, -667, -108, 0, 0, 0
L -301, -667, -108, -298, -666, -108, 0, 0, 0
L -298, -666, -108, -293, -662, -106, 0, 0, 0
L -293, -662, -106, -292, -659, -105, 0, 0, 0
L -292, -659, -105, -288, -653, -103, 0, 0, 0
L -288, -653, -103, -286, -651, -102, 0, 0, 0
L -286, -651, -102, -283, -645, -101, 0, 0, 0
L -221, -591, -932, -221, -591, -93, 0, 0, 0
L -221, -591, -93, -221, -607, -93, 0, 0, 0
L -221, -607, -93, -222, -609, -93, 0, 0, 0
L -222, -609, -93, -225, -614, -95, 0, 0, 0
L -225, -614, -95, -227, -618, -96, 0, 0, 0
L -227, -618, -96, -230, -623, -96, 0, 0, 0
L -230, -623, -96, -233, -624, -96, 0, 0, 0
L -233, -624, -96, -238, -626, -96, 0, 0, 0
L -238, -626, -96, -241, -626, -96, 0, 0, 0
L -241, -626, -96, -246, -628, -96, 0, 0, 0
L -246, -628, -96, -250, -632, -97, 0, 0, 0
L -250, -632, -97, -257, -638, -99, 0, 0, 0
L -257, -638, -99, -263, -644, -100, 0, 0, 0
L -263, -644, -100, -268, -648, -101, 0, 0, 0
L -268, -648, -101, -270, -649, -102, 0, 0, 0
L -270, -649, -102, -272, -651, -102, 0, 0, 0
L -272, -651, -102, -274, -660, -105, 0, 0, 0
L -274, -660, -105, -276, -662, -106, 0, 0, 0
L -276, -662, -106, -279, -667, -108, 0, 0, 0
L -279, -667, -108, -281, -671, -109, 0, 0, 0
L -281, -671, -109, -283, -679, -111, 0, 0, 0
L -283, -679, -111, -287, -696, -111, 0, 0, 0
L -287, -696, -111, -288, -701, -111, 0, 0, 0
L -288, -701, -111, -289, -703, -111, 0, 0, 0
L -289, -703, -111, -288, -706, -111, 0, 0, 0
L -288, -706, -111, -283, -714, -111, 0, 0, 0
L -283, -714, -111, -281, -716, -111, 0, 0, 0
L -281, -716, -111, -276, -719, -111, 0, 0, 0
L -276, -719, -111, -270, -722, -111, 0, 0, 0
L -270, -722, -111, -262, -727, -108, 0, 0, 0
L -262, -727, -108, -259, -731, -107, 0, 0, 0
L -259, -731, -107, -256, -733, -105, 0, 0, 0
L -256, -733, -105, -252, -735, -104, 0, 0, 0
L -252, -735, -104, -248, -738, -103, 0, 0, 0
L -248, -738, -103, -245, -740, -103, 0, 0, 0
L -245, -740, -103, -243, -741, -102, 0, 0, 0
L -243, -741, -102, -238, -740, -102, 0, 0, 0
L -238, -740, -102, -238, -739, -102, 0, 0, 0
L -238, -739, -102, -235, -734, -101, 0, 0, 0
L -235, -734, -101, -235, -728, -99, 0, 0, 0
L -235, -728, -99, -236, -725, -98, 0, 0, 0
L -236, -725, -98, -239, -719, -96, 0, 0, 0
L -239, -719, -96, -243, -711, -92, 0, 0, 0
L -243, -711, -92, -247, -704, -89, 0, 0, 0
L -247, -704, -89, -247, -701, -89, 0, 0, 0
L -247, -701, -89, -247, -694, -88, 0, 0, 0
L -247, -694, -88, -247, -666, -88, 0, 0, 0
L -247, -666, -88, -246, -664, -88, 0, 0, 0
L -246, -664, -88, -244, -662, -88, 0, 0, 0
L -244, -662, -88, -242, -659, -88, 0, 0, 0
L -242, -659, -88, -234, -651, -88, 0, 0, 0
L -234, -651, -88, -228, -647, -88, 0, 0, 0
L -228, -647, -88, -225, -646, -88, 0, 0, 0
L -225, -646, -88, -221, -645, -88, 0, 0, 0
L -221, -645, -88, -212, -641, -88, 0, 0, 0
L -212, -641, -88, -201, -641, -88, 0, 0, 0
L -201, -641, -88, -201, -645, -88, 0, 0, 0
L -201, -645, -88, -200, -649, -88, 0, 0, 0
L -200, -649, -88, -191, -649, -88, 0, 0, 0
L -191, -649, -88, -183, -638, -88, 0, 0, 0
L -183, -638, -88, -183, -637, -88, 0, 0, 0
L -183, -637, -88, -122, -637, -88, 0, 0, 0
L -122, -637, -88, -119, -628, -88, 0, 0, 0
L -119, -628, -88, -119, -552, -86, 0, 0, 0
L -119, -552, -86, -119, -522, -83, 0, 0, 0
L -119, -522, -83, -115, -519, -82, 0, 0, 0
L -115, -519, -82, -112, -519, -82, 0, 0, 0
L -112, -519, -82, -107, -515, -82, 0, 0, 0
L -107, -515, -82, -107, -513, -81, 0, 0, 0
L -107, -513, -81, -107, -506, -77, 0, 0, 0
L -107, -506, -77, -105, -503, -76, 0, 0, 0
L -105, -503, -76, -104, -500, -80, 0, 0, 0
L -104, -500, -80, -106, -500, -79, 0, 0, 0
L -106, -500, -79, -116, -498, -74, 0, 0, 0
L -116, -498, -74, -119, -493, -71, 0, 0, 0
L -119, -493, -71, -119, -420, -71, 0, 0, 0
L -119, -420, -71, -110, -409, -71, 0, 0, 0
L -110, -409, -71, 11, -409, -71, 0, 0, 0
L 11, -409, -71, 12, -406, -71, 0, 0, 0
L 12, -406, -71, 12, -391, -71, 0, 0, 0
L 12, -391, -71, -46, -391, -71, 0, 0, 0
L -46, -391, -71, -61, -390, -71, 0, 0, 0
L -61, -390, -71, -71, -382, -71, 0, 0, 0
L -71, -382, -71, -71, -326, -71, 0, 0, 0
L -71, -326, -71, -55, -321, -80, 0, 0, 0
L -55, -321, -80, -35, -321, -80, 0, 0, 0
L -35, -321, -80, -25, -321, -76, 0, 0, 0
L -25, -321, -76, 7, -321, -76, 0, 0, 0
L 7, -321, -76, 8, -317, -77, 0, 0, 0
L 8, -317, -77, 8, -314, -77, 0, 0, 0
L 8, -314, -77, 8, -307, -78, 0, 0, 0
L 8, -307, -78, 8, -288, -78, 0, 0, 0
L 8, -288, -78, 8, -278, -79, 0, 0, 0
L 8, -278, -79, 8, -277, -79, 0, 0, 0
L 8, -277, -79, 3, -277, -79, 0, 0, 0
L 3, -277, -79, 2, -283, -79, 0, 0, 0
L 2, -283, -79, -207, -283, -79, 0, 0, 0
L -207, -283, -79, -209, -285, -79, 0, 0, 0
L -209, -285, -79, -209, -307, -79, 0, 0, 0
L -209, -307, -79, -205, -309, -79, 0, 0, 0
L -205, -309, -79, -203, -289, -79, 0, 0, 0
L -203, -289, -79, -157, -289, -79, 0, 0, 0
L -157, -289, -79, -157, -296, -79, 0, 0, 0
L -157, -296, -79, -152, -297, -79, 0, 0, 0
L -152, -297, -79, -151, -289, -79, 0, 0, 0
L -151, -289, -79, -93, -289, -79, 0, 0, 0
L 74, -408, -716, 74, -394, -71, 0, 0, 0
L 74, -394, -71, 75, -391, -71, 0, 0, 0
L 75, -391, -71, 118, -390, -71, 0, 0, 0
L 118, -390, -71, 118, -321, -71, 0, 0, 0
L 118, -321, -71, 71, -321, -76, 0, 0, 0
L 71, -321, -76, 41, -321, -76, 0, 0, 0
L 41, -321, -76, 38, -315, -77, 0, 0, 0
L 38, -315, -77, 38, -258, -79, 0, 0, 0
L 38, -258, -79, 8, -258, -79, 0, 0, 0
L 8, -258, -79, 8, -268, -79, 0, 0, 0
L 8, -268, -79, 4, -270, -79, 0, 0, 0
L 4, -270, -79, 2, -266, -79, 0, 0, 0
L 2, -266, -79, 2, -257, -79, 0, 0, 0
L 2, -257, -79, -29, -257, -79, 0, 0, 0
L -209, -317, -797, -209, -341, -79, 0, 0, 0
L -209, -341, -79, -347, -343, -79, 0, 0, 0
L -347, -343, -79, -346, -191, -78, 0, 0, 0
L -346, -191, -78, -344, -189, -78, 0, 0, 0
L -344, -189, -78, -340, -188, -78, 0, 0, 0
L -340, -188, -78, -337, -187, -78, 0, 0, 0
L -337, -187, -78, -337, -186, -78, 0, 0, 0
L -337, -186, -78, -339, -183, -78, 0, 0, 0
L -339, -183, -78, -339, -181, -78, 0, 0, 0
L -339, -181, -78, -340, -180, -78, 0, 0, 0
L -340, -180, -78, -341, -180, -78, 0, 0, 0
L -341, -180, -78, -345, -179, -78, 0, 0, 0
L -345, -179, -78, -347, -167, -78, 0, 0, 0
L -347, -167, -78, -347, -89, -79, 0, 0, 0
L -347, -89, -79, -347, -17, -79, 0, 0, 0
L -347, -17, -79, -209, -17, -79, 0, 0, 0
L -209, -17, -79, -209, -42, -79, 0, 0, 0
L -209, -42, -79, -204, -43, -79, 0, 0, 0
L -203, -51, -797, -207, -51, -79, 0, 0, 0
L -208, -51, -79, -209, -75, -79, 0, 0, 0
L -209, -75, -79, -29, -77, -79, 0, 0, 0
L -29, -77, -79, -29, -251, -79, 0, 0, 0
L -29, -251, -79, -26, -257, -79, 0, 0, 0
L -204, -43, -797, -204, -43, -79, 0, 0, 0
L -204, -43, -79, -203, -14, -79, 0, 0, 0
L -203, -14, -79, -178, -13, -79, 0, 0, 0
L -178, -13, -79, -175, -8, -89, 0, 0, 0
L -175, -8, -89, -249, -7, -90, 0, 0, 0
L -249, -7, -90, -355, -7, -90, 0, 0, 0
L -355, -7, -90, -357, -18, -90, 0, 0, 0
L -357, -18, -90, -357, -39, -90, 0, 0, 0
L -357, -39, -90, -357, -123, -81, 0, 0, 0
L -357, -123, -81, -515, -123, -81, 0, 0, 0
L -515, -123, -81, -515, -11, -81, 0, 0, 0
L -515, -11, -81, -595, -11, -81, 0, 0, 0
L -595, -11, -81, -595, 6, -91, 0, 0, 0
L -595, 6, -91, -610, 23, -99, 0, 0, 0
L -610, 23, -99, -647, 24, -99, 0, 0, 0
L -647, 24, -99, -657, 24, -99, 0, 0, 0
L -657, 24, -99, -667, 24, -104, 0, 0, 0
L -667, 24, -104, -676, 24, -108, 0, 0, 0
L -676, 24, -108, -685, 27, -108, 0, 0, 0
L -685, 27, -108, -695, 32, -108, 0, 0, 0
L -695, 32, -108, -699, 36, -108, 0, 0, 0
L -699, 36, -108, -703, 39, -108, 0, 0, 0
L -703, 39, -108, -705, 43, -108, 0, 0, 0
L -705, 43, -108, -707, 46, -108, 0, 0, 0
L -707, 46, -108, -713, 54, -108, 0, 0, 0
L -713, 54, -108, -715, 56, -108, 0, 0, 0
L -715, 56, -108, -723, 62, -108, 0, 0, 0
L -723, 62, -108, -728, 64, -108, 0, 0, 0
L -728, 64, -108, -731, 67, -108, 0, 0, 0
L -731, 67, -108, -731, 68, -108, 0, 0, 0
L -731, 68, -108, -733, 69, -106, 0, 0, 0
L -733, 69, -106, -735, 69, -106, 0, 0, 0
L -735, 69, -106, -737, 65, -108, 0, 0, 0
L -737, 65, -108, -739, 63, -108, 0, 0, 0
L -739, 63, -108, -741, 62, -108, 0, 0, 0
L -741, 62, -108, -749, 59, -108, 0, 0, 0
L -749, 59, -108, -755, 57, -108, 0, 0, 0
L -755, 57, -108, -760, 56, -108, 0, 0, 0
L -760, 56, -108, -764, 53, -108, 0, 0, 0
L -764, 53, -108, -772, 48, -108, 0, 0, 0
L -772, 48, -108, -777, 43, -108, 0, 0, 0
L -777, 43, -108, -782, 39, -108, 0, 0, 0
L -782, 39, -108, -794, 32, -108, 0, 0, 0
L -794, 32, -108, -809, 25, -108, 0, 0, 0
L -809, 25, -108, -814, 24, -108, 0, 0, 0
L -814, 24, -108, -819, 24, -108, 0, 0, 0
L -819, 24, -108, -825, 30, -108, 0, 0, 0
L -825, 30, -108, -836, 38, -108, 0, 0, 0
L -836, 38, -108, -846, 44, -108, 0, 0, 0
L -846, 44, -108, -852, 44, -108, 0, 0, 0
L -852, 44, -108, -861, 47, -108, 0, 0, 0
L -861, 47, -108, -866, 51, -108, 0, 0, 0
L -866, 51, -108, -867, 52, -108, 0, 0, 0
L -867, 52, -108, -867, 54, -108, 0, 0, 0
L -867, 54, -108, -875, 64, -108, 0, 0, 0
L -875, 64, -108, -875, 70, -108, 0, 0, 0
L -875, 70, -108, -876, 74, -108, 0, 0, 0
L -876, 74, -108, -881, 83, -108, 0, 0, 0
L -881, 83, -108, -884, 88, -108, 0, 0, 0
L -884, 88, -108, -887, 94, -108, 0, 0, 0
L -887, 94, -108, -887, 95, -108, 0, 0, 0
L -887, 95, -108, -885, 104, -108, 0, 0, 0
L -885, 104, -108, -884, 107, -108, 0, 0, 0
L -884, 107, -108, -883, 111, -108, 0, 0, 0
L -883, 111, -108, -883, 112, -108, 0, 0, 0
L -883, 112, -108, -886, 121, -108, 0, 0, 0
L -886, 121, -108, -887, 126, -108, 0, 0, 0
L -887, 126, -108, -887, 133, -108, 0, 0, 0
L -887, 133, -108, -890, 138, -108, 0, 0, 0
L -890, 138, -108, -895, 145, -108, 0, 0, 0
L -895, 145, -108, -896, 148, -108, 0, 0, 0
L -887, 156, -1087, -887, 156, -108, 0, 0, 0
L -887, 156, -108, -885, 153, -108, 0, 0, 0
L -885, 153, -108, -883, 149, -108, 0, 0, 0
L -883, 149, -108, -881, 147, -108, 0, 0, 0
L -881, 147, -108, -878, 140, -108, 0, 0, 0
L -878, 140, -108, -877, 138, -108, 0, 0, 0
L -877, 138, -108, -873, 138, -108, 0, 0, 0
L -873, 138, -108, -870, 140, -108, 0, 0, 0
L -870, 140, -108, -868, 142, -108, 0, 0, 0
L -868, 142, -108, -864, 145, -108, 0, 0, 0
L -864, 145, -108, -862, 147, -108, 0, 0, 0
L -862, 147, -108, -859, 153, -108, 0, 0, 0
L -859, 153, -108, -855, 158, -108, 0, 0, 0
L -855, 158, -108, -848, 158, -108, 0, 0, 0
L -848, 158, -108, -840, 154, -108, 0, 0, 0
L -840, 154, -108, -832, 154, -108, 0, 0, 0
L -832, 154, -108, -829, 155, -108, 0, 0, 0
L -829, 155, -108, -826, 157, -108, 0, 0, 0
L -826, 157, -108, -821, 160, -108, 0, 0, 0
L -821, 160, -108, -818, 164, -108, 0, 0, 0
L -818, 164, -108, -811, 178, -108, 0, 0, 0
L -811, 178, -108, -807, 180, -108, 0, 0, 0
L -807, 180, -108, -804, 181, -108, 0, 0, 0
L -804, 181, -108, -799, 181, -108, 0, 0, 0
L -799, 181, -108, -794, 179, -108, 0, 0, 0
L -794, 179, -108, -792, 177, -108, 0, 0, 0
L -792, 177, -108, -785, 163, -108, 0, 0, 0
L -785, 163, -108, -782, 159, -108, 0, 0, 0
L -782, 159, -108, -777, 156, -108, 0, 0, 0
L -777, 156, -108, -769, 152, -108, 0, 0, 0
L -769, 152, -108, -762, 147, -108, 0, 0, 0
L -762, 147, -108, -750, 135, -108, 0, 0, 0
L -750, 135, -108, -746, 129, -108, 0, 0, 0
L -746, 129, -108, -742, 121, -108, 0, 0, 0
L -742, 121, -108, -740, 118, -108, 0, 0, 0
L -740, 118, -108, -739, 116, -108, 0, 0, 0
L -739, 116, -108, -735, 114, -106, 0, 0, 0
L -735, 114, -106, -726, 113, -108, 0, 0, 0
L -726, 113, -108, -725, 112, -108, 0, 0, 0
L -725, 112, -108, -718, 108, -108, 0, 0, 0
L -718, 108, -108, -716, 106, -108, 0, 0, 0
L -716, 106, -108, -712, 101, -108, 0, 0, 0
L -712, 101, -108, -710, 98, -108, 0, 0, 0
L -710, 98, -108, -707, 94, -108, 0, 0, 0
L -707, 94, -108, -706, 92, -108, 0, 0, 0
L -706, 92, -108, -696, 82, -108, 0, 0, 0
L -696, 82, -108, -689, 78, -108, 0, 0, 0
L -689, 78, -108, -677, 74, -108, 0, 0, 0
L -677, 74, -108, -671, 74, -107, 0, 0, 0
L -671, 74, -107, -663, 74, -102, 0, 0, 0
L -663, 74, -102, -654, 75, -99, 0, 0, 0
L -654, 75, -99, -651, 76, -99, 0, 0, 0
L -651, 76, -99, -648, 81, -97, 0, 0, 0
L -648, 81, -97, -644, 86, -94, 0, 0, 0
L -644, 86, -94, -633, 94, -91, 0, 0, 0
L -633, 94, -91, -599, 94, -91, 0, 0, 0
L -599, 94, -91, -594, 96, -90, 0, 0, 0
L -594, 96, -90, -594, 100, -90, 0, 0, 0
L -594, 100, -90, -595, 106, -90, 0, 0, 0
L -595, 106, -90, -595, 119, -90, 0, 0, 0
L -595, 119, -90, -595, 138, -85, 0, 0, 0
L -595, 138, -85, -520, 142, -81, 0, 0, 0
L -520, 142, -81, -345, 142, -81, 0, 0, 0
L -345, 142, -81, -345, 71, -81, 0, 0, 0
L -345, 71, -81, -339, 70, -81, 0, 0, 0
L -339, 70, -81, -202, 70, -81, 0, 0, 0
L -202, 70, -81, -197, 62, -81, 0, 0, 0
L -197, 62, -81, -197, 39, -81, 0, 0, 0
L -197, 39, -81, -182, 38, -81, 0, 0, 0
L -182, 38, -81, -85, 38, -81, 0, 0, 0
L -85, 38, -81, -85, -11, -81, 0, 0, 0
L -85, -11, -81, -85, -20, -80, 0, 0, 0
L -85, -20, -80, -87, -28, -80, 0, 0, 0
L -87, -28, -80, -88, -34, -80, 0, 0, 0
L -88, -34, -80, -98, -40, -80, 0, 0, 0
L -98, -40, -80, -100, -41, -80, 0, 0, 0
L -100, -41, -80, -108, -41, -80, 0, 0, 0
L -108, -41, -80, -111, -22, -80, 0, 0, 0
L -111, -22, -80, -111, -21, -80, 0, 0, 0
L -111, -21, -80, -113, -20, -78, 0, 0, 0
L -113, -20, -78, -116, -20, -78, 0, 0, 0
L -116, -20, -78, -117, -63, -79, 0, 0, 0
L -117, -63, -79, -118, -67, -79, 0, 0, 0
L -118, -67, -79, -203, -67, -79, 0, 0, 0
L -203, -67, -79, -203, -51, -79, 0, 0, 0
L -203, -51, -79, -208, -51, -79, 0, 0, 0
L -887, 133, -1087, -891, 141, -108, 0, 0, 0
L -891, 141, -108, -899, 152, -108, 0, 0, 0
L -896, 148, -108, -899, 152, -108, 0, 0, 0
L -899, 152, -108, -900, 152, -108, 0, 0, 0
L -900, 152, -108, -910, 142, -108, 0, 0, 0
L -910, 142, -108, -917, 138, -108, 0, 0, 0
L -917, 138, -108, -919, 138, -108, 0, 0, 0
L -919, 138, -108, -925, 136, -108, 0, 0, 0
L -925, 136, -108, -933, 136, -108, 0, 0, 0
L -933, 136, -108, -935, 137, -108, 0, 0, 0
L -935, 137, -108, -941, 139, -108, 0, 0, 0
L -941, 139, -108, -943, 140, -108, 0, 0, 0
L -943, 140, -108, -946, 139, -108, 0, 0, 0
L -946, 139, -108, -950, 134, -108, 0, 0, 0
L -950, 134, -108, -959, 127, -108, 0, 0, 0
L -959, 127, -108, -962, 125, -108, 0, 0, 0
L -962, 125, -108, -964, 124, -108, 0, 0, 0
L -964, 124, -108, -971, 120, -108, 0, 0, 0
L -971, 120, -108, -979, 117, -108, 0, 0, 0
L -979, 117, -108, -983, 115, -108, 0, 0, 0
L -983, 115, -108, -988, 113, -108, 0, 0, 0
L -988, 113, -108, -994, 112, -108, 0, 0, 0
L -994, 112, -108, -1027, 112, -108, 0, 0, 0
L -1027, 112, -108, -1029, 109, -108, 0, 0, 0
L -1029, 109, -108, -1029, 107, -107, 0, 0, 0
L -1029, 107, -107, -1028, 105, -106, 0, 0, 0
L -1028, 105, -106, -1026, 100, -105, 0, 0, 0
L -1036, 100, -1050, -1036, 100, -105, 0, 0, 0
L -1036, 100, -105, -1036, 101, -105, 0, 0, 0
L -1036, 101, -105, -1038, 106, -107, 0, 0, 0
L -1038, 106, -107, -1038, 109, -108, 0, 0, 0
L -1038, 109, -108, -1039, 114, -108, 0, 0, 0
L -1039, 114, -108, -1039, 116, -108, 0, 0, 0
L -1039, 116, -108, -1041, 121, -108, 0, 0, 0
L -1041, 121, -108, -1045, 126, -108, 0, 0, 0
L -1045, 126, -108, -1045, 128, -108, 0, 0, 0
L -1045, 128, -108, -1040, 130, -108, 0, 0, 0
L -1040, 130, -108, -1034, 132, -108, 0, 0, 0
L -1034, 132, -108, -1027, 133, -108, 0, 0, 0
L -1027, 133, -108, -1016, 130, -108, 0, 0, 0
L -1016, 130, -108, -1006, 130, -108, 0, 0, 0
L -1006, 130, -108, -1000, 131, -108, 0, 0, 0
L -1000, 131, -108, -993, 133, -108, 0, 0, 0
L -993, 133, -108, -979, 140, -108, 0, 0, 0
L -979, 140, -108, -974, 142, -108, 0, 0, 0
L -974, 142, -108, -968, 146, -108, 0, 0, 0
L -968, 146, -108, -963, 150, -108, 0, 0, 0
L -963, 150, -108, -955, 150, -108, 0, 0, 0
L -955, 150, -108, -955, 151, -108, 0, 0, 0
L -955, 151, -108, -958, 159, -108, 0, 0, 0
L -958, 159, -108, -958, 180, -108, 0, 0, 0
L -958, 180, -108, -956, 186, -108, 0, 0, 0
L -956, 186, -108, -954, 194, -108, 0, 0, 0
L -954, 194, -108, -951, 204, -108, 0, 0, 0
L -951, 204, -108, -954, 206, -108, 0, 0, 0
L -954, 206, -108, -959, 209, -108, 0, 0, 0
L -959, 209, -108, -963, 212, -108, 0, 0, 0
L -963, 212, -108, -982, 212, -108, 0, 0, 0
L -982, 212, -108, -982, 240, -108, 0, 0, 0
L -982, 240, -108, -976, 252, -108, 0, 0, 0
L -976, 252, -108, -966, 267, -108, 0, 0, 0
L -966, 267, -108, -966, 275, -108, 0, 0, 0
L -966, 275, -108, -964, 280, -108, 0, 0, 0
L -964, 280, -108, -960, 288, -108, 0, 0, 0
L -960, 288, -108, -954, 298, -108, 0, 0, 0
L -954, 298, -108, -950, 301, -108, 0, 0, 0
L -950, 301, -108, -944, 302, -108, 0, 0, 0
L -944, 302, -108, -935, 302, -108, 0, 0, 0
L -935, 302, -108, -928, 297, -108, 0, 0, 0
L -928, 297, -108, -927, 293, -108, 0, 0, 0
L -927, 293, -108, -927, 291, -108, 0, 0, 0
L -927, 291, -108, -925, 285, -108, 0, 0, 0
L -925, 285, -108, -925, 277, -108, 0, 0, 0
L -925, 277, -108, -926, 272, -108, 0, 0, 0
L -926, 272, -108, -930, 267, -108, 0, 0, 0
L -930, 267, -108, -936, 264, -108, 0, 0, 0
L -936, 264, -108, -946, 264, -108, 0, 0, 0
L -946, 264, -108, -950, 262, -108, 0, 0, 0
L -950, 262, -108, -955, 257, -108, 0, 0, 0
L -955, 257, -108, -957, 256, -108, 0, 0, 0
L -957, 256, -108, -957, 253, -108, 0, 0, 0
L -957, 253, -108, -959, 244, -108, 0, 0, 0
L -959, 244, -108, -960, 242, -108, 0, 0, 0
L -960, 242, -108, -962, 236, -108, 0, 0, 0
L -962, 236, -108, -964, 225, -108, 0, 0, 0
L -964, 225, -108, -965, 223, -108, 0, 0, 0
L -965, 223, -108, -965, 222, -108, 0, 0, 0
L -965, 222, -108, -958, 222, -108, 0, 0, 0
L -958, 222, -108, -953, 220, -108, 0, 0, 0
L -953, 220, -108, -951, 219, -108, 0, 0, 0
L -951, 219, -108, -944, 216, -108, 0, 0, 0
L -944, 216, -108, -940, 214, -108, 0, 0, 0
L -940, 214, -108, -936, 216, -108, 0, 0, 0
L -936, 216, -108, -930, 220, -108, 0, 0, 0
L -930, 220, -108, -921, 224, -108, 0, 0, 0
L -921, 224, -108, -911, 226, -108, 0, 0, 0
L -911, 226, -108, -904, 226, -108, 0, 0, 0
L -904, 226, -108, -897, 223, -108, 0, 0, 0
L -897, 223, -108, -895, 223, -108, 0, 0, 0
L -895, 223, -108, -890, 220, -108, 0, 0, 0
L -890, 220, -108, -887, 217, -108, 0, 0, 0
L -887, 217, -108, -884, 213, -108, 0, 0, 0
L -884, 213, -108, -883, 211, -108, 0, 0, 0
L -883, 211, -108, -881, 203, -108, 0, 0, 0
L -881, 203, -108, -881, 190, -108, 0, 0, 0
L -881, 190, -108, -882, 188, -108, 0, 0, 0
L -882, 188, -108, -884, 182, -108, 0, 0, 0
L -884, 182, -108, -886, 178, -108, 0, 0, 0
L -886, 178, -108, -890, 174, -108, 0, 0, 0
L -890, 174, -108, -893, 170, -108, 0, 0, 0
L -893, 170, -108, -891, 165, -108, 0, 0, 0
L -891, 165, -108, -889, 161, -108, 0, 0, 0
L -889, 161, -108, -889, 159, -108, 0, 0, 0
L -889, 159, -108, -886, 154, -108, 0, 0, 0
L -886, 154, -108, -881, 147, -108, 0, 0, 0
L -881, 147, -108, -880, 145, -108, 0, 0, 0
L -880, 145, -108, -875, 137, -108, 0, 0, 0
L -875, 137, -108, -870, 141, -108, 0, 0, 0
L -1026, 102, -1054, -1026, 96, -103, 0, 0, 0
L -1026, 96, -103, -1024, 89, -102, 0, 0, 0
L -1024, 89, -102, -1022, 84, -100, 0, 0, 0
L -1022, 84, -100, -1021, 79, -98, 0, 0, 0
L -1021, 79, -98, -1021, 77, -97, 0, 0, 0
L -1021, 77, -97, -1022, 76, -97, 0, 0, 0
L -1022, 76, -97, -1022, 75, -96, 0, 0, 0
L -1022, 75, -96, -1020, 70, -95, 0, 0, 0
L -1020, 70, -95, -1015, 65, -93, 0, 0, 0
L -1015, 65, -93, -1013, 61, -92, 0, 0, 0
L -1013, 61, -92, -1012, 59, -91, 0, 0, 0
L -1012, 59, -91, -1012, 54, -90, 0, 0, 0
L -1012, 54, -90, -1012, 49, -88, 0, 0, 0
L -1012, 49, -88, -1011, 44, -86, 0, 0, 0
L -1011, 44, -86, -1010, 39, -85, 0, 0, 0
L -1010, 39, -85, -1005, 36, -85, 0, 0, 0
L -1005, 36, -85, -1002, 36, -85, 0, 0, 0
L -1002, 36, -85, -996, 34, -85, 0, 0, 0
L -996, 34, -85, -983, 34, -85, 0, 0, 0
L -983, 34, -85, -976, 38, -85, 0, 0, 0
L -976, 38, -85, -968, 42, -85, 0, 0, 0
L -968, 42, -85, -958, 46, -85, 0, 0, 0
L -958, 46, -85, -940, 46, -85, 0, 0, 0
L -940, 46, -85, -934, 44, -85, 0, 0, 0
L -934, 44, -85, -928, 40, -85, 0, 0, 0
L -928, 40, -85, -924, 38, -85, 0, 0, 0
L -924, 38, -85, -921, 39, -85, 0, 0, 0
L -921, 39, -85, -917, 42, -85, 0, 0, 0
L -917, 42, -85, -908, 48, -85, 0, 0, 0
L -908, 48, -85, -903, 51, -85, 0, 0, 0
L -903, 51, -85, -897, 55, -85, 0, 0, 0
L -897, 55, -85, -895, 55, -85, 0, 0, 0
L -895, 55, -85, -882, 60, -85, 0, 0, 0
L -882, 60, -85, -881, 60, -85, 0, 0, 0
L -881, 60, -85, -876, 61, -85, 0, 0, 0
L -876, 61, -85, -876, 62, -85, 0, 0, 0
L -869, 51, -857, -869, 51, -85, 0, 0, 0
L -869, 51, -85, -870, 50, -85, 0, 0, 0
L -870, 50, -85, -874, 47, -85, 0, 0, 0
L -874, 47, -85, -875, 45, -85, 0, 0, 0
L -875, 45, -85, -880, 41, -85, 0, 0, 0
L -880, 41, -85, -886, 35, -85, 0, 0, 0
L -886, 35, -85, -893, 32, -85, 0, 0, 0
L -893, 32, -85, -899, 30, -85, 0, 0, 0
L -899, 30, -85, -901, 29, -85, 0, 0, 0
L -901, 29, -85, -908, 26, -85, 0, 0, 0
L -908, 26, -85, -913, 22, -85, 0, 0, 0
L -913, 22, -85, -913, -24, -85, 0, 0, 0
L -913, -24, -85, -914, -24, -85, 0, 0, 0
L -914, -24, -85, -937, -47, -85, 0, 0, 0
L -937, -47, -85, -946, -47, -85, 0, 0, 0
L -946, -47, -85, -955, -47, -80, 0, 0, 0
L -955, -47, -80, -959, -47, -80, 0, 0, 0
L -959, -47, -80, -961, -49, -79, 0, 0, 0
L -961, -49, -79, -961, -59, -79, 0, 0, 0
L -961, -59, -79, -1006, -59, -79, 0, 0, 0
L -1006, -59, -79, -1006, -48, -79, 0, 0, 0
L -1006, -48, -79, -1007, -47, -79, 0, 0, 0
L -1007, -47, -79, -1014, -47, -81, 0, 0, 0
L -1014, -47, -81, -1021, -46, -85, 0, 0, 0
L -1021, -46, -85, -1026, -43, -85, 0, 0, 0
L -1026, -43, -85, -1034, -40, -85, 0, 0, 0
L -1034, -40, -85, -1043, -34, -85, 0, 0, 0
L -1043, -34, -85, -1054, -2, -85, 0, 0, 0
L -1054, -2, -85, -1054, 23, -85, 0, 0, 0
L -1054, 23, -85, -1050, 30, -85, 0, 0, 0
L -1050, 30, -85, -1048, 34, -85, 0, 0, 0
L -1048, 34, -85, -1045, 38, -85, 0, 0, 0
L -1045, 38, -85, -1044, 40, -85, 0, 0, 0
L -1044, 40, -85, -1043, 45, -87, 0, 0, 0
L -1043, 45, -87, -1042, 47, -87, 0, 0, 0
L -1042, 47, -87, -1042, 55, -90, 0, 0, 0
L -1042, 55, -90, -1040, 63, -92, 0, 0, 0
L -1040, 63, -92, -1038, 65, -93, 0, 0, 0
L -1038, 65, -93, -1037, 66, -93, 0, 0, 0
L -1037, 66, -93, -1034, 70, -95, 0, 0, 0
L -1034, 70, -95, -1032, 73, -96, 0, 0, 0
L -1032, 73, -96, -1031, 77, -97, 0, 0, 0
L -1031, 77, -97, -1031, 82, -99, 0, 0, 0
L -1031, 82, -99, -1032, 84, -100, 0, 0, 0
L -1032, 84, -100, -1034, 90, -102, 0, 0, 0
L -1034, 90, -102, -1035, 92, -102, 0, 0, 0
L -1035, 92, -102, -1035, 97, -103, 0, 0, 0
L -1035, 97, -103, -1036, 103, -105, 0, 0, 0
L -1036, 103, -105, -1038, 108, -107, 0, 0, 0
L -1038, 108, -107, -1038, 110, -108, 0, 0, 0
L -1038, 110, -108, -1039, 112, -108, 0, 0, 0
L -1039, 112, -108, -1039, 118, -108, 0, 0, 0
L -1039, 118, -108, -1044, 124, -108, 0, 0, 0
L -93, -289, -797, -93, -306, -79, 0, 0, 0
L -93, -319, -797, -93, -320, -79, 0, 0, 0
L -93, -320, -79, -93, -336, -79, 0, 0, 0
L -93, -336, -79, -96, -355, -79, 0, 0, 0
L -96, -355, -79, -102, -355, -79, 0, 0, 0
L -102, -355, -79, -107, -352, -79, 0, 0, 0
L -107, -352, -79, -119, -351, -79, 0, 0, 0
L -119, -351, -79, -119, -348, -79, 0, 0, 0
L -119, -348, -79, -130, -347, -79, 0, 0, 0
L -130, -347, -79, -131, -344, -79, 0, 0, 0
L -131, -344, -79, -151, -343, -79, 0, 0, 0
L -151, -343, -79, -151, -306, -79, 0, 0, 0
L -151, -306, -79, -156, -305, -79, 0, 0, 0
L -156, -305, -79, -157, -318, -79, 0, 0, 0
L -157, -318, -79, -157, -338, -79, 0, 0, 0
L -157, -338, -79, -183, -339, -79, 0, 0, 0
L -183, -339, -79, -183, -329, -79, 0, 0, 0
L -183, -329, -79, -185, -327, -79, 0, 0, 0
L -185, -327, -79, -201, -327, -79, 0, 0, 0
L -201, -327, -79, -203, -321, -79, 0, 0, 0
L -203, -321, -79, -208, -317, -79, 0, 0, 0
L -208, -317, -79, -209, -317, -79, 0, 0, 0
L -209, -317, -79, -209, -340, -79, 0, 0, 0
L -242, -556, -1082, -242, -556, -108, 0, 0, 0
L -242, -556, -108, -220, -556, -108, 0, 0, 0
L -220, -556, -108, -218, -552, -108, 0, 0, 0
L -218, -552, -108, -212, -552, -108, 0, 0, 0
L -212, -552, -108, -211, -548, -108, 0, 0, 0
L -211, -548, -108, -218, -546, -108, 0, 0, 0
L -218, -546, -108, -218, -524, -108, 0, 0, 0
L -218, -524, -108, -227, -518, -108, 0, 0, 0
L -227, -518, -108, -236, -518, -108, 0, 0, 0
L -236, -518, -108, -247, -522, -108, 0, 0, 0
L -247, -522, -108, -266, -522, -108, 0, 0, 0
L -266, -522, -108, -266, -498, -108, 0, 0, 0
L -266, -498, -108, -243, -499, -108, 0, 0, 0
L -243, -499, -108, -235, -502, -108, 0, 0, 0
L -235, -502, -108, -229, -502, -108, 0, 0, 0
L -229, -502, -108, -219, -498, -108, 0, 0, 0
L -219, -498, -108, -218, -458, -108, 0, 0, 0
L -218, -458, -108, -146, -457, -108, 0, 0, 0
L -146, -457, -108, -146, -415, -108, 0, 0, 0
L -146, -415, -108, -153, -414, -108, 0, 0, 0
L -153, -414, -108, -154, -446, -108, 0, 0, 0
L -154, -446, -108, -242, -446, -110, 0, 0, 0
L -242, -446, -110, -242, -378, -109, 0, 0, 0
L -242, -378, -109, -154, -378, -108, 0, 0, 0
L -154, -378, -108, -154, -400, -108, 0, 0, 0
L -154, -400, -108, -148, -402, -108, 0, 0, 0
L -148, -402, -108, -146, -354, -108, 0, 0, 0
L -146, -354, -108, -36, -354, -108, 0, 0, 0
L -36, -354, -108, -35, -318, -108, 0, 0, 0
L -35, -318, -108, -76, -316, -95, 0, 0, 0
L -76, -316, -95, -88, -308, -95, 0, 0, 0
L -88, -308, -95, -70, -306, -96, 0, 0, 0
L -70, -306, -96, -72, -302, -95, 0, 0, 0
L -72, -302, -95, -49, -301, -106, 0, 0, 0
L -49, -301, -106, -42, -298, -108, 0, 0, 0
L -42, -298, -108, -34, -291, -108, 0, 0, 0
L -34, -291, -108, -32, -285, -107, 0, 0, 0
L -32, -285, -107, -19, -271, -105, 0, 0, 0
L -19, -271, -105, -11, -268, -105, 0, 0, 0
L -11, -268, -105, -6, -268, -105, 0, 0, 0
L -6, -268, -105, -6, -317, -108, 0, 0, 0
L -6, -317, -108, -6, -366, -108, 0, 0, 0
L -6, -366, -108, -78, -366, -108, 0, 0, 0
L -78, -366, -108, -78, -388, -108, 0, 0, 0
L -78, -388, -108, -71, -390, -108, 0, 0, 0
L -71, -390, -108, -69, -384, -108, 0, 0, 0
L -69, -384, -108, -71, -374, -108, 0, 0, 0
L -71, -374, -108, -58, -374, -108, 0, 0, 0
L -58, -374, -108, -58, -382, -108, 0, 0, 0
L -58, -382, -108, -61, -384, -108, 0, 0, 0
L -61, -384, -108, -63, -388, -108, 0, 0, 0
L -63, -388, -108, -58, -390, -108, 0, 0, 0
L -58, -390, -108, -58, -406, -108, 0, 0, 0
L -58, -406, -108, -98, -406, -108, 0, 0, 0
L -98, -406, -108, -98, -372, -108, 0, 0, 0
L -98, -372, -108, -94, -372, -108, 0, 0, 0
L -94, -372, -108, -93, -366, -108, 0, 0, 0
L -93, -366, -108, -134, -367, -108, 0, 0, 0
L -134, -367, -108, -134, -470, -108, 0, 0, 0
L -134, -470, -108, -196, -470, -108, 0, 0, 0
L -196, -470, -108, -197, -498, -108, 0, 0, 0
L -197, -498, -108, -189, -502, -108, 0, 0, 0
L -189, -502, -108, -182, -502, -108, 0, 0, 0
L -182, -502, -108, -170, -498, -108, 0, 0, 0
L -170, -498, -108, -150, -498, -108, 0, 0, 0
L -150, -498, -108, -150, -522, -108, 0, 0, 0
L -150, -522, -108, -172, -521, -108, 0, 0, 0
L -172, -521, -108, -180, -518, -108, 0, 0, 0
L -180, -518, -108, -187, -518, -108, 0, 0, 0
L -187, -518, -108, -197, -522, -108, 0, 0, 0
L -197, -522, -108, -198, -546, -108, 0, 0, 0
L -198, -546, -108, -203, -546, -108, 0, 0, 0
L -203, -546, -108, -205, -550, -108, 0, 0, 0
L -205, -550, -108, -198, -552, -108, 0, 0, 0
L -198, -552, -108, -198, -572, -108, 0, 0, 0
L -198, -572, -108, -241, -573, -108, 0, 0, 0
L -222, -589, -922, -222, -589, -92, 0, 0, 0
L -222, -589, -92, -222, -572, -108, 0, 0, 0
L -288, -534, -966, -288, -534, -96, 0, 0, 0
L -288, -534, -96, -229, -534, -96, 0, 0, 0
L -229, -534, -96, -222, -555, -93, 0, 0, 0
L -306, -659, -1102, -306, -659, -110, 0, 0, 0
L -306, -659, -110, -307, -652, -110, 0, 0, 0
L -307, -652, -110, -299, -636, -110, 0, 0, 0
L -299, -636, -110, -298, -627, -110, 0, 0, 0
L -298, -627, -110, -278, -612, -105, 0, 0, 0
L -250, -554, -1315, -250, -554, -131, 0, 0, 0
L -250, -554, -131, -250, -587, -131, 0, 0, 0
L -250, -587, -131, -254, -598, -130, 0, 0, 0
L -254, -598, -130, -268, -607, -127, 0, 0, 0
L -268, -607, -127, -295, -609, -120, 0, 0, 0
L -295, -609, -120, -310, -602, -116, 0, 0, 0
L -310, -602, -116, -314, -589, -115, 0, 0, 0
L -314, -589, -115, -314, -581, -115, 0, 0, 0
L -314, -581, -115, -310, -573, -116, 0, 0, 0
L -310, -573, -116, -295, -559, -120, 0, 0, 0
L -295, -559, -120, -279, -554, -123, 0, 0, 0
L -279, -554, -123, -250, -554, -131, 0, 0, 0
L -81, -237, -775, -81, -237, -77, 0, 0, 0
L -81, -237, -77, -76, -231, -77, 0, 0, 0
L -76, -231, -77, -75, -226, -78, 0, 0, 0
L -75, -226, -78, -77, -220, -77, 0, 0, 0
L -77, -220, -77, -84, -215, -77, 0, 0, 0
L -84, -215, -77, -87, -215, -78, 0, 0, 0
L -87, -215, -78, -94, -218, -77, 0, 0, 0
L -94, -218, -77, -96, -221, -77, 0, 0, 0
L -96, -221, -77, -97, -227, -78, 0, 0, 0
L -97, -227, -78, -95, -232, -77, 0, 0, 0
L -95, -232, -77, -91, -236, -77, 0, 0, 0
L -91, -236, -77, -87, -237, -78, 0, 0, 0
L -87, -237, -78, -81, -236, -77, 0, 0, 0
L -147, -227, -782, -147, -227, -78, 0, 0, 0
L -147, -227, -78, -148, -221, -77, 0, 0, 0
L -148, -221, -77, -153, -216, -77, 0, 0, 0
L -153, -216, -77, -157, -215, -78, 0, 0, 0
L -157, -215, -78, -163, -216, -77, 0, 0, 0
L -163, -216, -77, -168, -220, -77, 0, 0, 0
L -168, -220, -77, -169, -227, -78, 0, 0, 0
L -169, -227, -78, -167, -232, -77, 0, 0, 0
L -167, -232, -77, -162, -236, -77, 0, 0, 0
L -162, -236, -77, -159, -237, -78, 0, 0, 0
L -159, -237, -78, -154, -236, -77, 0, 0, 0
L -154, -236, -77, -148, -230, -77, 0, 0, 0
L -148, -230, -77, -147, -225, -78, 0, 0, 0
L -221, -220, -772, -221, -220, -77, 0, 0, 0
L -221, -220, -77, -226, -216, -77, 0, 0, 0
L -226, -216, -77, -231, -215, -78, 0, 0, 0
L -231, -215, -78, -236, -217, -77, 0, 0, 0
L -236, -217, -77, -239, -220, -77, 0, 0, 0
L -239, -220, -77, -241, -226, -78, 0, 0, 0
L -241, -226, -78, -240, -230, -77, 0, 0, 0
L -240, -230, -77, -234, -237, -77, 0, 0, 0
L -234, -237, -77, -231, -237, -78, 0, 0, 0
L -231, -237, -78, -226, -236, -77, 0, 0, 0
L -226, -236, -77, -220, -232, -77, 0, 0, 0
L -220, -232, -77, -219, -225, -78, 0, 0, 0
L -219, -225, -78, -220, -221, -77, 0, 0, 0
L -220, -221, -77, -221, -220, -77, 0, 0, 0
L -286, -296, -772, -286, -296, -77, 0, 0, 0
L -286, -296, -77, -280, -290, -77, 0, 0, 0
L -280, -290, -77, -279, -284, -78, 0, 0, 0
L -279, -284, -78, -282, -279, -77, 0, 0, 0
L -282, -279, -77, -286, -276, -77, 0, 0, 0
L -286, -276, -77, -292, -275, -77, 0, 0, 0
L -292, -275, -77, -296, -276, -77, 0, 0, 0
L -296, -276, -77, -299, -280, -77, 0, 0, 0
L -299, -280, -77, -301, -288, -77, 0, 0, 0
L -301, -288, -77, -299, -292, -77, 0, 0, 0
L -299, -292, -77, -297, -294, -77, 0, 0, 0
L -297, -294, -77, -291, -297, -78, 0, 0, 0
L -291, -297, -78, -285, -296, -77, 0, 0, 0
L -285, -84, -772, -285, -84, -77, 0, 0, 0
L -285, -84, -77, -279, -77, -77, 0, 0, 0
L -279, -77, -77, -279, -74, -78, 0, 0, 0
L -279, -74, -78, -281, -67, -77, 0, 0, 0
L -281, -67, -77, -286, -64, -77, 0, 0, 0
L -286, -64, -77, -289, -63, -78, 0, 0, 0
L -289, -63, -78, -296, -65, -77, 0, 0, 0
L -296, -65, -77, -300, -69, -77, 0, 0, 0
L -300, -69, -77, -301, -73, -78, 0, 0, 0
L -301, -73, -78, -299, -81, -77, 0, 0, 0
L -299, -81, -77, -295, -84, -77, 0, 0, 0
L -295, -84, -77, -291, -85, -78, 0, 0, 0
L -291, -85, -78, -285, -84, -77, 0, 0, 0
L -224, -143, -772, -224, -143, -77, 0, 0, 0
L -224, -143, -77, -219, -132, -78, 0, 0, 0
L -219, -132, -78, -220, -129, -77, 0, 0, 0
L -220, -129, -77, -224, -125, -77, 0, 0, 0
L -224, -125, -77, -230, -123, -78, 0, 0, 0
L -230, -123, -78, -235, -124, -77, 0, 0, 0
L -235, -124, -77, -240, -129, -77, 0, 0, 0
L -240, -129, -77, -241, -136, -77, 0, 0, 0
L -241, -136, -77, -240, -139, -77, 0, 0, 0
L -240, -139, -77, -236, -143, -77, 0, 0, 0
L -236, -143, -77, -230, -145, -78, 0, 0, 0
L -230, -145, -78, -224, -143, -77, 0, 0, 0
L -152, -143, -772, -152, -143, -77, 0, 0, 0
L -152, -143, -77, -147, -134, -78, 0, 0, 0
L -147, -134, -78, -148, -129, -77, 0, 0, 0
L -148, -129, -77, -154, -124, -77, 0, 0, 0
L -154, -124, -77, -156, -123, -78, 0, 0, 0
L -156, -123, -78, -162, -124, -77, 0, 0, 0
L -162, -124, -77, -167, -128, -77, 0, 0, 0
L -167, -128, -77, -169, -133, -78, 0, 0, 0
L -169, -133, -78, -168, -138, -77, 0, 0, 0
L -168, -138, -77, -163, -144, -77, 0, 0, 0
L -163, -144, -77, -158, -145, -78, 0, 0, 0
L -158, -145, -78, -152, -143, -77, 0, 0, 0
L -80, -143, -772, -80, -143, -77, 0, 0, 0
L -80, -143, -77, -75, -132, -78, 0, 0, 0
L -75, -132, -78, -76, -130, -77, 0, 0, 0
L -76, -130, -77, -81, -124, -77, 0, 0, 0
L -81, -124, -77, -85, -123, -78, 0, 0, 0
L -85, -123, -78, -91, -124, -77, 0, 0, 0
L -91, -124, -77, -95, -128, -77, 0, 0, 0
L -95, -128, -77, -97, -133, -78, 0, 0, 0
L -97, -133, -78, -96, -139, -77, 0, 0, 0
L -96, -139, -77, -91, -144, -77, 0, 0, 0
L -91, -144, -77, -87, -145, -77, 0, 0, 0
L -87, -145, -77, -80, -143, -77, 0, 0, 0
L -94, -305, -782, -94, -305, -78, 0, 0, 0
L -94, -305, -78, -88, -308, -95, 0, 0, 0
L -88, -308, -95, -78, -308, -95, 0, 0, 0
L -78, -308, -95, -78, -318, -95, 0, 0, 0
L -78, -318, -95, -88, -318, -95, 0, 0, 0
L -88, -318, -95, -94, -319, -78, 0, 0, 0
L 584, -593, -949, 584, -593, -94, 0, 0, 0
L 584, -593, -94, 535, -593, -94, 0, 0, 0
L 535, -593, -94, 533, -709, -94, 0, 0, 0
L 533, -709, -94, 528, -709, -96, 0, 0, 0
L 528, -709, -96, 525, -714, -97, 0, 0, 0
L 525, -714, -97, 533, -718, -92, 0, 0, 0
L 533, -718, -92, 533, -745, -86, 0, 0, 0
L 533, -745, -86, 498, -746, -89, 0, 0, 0
L 498, -746, -89, 485, -745, -91, 0, 0, 0
L 485, -745, -91, 485, -718, -92, 0, 0, 0
L 485, -718, -92, 491, -718, -95, 0, 0, 0
L 491, -718, -95, 493, -713, -97, 0, 0, 0
L 493, -713, -97, 485, -709, -94, 0, 0, 0
L 485, -709, -94, 485, -561, -94, 0, 0, 0
L 485, -561, -94, 492, -555, -96, 0, 0, 0
L 492, -555, -96, 498, -553, -97, 0, 0, 0
L 498, -553, -97, 515, -543, -97, 0, 0, 0
L 515, -543, -97, 553, -546, -97, 0, 0, 0
L 553, -546, -97, 553, -548, -97, 0, 0, 0
L 553, -548, -97, 581, -550, -97, 0, 0, 0
L 581, -550, -97, 584, -593, -94, 0, 0, 0
L 553, -357, -971, 553, -357, -97, 0, 0, 0
L 553, -357, -97, 553, -441, -90, 0, 0, 0
L 553, -441, -90, 548, -465, -90, 0, 0, 0
L 548, -465, -90, 537, -490, -88, 0, 0, 0
L 537, -490, -88, 506, -490, -85, 0, 0, 0
L 506, -490, -85, 509, -478, -84, 0, 0, 0
L 509, -478, -84, 509, -464, -84, 0, 0, 0
L 509, -464, -84, 513, -447, -91, 0, 0, 0
L 513, -447, -91, 513, -405, -97, 0, 0, 0
L 513, -405, -97, 509, -350, -97, 0, 0, 0
L 509, -350, -97, 549, -350, -97, 0, 0, 0
L 549, -350, -97, 549, -352, -97, 0, 0, 0
L 549, -352, -97, 553, -357, -97, 0, 0, 0
L 561, -400, -759, 561, -400, -75, 0, 0, 0
L 561, -400, -75, 510, -400, -75, 0, 0, 0
L 506, -446, -760, 506, -446, -76, 0, 0, 0
L 506, -446, -76, 559, -446, -75, 0, 0, 0
L -1137, 98, -1078, -1137, 98, -107, 0, 0, 0
L -1137, 98, -107, -1111, 97, -107, 0, 0, 0
L -1111, 97, -107, -1099, 110, -107, 0, 0, 0
L -1099, 110, -107, -1086, 118, -107, 0, 0, 0
L -1086, 118, -107, -1073, 122, -107, 0, 0, 0
L -1073, 122, -107, -1059, 125, -107, 0, 0, 0
L -1059, 125, -107, -1051, 125, -107, 0, 0, 0
L -1051, 125, -107, -1045, 127, -107, 0, 0, 0
L -1038, 112, -1078, -1038, 112, -107, 0, 0, 0
L -1038, 112, -107, -1052, 109, -107, 0, 0, 0
L -1052, 109, -107, -1060, 108, -107, 0, 0, 0
L -1060, 108, -107, -1077, 104, -107, 0, 0, 0
L -1077, 104, -107, -1087, 101, -107, 0, 0, 0
L -1087, 101, -107, -1100, 93, -107, 0, 0, 0
L -1100, 93, -107, -1112, 77, -107, 0, 0, 0
L -1112, 77, -107, -1158, 77, -107, 0, 0, 0
P 911, -744, 0, 0, 127, 0, 3, to_Paineel
P -1100, 100, 0, 0, 127, 0, 3, to_Stonebrunt
P 930, -748, 0, 0, 0, 0, 1, Succor
