L 1120.4999, -2322.5310, 0.6260,  1120.4996, -2263.7710, 0.6260,  150, 100, 0
L 1003.7369, -2298.1475, -5.3456,  1055.4159, -2277.6875, 38.1374,  150, 100, 0
L 1092.1249, -2295.4375, 0.6260,  1003.7369, -2298.1475, -5.3456,  150, 100, 0
L 1093.2952, -2263.7468, 0.6260,  1092.1249, -2295.4375, 0.6260,  150, 100, 0
L 1120.4996, -2263.7710, 0.6260,  1093.2952, -2263.7468, 0.6260,  150, 0, 200
L -1227.7664, 1762.5394, -5.3579,  -1227.4985, 1765.4899, -5.3842,  100, 50, 0
L -1239.2512, 1752.0652, -4.2824,  -1227.7664, 1762.5394, -5.3579,  100, 50, 0
L -1254.0774, 1753.4001, -2.8924,  -1239.2512, 1752.0652, -4.2824,  100, 50, 0
L -1263.8580, 1765.1553, -1.9755,  -1254.0774, 1753.4001, -2.8924,  100, 50, 0
L -1263.1421, 1778.4297, -2.0426,  -1263.8580, 1765.1553, -1.9755,  100, 50, 0
L -1252.5863, 1788.6061, -3.0322,  -1263.1421, 1778.4297, -2.0426,  100, 50, 0
L -1238.4659, 1788.8046, -4.3560,  -1252.5863, 1788.6061, -3.0322,  100, 50, 0
L -1227.9131, 1778.1068, -4.5751,  -1238.4659, 1788.8046, -4.3560,  100, 50, 0
L -1227.7007, 1776.1121, -5.1577,  -1227.9131, 1778.1068, -4.5751,  100, 50, 0
L -1200.1250, 1797.8978, -7.9505,  -1201.6351, 1797.4714, -7.8089,  100, 50, 0
L -1196.1079, 1806.1920, -8.0731,  -1200.1250, 1797.8978, -7.9505,  100, 50, 0
L -1199.1670, 1814.9858, -8.0403,  -1196.1079, 1806.1920, -8.0731,  100, 50, 0
L -1207.5956, 1818.8926, -7.2501,  -1199.1670, 1814.9858, -8.0403,  100, 50, 0
L -1216.2040, 1815.7534, -6.4430,  -1207.5956, 1818.8926, -7.2501,  100, 50, 0
L -1219.9362, 1806.9705, -6.0932,  -1216.2040, 1815.7534, -6.4430,  100, 50, 0
L -1216.9261, 1798.8324, -6.3754,  -1219.9362, 1806.9705, -6.0932,  100, 50, 0
L -1208.7705, 1794.9758, -7.1399,  -1216.9261, 1798.8324, -6.3754,  100, 50, 0
L -1207.0869, 1795.4930, -7.2978,  -1208.7705, 1794.9758, -7.1399,  100, 50, 0
L -1248.6151, 930.9575, 7.4731,  -1248.5967, 925.9597, 7.4731,  64, 64, 64
L -1253.8114, 934.7042, 7.4731,  -1248.6151, 930.9575, 7.4731,  64, 64, 64
L -1259.7493, 933.6960, 7.4731,  -1253.8114, 934.7042, 7.4731,  64, 64, 64
L -1263.1899, 930.0449, 7.4731,  -1259.7493, 933.6960, 7.4731,  64, 64, 64
L -1262.3988, 923.3208, 7.4731,  -1263.1899, 930.0449, 7.4731,  64, 64, 64
L -1258.4080, 920.2188, 7.4731,  -1262.3988, 923.3208, 7.4731,  64, 64, 64
L -1252.3383, 921.0240, 7.4731,  -1258.4080, 920.2188, 7.4731,  64, 64, 64
L -1252.3383, 921.0240, 7.4731,  -1252.3383, 921.0240, 7.4731,  64, 64, 64
L -1248.5967, 925.9597, 8.1145,  -1252.3383, 921.0240, 7.4731,  64, 64, 64
L -1244.1073, 933.8041, 4.7270,  -1245.2289, 922.2016, 4.7270,  64, 64, 64
L -1253.7501, 940.5325, 4.7270,  -1244.1073, 933.8041, 4.7270,  64, 64, 64
L -1264.3186, 935.5872, 4.7270,  -1253.7501, 940.5325, 4.7270,  64, 64, 64
L -1265.3204, 923.9594, 4.7270,  -1264.3186, 935.5872, 4.7270,  64, 64, 64
L -1255.7526, 917.2758, 4.7270,  -1265.3204, 923.9594, 4.7270,  64, 64, 64
L -1245.2289, 922.2016, 4.7270,  -1255.7526, 917.2758, 4.7270,  64, 64, 64
L -1247.5739, 947.7874, 1.9770,  -1231.6780, 936.6866, 1.9770,  64, 64, 64
L -1265.1697, 939.5496, 1.9770,  -1247.5739, 947.7874, 1.9770,  64, 64, 64
L -1266.8359, 920.1962, 1.9770,  -1265.1697, 939.5496, 1.9770,  64, 64, 64
L -1250.9070, 909.0760, 1.9770,  -1266.8359, 920.1962, 1.9770,  64, 64, 64
L -1233.3088, 917.3105, 1.9770,  -1250.9070, 909.0760, 1.9770,  64, 64, 64
L -1231.6780, 936.6866, 1.9770,  -1233.3088, 917.3105, 1.9770,  64, 64, 64
L -1244.2428, 898.5864, -1.8817,  -1268.2714, 915.3634, -1.6876,  64, 64, 64
L -1218.7625, 910.5145, -2.1986,  -1244.2428, 898.5864, -1.9304,  64, 64, 64
L -1215.1406, 940.1716, -0.8414,  -1218.3710, 909.9491, -2.2433,  64, 64, 64
L -1239.2153, 956.9791, -0.1291,  -1215.1406, 940.1716, -0.7620,  64, 64, 64
L -1265.7577, 944.5599, -0.8734,  -1239.2153, 956.9791, -0.1120,  64, 64, 64
L -1268.2714, 915.3634, -1.6070,  -1265.7577, 944.5599, -0.9672,  64, 64, 64
L -1152.8197, -568.1699, -33.7584,  -1160.3683, -564.2221, -33.8998,  64, 64, 64
L -1136.0797, -548.7366, -34.6716,  -1152.8197, -568.1699, -33.7584,  64, 64, 64
L -1145.7589, -546.1453, -32.7141,  -1136.0797, -548.7366, -34.6716,  64, 64, 64
L -1160.3683, -564.2221, -34.2893,  -1145.7589, -546.1453, -32.7141,  64, 64, 64
L -1168.8782, -604.4429, -27.4287,  -1164.5126, -589.2875, -29.9705,  64, 64, 64
L -1153.1765, -608.9693, -28.2689,  -1168.8782, -604.4429, -27.4287,  64, 64, 64
L -1149.5771, -593.6755, -30.7581,  -1153.1765, -608.9693, -28.2689,  64, 64, 64
L -1164.3142, -589.3452, -29.9811,  -1149.5771, -593.6755, -30.7581,  64, 64, 64
L -1142.7134, -570.0956, -34.7048,  -1144.7285, -577.2471, -33.7970,  64, 64, 64
L -1150.4667, -566.9478, -34.4198,  -1142.7134, -570.0956, -34.7048,  64, 64, 64
L -1152.6754, -575.3434, -33.0366,  -1150.4667, -566.9478, -34.4198,  64, 64, 64
L -1144.7285, -577.2471, -33.4593,  -1152.6754, -575.3434, -33.0366,  64, 64, 64
L -1127.0432, -598.8901, -35.5776,  -1129.0088, -605.9141, -35.5912,  64, 64, 64
L -1134.7701, -596.1388, -32.7872,  -1127.0432, -598.8901, -35.5776,  64, 64, 64
L -1137.1415, -604.3224, -32.7772,  -1134.7701, -596.1388, -32.7872,  64, 64, 64
L -1129.0088, -605.9141, -35.2920,  -1137.1415, -604.3224, -32.7772,  64, 64, 64
L -1130.1378, -610.8533, -35.6849,  -1132.1696, -618.1438, -35.7019,  64, 64, 64
L -1137.1449, -608.5869, -33.1756,  -1130.1378, -610.8533, -35.6849,  64, 64, 64
L -1139.8153, -616.4297, -33.0345,  -1137.1449, -608.5869, -33.1756,  64, 64, 64
L -1133.4769, -618.2354, -35.2738,  -1139.8153, -616.4297, -33.0345,  64, 64, 64
L -1167.9954, -630.4413, -25.0870,  -1169.2495, -637.7361, -25.3488,  64, 64, 64
L -1159.3137, -631.8915, -28.0818,  -1167.9954, -630.4413, -25.0870,  64, 64, 64
L -1161.6532, -639.8434, -28.0583,  -1159.3137, -631.8915, -28.0818,  64, 64, 64
L -1169.2495, -637.7361, -25.6014,  -1161.6532, -639.8434, -28.0583,  64, 64, 64
L -1176.7590, -635.5704, -22.6987,  -1174.8889, -628.0219, -23.5017,  64, 64, 64
L -1184.2886, -633.6565, -21.8713,  -1176.7590, -635.5704, -22.6987,  64, 64, 64
L -1182.2037, -626.0380, -23.1387,  -1184.2886, -633.6565, -21.8713,  64, 64, 64
L -1174.8889, -628.0219, -23.4854,  -1182.2037, -626.0380, -23.1387,  64, 64, 64
L -1186.6974, -579.1373, -29.3115,  -1188.7356, -586.3104, -28.1111,  64, 64, 64
L -1194.3752, -576.6078, -28.9451,  -1186.6974, -579.1373, -29.3115,  64, 64, 64
L -1196.1553, -584.2074, -27.7086,  -1194.3752, -576.6078, -28.9451,  64, 64, 64
L -1189.3271, -586.1080, -28.0775,  -1196.1553, -584.2074, -27.7086,  64, 64, 64
L -1200.4922, -599.8488, -24.7352,  -1192.8789, -601.5418, -25.5411,  64, 64, 64
L -1198.3179, -591.8440, -26.4214,  -1200.4922, -599.8488, -24.7352,  64, 64, 64
L -1190.9489, -593.3391, -26.9145,  -1198.3179, -591.8440, -26.4214,  64, 64, 64
L -1192.8789, -601.5418, -25.7484,  -1190.9489, -593.3391, -26.9145,  64, 64, 64
L 831.2851, -500.0831, -6.5346,  818.6884, -499.6314, -6.9345,  64, 64, 64
L 832.0099, -487.8617, -6.4956,  831.2851, -500.0831, -6.5346,  64, 64, 64
L 819.5991, -486.8209, -7.1627,  832.0099, -487.8617, -6.4956,  64, 64, 64
L 818.6884, -499.6314, -7.2110,  819.5991, -486.8209, -7.1627,  64, 64, 64
L 731.9368, -441.8578, -6.0489,  726.0783, -443.9225, -7.8438,  64, 64, 64
L 715.6995, -480.7829, -8.1240,  731.9368, -441.8578, -6.0489,  64, 64, 64
L 702.6295, -479.1999, -8.1240,  715.6995, -480.7829, -8.1240,  64, 64, 64
L 726.0783, -443.9225, -7.8417,  702.6295, -479.1999, -8.1240,  64, 64, 64
L 711.3055, -364.8794, -7.8988,  724.5268, -366.0000, -7.6363,  64, 64, 64
L 710.3563, -378.0960, -7.9204,  711.3055, -364.8794, -7.8988,  64, 64, 64
L 723.1548, -379.1579, -7.6204,  710.3563, -378.0960, -7.9204,  64, 64, 64
L 724.5268, -366.0000, -7.5915,  723.1548, -379.1579, -7.6204,  64, 64, 64
L 834.7775, -389.9626, 0.3897,  824.9084, -388.5569, -1.7578,  64, 64, 64
L 835.7470, -379.1711, 0.8458,  834.7775, -389.9626, 0.3897,  64, 64, 64
L 825.6231, -376.7729, -1.2334,  835.7470, -379.1711, 0.8458,  64, 64, 64
L 824.9084, -388.5569, -1.6302,  825.6231, -376.7729, -1.2334,  64, 64, 64
L 732.8294, -420.1060, -4.9632,  730.9238, -441.2722, -7.5335,  64, 64, 64
L 758.5698, -421.7520, 29.2836,  783.0609, -423.2242, 29.7153,  64, 64, 64
L 732.6619, -419.4662, -7.4036,  758.8038, -422.0056, 29.7153,  64, 64, 64
L 730.6700, -441.2535, -7.7881,  757.7256, -443.2233, 29.2989,  64, 64, 64
L 758.8038, -422.0056, 29.6033,  757.7332, -443.0754, 29.7153,  64, 64, 64
L 781.9221, -444.5868, 29.7153,  783.0609, -423.2242, 29.7153,  64, 64, 64
L 757.7332, -443.0754, 29.7153,  781.9221, -444.5868, 29.7153,  64, 64, 64
L 732.6619, -419.4662, -7.3568,  734.9621, -393.3190, -7.3429,  64, 64, 64
L 728.9152, -466.6899, -8.1240,  730.7843, -441.2619, -7.7883,  64, 64, 64
L 806.8755, -472.9441, -7.8466,  728.9152, -466.6899, -8.1240,  64, 64, 64
L 809.9910, -399.9549, -5.0708,  806.8755, -472.9441, -7.8466,  64, 64, 64
L 734.9621, -393.3190, -7.3995,  809.9910, -399.9549, -5.0708,  64, 64, 64
L 1053.3866, -1028.6971, 73.8119,  1053.3916, -1031.6222, 73.5885,  150, 100, 0
L 1023.9979, -1017.7087, 69.5316,  1053.3676, -1017.2495, 74.5030,  150, 100, 0
L 967.0793, -1027.4879, 67.6886,  1023.9979, -1017.7087, 69.5316,  150, 100, 0
L 943.0286, -1011.5687, 65.0766,  967.0793, -1027.4879, 67.6886,  150, 100, 0
L 905.3627, -1022.8423, 63.0162,  943.0286, -1011.5687, 65.0766,  150, 100, 0
L 851.6902, -1048.3176, 70.2144,  905.3627, -1022.8423, 63.0162,  150, 100, 0
L 880.0980, -1082.3333, 73.0985,  851.6902, -1048.3176, 70.2144,  150, 100, 0
L 864.3217, -1147.5502, 70.9318,  880.0980, -1082.3333, 73.0985,  150, 100, 0
L 884.8217, -1168.7474, 74.1972,  864.3217, -1147.5502, 70.9318,  150, 100, 0
L 875.9673, -1258.6349, 23.0378,  884.8217, -1168.7474, 74.1972,  150, 100, 0
L 899.6055, -1307.1367, 20.5034,  875.9673, -1258.6349, 23.0378,  150, 100, 0
L 940.9702, -1398.6429, 27.7566,  899.6055, -1307.1367, 20.5034,  150, 100, 0
L 971.6959, -1450.9463, 36.8640,  940.9702, -1398.6429, 27.7566,  150, 100, 0
L 975.9390, -1490.2651, 37.8462,  971.6959, -1450.9463, 36.8640,  150, 100, 0
L 962.5329, -1528.5234, 32.4241,  975.9390, -1490.2651, 37.8462,  150, 100, 0
L 977.9349, -1574.5800, 38.4211,  962.5329, -1528.5234, 32.4241,  150, 100, 0
L 966.8549, -1593.4137, 32.6542,  977.9349, -1574.5800, 38.4211,  150, 100, 0
L 964.7014, -1637.6088, 27.3748,  966.8549, -1593.4137, 32.6542,  150, 100, 0
L 979.3640, -1659.6842, 30.9681,  964.7014, -1637.6088, 27.3748,  150, 100, 0
L 982.5891, -1679.1146, 30.5118,  979.3640, -1659.6842, 30.9681,  150, 100, 0
L 962.2388, -1699.6674, 22.2099,  982.5891, -1679.1146, 30.5118,  150, 100, 0
L 968.2485, -1726.2168, 16.2576,  962.2388, -1699.6674, 22.2099,  150, 100, 0
L 982.0772, -1766.7969, 11.3780,  968.2485, -1726.2168, 16.2576,  150, 100, 0
L 961.6202, -1824.1422, 6.3562,  982.0772, -1766.7969, 11.3780,  150, 100, 0
L 973.5496, -1871.6749, 4.5672,  961.6202, -1824.1422, 6.3562,  150, 100, 0
L 969.6906, -1916.2944, 6.0541,  973.5496, -1871.6749, 4.5672,  150, 100, 0
L 971.3577, -1945.0099, 5.0585,  969.6906, -1916.2944, 6.0541,  150, 100, 0
L 980.2576, -2000.9312, 3.6065,  971.3577, -1945.0099, 5.0585,  150, 100, 0
L 959.9653, -2042.8571, 8.0133,  980.2576, -2000.9312, 3.6065,  150, 100, 0
L 970.0563, -2070.0063, 3.3160,  959.9653, -2042.8571, 8.0133,  150, 100, 0
L 969.0153, -2118.1404, -0.9622,  970.0563, -2070.0063, 3.3160,  150, 100, 0
L 973.6070, -2161.4688, -3.7129,  969.0153, -2118.1404, -0.9622,  150, 100, 0
L 958.9193, -2202.5308, -5.8815,  973.6070, -2161.4688, -3.7129,  150, 100, 0
L 940.7365, -2241.4941, -6.3631,  958.9193, -2202.5308, -5.8815,  150, 100, 0
L 894.2048, -2267.6772, -6.0678,  940.7365, -2241.4941, -6.3631,  150, 100, 0
L 891.0185, -2301.8982, -6.8699,  894.2048, -2267.6772, -6.0678,  150, 100, 0
L 869.5275, -2316.5906, -7.2088,  891.0185, -2301.8982, -6.8699,  150, 100, 0
L 825.4789, -2296.0647, -6.7113,  869.5275, -2316.5906, -7.2088,  150, 100, 0
L 803.1852, -2264.8813, -6.0023,  825.4789, -2296.0647, -6.7113,  150, 100, 0
L 801.0678, -2286.3896, -6.6756,  803.1852, -2264.8813, -6.0023,  150, 100, 0
L 791.3631, -2289.9285, -8.5248,  801.0678, -2286.3896, -6.6756,  150, 100, 0
L 743.3683, -2328.3296, -23.1473,  791.3631, -2289.9285, -8.5248,  150, 100, 0
L 728.7887, -2358.3748, -27.3644,  743.3683, -2328.3296, -23.1473,  150, 100, 0
L 705.4403, -2360.0986, -33.4403,  728.7887, -2358.3748, -27.3644,  150, 100, 0
L 672.7922, -2416.8098, -27.8420,  705.4403, -2360.0986, -33.4403,  150, 100, 0
L 646.3406, -2419.8533, -27.2461,  672.7922, -2416.8098, -27.8420,  150, 100, 0
L 618.0169, -2387.4585, -27.4037,  646.3406, -2419.8533, -27.2461,  150, 100, 0
L 598.5647, -2356.8333, -26.2592,  618.0169, -2387.4585, -27.4037,  150, 100, 0
L 555.8392, -2347.9512, -13.9049,  598.5647, -2356.8333, -26.2592,  150, 100, 0
L 542.1376, -2326.4155, -8.3538,  555.8392, -2347.9512, -13.9049,  150, 100, 0
L 502.3539, -2355.4915, 1.4037,  542.1376, -2326.4155, -8.3538,  150, 100, 0
L 401.1489, -2355.0608, 12.9754,  502.3539, -2355.4915, 1.4037,  150, 100, 0
L 344.2946, -2409.8945, 2.1920,  401.1489, -2355.0608, 12.9754,  150, 100, 0
L 298.6305, -2430.7700, -3.9703,  344.2946, -2409.8945, 2.1920,  150, 100, 0
L 261.6374, -2431.4050, -7.2821,  298.6305, -2430.7700, -3.9703,  150, 100, 0
L 224.8352, -2401.4158, -8.1240,  261.6374, -2431.4050, -7.2821,  150, 100, 0
L 190.6582, -2358.7043, -5.5266,  224.8352, -2401.4158, -8.1240,  150, 100, 0
L 143.1591, -2322.3367, 2.6449,  190.6582, -2358.7043, -5.5266,  150, 100, 0
L 113.8991, -2277.0789, -4.1104,  143.1591, -2322.3367, 2.6449,  150, 100, 0
L 86.7365, -2300.8450, 2.7016,  113.8991, -2277.0789, -4.1104,  150, 100, 0
L 51.2145, -2348.0537, 16.5250,  86.7365, -2300.8450, 2.7016,  150, 100, 0
L 10.7775, -2358.7107, 24.6927,  51.2145, -2348.0537, 16.5250,  150, 100, 0
L -62.3670, -2414.8455, 27.9733,  10.7775, -2358.7107, 24.6927,  150, 100, 0
L -120.2256, -2438.5247, 21.2012,  -62.3670, -2414.8455, 27.9733,  150, 100, 0
L -185.0416, -2426.2903, 1.7992,  -120.2256, -2438.5247, 21.2012,  150, 100, 0
L -227.9079, -2441.8198, -0.4121,  -185.0416, -2426.2903, 1.7992,  150, 100, 0
L -270.9173, -2429.0173, -3.8196,  -227.9079, -2441.8198, -0.4121,  150, 100, 0
L -311.7457, -2437.3735, -4.1632,  -270.9173, -2429.0173, -3.8196,  150, 100, 0
L -368.0537, -2456.2993, -6.3116,  -311.7457, -2437.3735, -4.1632,  150, 100, 0
L -398.7807, -2492.9011, -5.5688,  -368.0537, -2456.2993, -6.3116,  150, 100, 0
L -461.0107, -2529.7454, -14.2410,  -398.7807, -2492.9011, -5.5688,  150, 100, 0
L -501.4517, -2624.6370, 77.3333,  -461.0107, -2529.7454, -14.2410,  150, 100, 0
L -756.2731, -2563.2507, 7.1195,  -759.4681, -2620.7371, 92.0683,  150, 100, 0
L -795.2876, -2532.1868, -2.6945,  -752.1954, -2564.1201, 6.3477,  150, 100, 0
L -800.4346, -2464.8359, -12.8868,  -795.2876, -2532.1868, -2.6945,  150, 100, 0
L -798.7289, -2436.7280, -21.6372,  -800.4346, -2464.8359, -12.8868,  150, 100, 0
L -763.1335, -2357.4768, -51.2216,  -798.7289, -2436.7280, -21.6372,  150, 100, 0
L -798.5438, -2299.5972, -42.3005,  -763.1335, -2357.4768, -51.2216,  150, 100, 0
L -804.1884, -2240.2319, -31.2908,  -798.5438, -2299.5972, -42.3005,  150, 100, 0
L -703.3104, -2149.8005, -36.1700,  -804.1884, -2240.2319, -31.2908,  150, 100, 0
L -665.5858, -2084.3025, -33.2557,  -703.3104, -2149.8005, -36.1700,  150, 100, 0
L -694.7825, -2020.9773, -19.5758,  -665.5858, -2084.3025, -33.2557,  150, 100, 0
L -738.5068, -2031.0403, -13.9755,  -694.7825, -2020.9773, -19.5758,  150, 100, 0
L -757.1973, -2011.7571, -8.1240,  -738.5068, -2031.0403, -13.9755,  150, 100, 0
L -808.5571, -2026.3922, -8.1240,  -757.1973, -2011.7571, -8.1240,  150, 100, 0
L -838.6088, -2052.4590, -8.1240,  -808.5571, -2026.3922, -8.1240,  150, 100, 0
L -950.5125, -2036.1334, -10.9951,  -838.6088, -2052.4590, -8.1240,  150, 100, 0
L -1000.5698, -1962.3866, -31.9170,  -950.5125, -2036.1334, -10.9951,  150, 100, 0
L -1048.0729, -1933.9263, -31.3264,  -1000.5698, -1962.3866, -31.9170,  150, 100, 0
L -1106.9656, -1862.8281, -30.9823,  -1048.0729, -1933.9263, -31.3264,  150, 100, 0
L -1149.4675, -1821.6663, -16.9976,  -1106.9656, -1862.8281, -30.9823,  150, 100, 0
L -1191.5798, -1758.9253, -8.8343,  -1149.4675, -1821.6663, -16.9976,  150, 100, 0
L -1248.0446, -1735.3159, -5.7750,  -1191.5798, -1758.9253, -8.8343,  150, 100, 0
L -1274.5535, -1634.0917, -0.9738,  -1248.0446, -1735.3159, -5.7750,  150, 100, 0
L -1265.5280, -1554.0320, 1.3435,  -1274.5535, -1634.0917, -0.9738,  150, 100, 0
L -1267.9056, -1500.4854, 2.2416,  -1265.5280, -1554.0320, 1.3435,  150, 100, 0
L -1271.3386, -1450.5010, 3.8609,  -1267.9056, -1500.4854, 2.2416,  150, 100, 0
L -1266.0873, -1412.6563, 3.4953,  -1271.3386, -1450.5010, 3.8609,  150, 100, 0
L -1236.2777, -1360.4977, -0.3448,  -1266.0873, -1412.6563, 3.4953,  150, 100, 0
L -1201.8671, -1352.9670, -7.3647,  -1236.2777, -1360.4977, -0.3448,  150, 100, 0
L -1173.6738, -1303.6056, -8.1240,  -1201.8671, -1352.9670, -7.3647,  150, 100, 0
L -1115.4915, -1260.0768, -8.1240,  -1173.6738, -1303.6056, -8.1240,  150, 100, 0
L -1169.8467, -1216.6876, -8.1240,  -1115.4915, -1260.0768, -8.1240,  150, 100, 0
L -1147.3845, -1181.3059, -8.1240,  -1169.8467, -1216.6876, -8.1240,  150, 100, 0
L -1110.3563, -1159.6313, -8.1240,  -1147.3845, -1181.3059, -8.1240,  150, 100, 0
L -1157.4927, -1124.6705, -8.1240,  -1110.3563, -1159.6313, -8.1240,  150, 100, 0
L -1173.7516, -1099.5331, -4.0786,  -1157.4927, -1124.6705, -8.1240,  150, 100, 0
L -1258.3821, -1022.7135, 38.4443,  -1173.7516, -1099.5331, -4.0786,  150, 100, 0
L -1265.1510, -926.7350, 39.0373,  -1258.3821, -1022.7135, 38.4443,  150, 100, 0
L -1216.2908, -852.1796, 26.9512,  -1265.1510, -926.7350, 39.0373,  150, 100, 0
L -1256.0221, -813.4773, 39.0060,  -1216.2908, -852.1796, 26.9512,  150, 100, 0
L -1269.8851, -745.7888, 22.5686,  -1256.0221, -813.4773, 39.0060,  150, 100, 0
L -1298.2048, -657.1989, 8.7474,  -1269.8851, -745.7888, 22.5686,  150, 100, 0
L -1336.7188, -665.5428, 42.3869,  -1298.2048, -657.1989, 8.7474,  150, 100, 0
L -1336.7179, -1081.6433, 79.7386,  -1336.7186, -630.2899, 35.2765,  150, 100, 0
L 1053.3676, -1017.2495, 106.9395,  1055.4159, -2277.6875, 38.1374,  150, 100, 0
L -333.6652, -3060.1152, -18.8633,  -362.9967, -3103.3896, 80.2176,  150, 100, 0
L -561.3577, -2950.3679, -3.8460,  -333.6652, -3060.1152, -18.8633,  150, 100, 0
L -718.2277, -2855.6731, 15.4852,  -561.3577, -2950.3679, -3.8460,  150, 100, 0
L -716.4907, -2672.7725, 11.8344,  -718.2277, -2855.6731, 15.4852,  150, 100, 0
L -751.5320, -2620.9202, 95.6194,  -716.4907, -2672.7725, 11.8344,  150, 100, 0
L -1100.1161, -2612.8750, 114.8904,  -751.5320, -2620.9202, 95.6194,  150, 100, 0
L -1336.7186, -2607.4148, 117.9248,  -1100.1161, -2612.8750, 114.8904,  150, 100, 0
L -1336.7177, -1064.9550, 84.7218,  -1336.7186, -2607.4148, 117.9248,  150, 100, 0
L -1336.7186, 222.4418, 11.5833,  -1336.7179, -675.7306, 84.7218,  0, 125, 0
L -1336.7186, 312.9620, -14.4622,  -1336.7186, 222.4418, 11.5833,  0, 125, 0
L -1297.9115, 343.9267, -28.9758,  -1336.7186, 312.9620, -14.4622,  0, 0, 255
L -1200.7555, 383.8837, -29.8108,  -1297.9115, 343.9267, -28.9758,  0, 0, 255
L -1143.0474, 439.4049, -29.4269,  -1200.7555, 383.8837, -29.8108,  0, 0, 255
L -1097.1064, 502.4534, -29.4212,  -1143.0474, 439.4049, -29.4269,  0, 0, 255
L -1058.8042, 540.2976, -30.6179,  -1097.1064, 502.4534, -29.4212,  0, 0, 255
L -990.8480, 556.9398, -29.7862,  -1058.8042, 540.2976, -30.6179,  0, 0, 255
L -892.3947, 562.6313, -31.3681,  -990.8480, 556.9398, -29.7862,  0, 0, 255
L -797.9167, 561.3431, -28.5518,  -892.3947, 562.6313, -31.3681,  0, 0, 255
L -742.2508, 601.2427, -29.1512,  -797.9167, 561.3431, -28.5518,  0, 0, 255
L -698.6792, 607.3748, -29.4103,  -742.2508, 601.2427, -29.1512,  0, 0, 255
L -643.8536, 647.0734, -27.5171,  -698.6792, 607.3748, -29.4103,  0, 0, 255
L -606.4020, 662.8444, -28.9153,  -643.8536, 647.0734, -27.5171,  0, 0, 255
L -519.0449, 741.5193, -29.4352,  -606.4020, 662.8444, -28.9153,  0, 0, 255
L -501.1029, 752.8600, -30.2506,  -519.0449, 741.5193, -29.4352,  0, 0, 255
L -399.7343, 757.0806, -29.7197,  -501.1029, 752.8600, -30.2506,  0, 0, 255
L -368.2128, 775.7112, -29.4700,  -399.7343, 757.0806, -29.7197,  0, 0, 255
L -301.3693, 777.8904, -29.2397,  -368.2128, 775.7112, -29.4700,  0, 0, 255
L -213.7185, 843.9830, -29.3430,  -301.3693, 777.8904, -29.2397,  0, 0, 255
L -200.3979, 848.7436, -29.4048,  -213.7185, 843.9830, -29.3430,  0, 0, 255
L 199.4250, 857.0003, -29.8741,  -200.3979, 848.7436, -29.4048,  0, 0, 255
L 232.8259, 876.6563, -30.0358,  199.4250, 857.0003, -29.8741,  0, 0, 255
L 293.8533, 879.3084, -29.4497,  232.8259, 876.6563, -30.0358,  0, 0, 255
L 388.3635, 956.9261, -30.0574,  293.8533, 879.3084, -29.4497,  0, 0, 255
L 575.7081, 1119.8215, -29.6918,  388.3635, 956.9261, -30.0574,  0, 0, 255
L 597.4594, 1129.9954, -30.3077,  575.7081, 1119.8215, -29.6918,  0, 0, 255
L 615.6943, 1141.7955, -29.4469,  597.4594, 1129.9954, -30.3077,  0, 0, 255
L 697.5868, 1167.3708, -28.8884,  615.6943, 1141.7955, -29.4469,  0, 0, 255
L 786.0577, 1246.1045, -27.2984,  697.5868, 1167.3708, -28.8884,  0, 0, 255
L 864.9283, 1312.0005, -29.6064,  786.0577, 1246.1045, -27.2984,  0, 0, 255
L 896.0031, 1319.9110, -28.6854,  864.9283, 1312.0005, -29.6064,  0, 0, 255
L 919.8640, 1341.0131, -27.3952,  896.0031, 1319.9110, -28.6854,  0, 0, 255
L 998.9141, 1362.6169, -26.3387,  919.8640, 1341.0131, -27.3952,  0, 0, 255
L 1049.5291, 1368.4160, -22.7750,  998.9141, 1362.6169, -26.3387,  0, 0, 255
L 1053.3958, -1028.7057, 38.0784,  1049.5170, 1369.4163, -25.1716,  0, 125, 0
L 1054.9391, -2614.5647, 119.5395,  1056.3347, -2339.8123, 38.5360,  150, 100, 0
L -322.0383, -2623.4844, 81.5898,  1054.9391, -2614.5647, 119.5395,  150, 100, 0
L -590.3825, -2655.5276, -5.4633,  -322.0383, -2623.4844, 81.5898,  150, 100, 0
L -561.0665, -2855.3538, 37.7858,  -590.3825, -2655.5276, -5.4633,  150, 100, 0
L -249.8934, -3044.5613, -6.2003,  -561.0665, -2855.3538, 37.7858,  150, 100, 0
L -233.1664, -3055.3418, 4.2787,  -249.8934, -3044.5613, -6.2003,  150, 100, 0
L -232.2371, -3098.5657, 7.5578,  -233.1664, -3055.3418, 4.2787,  150, 100, 0
L -230.8191, -3098.1978, 13.6146,  -230.9789, -3098.1978, 12.9321,  150, 0, 200
L -238.2934, -3098.0544, -18.4977,  -230.8191, -3098.1978, 13.6146,  150, 0, 200
L -322.8053, -3102.3660, -18.7701,  -238.2934, -3098.0544, -18.4977,  150, 0, 200
L -363.0000, -3102.2354, 80.2304,  -322.8053, -3102.3660, -18.7701,  150, 0, 200
L 53.4847, 764.7149, -9.0597,  46.6539, 738.0302, -8.1240,  60, 40, 0
L 46.6539, 738.0302, -8.1240,  53.0253, 707.9327, -8.1240,  60, 40, 0
L 53.0253, 707.9327, -8.1240,  44.1433, 676.5014, -8.1240,  60, 40, 0
L 44.1433, 676.5014, -8.1240,  49.9470, 654.9380, -8.1240,  60, 40, 0
L 49.9470, 654.9380, -8.1240,  56.1312, 586.2773, -8.1240,  60, 40, 0
L 56.1312, 586.2773, -8.1240,  24.4183, 563.4425, -8.1240,  60, 40, 0
L 24.4183, 563.4425, -8.1240,  -51.6959, 504.8209, -8.1240,  60, 40, 0
L -51.6959, 504.8209, -8.1240,  -50.3861, 467.7643, -8.1240,  60, 40, 0
L -50.3861, 467.7643, -8.1240,  -49.0551, 288.2404, -5.4740,  60, 40, 0
L -49.0551, 288.2404, -5.4740,  -44.0961, -319.0167, -6.8540,  60, 40, 0
L -44.0961, -319.0167, -6.8540,  -154.7874, -396.5042, -6.7734,  60, 40, 0
L -154.7874, -396.5042, -6.7734,  -145.1179, -503.9534, -8.1240,  60, 40, 0
L -145.1179, -503.9534, -8.1240,  -150.2930, -719.4261, -5.2897,  60, 40, 0
L -150.2930, -719.4261, -5.2897,  -38.4821, -804.0157, -15.2452,  60, 40, 0
L -38.4821, -804.0157, -15.2452,  -52.3381, -1122.9683, -2.7040,  60, 40, 0
L -52.3381, -1122.9683, -2.7040,  58.6859, -1196.3705, -8.0324,  60, 40, 0
L 58.6859, -1196.3705, -8.0324,  60.5044, -1699.8688, -3.2114,  60, 40, 0
L 60.5044, -1699.8688, -3.2114,  155.8239, -1735.3407, -4.1843,  60, 40, 0
L 155.8239, -1735.3407, -4.1843,  146.8572, -2194.2163, -4.4950,  60, 40, 0
L 146.8572, -2194.2163, -4.4950,  -68.4244, -2202.3979, -4.7753,  60, 40, 0
L -68.4244, -2202.3979, -4.7753,  -151.5932, -2313.5874, -7.2144,  60, 40, 0
L -151.5932, -2313.5874, -7.2144,  -451.1082, -2296.9858, -15.2444,  60, 40, 0
L -451.1082, -2296.9858, -15.2444,  -531.4596, -2419.0488, -23.2332,  60, 40, 0
L -531.4596, -2419.0488, -23.2332,  -567.4135, -2416.3394, -26.8813,  60, 40, 0
L -567.4135, -2416.3394, -26.8813,  -613.1287, -2469.3633, -23.7533,  60, 40, 0
L -613.1287, -2469.3633, -23.7533,  -652.9940, -2485.5750, -21.7720,  60, 40, 0
L -652.9940, -2485.5750, -21.7720,  -646.9547, -2600.9915, -20.1349,  60, 40, 0
L 53.2012, 1163.6704, -8.1240,  47.4452, 1192.0137, -8.1240,  60, 40, 0
L 47.4452, 1192.0137, -8.1240,  61.6575, 1210.4924, -8.1240,  60, 40, 0
L 61.6575, 1210.4924, -8.1240,  45.3528, 1308.0645, -8.1240,  60, 40, 0
L 45.3528, 1308.0645, -8.1240,  134.9234, 1385.5164, -8.1240,  60, 40, 0
L 134.9234, 1385.5164, -8.1240,  178.4029, 1385.7119, -8.1240,  60, 40, 0
L 178.4029, 1385.7119, -8.1240,  198.0880, 1442.4901, -8.1240,  60, 40, 0
L 198.0880, 1442.4901, -8.1240,  259.7435, 1482.9401, -8.1240,  60, 40, 0
L 259.7435, 1482.9401, -8.1240,  247.3814, 1790.0891, -8.1240,  60, 40, 0
L 247.3814, 1790.0891, -8.1240,  249.3498, 1908.0570, -8.1240,  60, 40, 0
L 249.3498, 1908.0570, -8.1240,  330.0878, 1981.8319, -8.1240,  60, 40, 0
L 330.0878, 1981.8319, -8.1240,  376.9762, 1987.2612, -8.1240,  60, 40, 0
L 376.9762, 1987.2612, -8.1240,  425.1215, 2076.8884, -8.1240,  60, 40, 0
L 425.1215, 2076.8884, -8.1240,  477.5197, 2085.3708, -8.1240,  60, 40, 0
L 477.5197, 2085.3708, -8.1240,  496.2490, 2141.6729, -8.1240,  60, 40, 0
L 496.2490, 2141.6729, -8.1240,  496.4229, 2142.3508, -8.1240,  60, 40, 0
L 248.9237, 1790.1868, -8.1240,  169.8206, 1788.2028, -7.1969,  60, 40, 0
L 169.8206, 1788.2028, -7.1969,  91.1347, 1793.9873, -6.3989,  60, 40, 0
L 91.1347, 1793.9873, -6.3989,  -145.5376, 1790.9338, -3.5290,  60, 40, 0
L -60.3446, 291.8563, -5.3715,  -371.8484, 292.4002, -15.3529,  60, 40, 0
L -371.8484, 292.4002, -15.3529,  -448.0407, 182.6355, -18.3374,  60, 40, 0
L -448.0407, 182.6355, -18.3374,  -966.6083, 195.9291, -12.7773,  60, 40, 0
L -966.6083, 195.9291, -12.7773,  -1027.7568, 82.7713, 3.9490,  60, 40, 0
L -1027.7568, 82.7713, 3.9490,  -1076.2181, 82.7493, 0.5309,  60, 40, 0
L -1076.2181, 82.7493, 0.5309,  -1089.7788, 52.1481, 3.1542,  60, 40, 0
L -145.3987, -503.5841, -8.1240,  265.9998, -500.0562, -1.6366,  60, 40, 0
L 265.9998, -500.0562, -1.6366,  359.3538, -598.3228, 0.4855,  60, 40, 0
L 1049.2863, 1520.0237, -28.7546,  1048.0006, 2306.5906, 107.1733,  0, 125, 0
L 1048.0006, 2306.5906, 107.1733,  749.9606, 2304.2378, 73.7743,  0, 125, 0
L 749.9606, 2304.2378, 73.7743,  663.0874, 2320.3762, 77.6414,  0, 125, 0
L 663.0874, 2320.3762, 77.6414,  634.5873, 2395.3452, 44.8436,  0, 125, 0
L 634.5873, 2395.3452, 44.8436,  601.8145, 2425.4021, 18.3194,  0, 125, 0
L 601.8145, 2425.4021, 18.3194,  522.2877, 2502.0637, -20.8660,  0, 125, 0
L 522.2877, 2502.0637, -20.8660,  478.3553, 2559.9529, -20.9052,  0, 125, 0
L 478.3553, 2559.9529, -20.9052,  478.8810, 2606.2334, -20.9052,  0, 125, 0
L 478.8810, 2606.2334, -20.9052,  484.3049, 2625.9170, -20.9052,  0, 125, 0
L 484.3049, 2625.9170, -20.9052,  507.3878, 2656.2231, -20.9052,  0, 125, 0
L 507.3878, 2656.2231, -20.9052,  528.2331, 2675.1196, -20.9052,  0, 125, 0
L 528.2331, 2675.1196, -20.9052,  596.4175, 2664.7405, -20.8779,  0, 125, 0
L 596.4175, 2664.7405, -20.8779,  641.2943, 2664.8579, -20.8763,  0, 125, 0
L 641.2943, 2664.8579, -20.9036,  616.8389, 2697.9495, -20.9052,  150, 0, 200
L 616.8389, 2697.9495, -20.9052,  524.5331, 2703.7000, -20.8702,  0, 125, 0
L 524.5331, 2703.7000, -20.8702,  471.2928, 2676.9773, -20.8435,  0, 125, 0
L 471.2928, 2676.9773, -20.8435,  438.8993, 2630.1489, -20.8543,  0, 125, 0
L 438.8993, 2630.1489, -20.8543,  427.1920, 2559.9275, -20.8829,  0, 125, 0
L 427.1920, 2559.9275, -20.8829,  451.0598, 2486.7986, -20.8457,  0, 125, 0
L 451.0598, 2486.7986, -20.8457,  494.5992, 2440.2871, -20.9027,  0, 125, 0
L 494.5992, 2440.2871, -20.9027,  501.3795, 2341.6033, -20.5179,  0, 125, 0
L 501.3795, 2341.6033, -20.5179,  382.8432, 2297.0862, 56.8077,  0, 125, 0
L 382.8432, 2297.0862, 56.8077,  -1301.7679, 2294.4019, 90.3904,  0, 125, 0
L -1301.7679, 2294.4019, 90.3904,  -1336.7186, 2294.2515, 117.0427,  0, 125, 0
L -1336.7186, 2294.2515, 117.0427,  -1336.7178, 1493.2366, 71.3157,  0, 125, 0
L -1336.7178, 1493.2366, 71.3157,  -1336.7177, 1177.5756, 41.5039,  0, 125, 0
L -1336.7177, 1177.5756, 41.5039,  -1336.7188, 537.2718, -28.4018,  0, 125, 0
L -1336.7188, 537.2718, -28.4018,  -1323.7972, 545.1617, -30.1123,  0, 0, 255
L -1323.7972, 545.1617, -30.1123,  -1294.6360, 607.4257, -28.6749,  0, 0, 255
L -1294.6360, 607.4257, -28.6749,  -1257.6602, 650.1185, -29.1432,  0, 0, 255
L -1257.6602, 650.1185, -29.1432,  -1196.2092, 714.7626, -28.6068,  0, 0, 255
L -1196.2092, 714.7626, -28.6068,  -1114.6959, 729.2490, -28.3122,  0, 0, 255
L -1114.6959, 729.2490, -28.3122,  -1091.6478, 739.6053, -29.2932,  0, 0, 255
L -1091.6478, 739.6053, -29.2932,  -1063.3275, 745.9962, -29.1037,  0, 0, 255
L -1063.3275, 745.9962, -29.1037,  -996.1649, 792.2295, -28.9726,  0, 0, 255
L -996.1649, 792.2295, -28.9726,  -952.3111, 791.1326, -29.4096,  0, 0, 255
L -952.3111, 791.1326, -29.4096,  -893.6438, 811.1317, -28.4836,  0, 0, 255
L -893.6438, 811.1317, -28.4836,  -828.4760, 812.8942, -28.2142,  0, 0, 255
L -828.4760, 812.8942, -28.2142,  -793.3458, 828.3043, -28.6590,  0, 0, 255
L -793.3458, 828.3043, -28.6590,  -708.7059, 845.9552, -28.7950,  0, 0, 255
L -708.7059, 845.9552, -28.7950,  -695.9607, 854.2411, -29.5133,  0, 0, 255
L -695.9607, 854.2411, -29.5133,  -677.2668, 861.7199, -30.3935,  0, 0, 255
L -677.2668, 861.7199, -30.3935,  -597.2892, 936.1496, -30.0940,  0, 0, 255
L -597.2892, 936.1496, -30.0940,  -546.0400, 945.5007, -29.4320,  0, 0, 255
L -546.0400, 945.5007, -29.4320,  -498.3275, 979.4020, -29.4959,  0, 0, 255
L -498.3275, 979.4020, -29.4959,  -463.6575, 979.8718, -29.3598,  0, 0, 255
L -463.6575, 979.8718, -29.3598,  -396.2015, 1017.6589, -28.9625,  0, 0, 255
L -396.2015, 1017.6589, -28.9625,  -318.7791, 1021.0527, -28.4847,  0, 0, 255
L -318.7791, 1021.0527, -28.4847,  -289.2469, 1032.9944, -27.5750,  0, 0, 255
L -289.2469, 1032.9944, -27.5750,  -181.3722, 1046.9042, -29.1687,  0, 0, 255
L -181.3722, 1046.9042, -29.1687,  -95.0200, 1087.4392, -29.5502,  0, 0, 255
L -95.0200, 1087.4392, -29.5502,  -50.4651, 1090.0815, -28.6959,  0, 0, 255
L -50.4651, 1090.0815, -28.6959,  12.4113, 1096.7102, -29.4391,  0, 0, 255
L 12.4113, 1096.7102, -29.4391,  157.0373, 1099.1979, -28.4161,  0, 0, 255
L 157.0373, 1099.1979, -28.4161,  203.5017, 1119.5814, -27.8007,  0, 0, 255
L 203.5017, 1119.5814, -27.8007,  297.2551, 1144.6619, -28.1889,  0, 0, 255
L 297.2551, 1144.6619, -28.1889,  407.9019, 1241.9321, -29.0562,  0, 0, 255
L 407.9019, 1241.9321, -29.0562,  506.0965, 1315.9342, -27.8106,  0, 0, 255
L 506.0965, 1315.9342, -27.8106,  599.3680, 1344.4043, -29.1389,  0, 0, 255
L 599.3680, 1344.4043, -29.1389,  803.4539, 1531.3340, -28.5639,  0, 0, 255
L 803.4539, 1531.3340, -28.5639,  906.7539, 1537.3572, -29.2259,  0, 0, 255
L 906.7539, 1537.3572, -29.2259,  1011.7037, 1529.2991, -29.6134,  0, 0, 255
L 1011.7037, 1529.2991, -29.6134,  1049.2882, 1518.6954, -30.8494,  0, 0, 255
L 82.8377, 785.6282, -9.9677,  69.5593, 1141.7577, -9.3725,  64, 64, 64
L 69.5593, 1141.7577, -9.3725,  5.2731, 1141.9829, -9.2657,  64, 64, 64
L 5.2731, 1141.9829, -9.2657,  18.4367, 784.5887, -9.9677,  64, 64, 64
L 18.4367, 784.5887, -9.9677,  82.8377, 785.6282, -9.5621,  64, 64, 64
L 890.6146, 2129.0188, -2.0382,  882.0295, 2142.2117, -2.4470,  64, 64, 64
L 882.0295, 2142.2117, -2.4214,  887.7769, 2145.9480, -1.9182,  64, 64, 64
L 887.7769, 2145.9480, -1.9486,  896.3569, 2132.7556, -1.6490,  64, 64, 64
L 896.3569, 2132.7556, -1.9873,  890.6146, 2129.0188, -2.1611,  64, 64, 64
L 442.2521, 85.0501, -8.1221,  437.5602, 83.3052, -8.1240,  100, 50, 0
L 437.5602, 83.3052, -8.1240,  427.7340, 69.0885, -8.0883,  100, 50, 0
L 427.7340, 69.0885, -8.0883,  431.7132, 56.5414, -7.7009,  100, 50, 0
L 431.7132, 56.5414, -7.7009,  445.8206, 46.5474, -7.1361,  100, 50, 0
L 445.8206, 46.5474, -7.1361,  460.8764, 49.8349, -6.8602,  100, 50, 0
L 460.8764, 49.8349, -6.8602,  468.2965, 61.0633, -6.9492,  100, 50, 0
L 468.2965, 61.0633, -6.9492,  466.5169, 77.5257, -7.3761,  100, 50, 0
L 466.5169, 77.5257, -7.3761,  454.6872, 86.1780, -7.8556,  100, 50, 0
L 454.6872, 86.1780, -7.8556,  450.1813, 85.6361, -7.9500,  100, 50, 0
L 505.0048, 125.5222, -7.6718,  503.0638, 123.4306, -7.6229,  100, 50, 0
L 503.0638, 123.4306, -7.6229,  502.4741, 109.2716, -7.2920,  100, 50, 0
L 502.4741, 109.2716, -7.2920,  512.6192, 97.2512, -7.0110,  100, 50, 0
L 512.6192, 97.2512, -7.0110,  527.4144, 96.3151, -6.9891,  100, 50, 0
L 527.4144, 96.3151, -6.9891,  538.4631, 105.5731, -7.2054,  100, 50, 0
L 538.4631, 105.5731, -7.2054,  540.3967, 121.5038, -7.5709,  100, 50, 0
L 540.3967, 121.5038, -7.5709,  530.0087, 133.4231, -7.8565,  100, 50, 0
L 530.0087, 133.4231, -7.8565,  514.2687, 134.2648, -7.8762,  100, 50, 0
L 514.2687, 134.2648, -7.8762,  511.7045, 131.5907, -7.8137,  100, 50, 0
L 563.3766, 178.0979, -8.1240,  564.6462, 174.3858, -8.1240,  100, 50, 0
L 564.6462, 174.3858, -8.1240,  575.4684, 167.5274, -8.1240,  100, 50, 0
L 575.4684, 167.5274, -8.1240,  591.4973, 169.5081, -8.1240,  100, 50, 0
L 591.4973, 169.5081, -8.1240,  601.2532, 183.6074, -8.1240,  100, 50, 0
L 601.2532, 183.6074, -8.1240,  597.9021, 196.7425, -8.1240,  100, 50, 0
L 597.9021, 196.7425, -8.1240,  582.5580, 206.9861, -8.1240,  100, 50, 0
L 582.5580, 206.9861, -8.1240,  570.5095, 203.6242, -8.1240,  100, 50, 0
L 570.5095, 203.6242, -8.1240,  562.0321, 192.3524, -8.1240,  100, 50, 0
L 562.0321, 192.3524, -8.1240,  561.6541, 187.8065, -8.1240,  100, 50, 0
L 1056.3323, -2340.2502, 38.5237,  1010.6764, -2318.4917, 0.2591,  150, 100, 0
L 1010.6764, -2318.4917, 0.2591,  1120.4999, -2322.5310, 0.6260,  150, 100, 0
P 173.9999, 1169.6333, -4.9990,  0, 0, 0,  3,  Blugurg_(Merchant)
P 1108.0546, -2271.7407, 0.6260,  0, 0, 0,  3,  to_Neriak
P 341.6879, -741.6835, -7.2264,  0, 0, 0,  3,  Knowledge_Portal
P 770.7639, -429.6965, 29.7153,  0, 0, 0,  3,  Minor_Spires
P -315.3357, -3057.5610, -18.8685,  0, 0, 0,  3,  to_Lavastorm
P 562.9219, 2683.3853, -20.9052,  0, 0, 0,  3,  to_East_Commons
