L -694, -619, -3824,  -688, -489, -3824,  255, 204, 153
L -688, -489, -3824,  -687, -397, -3822,  255, 204, 153
L -687, -397, -3822,  -686, -275, -3824,  255, 204, 153
L -686, -275, -3824,  -691, -218, -3824,  255, 204, 153
L -691, -218, -3824,  -689, -110, -3824,  255, 204, 153
L -689, -110, -3824,  -687, -32, -3824,  255, 204, 153
L -687, -32, -3824,  -690, 22, -3824,  255, 204, 153
L -690, 22, -3824,  -685, 56, -3824,  255, 204, 153
L -685, 56, -3824,  -655, 91, -3824,  255, 204, 153
L -655, 91, -3824,  -620, 118, -3824,  255, 204, 153
L -620, 118, -3824,  -583, 160, -3824,  255, 204, 153
L -583, 160, -3824,  -544, 201, -3824,  255, 204, 153
L -544, 201, -3824,  -483, 258, -3824,  255, 204, 153
L -483, 258, -3824,  -453, 290, -3824,  255, 204, 153
L -453, 290, -3824,  -385, 358, -3824,  255, 204, 153
L -385, 358, -3824,  -354, 395, -3824,  255, 204, 153
L -354, 395, -3824,  -291, 447, -3824,  255, 204, 153
L -291, 447, -3824,  -244, 500, -3824,  255, 204, 153
L -244, 500, -3824,  -204, 530, -3824,  255, 204, 153
L -204, 530, -3824,  -194, 583, -3824,  255, 204, 153
L -194, 583, -3824,  -185, 614, -3824,  255, 204, 153
L -185, 614, -3824,  -185, 643, -3824,  255, 204, 153
L -185, 643, -3824,  -191, 724, -3824,  255, 204, 153
L -191, 724, -3824,  -190, 864, -3824,  255, 204, 153
L -190, 864, -3824,  -186, 1003, -3824,  255, 204, 153
L -186, 1003, -3824,  -186, 1041, -3824,  255, 204, 153
L -186, 1041, -3824,  -192, 1110, -3824,  255, 204, 153
L -192, 1110, -3824,  -184, 1150, -3824,  255, 204, 153
L -184, 1150, -3824,  -132, 1204, -3824,  255, 204, 153
L -132, 1204, -3824,  -100, 1236, -3824,  255, 204, 153
L -100, 1236, -3824,  -70, 1277, -3824,  255, 204, 153
L -70, 1277, -3824,  -33, 1306, -3824,  255, 204, 153
L -33, 1306, -3824,  -8, 1326, -3824,  255, 204, 153
L -8, 1326, -3824,  34, 1384, -3824,  255, 204, 153
L 34, 1384, -3824,  64, 1404, -3824,  255, 204, 153
L 64, 1404, -3824,  125, 1472, -3824,  255, 204, 153
L 125, 1472, -3824,  163, 1505, -3824,  255, 204, 153
L 163, 1505, -3824,  225, 1569, -3824,  255, 204, 153
L 225, 1569, -3824,  259, 1601, -3824,  255, 204, 153
L 259, 1601, -3824,  331, 1677, -3824,  255, 204, 153
L 331, 1677, -3824,  365, 1705, -3824,  255, 204, 153
L 365, 1705, -3824,  419, 1765, -3824,  255, 204, 153
L 419, 1765, -3824,  452, 1797, -3824,  255, 204, 153
L 452, 1797, -3824,  518, 1860, -3824,  255, 204, 153
L 518, 1860, -3824,  558, 1898, -3824,  255, 204, 153
L 558, 1898, -3824,  595, 1925, -3824,  255, 204, 153
L 595, 1925, -3824,  614, 1965, -3782,  255, 204, 153
L 614, 1965, -3782,  614, 2013, -3666,  255, 204, 153
L 614, 2013, -3666,  612, 2070, -3534,  255, 204, 153
L 612, 2070, -3534,  610, 2127, -3385,  255, 204, 153
L 610, 2127, -3385,  611, 2199, -3159,  255, 204, 153
L 611, 2199, -3159,  608, 2271, -2869,  255, 204, 153
L 608, 2271, -2869,  609, 2331, -2625,  255, 204, 153
L 609, 2331, -2625,  607, 2390, -2351,  255, 204, 153
L 607, 2390, -2351,  612, 2419, -2258,  255, 204, 153
L 612, 2419, -2258,  611, 2462, -2107,  255, 204, 153
L 611, 2462, -2107,  609, 2523, -1945,  255, 204, 153
L 609, 2523, -1945,  614, 2566, -1784,  255, 204, 153
L 614, 2566, -1784,  673, 2611, -1784,  255, 204, 153
L 673, 2611, -1784,  705, 2641, -1784,  255, 204, 153
L 705, 2641, -1784,  751, 2693, -1744,  255, 204, 153
L 751, 2693, -1744,  810, 2749, -1718,  255, 204, 153
L 810, 2749, -1718,  874, 2811, -1674,  255, 204, 153
L 874, 2811, -1674,  917, 2854, -1583,  255, 204, 153
L 917, 2854, -1583,  917, 2868, -1489,  255, 204, 153
L 917, 2868, -1489,  910, 2897, -1361,  255, 204, 153
L 910, 2897, -1361,  923, 2930, -1305,  255, 204, 153
L 1283, 3623, 1456,  1283, 3623, 1456,  153, 153, 153
L 1283, 3623, 1456,  1676, 3599, 1911,  153, 153, 153
L 1676, 3599, 1911,  1966, 3608, 1121,  153, 153, 153
L 1966, 3608, 1121,  2278, 3599, 1359,  153, 153, 153
L 2278, 3599, 1359,  2505, 3555, 1936,  153, 153, 153
L 2505, 3555, 1936,  2770, 3502, 2003,  153, 153, 153
L 2770, 3502, 2003,  2891, 3492, 1968,  153, 153, 153
L 2891, 3492, 1968,  3090, 3487, 2050,  153, 153, 153
L 3090, 3487, 2050,  3150, 3485, 1893,  153, 153, 153
L 3150, 3485, 1893,  3256, 3482, 1248,  153, 153, 153
L 3256, 3482, 1248,  3313, 3428, 389,  153, 153, 153
L 3313, 3428, 389,  3346, 3379, 200,  153, 153, 153
L 3346, 3379, 200,  3416, 3272, 98,  153, 153, 153
L 3416, 3272, 98,  3541, 3132, -409,  153, 153, 153
L 3541, 3132, -409,  3632, 3019, 237,  153, 153, 153
L 3632, 3019, 237,  3737, 2947, -63,  153, 153, 153
L 3737, 2947, -63,  3788, 2898, -86,  153, 153, 153
L 3788, 2898, -86,  3878, 2812, 299,  153, 153, 153
L 3878, 2812, 299,  4151, 2705, 640,  153, 153, 153
L 4151, 2705, 640,  4230, 2572, 324,  153, 153, 153
L 4230, 2572, 324,  4236, 2536, 164,  153, 153, 153
L 4236, 2536, 164,  4230, 2467, 10,  153, 153, 153
L 4230, 2467, 10,  4229, 2310, -751,  153, 153, 153
L 4229, 2310, -751,  4225, 2160, -1045,  153, 153, 153
L 4225, 2160, -1045,  4220, 1989, -1757,  153, 153, 153
L 4220, 1989, -1757,  4213, 1752, -1512,  153, 153, 153
L 4213, 1752, -1512,  4211, 1680, -1486,  153, 153, 153
L 4211, 1680, -1486,  4207, 1541, -1435,  153, 153, 153
L 4207, 1541, -1435,  4201, 1343, -828,  153, 153, 153
L 4201, 1343, -828,  4199, 1266, -427,  153, 153, 153
L 4199, 1266, -427,  4196, 1163, -572,  153, 153, 153
L 4196, 1163, -572,  4193, 1083, -536,  153, 153, 153
L 4193, 1083, -536,  4190, 971, -645,  153, 153, 153
L 4190, 971, -645,  4188, 897, -846,  153, 153, 153
L 4188, 897, -846,  4184, 767, -1294,  153, 153, 153
L 4184, 767, -1294,  4181, 668, -2047,  153, 153, 153
L 4181, 668, -2047,  4170, 458, -2711,  153, 153, 153
L 4170, 458, -2711,  4152, 212, -2579,  153, 153, 153
L 4152, 212, -2579,  4138, 30, -2206,  153, 153, 153
L 4138, 30, -2206,  4123, -78, -1878,  153, 153, 153
L 4123, -78, -1878,  4123, -162, -1613,  153, 153, 153
L 4123, -162, -1613,  4149, -371, -1240,  153, 153, 153
L 4149, -371, -1240,  4160, -457, -1280,  153, 153, 153
L 4160, -457, -1280,  4173, -555, -1551,  153, 153, 153
L 4173, -555, -1551,  4188, -673, -1929,  153, 153, 153
L 4188, -673, -1929,  4199, -754, -2234,  153, 153, 153
L 4199, -754, -2234,  4213, -860, -2684,  153, 153, 153
L 4213, -860, -2684,  4207, -943, -2751,  153, 153, 153
L 4207, -943, -2751,  4205, -962, -2762,  153, 153, 153
L 4205, -962, -2762,  4192, -1064, -2776,  153, 153, 153
L 4192, -1064, -2776,  4182, -1141, -2706,  153, 153, 153
L 4182, -1141, -2706,  4159, -1321, -2570,  153, 153, 153
L 4159, -1321, -2570,  4133, -1522, -2327,  153, 153, 153
L 4133, -1522, -2327,  4125, -1585, -2198,  153, 153, 153
L 4125, -1585, -2198,  4113, -1678, -2192,  153, 153, 153
L 4113, -1678, -2192,  4092, -1842, -2311,  153, 153, 153
L 4092, -1842, -2311,  4072, -1997, -2458,  153, 153, 153
L 4072, -1997, -2458,  4050, -2133, -2525,  153, 153, 153
L 4050, -2133, -2525,  4024, -2299, -2368,  153, 153, 153
L 4024, -2299, -2368,  4016, -2354, -2175,  153, 153, 153
L 4016, -2354, -2175,  3998, -2469, -1274,  153, 153, 153
L 3998, -2469, -1274,  4010, -2677, -1358,  153, 153, 153
L 4010, -2677, -1358,  4021, -2776, -1994,  153, 153, 153
L 4021, -2776, -1994,  4034, -2900, -2488,  153, 153, 153
L 4034, -2900, -2488,  4028, -2998, -2648,  153, 153, 153
L 4028, -2998, -2648,  4011, -3137, -2738,  153, 153, 153
L 4011, -3137, -2738,  3978, -3277, -2358,  153, 153, 153
L 3978, -3277, -2358,  3967, -3300, -2143,  153, 153, 153
L 3967, -3300, -2143,  3912, -3402, -1534,  153, 153, 153
L 3912, -3402, -1534,  3876, -3476, -1165,  153, 153, 153
L 3876, -3476, -1165,  3792, -3574, -1518,  153, 153, 153
L 3792, -3574, -1518,  3707, -3709, -1710,  153, 153, 153
L 3707, -3709, -1710,  3687, -3873, -2260,  153, 153, 153
L 3687, -3873, -2260,  3700, -3921, -2355,  153, 153, 153
L 3700, -3921, -2355,  3724, -4015, -2442,  153, 153, 153
L 3724, -4015, -2442,  3725, -4054, -2424,  153, 153, 153
L 3725, -4054, -2424,  3713, -4119, -2437,  153, 153, 153
L 3713, -4119, -2437,  3685, -4275, -2084,  153, 153, 153
L 3685, -4275, -2084,  3684, -4361, -1700,  153, 153, 153
L 3684, -4361, -1700,  3697, -4464, -1089,  153, 153, 153
L 3697, -4464, -1089,  3755, -4601, -1164,  153, 153, 153
L 3755, -4601, -1164,  3829, -4718, -943,  153, 153, 153
L 3829, -4718, -943,  3886, -4736, -1067,  153, 153, 153
L 3886, -4736, -1067,  4117, -4741, -2035,  153, 153, 153
L 4117, -4741, -2035,  4276, -4775, -1804,  153, 153, 153
L 4276, -4775, -1804,  4303, -4841, -1798,  153, 153, 153
L 4303, -4841, -1798,  4336, -4921, -2022,  153, 153, 153
L 4336, -4921, -2022,  4346, -5010, -2104,  153, 153, 153
L 4346, -5010, -2104,  4346, -5090, -2154,  153, 153, 153
L 4346, -5090, -2154,  4331, -5161, -2176,  153, 153, 153
L 4331, -5161, -2176,  4295, -5311, -2130,  153, 153, 153
L 4295, -5311, -2130,  4262, -5449, -1424,  153, 153, 153
L 4262, -5449, -1424,  4176, -5545, -961,  153, 153, 153
L 4176, -5545, -961,  4283, -5643, -850,  153, 153, 153
L 4283, -5643, -850,  4330, -5760, -1618,  153, 153, 153
L 4330, -5760, -1618,  4343, -5793, -1781,  153, 153, 153
L 4343, -5793, -1781,  4398, -5931, -1805,  153, 153, 153
L 4398, -5931, -1805,  4424, -6014, -1634,  153, 153, 153
L 4424, -6014, -1634,  4424, -6112, -1604,  153, 153, 153
L 4424, -6112, -1604,  4424, -6238, -1664,  153, 153, 153
L 4424, -6238, -1664,  4101, -6238, -2408,  153, 153, 153
L 4101, -6238, -2408,  4058, -6206, -2416,  153, 153, 153
L 4058, -6206, -2416,  4011, -6204, -2416,  153, 153, 153
L 4011, -6204, -2416,  3972, -6226, -2422,  153, 153, 153
L 3656, -6221, -2474,  3656, -6221, -2474,  153, 153, 153
L 3656, -6221, -2474,  3616, -6203, -2475,  153, 153, 153
L 3616, -6203, -2475,  3572, -6206, -2479,  153, 153, 153
L 3572, -6206, -2479,  3531, -6235, -2479,  153, 153, 153
L 3531, -6235, -2479,  3513, -6272, -2475,  153, 153, 153
L 3513, -6272, -2475,  3516, -6318, -2479,  153, 153, 153
L 3516, -6318, -2479,  3208, -6534, -2342,  153, 153, 153
L 3208, -6534, -2342,  3142, -6581, -2323,  153, 153, 153
L 3142, -6581, -2323,  3030, -6524, -2323,  153, 153, 153
L 3030, -6524, -2323,  2973, -6496, -2320,  153, 153, 153
L 2973, -6496, -2320,  2910, -6464, -2307,  153, 153, 153
L 2910, -6464, -2307,  2865, -6441, -2323,  153, 153, 153
L 2865, -6441, -2323,  2816, -6416, -2323,  153, 153, 153
L 2816, -6416, -2323,  2752, -6381, -2242,  153, 153, 153
L 2752, -6381, -2242,  2717, -6344, -2323,  153, 153, 153
L 2717, -6344, -2323,  2694, -6319, -2323,  153, 153, 153
L 2694, -6319, -2323,  2651, -6273, -2323,  153, 153, 153
L 2651, -6273, -2323,  2608, -6227, -2323,  153, 153, 153
L 2608, -6227, -2323,  2576, -6193, -2326,  153, 153, 153
L 2576, -6193, -2326,  2533, -6147, -2323,  153, 153, 153
L 2533, -6147, -2323,  2492, -6103, -2323,  153, 153, 153
L 2492, -6103, -2323,  2460, -6066, -2279,  153, 153, 153
L 2460, -6066, -2279,  2400, -6005, -2321,  153, 153, 153
L 2400, -6005, -2321,  2351, -5951, -2323,  153, 153, 153
L 2351, -5951, -2323,  2318, -5917, -2332,  153, 153, 153
L 2318, -5917, -2332,  2283, -5861, -2237,  153, 153, 153
L 2283, -5861, -2237,  2280, -5818, -2096,  153, 153, 153
L 2280, -5818, -2096,  2272, -5709, -1949,  153, 153, 153
L 2272, -5709, -1949,  2267, -5638, -1892,  153, 153, 153
L 2267, -5638, -1892,  2260, -5526, -1641,  153, 153, 153
L 2260, -5526, -1641,  2254, -5448, -1739,  153, 153, 153
L 2254, -5448, -1739,  2252, -5302, -1760,  153, 153, 153
L 2252, -5302, -1760,  2265, -5151, -1290,  153, 153, 153
L 2265, -5151, -1290,  2291, -5030, -1695,  153, 153, 153
L 2291, -5030, -1695,  2306, -4962, -1979,  153, 153, 153
L 2306, -4962, -1979,  2338, -4820, -2079,  153, 153, 153
L 2338, -4820, -2079,  2360, -4717, -2133,  153, 153, 153
L 2360, -4717, -2133,  2387, -4657, -2133,  153, 153, 153
L 2387, -4657, -2133,  2452, -4624, -2165,  153, 153, 153
L 2452, -4624, -2165,  2535, -4589, -2180,  153, 153, 153
L 2535, -4589, -2180,  2615, -4589, -2252,  153, 153, 153
L 2615, -4589, -2252,  2697, -4588, -2365,  153, 153, 153
L 2697, -4588, -2365,  2803, -4552, -2469,  153, 153, 153
L 2803, -4552, -2469,  2930, -4491, -2466,  153, 153, 153
L 2930, -4491, -2466,  3084, -4491, -2476,  153, 153, 153
L 3084, -4491, -2476,  3148, -4480, -2241,  153, 153, 153
L 3148, -4480, -2241,  3212, -4450, -1926,  153, 153, 153
L 3212, -4450, -1926,  3228, -4416, -1954,  153, 153, 153
L 3228, -4416, -1954,  3240, -4296, -1504,  153, 153, 153
L 3240, -4296, -1504,  3204, -4205, -1481,  153, 153, 153
L 3204, -4205, -1481,  3133, -4159, -1563,  153, 153, 153
L 3133, -4159, -1563,  3138, -4106, -1735,  153, 153, 153
L 3138, -4106, -1735,  3105, -4037, -1941,  153, 153, 153
L 3105, -4037, -1941,  3062, -3936, -1214,  153, 153, 153
L 3062, -3936, -1214,  3020, -3886, -757,  153, 153, 153
L 3020, -3886, -757,  2995, -3840, -647,  153, 153, 153
L 2995, -3840, -647,  2914, -3710, -348,  153, 153, 153
L 2914, -3710, -348,  2856, -3653, -513,  153, 153, 153
L 2856, -3653, -513,  2776, -3595, -797,  153, 153, 153
L 2776, -3595, -797,  2638, -3546, -1213,  153, 153, 153
L 2638, -3546, -1213,  2414, -3557, -1364,  153, 153, 153
L 2414, -3557, -1364,  2215, -3589, -1195,  153, 153, 153
L 2215, -3589, -1195,  1951, -3634, -826,  153, 153, 153
L 1951, -3634, -826,  1833, -3655, -625,  153, 153, 153
L 1833, -3655, -625,  1833, -3655, -625,  153, 153, 153
L 1833, -3655, -625,  1543, -3671, -506,  153, 153, 153
L 1543, -3671, -506,  1443, -3676, -723,  153, 153, 153
L 1443, -3676, -723,  1251, -3685, -1017,  153, 153, 153
L 1251, -3685, -1017,  1097, -3692, -1400,  153, 153, 153
L 1097, -3692, -1400,  876, -3710, -2237,  153, 153, 153
L 876, -3710, -2237,  681, -3733, -2390,  153, 153, 153
L 681, -3733, -2390,  501, -3755, -2292,  153, 153, 153
L 501, -3755, -2292,  386, -3769, -1958,  153, 153, 153
L 386, -3769, -1958,  265, -3783, -2177,  153, 153, 153
L 265, -3783, -2177,  168, -3788, -1129,  153, 153, 153
L 168, -3788, -1129,  37, -3792, -816,  153, 153, 153
L 37, -3792, -816,  -122, -3796, -826,  153, 153, 153
L -122, -3796, -826,  -223, -3799, -809,  153, 153, 153
L -223, -3799, -809,  -353, -3803, -764,  153, 153, 153
L -353, -3803, -764,  -485, -3807, -762,  153, 153, 153
L -485, -3807, -762,  -626, -3811, -737,  153, 153, 153
L -626, -3811, -737,  -759, -3812, -733,  153, 153, 153
L -759, -3812, -733,  -958, -3812, -483,  153, 153, 153
L -958, -3812, -483,  -1127, -3812, -1155,  153, 153, 153
L -1127, -3812, -1155,  -1294, -3812, -1075,  153, 153, 153
L -1294, -3812, -1075,  -1477, -3877, -768,  153, 153, 153
L -1477, -3877, -768,  -1478, -3877, -757,  153, 153, 153
L -1478, -3877, -757,  -1625, -4009, -375,  153, 153, 153
L -1625, -4009, -375,  -1575, -4196, -818,  153, 153, 153
L -1575, -4196, -818,  -1573, -4237, -1036,  153, 153, 153
L -1573, -4237, -1036,  -1568, -4314, -1160,  153, 153, 153
L -1568, -4314, -1160,  -1553, -4568, -769,  153, 153, 153
L -1553, -4568, -769,  -1553, -4762, -959,  153, 153, 153
L -1553, -4762, -959,  -1553, -4919, -965,  153, 153, 153
L -1553, -4919, -965,  -1553, -5036, -1015,  153, 153, 153
L -1553, -5036, -1015,  -1574, -5261, -1307,  153, 153, 153
L -1574, -5261, -1307,  -1576, -5270, -1326,  153, 153, 153
L -1879, -5259, -1592,  -1879, -5259, -1592,  153, 153, 153
L -1879, -5259, -1592,  -1907, -5124, -1463,  153, 153, 153
L -1907, -5124, -1463,  -1908, -4926, -1175,  153, 153, 153
L -1908, -4926, -1175,  -1908, -4874, -1100,  153, 153, 153
L -1908, -4874, -1100,  -1909, -4761, -1152,  153, 153, 153
L -1909, -4761, -1152,  -1911, -4516, -1168,  153, 153, 153
L -1911, -4516, -1168,  -1916, -4229, -1151,  153, 153, 153
L -1916, -4229, -1151,  -1920, -4038, -482,  153, 153, 153
L -1920, -4038, -482,  -1958, -3982, -579,  153, 153, 153
L -1958, -3982, -579,  -1995, -3933, -775,  153, 153, 153
L -1995, -3933, -775,  -2099, -3853, -1256,  153, 153, 153
L -2099, -3853, -1256,  -2231, -3815, -1590,  153, 153, 153
L -2231, -3815, -1590,  -2375, -3767, -2205,  153, 153, 153
L -2375, -3767, -2205,  -2440, -3745, -2417,  153, 153, 153
L -2440, -3745, -2417,  -2503, -3724, -2443,  153, 153, 153
L -2503, -3724, -2443,  -2605, -3675, -2386,  153, 153, 153
L -2605, -3675, -2386,  -2751, -3576, -2404,  153, 153, 153
L -2751, -3576, -2404,  -2822, -3527, -2162,  153, 153, 153
L -2822, -3527, -2162,  -2883, -3380, -1586,  153, 153, 153
L -2883, -3380, -1586,  -2926, -3207, -1589,  153, 153, 153
L -2926, -3207, -1589,  -2944, -3088, -2168,  153, 153, 153
L -2944, -3088, -2168,  -2962, -2975, -1977,  153, 153, 153
L -2962, -2975, -1977,  -2990, -2900, -1751,  153, 153, 153
L -2990, -2900, -1751,  -3032, -2797, -1600,  153, 153, 153
L -3032, -2797, -1600,  -3054, -2727, -1461,  153, 153, 153
L -3054, -2727, -1461,  -3099, -2644, -1608,  153, 153, 153
L -3099, -2644, -1608,  -3160, -2528, -1733,  153, 153, 153
L -3160, -2528, -1733,  -3174, -2475, -1678,  153, 153, 153
L -3174, -2475, -1678,  -3169, -2435, -1751,  153, 153, 153
L -3169, -2435, -1751,  -3146, -2267, -2099,  153, 153, 153
L -3146, -2267, -2099,  -3104, -1956, -2373,  153, 153, 153
L -3104, -1956, -2373,  -3070, -1710, -2306,  153, 153, 153
L -3070, -1710, -2306,  -3067, -1623, -2418,  153, 153, 153
L -3067, -1623, -2418,  -3073, -1599, -2482,  153, 153, 153
L -3073, -1599, -2482,  -3094, -1504, -2636,  153, 153, 153
L -3094, -1504, -2636,  -3113, -1418, -2665,  153, 153, 153
L -3113, -1418, -2665,  -3141, -1293, -2679,  153, 153, 153
L -3141, -1293, -2679,  -3129, -1195, -2494,  153, 153, 153
L -3129, -1195, -2494,  -3171, -1079, -1859,  153, 153, 153
L -3171, -1079, -1859,  -3204, -1010, -1652,  153, 153, 153
L -3204, -1010, -1652,  -3237, -860, -1445,  153, 153, 153
L -3237, -860, -1445,  -3253, -681, -2161,  153, 153, 153
L -3253, -681, -2161,  -3253, -681, -2161,  153, 153, 153
L -3253, -681, -2161,  -3253, -558, -2385,  153, 153, 153
L -3253, -558, -2385,  -3253, -410, -2258,  153, 153, 153
L -3253, -410, -2258,  -3253, -297, -2180,  153, 153, 153
L -3253, -297, -2180,  -3253, -219, -2347,  153, 153, 153
L -3253, -219, -2347,  -3253, -44, -3170,  153, 153, 153
L -3253, -44, -3170,  -3253, 3, -3235,  153, 153, 153
L -3253, 3, -3235,  -3255, 164, -2955,  153, 153, 153
L -3255, 164, -2955,  -3258, 462, -3126,  153, 153, 153
L -3258, 462, -3126,  -3260, 587, -3419,  153, 153, 153
L -3260, 587, -3419,  -3262, 827, -2821,  153, 153, 153
L -3262, 827, -2821,  -3265, 1067, -1930,  153, 153, 153
L -3265, 1067, -1930,  -3251, 1224, -1420,  153, 153, 153
L -3251, 1224, -1420,  -3228, 1319, -1153,  153, 153, 153
L -3228, 1319, -1153,  -3203, 1419, -1557,  153, 153, 153
L -3203, 1419, -1557,  -3162, 1588, -1697,  153, 153, 153
L -3162, 1588, -1697,  -3099, 1812, -1393,  153, 153, 153
L -3099, 1812, -1393,  -3075, 1950, -920,  153, 153, 153
L -3075, 1950, -920,  -3048, 2061, -695,  153, 153, 153
L -3048, 2061, -695,  -3027, 2223, -431,  153, 153, 153
L -3027, 2223, -431,  -3030, 2493, -473,  153, 153, 153
L -3030, 2493, -473,  -3032, 2675, 529,  153, 153, 153
L -3032, 2675, 529,  -3033, 2814, 2192,  153, 153, 153
L -3033, 2814, 2192,  -3034, 2928, 2458,  153, 153, 153
L -3034, 2928, 2458,  -3034, 3031, 2310,  153, 153, 153
L -3034, 3031, 2310,  -3035, 3140, 1991,  153, 153, 153
L -3035, 3140, 1991,  -3022, 3239, 1958,  153, 153, 153
L -3022, 3239, 1958,  -2983, 3394, 1980,  153, 153, 153
L -2983, 3394, 1980,  -2942, 3557, 1970,  153, 153, 153
L -2942, 3557, 1970,  -2901, 3614, 2097,  153, 153, 153
L -2901, 3614, 2097,  -2812, 3632, 2467,  153, 153, 153
L -2812, 3632, 2467,  -2681, 3657, 2149,  153, 153, 153
L -2681, 3657, 2149,  -2631, 3667, 2117,  153, 153, 153
L -2631, 3667, 2117,  -2406, 3710, 1949,  153, 153, 153
L -2406, 3710, 1949,  -2268, 3700, 1885,  153, 153, 153
L -2268, 3700, 1885,  -2073, 3685, 1993,  153, 153, 153
L -2073, 3685, 1993,  -1976, 3678, 2050,  153, 153, 153
L -1976, 3678, 2050,  -1933, 3675, 2054,  153, 153, 153
L -1933, 3675, 2054,  -1901, 3674, 2026,  153, 153, 153
L -1901, 3674, 2026,  -1801, 3675, 2018,  153, 153, 153
L -1801, 3675, 2018,  -1708, 3675, 2040,  153, 153, 153
L -1708, 3675, 2040,  -1663, 3675, 2026,  153, 153, 153
L -1663, 3675, 2026,  -1514, 3675, 1927,  153, 153, 153
L -1514, 3675, 1927,  -1396, 3675, 1992,  153, 153, 153
L -1396, 3675, 1992,  -1289, 3675, 1921,  153, 153, 153
L -1289, 3675, 1921,  -1194, 3675, 1961,  153, 153, 153
L -1194, 3675, 1961,  -1128, 3675, 1910,  153, 153, 153
L -1128, 3675, 1910,  -974, 3675, 2003,  153, 153, 153
L -974, 3675, 2003,  -873, 3675, 2225,  153, 153, 153
L -873, 3675, 2225,  -764, 3675, 2064,  153, 153, 153
L -764, 3675, 2064,  -666, 3675, 1893,  153, 153, 153
L -666, 3675, 1893,  -604, 3675, 1919,  153, 153, 153
L -604, 3675, 1919,  -495, 3675, 1938,  153, 153, 153
L -495, 3675, 1938,  -353, 3675, 1941,  153, 153, 153
L -353, 3675, 1941,  -261, 3682, 1964,  153, 153, 153
L -261, 3682, 1964,  -171, 3694, 1972,  153, 153, 153
L -171, 3694, 1972,  -90, 3705, 2048,  153, 153, 153
L -90, 3705, 2048,  -15, 3714, 2028,  153, 153, 153
L -15, 3714, 2028,  102, 3730, 1934,  153, 153, 153
L 102, 3730, 1934,  145, 3735, 2038,  153, 153, 153
L 145, 3735, 2038,  250, 3749, 1876,  153, 153, 153
L 250, 3749, 1876,  569, 3815, 2238,  153, 153, 153
L 569, 3815, 2238,  692, 3935, 1858,  153, 153, 153
L 692, 3935, 1858,  520, 4263, 2300,  153, 153, 153
L 520, 4263, 2300,  517, 4328, 2412,  153, 153, 153
L 517, 4328, 2412,  513, 4421, 2327,  153, 153, 153
L 513, 4421, 2327,  510, 4477, 2163,  153, 153, 153
L 510, 4477, 2163,  506, 4572, 2052,  153, 153, 153
L 506, 4572, 2052,  508, 4698, 2265,  153, 153, 153
L 508, 4698, 2265,  523, 4867, 2646,  153, 153, 153
L 523, 4867, 2646,  560, 5002, 2898,  153, 153, 153
L 560, 5002, 2898,  592, 5047, 2638,  153, 153, 153
L 977, 4997, 2717,  977, 4997, 2717,  153, 153, 153
L 977, 4997, 2717,  1004, 4943, 2595,  153, 153, 153
L 1004, 4943, 2595,  1046, 4859, 2075,  153, 153, 153
L 1046, 4859, 2075,  1051, 4761, 2328,  153, 153, 153
L 1051, 4761, 2328,  1034, 4653, 2576,  153, 153, 153
L 1034, 4653, 2576,  1032, 4599, 2514,  153, 153, 153
L 1032, 4599, 2514,  1061, 4407, 2262,  153, 153, 153
L 1061, 4407, 2262,  1066, 4251, 2697,  153, 153, 153
L 1066, 4251, 2697,  1071, 4127, 3290,  153, 153, 153
L 1071, 4127, 3290,  1074, 4037, 3014,  153, 153, 153
L 1074, 4037, 3014,  1077, 3940, 2250,  153, 153, 153
L 1077, 3940, 2250,  1081, 3830, 2111,  153, 153, 153
L 1081, 3830, 2111,  1175, 3717, 1941,  153, 153, 153
L 1175, 3717, 1941,  1283, 3624, 1384,  153, 153, 153
L 4167, 2590, -201,  4167, 2590, -201,  0, 0, 0
L 4167, 2590, -201,  4227, 2589, -318,  0, 0, 0
L 4227, 2589, -318,  4239, 2593, -334,  0, 0, 0
L 4239, 2593, -334,  4252, 2590, -341,  0, 0, 0
L 4252, 2590, -341,  4276, 2591, -395,  0, 0, 0
L 4276, 2591, -395,  4291, 2588, -423,  0, 0, 0
L 4291, 2588, -423,  4317, 2583, -437,  0, 0, 0
L 4317, 2583, -437,  4330, 2583, -452,  0, 0, 0
L 4330, 2583, -452,  4343, 2581, -490,  0, 0, 0
L 4343, 2581, -490,  4359, 2592, -448,  0, 0, 0
L 4359, 2592, -448,  4369, 2611, -447,  0, 0, 0
L 4369, 2611, -447,  4381, 2621, -449,  0, 0, 0
L 4381, 2621, -449,  4367, 2639, -447,  0, 0, 0
L 4367, 2639, -447,  4350, 2648, -441,  0, 0, 0
L 4350, 2648, -441,  4340, 2659, -450,  0, 0, 0
L 4340, 2659, -450,  4325, 2665, -447,  0, 0, 0
L 4325, 2665, -447,  4316, 2676, -447,  0, 0, 0
L 4316, 2676, -447,  4294, 2689, -446,  0, 0, 0
L 4294, 2689, -446,  4281, 2707, -445,  0, 0, 0
L 4281, 2707, -445,  4280, 2720, -447,  0, 0, 0
L 4280, 2720, -447,  4286, 2738, -446,  0, 0, 0
L 4286, 2738, -446,  4298, 2748, -448,  0, 0, 0
L 4298, 2748, -448,  4310, 2768, -447,  0, 0, 0
L 4310, 2768, -447,  4328, 2782, -436,  0, 0, 0
L 4328, 2782, -436,  4341, 2783, -407,  0, 0, 0
L 4341, 2783, -407,  4360, 2782, -353,  0, 0, 0
L 4360, 2782, -353,  4370, 2778, -347,  0, 0, 0
L 4370, 2778, -347,  4379, 2778, -335,  0, 0, 0
L 4379, 2778, -335,  4388, 2775, -307,  0, 0, 0
L 4388, 2775, -307,  4403, 2777, -270,  0, 0, 0
L 4403, 2777, -270,  4411, 2777, -263,  0, 0, 0
L 4411, 2777, -263,  4420, 2780, -261,  0, 0, 0
L 4420, 2780, -261,  4434, 2786, -252,  0, 0, 0
L 4434, 2786, -252,  4441, 2788, -255,  0, 0, 0
L 4441, 2788, -255,  4448, 2786, -267,  0, 0, 0
L 4448, 2786, -267,  4460, 2782, -304,  0, 0, 0
L 4460, 2782, -304,  4471, 2782, -329,  0, 0, 0
L 4471, 2782, -329,  4478, 2779, -335,  0, 0, 0
L 4474, 2758, -343,  4474, 2758, -343,  0, 0, 0
L 4474, 2758, -343,  4461, 2759, -333,  0, 0, 0
L 4461, 2759, -333,  4451, 2763, -303,  0, 0, 0
L 4451, 2763, -303,  4438, 2760, -270,  0, 0, 0
L 4438, 2760, -270,  4430, 2760, -264,  0, 0, 0
L 4430, 2760, -264,  4418, 2756, -265,  0, 0, 0
L 4418, 2756, -265,  4410, 2751, -254,  0, 0, 0
L 4410, 2751, -254,  4406, 2750, -249,  0, 0, 0
L 4406, 2750, -249,  4393, 2751, -267,  0, 0, 0
L 4393, 2751, -267,  4379, 2755, -277,  0, 0, 0
L 4379, 2755, -277,  4371, 2755, -284,  0, 0, 0
L 4371, 2755, -284,  4363, 2758, -286,  0, 0, 0
L 4363, 2758, -286,  4354, 2759, -291,  0, 0, 0
L 4354, 2759, -291,  4342, 2760, -302,  0, 0, 0
L 4342, 2760, -302,  4336, 2757, -308,  0, 0, 0
L 4336, 2757, -308,  4325, 2750, -330,  0, 0, 0
L 4325, 2750, -330,  4312, 2729, -359,  0, 0, 0
L 4312, 2729, -359,  4306, 2724, -356,  0, 0, 0
L 4306, 2724, -356,  4304, 2718, -368,  0, 0, 0
L 4304, 2718, -368,  4313, 2705, -374,  0, 0, 0
L 4313, 2705, -374,  4331, 2694, -389,  0, 0, 0
L 4331, 2694, -389,  4343, 2680, -397,  0, 0, 0
L 4343, 2680, -397,  4357, 2676, -413,  0, 0, 0
L 4357, 2676, -413,  4367, 2666, -423,  0, 0, 0
L 4367, 2666, -423,  4384, 2654, -446,  0, 0, 0
L 4384, 2654, -446,  4398, 2639, -446,  0, 0, 0
L 4398, 2639, -446,  4402, 2633, -443,  0, 0, 0
L 4402, 2633, -443,  4402, 2617, -449,  0, 0, 0
L 4402, 2617, -449,  4400, 2611, -449,  0, 0, 0
L 4400, 2611, -449,  4383, 2592, -447,  0, 0, 0
L 4383, 2592, -447,  4381, 2587, -448,  0, 0, 0
L 4381, 2587, -448,  4370, 2570, -441,  0, 0, 0
L 4370, 2570, -441,  4353, 2559, -450,  0, 0, 0
L 4353, 2559, -450,  4350, 2559, -453,  0, 0, 0
L 4350, 2559, -453,  4315, 2561, -451,  0, 0, 0
L 4315, 2561, -451,  4302, 2564, -444,  0, 0, 0
L 4302, 2564, -444,  4279, 2568, -409,  0, 0, 0
L 4279, 2568, -409,  4254, 2567, -354,  0, 0, 0
L 4254, 2567, -354,  4237, 2570, -344,  0, 0, 0
L 4237, 2570, -344,  4219, 2566, -304,  0, 0, 0
L 4219, 2566, -304,  4203, 2566, -274,  0, 0, 0
L 4203, 2566, -274,  4168, 2565, -216,  0, 0, 0
L 4478, 2779, -340,  4478, 2779, -340,  0, 0, 0
L 4478, 2779, -340,  4489, 2779, -346,  0, 0, 0
L 4489, 2779, -346,  4503, 2778, -395,  0, 0, 0
L 4503, 2778, -395,  4519, 2790, -439,  0, 0, 0
L 4519, 2790, -439,  4527, 2805, -447,  0, 0, 0
L 4527, 2805, -447,  4539, 2817, -449,  0, 0, 0
L 4539, 2817, -449,  4528, 2834, -446,  0, 0, 0
L 4528, 2834, -446,  4510, 2844, -447,  0, 0, 0
L 4510, 2844, -447,  4498, 2856, -447,  0, 0, 0
L 4498, 2856, -447,  4484, 2862, -446,  0, 0, 0
L 4484, 2862, -446,  4475, 2872, -448,  0, 0, 0
L 4475, 2872, -448,  4452, 2886, -446,  0, 0, 0
L 4452, 2886, -446,  4440, 2904, -444,  0, 0, 0
L 4440, 2904, -444,  4439, 2918, -449,  0, 0, 0
L 4439, 2918, -449,  4446, 2935, -448,  0, 0, 0
L 4446, 2935, -448,  4458, 2946, -449,  0, 0, 0
L 4458, 2946, -449,  4470, 2966, -444,  0, 0, 0
L 4470, 2966, -444,  4488, 2978, -451,  0, 0, 0
L 4488, 2978, -451,  4514, 2977, -467,  0, 0, 0
L 4514, 2977, -467,  4519, 2977, -461,  0, 0, 0
L 4519, 2977, -461,  4532, 2975, -449,  0, 0, 0
L 4532, 2975, -449,  4552, 2972, -433,  0, 0, 0
L 4552, 2972, -433,  4594, 2969, -347,  0, 0, 0
L 4594, 2969, -347,  4601, 2968, -340,  0, 0, 0
L 4601, 2968, -340,  4605, 2967, -343,  0, 0, 0
L 4605, 2967, -343,  4615, 2971, -331,  0, 0, 0
L 4615, 2971, -331,  4636, 2966, -333,  0, 0, 0
L 4636, 2966, -333,  4648, 2955, -330,  0, 0, 0
L 4648, 2955, -330,  4653, 2940, -332,  0, 0, 0
L 4653, 2940, -332,  4668, 2921, -330,  0, 0, 0
L 4668, 2921, -330,  4672, 2901, -325,  0, 0, 0
L 4672, 2901, -325,  4672, 2897, -313,  0, 0, 0
L 4672, 2897, -313,  4659, 2868, -236,  0, 0, 0
L 4659, 2868, -236,  4654, 2862, -231,  0, 0, 0
L 4654, 2862, -231,  4649, 2852, -214,  0, 0, 0
L 4649, 2852, -214,  4642, 2845, -185,  0, 0, 0
L 4642, 2845, -185,  4640, 2831, -153,  0, 0, 0
L 4640, 2831, -153,  4638, 2826, -149,  0, 0, 0
L 4638, 2826, -149,  4637, 2823, -148,  0, 0, 0
L 4637, 2823, -148,  4637, 2823, -148,  0, 0, 0
L 4637, 2823, -148,  4633, 2794, -148,  0, 0, 0
L 4613, 2806, -145,  4613, 2806, -143,  0, 0, 0
L 4613, 2806, -143,  4615, 2825, -149,  0, 0, 0
L 4615, 2825, -149,  4614, 2838, -136,  0, 0, 0
L 4614, 2838, -136,  4617, 2847, -146,  0, 0, 0
L 4617, 2847, -146,  4627, 2859, -185,  0, 0, 0
L 4627, 2859, -185,  4632, 2870, -217,  0, 0, 0
L 4632, 2870, -217,  4632, 2870, -217,  0, 0, 0
L 4632, 2870, -217,  4645, 2892, -256,  0, 0, 0
L 4645, 2892, -256,  4644, 2913, -303,  0, 0, 0
L 4644, 2913, -303,  4631, 2932, -331,  0, 0, 0
L 4631, 2932, -331,  4627, 2944, -331,  0, 0, 0
L 4627, 2944, -331,  4604, 2944, -331,  0, 0, 0
L 4604, 2944, -331,  4595, 2946, -338,  0, 0, 0
L 4595, 2946, -338,  4566, 2946, -384,  0, 0, 0
L 4566, 2946, -384,  4555, 2949, -409,  0, 0, 0
L 4555, 2949, -409,  4522, 2954, -445,  0, 0, 0
L 4522, 2954, -445,  4515, 2954, -454,  0, 0, 0
L 4515, 2954, -454,  4500, 2956, -478,  0, 0, 0
L 4500, 2956, -478,  4482, 2943, -449,  0, 0, 0
L 4482, 2943, -449,  4473, 2926, -446,  0, 0, 0
L 4473, 2926, -446,  4463, 2919, -449,  0, 0, 0
L 4463, 2919, -449,  4471, 2902, -448,  0, 0, 0
L 4471, 2902, -448,  4491, 2890, -447,  0, 0, 0
L 4491, 2890, -447,  4497, 2882, -447,  0, 0, 0
L 4497, 2882, -447,  4511, 2875, -449,  0, 0, 0
L 4511, 2875, -449,  4526, 2862, -446,  0, 0, 0
L 4526, 2862, -446,  4549, 2846, -446,  0, 0, 0
L 4549, 2846, -446,  4550, 2845, -446,  0, 0, 0
L 4550, 2845, -446,  4559, 2832, -444,  0, 0, 0
L 4559, 2832, -444,  4560, 2830, -446,  0, 0, 0
L 4560, 2830, -446,  4562, 2818, -447,  0, 0, 0
L 4562, 2818, -447,  4557, 2803, -448,  0, 0, 0
L 4557, 2803, -448,  4547, 2792, -448,  0, 0, 0
L 4547, 2792, -448,  4539, 2782, -448,  0, 0, 0
L 4539, 2782, -448,  4535, 2774, -448,  0, 0, 0
L 4535, 2774, -448,  4527, 2765, -445,  0, 0, 0
L 4527, 2765, -445,  4512, 2755, -435,  0, 0, 0
L 4512, 2755, -435,  4501, 2754, -408,  0, 0, 0
L 4501, 2754, -408,  4488, 2755, -366,  0, 0, 0
L 4488, 2755, -366,  4474, 2758, -344,  0, 0, 0
L 3971, -6228, -2429,  3971, -6228, -2429,  153, 153, 153
L 3971, -6228, -2429,  3964, -6239, -2427,  153, 153, 153
L 3964, -6239, -2427,  3844, -6239, -2485,  153, 153, 153
L 3844, -6239, -2485,  3843, -6253, -2485,  153, 153, 153
L 3843, -6253, -2485,  3842, -6252, -2485,  153, 153, 153
L 3842, -6252, -2485,  3838, -6259, -2485,  153, 153, 153
L 3838, -6259, -2485,  3834, -6260, -2485,  153, 153, 153
L 3834, -6260, -2485,  3834, -6283, -2485,  153, 153, 153
L 3834, -6283, -2485,  3843, -6283, -2485,  153, 153, 153
L 3843, -6283, -2485,  3844, -6331, -2485,  153, 153, 153
L 3844, -6331, -2485,  3855, -6333, -2485,  153, 153, 153
L 3855, -6333, -2485,  3855, -6392, -2485,  153, 153, 153
L 3855, -6392, -2485,  3957, -6393, -2426,  153, 153, 153
L 3957, -6393, -2426,  3954, -6333, -2423,  153, 153, 153
L 3954, -6333, -2423,  3959, -6333, -2425,  153, 153, 153
L 3959, -6333, -2425,  3970, -6351, -2416,  153, 153, 153
L 3970, -6351, -2416,  4010, -6375, -2378,  153, 153, 153
L 4010, -6375, -2378,  4056, -6374, -2335,  153, 153, 153
L 4056, -6374, -2335,  4095, -6350, -2360,  153, 153, 153
L 4095, -6350, -2360,  4117, -6312, -2380,  153, 153, 153
L 4117, -6312, -2380,  4117, -6308, -2380,  153, 153, 153
L 4117, -6308, -2380,  4425, -6308, -1974,  153, 153, 153
L 4425, -6308, -1974,  4425, -6460, -2067,  153, 153, 153
L 4425, -6460, -2067,  4425, -6582, -1681,  153, 153, 153
L 4425, -6582, -1681,  4425, -6639, -2223,  153, 153, 153
L 4425, -6639, -2223,  4264, -6639, -2324,  153, 153, 153
L 4264, -6639, -2324,  4261, -6632, -2326,  153, 153, 153
L 4261, -6632, -2326,  4246, -6633, -2324,  153, 153, 153
L 4246, -6633, -2324,  4248, -6681, -2326,  153, 153, 153
L 4248, -6681, -2326,  4422, -6680, -2326,  153, 153, 153
L 4422, -6680, -2326,  4422, -6774, -2326,  153, 153, 153
L 4422, -6774, -2326,  4221, -6774, -2326,  153, 153, 153
L 4221, -6774, -2326,  4217, -6770, -2326,  153, 153, 153
L 4217, -6770, -2326,  4217, -6644, -2323,  153, 153, 153
L 4217, -6644, -2323,  4218, -6642, -2323,  153, 153, 153
L 4218, -6642, -2323,  4217, -6633, -2320,  153, 153, 153
L 4217, -6633, -2320,  4200, -6633, -2317,  153, 153, 153
L 4200, -6633, -2317,  4199, -6639, -2318,  153, 153, 153
L 4199, -6639, -2318,  4182, -6639, -2316,  153, 153, 153
L 4182, -6639, -2316,  4141, -6686, -2210,  153, 153, 153
L 4141, -6686, -2210,  4025, -6686, -2340,  153, 153, 153
L 4025, -6686, -2340,  4024, -6683, -2341,  153, 153, 153
L 4024, -6683, -2341,  4006, -6683, -2339,  153, 153, 153
L 4006, -6683, -2339,  4006, -6695, -2320,  153, 153, 153
L 4006, -6695, -2320,  4006, -6715, -2320,  153, 153, 153
L 4006, -6715, -2320,  4006, -6780, -2321,  153, 153, 153
L 4006, -6780, -2321,  4008, -6956, -2321,  153, 153, 153
L 4008, -6956, -2321,  4038, -6956, -2321,  153, 153, 153
L 4038, -6956, -2321,  4039, -6958, -2321,  153, 153, 153
L 4039, -6958, -2321,  4045, -6963, -2321,  153, 153, 153
L 4045, -6963, -2321,  4045, -6989, -2321,  153, 153, 153
L 4045, -6989, -2321,  4046, -7022, -2321,  153, 153, 153
L 4046, -7022, -2321,  4165, -7022, -2321,  153, 153, 153
L 4165, -7022, -2321,  4165, -7083, -2321,  153, 153, 153
L 4130, -7080, -2321,  4130, -7080, -2321,  153, 153, 153
L 4130, -7080, -2321,  4129, -7058, -2321,  153, 153, 153
L 4129, -7058, -2321,  4046, -7058, -2321,  153, 153, 153
L 4046, -7058, -2321,  4045, -7113, -2321,  153, 153, 153
L 4045, -7113, -2321,  4039, -7113, -2321,  153, 153, 153
L 4039, -7113, -2321,  4038, -7124, -2321,  153, 153, 153
L 4038, -7124, -2321,  4045, -7124, -2321,  153, 153, 153
L 4045, -7124, -2321,  4045, -7237, -2321,  153, 153, 153
L 4045, -7237, -2321,  4040, -7238, -2321,  153, 153, 153
L 4040, -7238, -2321,  4040, -7248, -2321,  153, 153, 153
L 4040, -7248, -2321,  4045, -7250, -2321,  153, 153, 153
L 4045, -7250, -2321,  4045, -7309, -2321,  153, 153, 153
L 4045, -7309, -2321,  4040, -7309, -2321,  153, 153, 153
L 4040, -7309, -2321,  4039, -7320, -2321,  153, 153, 153
L 4039, -7320, -2321,  4045, -7321, -2321,  153, 153, 153
L 4045, -7321, -2321,  4045, -7360, -2321,  153, 153, 153
L 4045, -7397, -2321,  4045, -7397, -2321,  153, 153, 153
L 4045, -7397, -2321,  4045, -7425, -2321,  153, 153, 153
L 4045, -7425, -2321,  4038, -7432, -2321,  153, 153, 153
L 4038, -7432, -2321,  3945, -7432, -2321,  153, 153, 153
L 3945, -7432, -2321,  3944, -7428, -2321,  153, 153, 153
L 3944, -7428, -2321,  3933, -7427, -2321,  153, 153, 153
L 3933, -7427, -2321,  3933, -7432, -2321,  153, 153, 153
L 3933, -7432, -2321,  3858, -7432, -2321,  153, 153, 153
L 3858, -7432, -2321,  3851, -7425, -2321,  153, 153, 153
L 3851, -7425, -2321,  3851, -7326, -2321,  153, 153, 153
L 3851, -7326, -2321,  3860, -7323, -2321,  153, 153, 153
L 3860, -7323, -2321,  3858, -7316, -2321,  153, 153, 153
L 3858, -7316, -2321,  3851, -7314, -2321,  153, 153, 153
L 3851, -7314, -2321,  3851, -7243, -2321,  153, 153, 153
L 3851, -7243, -2321,  3854, -7243, -2321,  153, 153, 153
L 3854, -7243, -2321,  3857, -7243, -2321,  153, 153, 153
L 3857, -7243, -2321,  3858, -7233, -2321,  153, 153, 153
L 3858, -7233, -2321,  3851, -7229, -2321,  153, 153, 153
L 3851, -7229, -2321,  3851, -7123, -2321,  153, 153, 153
L 3851, -7123, -2321,  3857, -7122, -2321,  153, 153, 153
L 3857, -7122, -2321,  3858, -7114, -2321,  153, 153, 153
L 3858, -7114, -2321,  3851, -7108, -2321,  153, 153, 153
L 3851, -7108, -2321,  3851, -7072, -2321,  153, 153, 153
L 3851, -7072, -2321,  3856, -7071, -2321,  153, 153, 153
L 3856, -7071, -2321,  3855, -7056, -2321,  153, 153, 153
L 3855, -7056, -2321,  3851, -7053, -2321,  153, 153, 153
L 3851, -7053, -2321,  3851, -7016, -2321,  153, 153, 153
L 3851, -7016, -2321,  3857, -7014, -2321,  153, 153, 153
L 3857, -7014, -2321,  3857, -7004, -2321,  153, 153, 153
L 3857, -7004, -2321,  3889, -6961, -2321,  153, 153, 153
L 3889, -6961, -2321,  3896, -6961, -2321,  153, 153, 153
L 3896, -6961, -2321,  3898, -6957, -2321,  153, 153, 153
L 3898, -6957, -2321,  3963, -6955, -2321,  153, 153, 153
L 3963, -6955, -2321,  3965, -6693, -2320,  153, 153, 153
L 3965, -6693, -2320,  3964, -6681, -2335,  153, 153, 153
L 3964, -6681, -2335,  3949, -6682, -2341,  153, 153, 153
L 3949, -6682, -2341,  3943, -6685, -2343,  153, 153, 153
L 3943, -6685, -2343,  3919, -6685, -2350,  153, 153, 153
L 3919, -6685, -2350,  3873, -6646, -2387,  153, 153, 153
L 3873, -6646, -2387,  3810, -6646, -2360,  153, 153, 153
L 3810, -6646, -2360,  3808, -6639, -2360,  153, 153, 153
L 3808, -6639, -2360,  3792, -6640, -2350,  153, 153, 153
L 3792, -6640, -2350,  3792, -6651, -2326,  153, 153, 153
L 3792, -6651, -2326,  3795, -6705, -2326,  153, 153, 153
L 3795, -6705, -2326,  3914, -6704, -2323,  153, 153, 153
L 3914, -6704, -2323,  3914, -6801, -2326,  153, 153, 153
L 3914, -6801, -2326,  3676, -6801, -2326,  153, 153, 153
L 3676, -6801, -2326,  3676, -6701, -2326,  153, 153, 153
L 3676, -6701, -2326,  3753, -6701, -2326,  153, 153, 153
L 3753, -6701, -2326,  3754, -6652, -2326,  153, 153, 153
L 3754, -6652, -2326,  3754, -6638, -2337,  153, 153, 153
L 3754, -6638, -2337,  3736, -6641, -2352,  153, 153, 153
L 3736, -6641, -2352,  3733, -6644, -2356,  153, 153, 153
L 3733, -6644, -2356,  3686, -6649, -2399,  153, 153, 153
L 3686, -6649, -2399,  3663, -6687, -2400,  153, 153, 153
L 3663, -6687, -2400,  3629, -6686, -2405,  153, 153, 153
L 3629, -6686, -2405,  3541, -6686, -2386,  153, 153, 153
L 3541, -6686, -2386,  3491, -6632, -2358,  153, 153, 153
L 3491, -6632, -2358,  3486, -6631, -2354,  153, 153, 153
L 3486, -6631, -2354,  3485, -6625, -2357,  153, 153, 153
L 3485, -6625, -2357,  3476, -6625, -2357,  153, 153, 153
L 3476, -6625, -2357,  3469, -6625, -2344,  153, 153, 153
L 3469, -6625, -2344,  3468, -6639, -2326,  153, 153, 153
L 3468, -6639, -2326,  3467, -6705, -2326,  153, 153, 153
L 3467, -6705, -2326,  3529, -6707, -2326,  153, 153, 153
L 3529, -6707, -2326,  3529, -6771, -2326,  153, 153, 153
L 3529, -6771, -2326,  3373, -6771, -2326,  153, 153, 153
L 3373, -6771, -2326,  3372, -6685, -2326,  153, 153, 153
L 3372, -6685, -2326,  3438, -6685, -2326,  153, 153, 153
L 3438, -6685, -2326,  3440, -6636, -2326,  153, 153, 153
L 3440, -6636, -2326,  3441, -6627, -2329,  153, 153, 153
L 3441, -6627, -2329,  3424, -6625, -2362,  153, 153, 153
L 3424, -6625, -2362,  3422, -6632, -2351,  153, 153, 153
L 3422, -6632, -2351,  3422, -6632, -2351,  153, 153, 153
L 3422, -6632, -2351,  3321, -6633, -2353,  153, 153, 153
L 3321, -6633, -2353,  3250, -6695, -2231,  153, 153, 153
L 3250, -6695, -2231,  3218, -6666, -2316,  153, 153, 153
L 3218, -6666, -2316,  3212, -6646, -2329,  153, 153, 153
L 3212, -6646, -2329,  3192, -6631, -2329,  153, 153, 153
L 3192, -6631, -2329,  3261, -6583, -2418,  153, 153, 153
L 3261, -6583, -2418,  3454, -6448, -2485,  153, 153, 153
L 3454, -6448, -2485,  3568, -6369, -2485,  153, 153, 153
L 3568, -6369, -2485,  3587, -6376, -2485,  153, 153, 153
L 3587, -6376, -2485,  3629, -6372, -2485,  153, 153, 153
L 3629, -6372, -2485,  3670, -6340, -2471,  153, 153, 153
L 3670, -6340, -2471,  3664, -6394, -2485,  153, 153, 153
L 3664, -6394, -2485,  3777, -6392, -2485,  153, 153, 153
L 3777, -6392, -2485,  3778, -6333, -2485,  153, 153, 153
L 3778, -6333, -2485,  3789, -6331, -2485,  153, 153, 153
L 3789, -6331, -2485,  3789, -6283, -2485,  153, 153, 153
L 3789, -6283, -2485,  3799, -6280, -2485,  153, 153, 153
L 3799, -6280, -2485,  3798, -6260, -2485,  153, 153, 153
L 3798, -6260, -2485,  3793, -6259, -2485,  153, 153, 153
L 3793, -6259, -2485,  3791, -6252, -2485,  153, 153, 153
L 3791, -6252, -2485,  3789, -6245, -2485,  153, 153, 153
L 3789, -6245, -2485,  3788, -6239, -2485,  153, 153, 153
L 3788, -6239, -2485,  3667, -6239, -2485,  153, 153, 153
L 3667, -6239, -2485,  3656, -6223, -2485,  153, 153, 153
L 4045, -7360, -2321,  4045, -7360, -2321,  153, 153, 153
L 4045, -7360, -2321,  4059, -7362, -2321,  153, 153, 153
L 4059, -7362, -2321,  4085, -7362, -2321,  153, 153, 153
L 4085, -7362, -2321,  4128, -7362, -2321,  153, 153, 153
L 4128, -7362, -2321,  4130, -7310, -2321,  153, 153, 153
L 4130, -7310, -2321,  4130, -7306, -2321,  153, 153, 153
L 4130, -7306, -2321,  4130, -7242, -2321,  153, 153, 153
L 4130, -7242, -2321,  4215, -7242, -2321,  153, 153, 153
L 4215, -7242, -2321,  4215, -7277, -2321,  153, 153, 153
L 4215, -7277, -2321,  4202, -7277, -2321,  153, 153, 153
L 4202, -7277, -2321,  4166, -7278, -2321,  153, 153, 153
L 4166, -7278, -2321,  4165, -7325, -2321,  153, 153, 153
L 4165, -7325, -2321,  4165, -7397, -2321,  153, 153, 153
L 4165, -7397, -2321,  4045, -7397, -2321,  153, 153, 153
L 3005, -2626, -2895,  3005, -2626, -2895,  255, 204, 153
L 3005, -2626, -2895,  3007, -2533, -2901,  255, 204, 153
L 3007, -2533, -2901,  2920, -2459, -2951,  255, 204, 153
L 2920, -2459, -2951,  2868, -2406, -2956,  255, 204, 153
L 2868, -2406, -2956,  2820, -2353, -3001,  255, 204, 153
L 2820, -2353, -3001,  2809, -2341, -3001,  255, 204, 153
L 2809, -2341, -3001,  2765, -2302, -3026,  255, 204, 153
L 2765, -2302, -3026,  2744, -2279, -3071,  255, 204, 153
L 2744, -2279, -3071,  2680, -2214, -3071,  255, 204, 153
L 2680, -2214, -3071,  2623, -2160, -3141,  255, 204, 153
L 2623, -2160, -3141,  2574, -2104, -3141,  255, 204, 153
L 2574, -2104, -3141,  2555, -2098, -3152,  255, 204, 153
L 2555, -2098, -3152,  2501, -2096, -3161,  255, 204, 153
L 2501, -2096, -3161,  2430, -2100, -3161,  255, 204, 153
L 2430, -2100, -3161,  2366, -2101, -3161,  255, 204, 153
L 2366, -2101, -3161,  2285, -2175, -3161,  255, 204, 153
L 2285, -2175, -3161,  2237, -2216, -3161,  255, 204, 153
L 2237, -2216, -3161,  2187, -2273, -3161,  255, 204, 153
L 2187, -2273, -3161,  2148, -2305, -3161,  255, 204, 153
L 2148, -2305, -3161,  2068, -2390, -3161,  255, 204, 153
L 2068, -2390, -3161,  1979, -2397, -3160,  255, 204, 153
L 1979, -2397, -3160,  1855, -2400, -3161,  255, 204, 153
L 1855, -2400, -3161,  1776, -2397, -3161,  255, 204, 153
L 1776, -2397, -3161,  1683, -2399, -3161,  255, 204, 153
L 1683, -2399, -3161,  1579, -2479, -3160,  255, 204, 153
L 1579, -2479, -3160,  1551, -2503, -3161,  255, 204, 153
L 1551, -2503, -3161,  1489, -2573, -3161,  255, 204, 153
L 1489, -2573, -3161,  1457, -2599, -3161,  255, 204, 153
L 1457, -2599, -3161,  1382, -2681, -3161,  255, 204, 153
L 1382, -2681, -3161,  1324, -2698, -3201,  255, 204, 153
L 1324, -2698, -3201,  1288, -2697, -3285,  255, 204, 153
L 1288, -2697, -3285,  1211, -2702, -3391,  255, 204, 153
L 1211, -2702, -3391,  1175, -2696, -3466,  255, 204, 153
L 1175, -2696, -3466,  1126, -2659, -3481,  255, 204, 153
L 1126, -2659, -3481,  1104, -2635, -3481,  255, 204, 153
L 1104, -2635, -3481,  1060, -2595, -3481,  255, 204, 153
L 1060, -2595, -3481,  1002, -2523, -3481,  255, 204, 153
L 1002, -2523, -3481,  933, -2472, -3481,  255, 204, 153
L 933, -2472, -3481,  875, -2409, -3481,  255, 204, 153
L 875, -2409, -3481,  812, -2395, -3591,  255, 204, 153
L 812, -2395, -3591,  759, -2397, -3681,  255, 204, 153
L 759, -2397, -3681,  728, -2400, -3685,  255, 204, 153
L 728, -2400, -3685,  666, -2398, -3792,  255, 204, 153
L 666, -2398, -3792,  632, -2399, -3811,  255, 204, 153
L 632, -2399, -3811,  581, -2397, -3810,  255, 204, 153
L 581, -2397, -3810,  529, -2398, -3811,  255, 204, 153
L 529, -2398, -3811,  476, -2395, -3811,  255, 204, 153
L 476, -2395, -3811,  434, -2401, -3811,  255, 204, 153
L 434, -2401, -3811,  398, -2402, -3811,  255, 204, 153
L 398, -2402, -3811,  367, -2401, -3811,  255, 204, 153
L 367, -2401, -3811,  322, -2400, -3811,  255, 204, 153
L 322, -2400, -3811,  283, -2395, -3811,  255, 204, 153
L 283, -2395, -3811,  252, -2396, -3811,  255, 204, 153
L 252, -2396, -3811,  216, -2401, -3811,  255, 204, 153
L 216, -2401, -3811,  154, -2399, -3811,  255, 204, 153
L 154, -2399, -3811,  123, -2399, -3811,  255, 204, 153
L 123, -2399, -3811,  99, -2397, -3811,  255, 204, 153
L 99, -2397, -3811,  19, -2399, -3811,  255, 204, 153
L 19, -2399, -3811,  -44, -2399, -3811,  255, 204, 153
L -44, -2399, -3811,  -83, -2441, -3811,  255, 204, 153
L -83, -2441, -3811,  -106, -2473, -3811,  255, 204, 153
L -106, -2473, -3811,  -135, -2501, -3811,  255, 204, 153
L -135, -2501, -3811,  -161, -2520, -3811,  255, 204, 153
L -161, -2520, -3811,  -204, -2567, -3811,  255, 204, 153
L -204, -2567, -3811,  -257, -2615, -3811,  255, 204, 153
L -257, -2615, -3811,  -299, -2659, -3811,  255, 204, 153
L -299, -2659, -3811,  -327, -2685, -3811,  255, 204, 153
L -327, -2685, -3811,  -351, -2695, -3786,  255, 204, 153
L -351, -2695, -3786,  -384, -2698, -3721,  255, 204, 153
L -384, -2698, -3721,  -407, -2693, -3703,  255, 204, 153
L -407, -2693, -3703,  -454, -2698, -3639,  255, 204, 153
L -454, -2698, -3639,  -531, -2698, -3625,  255, 204, 153
L -531, -2698, -3625,  -562, -2698, -3553,  255, 204, 153
L -562, -2698, -3553,  -631, -2696, -3451,  255, 204, 153
L -631, -2696, -3451,  -682, -2699, -3451,  255, 204, 153
L -682, -2699, -3451,  -748, -2699, -3448,  255, 204, 153
L -748, -2699, -3448,  -770, -2699, -3353,  255, 204, 153
L -770, -2699, -3353,  -820, -2697, -3154,  255, 204, 153
L -820, -2697, -3154,  -846, -2697, -3050,  255, 204, 153
L -846, -2697, -3050,  -886, -2704, -2916,  255, 204, 153
L -886, -2704, -2916,  -933, -2697, -2871,  255, 204, 153
L -933, -2697, -2871,  -956, -2705, -2871,  255, 204, 153
L -956, -2705, -2871,  -984, -2734, -2871,  255, 204, 153
L -984, -2734, -2871,  -1014, -2778, -2871,  255, 204, 153
L -1014, -2778, -2871,  -1042, -2798, -2871,  255, 204, 153
L -1042, -2798, -2871,  -1107, -2872, -2871,  255, 204, 153
L -1107, -2872, -2871,  -1150, -2906, -2871,  255, 204, 153
L -1150, -2906, -2871,  -1217, -2980, -2871,  255, 204, 153
L -1217, -2980, -2871,  -1233, -2993, -2871,  255, 204, 153
L -1233, -2993, -2871,  -1280, -3050, -2868,  255, 204, 153
L -1280, -3050, -2868,  -1298, -3126, -2814,  255, 204, 153
L 615, -2393, -3811,  615, -2393, -3811,  255, 204, 153
L 615, -2393, -3811,  608, -2330, -3811,  255, 204, 153
L 608, -2330, -3811,  614, -2273, -3811,  255, 204, 153
L 614, -2273, -3811,  613, -2233, -3811,  255, 204, 153
L 613, -2233, -3811,  604, -2192, -3811,  255, 204, 153
L 604, -2192, -3811,  608, -2141, -3811,  255, 204, 153
L 608, -2141, -3811,  614, -2073, -3811,  255, 204, 153
L 614, -2073, -3811,  604, -2002, -3811,  255, 204, 153
L 604, -2002, -3811,  609, -1958, -3811,  255, 204, 153
L 609, -1958, -3811,  631, -1916, -3811,  255, 204, 153
L 631, -1916, -3811,  667, -1894, -3811,  255, 204, 153
L 667, -1894, -3811,  710, -1846, -3811,  255, 204, 153
L 710, -1846, -3811,  733, -1814, -3811,  255, 204, 153
L 733, -1814, -3811,  764, -1795, -3811,  255, 204, 153
L 764, -1795, -3811,  838, -1711, -3811,  255, 204, 153
L 838, -1711, -3811,  860, -1694, -3811,  255, 204, 153
L 860, -1694, -3811,  897, -1658, -3810,  255, 204, 153
L 897, -1658, -3810,  907, -1625, -3811,  255, 204, 153
L 907, -1625, -3811,  909, -1597, -3811,  255, 204, 153
L 909, -1597, -3811,  908, -1533, -3811,  255, 204, 153
L 908, -1533, -3811,  903, -1496, -3811,  255, 204, 153
L 903, -1496, -3811,  907, -1431, -3811,  255, 204, 153
L 907, -1431, -3811,  909, -1370, -3808,  255, 204, 153
L 909, -1370, -3808,  907, -1332, -3811,  255, 204, 153
L 907, -1332, -3811,  908, -1240, -3811,  255, 204, 153
L 908, -1240, -3811,  909, -1179, -3811,  255, 204, 153
L 909, -1179, -3811,  908, -1144, -3811,  255, 204, 153
L 908, -1144, -3811,  904, -1109, -3811,  255, 204, 153
L 904, -1109, -3811,  909, -1057, -3811,  255, 204, 153
L 909, -1057, -3811,  927, -1022, -3811,  255, 204, 153
L 927, -1022, -3811,  950, -1006, -3811,  255, 204, 153
L 950, -1006, -3811,  950, -1006, -3811,  255, 204, 153
L 950, -1006, -3811,  1009, -951, -3811,  255, 204, 153
L 1009, -951, -3811,  1040, -911, -3811,  255, 204, 153
L 1040, -911, -3811,  1066, -895, -3811,  255, 204, 153
L 1066, -895, -3811,  1099, -862, -3811,  255, 204, 153
L 1099, -862, -3811,  1136, -812, -3811,  255, 204, 153
L 1136, -812, -3811,  1175, -790, -3811,  255, 204, 153
L 1175, -790, -3811,  1203, -761, -3811,  255, 204, 153
L 1203, -761, -3811,  1211, -725, -3811,  255, 204, 153
L 1211, -725, -3811,  1220, -667, -3810,  255, 204, 153
L 3542, 696, -3791,  3542, 696, -3791,  255, 204, 153
L 3542, 696, -3791,  3465, 702, -3811,  255, 204, 153
L 3465, 702, -3811,  3409, 757, -3811,  255, 204, 153
L 3409, 757, -3811,  3328, 832, -3811,  255, 204, 153
L 3328, 832, -3811,  3302, 861, -3811,  255, 204, 153
L 3302, 861, -3811,  3244, 916, -3811,  255, 204, 153
L 3244, 916, -3811,  3205, 961, -3811,  255, 204, 153
L 3205, 961, -3811,  3121, 1033, -3811,  255, 204, 153
L 3121, 1033, -3811,  3110, 1063, -3811,  255, 204, 153
L 3110, 1063, -3811,  3019, 1134, -3811,  255, 204, 153
L 3019, 1134, -3811,  3018, 1135, -3811,  255, 204, 153
L 3018, 1135, -3811,  3005, 1160, -3811,  255, 204, 153
L 3005, 1160, -3811,  2970, 1191, -3809,  255, 204, 153
L 2970, 1191, -3809,  2918, 1202, -3811,  255, 204, 153
L 2918, 1202, -3811,  2918, 1202, -3811,  255, 204, 153
L 2918, 1202, -3811,  2904, 1203, -3811,  255, 204, 153
L 2904, 1203, -3811,  2866, 1205, -3811,  255, 204, 153
L 2866, 1205, -3811,  2830, 1199, -3811,  255, 204, 153
L 2830, 1199, -3811,  2791, 1198, -3811,  255, 204, 153
L 2791, 1198, -3811,  2732, 1201, -3811,  255, 204, 153
L 2732, 1201, -3811,  2700, 1201, -3811,  255, 204, 153
L 2700, 1201, -3811,  2618, 1199, -3811,  255, 204, 153
L 2618, 1199, -3811,  2577, 1200, -3811,  255, 204, 153
L 2577, 1200, -3811,  2529, 1201, -3811,  255, 204, 153
L 2529, 1201, -3811,  2477, 1203, -3811,  255, 204, 153
L 2477, 1203, -3811,  2416, 1198, -3811,  255, 204, 153
L 2416, 1198, -3811,  2365, 1206, -3811,  255, 204, 153
L 2365, 1206, -3811,  2318, 1248, -3811,  255, 204, 153
L 2318, 1248, -3811,  2276, 1288, -3811,  255, 204, 153
L 2276, 1288, -3811,  2229, 1324, -3811,  255, 204, 153
L 2229, 1324, -3811,  2210, 1354, -3811,  255, 204, 153
L 2210, 1354, -3811,  2132, 1427, -3811,  255, 204, 153
L 2132, 1427, -3811,  2098, 1473, -3811,  255, 204, 153
L 2098, 1473, -3811,  2058, 1500, -3811,  255, 204, 153
L 2058, 1500, -3811,  1976, 1514, -3804,  255, 204, 153
L 1046, 836, -6340,  1046, 836, -6340,  255, 255, 0
L 1046, 836, -6340,  1047, 848, -6317,  255, 255, 0
L 1047, 848, -6317,  1051, 860, -6251,  255, 255, 0
L 1051, 860, -6251,  1065, 875, -6194,  255, 255, 0
L 1065, 875, -6194,  1081, 883, -6130,  255, 255, 0
L 1081, 883, -6130,  1098, 888, -6108,  255, 255, 0
L 1098, 888, -6108,  1110, 889, -6105,  255, 255, 0
L 1110, 889, -6105,  1121, 889, -6109,  255, 255, 0
L 1121, 889, -6109,  1137, 887, -6125,  255, 255, 0
L 1137, 887, -6125,  1153, 881, -6172,  255, 255, 0
L 1153, 881, -6172,  1176, 867, -6279,  255, 255, 0
L 1176, 867, -6279,  1185, 853, -6433,  255, 255, 0
L 1185, 853, -6433,  1178, 840, -6365,  255, 255, 0
L 1178, 840, -6365,  1162, 822, -6247,  255, 255, 0
L 1162, 822, -6247,  1144, 807, -6204,  255, 255, 0
L 1144, 807, -6204,  1122, 798, -6203,  255, 255, 0
L 1122, 798, -6203,  1102, 793, -6231,  255, 255, 0
L 1102, 793, -6231,  1079, 800, -6240,  255, 255, 0
L 1079, 800, -6240,  1059, 815, -6277,  255, 255, 0
L 1059, 815, -6277,  1046, 836, -6342,  255, 255, 0
L -1098, -883, -2784,  -1098, -883, -2784,  153, 153, 153
L -1098, -883, -2784,  -1101, -990, -2058,  153, 153, 153
L -1101, -990, -2058,  -1109, -996, -2048,  153, 153, 153
L -1109, -996, -2048,  -1068, -999, -2048,  153, 153, 153
L -1068, -999, -2048,  -970, -1070, -2048,  153, 153, 153
L -970, -1070, -2048,  -934, -1183, -2048,  153, 153, 153
L -934, -1183, -2048,  -971, -1295, -2048,  153, 153, 153
L -971, -1295, -2048,  -1068, -1365, -2048,  153, 153, 153
L -1068, -1365, -2048,  -1186, -1365, -2048,  153, 153, 153
L -1186, -1365, -2048,  -1283, -1295, -2048,  153, 153, 153
L -1283, -1295, -2048,  -1319, -1183, -2048,  153, 153, 153
L -1319, -1183, -2048,  -1282, -1069, -2048,  153, 153, 153
L -1282, -1069, -2048,  -1186, -999, -2048,  153, 153, 153
L -1186, -999, -2048,  -1145, -999, -2048,  153, 153, 153
L -1145, -999, -2048,  -1148, -990, -2058,  153, 153, 153
L -1148, -990, -2058,  -1149, -895, -2707,  153, 153, 153
L -1196, -1074, -2022,  -1194, -1059, -2022,  153, 153, 153
L -1194, -1059, -2022,  -1209, -1042, -2022,  153, 153, 153
L -1209, -1042, -2022,  -1225, -1041, -2022,  153, 153, 153
L -1225, -1041, -2022,  -1255, -1068, -2022,  153, 153, 153
L -1255, -1068, -2022,  -1255, -1082, -2022,  153, 153, 153
L -1255, -1082, -2022,  -1239, -1100, -2022,  153, 153, 153
L -1239, -1100, -2022,  -1226, -1101, -2022,  153, 153, 153
L -1226, -1101, -2022,  -1216, -1093, -2022,  153, 153, 153
L -1216, -1093, -2022,  -1212, -1098, -2022,  153, 153, 153
L -1212, -1098, -2022,  -1223, -1108, -2022,  153, 153, 153
L -1223, -1108, -2022,  -1243, -1106, -2022,  153, 153, 153
L -1243, -1106, -2022,  -1262, -1085, -2022,  153, 153, 153
L -1262, -1085, -2022,  -1262, -1065, -2022,  153, 153, 153
L -1262, -1065, -2022,  -1228, -1034, -2024,  153, 153, 153
L -1228, -1034, -2024,  -1206, -1035, -2022,  153, 153, 153
L -1206, -1035, -2022,  -1187, -1056, -2022,  153, 153, 153
L -1187, -1056, -2022,  -1189, -1077, -2022,  153, 153, 153
L -1189, -1077, -2022,  -1200, -1087, -2022,  153, 153, 153
L -1200, -1087, -2022,  -1203, -1082, -2022,  153, 153, 153
L -1203, -1082, -2022,  -1196, -1074, -2022,  153, 153, 153
L -1240, -1157, -2022,  -1250, -1146, -2022,  153, 153, 153
L -1250, -1146, -2022,  -1273, -1146, -2022,  153, 153, 153
L -1273, -1146, -2022,  -1285, -1158, -2022,  153, 153, 153
L -1285, -1158, -2022,  -1284, -1198, -2022,  153, 153, 153
L -1284, -1198, -2022,  -1273, -1207, -2022,  153, 153, 153
L -1273, -1207, -2022,  -1250, -1207, -2022,  153, 153, 153
L -1250, -1207, -2022,  -1240, -1197, -2022,  153, 153, 153
L -1240, -1197, -2022,  -1239, -1185, -2022,  153, 153, 153
L -1239, -1185, -2022,  -1234, -1185, -2022,  153, 153, 153
L -1234, -1185, -2022,  -1233, -1199, -2022,  153, 153, 153
L -1233, -1199, -2022,  -1246, -1213, -2022,  153, 153, 153
L -1246, -1213, -2022,  -1275, -1214, -2022,  153, 153, 153
L -1275, -1214, -2022,  -1291, -1201, -2022,  153, 153, 153
L -1291, -1201, -2022,  -1292, -1154, -2022,  153, 153, 153
L -1292, -1154, -2022,  -1277, -1140, -2054,  153, 153, 153
L -1277, -1140, -2054,  -1248, -1139, -2054,  153, 153, 153
L -1248, -1139, -2054,  -1234, -1153, -2022,  153, 153, 153
L -1234, -1153, -2022,  -1233, -1168, -2022,  153, 153, 153
L -1233, -1168, -2022,  -1239, -1168, -2022,  153, 153, 153
L -1239, -1168, -2022,  -1240, -1157, -2022,  153, 153, 153
L -1196, -1274, -2022,  -1211, -1276, -2022,  153, 153, 153
L -1211, -1276, -2022,  -1224, -1295, -2022,  153, 153, 153
L -1224, -1295, -2022,  -1222, -1311, -2022,  153, 153, 153
L -1222, -1311, -2022,  -1189, -1333, -2022,  153, 153, 153
L -1189, -1333, -2022,  -1174, -1329, -2022,  153, 153, 153
L -1174, -1329, -2022,  -1161, -1310, -2022,  153, 153, 153
L -1161, -1310, -2022,  -1163, -1297, -2022,  153, 153, 153
L -1163, -1297, -2022,  -1173, -1290, -2022,  153, 153, 153
L -1173, -1290, -2022,  -1170, -1285, -2022,  153, 153, 153
L -1170, -1285, -2022,  -1157, -1293, -2022,  153, 153, 153
L -1157, -1293, -2022,  -1154, -1311, -2022,  153, 153, 153
L -1154, -1311, -2022,  -1170, -1336, -2022,  153, 153, 153
L -1170, -1336, -2022,  -1190, -1341, -2022,  153, 153, 153
L -1190, -1341, -2022,  -1227, -1316, -2022,  153, 153, 153
L -1227, -1316, -2022,  -1232, -1294, -2022,  153, 153, 153
L -1232, -1294, -2022,  -1215, -1269, -2022,  153, 153, 153
L -1215, -1269, -2022,  -1195, -1267, -2022,  153, 153, 153
L -1195, -1267, -2022,  -1184, -1274, -2022,  153, 153, 153
L -1184, -1274, -2022,  -1187, -1280, -2022,  153, 153, 153
L -1187, -1280, -2022,  -1196, -1274, -2022,  153, 153, 153
L -1074, -1287, -2022,  -1072, -1296, -2022,  153, 153, 153
L -1072, -1296, -2022,  -1039, -1315, -2022,  153, 153, 153
L -1039, -1315, -2022,  -1030, -1311, -2022,  153, 153, 153
L -1030, -1311, -2022,  -972, -1205, -2022,  153, 153, 153
L -972, -1205, -2022,  -973, -1196, -2022,  153, 153, 153
L -973, -1196, -2022,  -1007, -1178, -2022,  153, 153, 153
L -1007, -1178, -2022,  -1015, -1181, -2022,  153, 153, 153
L -1015, -1181, -2022,  -1040, -1225, -2022,  153, 153, 153
L -1040, -1225, -2022,  -1044, -1223, -2022,  153, 153, 153
L -1044, -1223, -2022,  -1019, -1175, -2022,  153, 153, 153
L -1019, -1175, -2022,  -1008, -1171, -2022,  153, 153, 153
L -1008, -1171, -2022,  -968, -1192, -2022,  153, 153, 153
L -968, -1192, -2022,  -965, -1206, -2022,  153, 153, 153
L -965, -1206, -2022,  -1025, -1316, -2054,  153, 153, 153
L -1025, -1316, -2054,  -1038, -1322, -2022,  153, 153, 153
L -1038, -1322, -2022,  -1078, -1301, -2022,  153, 153, 153
L -1078, -1301, -2022,  -1081, -1287, -2022,  153, 153, 153
L -1081, -1287, -2022,  -1054, -1239, -2022,  153, 153, 153
L -1054, -1239, -2022,  -1049, -1241, -2022,  153, 153, 153
L -1049, -1241, -2022,  -1074, -1287, -2022,  153, 153, 153
L -1077, -1072, -2022,  -1080, -1059, -2022,  153, 153, 153
L -1080, -1059, -2022,  -1069, -1039, -2022,  153, 153, 153
L -1069, -1039, -2022,  -1055, -1034, -2022,  153, 153, 153
L -1055, -1034, -2022,  -1020, -1054, -2022,  153, 153, 153
L -1020, -1054, -2022,  -1016, -1070, -2022,  153, 153, 153
L -1016, -1070, -2022,  -1028, -1089, -2022,  153, 153, 153
L -1028, -1089, -2022,  -1042, -1092, -2022,  153, 153, 153
L -1042, -1092, -2022,  -1052, -1088, -2022,  153, 153, 153
L -1052, -1088, -2022,  -1055, -1092, -2022,  153, 153, 153
L -1055, -1092, -2022,  -1043, -1100, -2022,  153, 153, 153
L -1043, -1100, -2022,  -1023, -1095, -2022,  153, 153, 153
L -1023, -1095, -2022,  -1009, -1071, -2022,  153, 153, 153
L -1009, -1071, -2022,  -1014, -1049, -2054,  153, 153, 153
L -1014, -1049, -2054,  -1053, -1026, -2054,  153, 153, 153
L -1053, -1026, -2054,  -1073, -1033, -2022,  153, 153, 153
L -1073, -1033, -2022,  -1088, -1057, -2022,  153, 153, 153
L -1088, -1057, -2022,  -1083, -1077, -2022,  153, 153, 153
L -1083, -1077, -2022,  -1071, -1084, -2022,  153, 153, 153
L -1071, -1084, -2022,  -1067, -1079, -2022,  153, 153, 153
L -1067, -1079, -2022,  -1077, -1072, -2022,  153, 153, 153
L -1091, -1144, -2054,  -1092, -1211, -2054,  153, 153, 153
L -1092, -1211, -2054,  -1174, -1211, -2054,  153, 153, 153
L -1174, -1211, -2054,  -1174, -1145, -2054,  153, 153, 153
L -1174, -1145, -2054,  -1091, -1145, -2054,  153, 153, 153
L -1013, -1163, -2054,  -956, -1196, -2054,  153, 153, 153
L -956, -1196, -2054,  -1034, -1331, -2054,  153, 153, 153
L -1034, -1331, -2054,  -1091, -1298, -2054,  153, 153, 153
L -1091, -1298, -2054,  -1014, -1163, -2054,  153, 153, 153
L -1045, -1210, -2054,  -1049, -1217, -2054,  153, 153, 153
L -1049, -1217, -2054,  -1056, -1213, -2054,  153, 153, 153
L -1056, -1213, -2054,  -1052, -1206, -2054,  153, 153, 153
L -1052, -1206, -2054,  -1045, -1210, -2054,  153, 153, 153
L -1061, -1237, -2054,  -1063, -1244, -2054,  153, 153, 153
L -1063, -1244, -2054,  -1071, -1241, -2054,  153, 153, 153
L -1071, -1241, -2054,  -1067, -1234, -2054,  153, 153, 153
L -1067, -1234, -2054,  -1061, -1237, -2054,  153, 153, 153
L -1143, -1299, -2054,  -1181, -1353, -2054,  153, 153, 153
L -1181, -1353, -2054,  -1248, -1306, -2054,  153, 153, 153
L -1248, -1306, -2054,  -1209, -1252, -2054,  153, 153, 153
L -1209, -1252, -2054,  -1143, -1299, -2054,  153, 153, 153
L -1228, -1224, -2054,  -1294, -1224, -2054,  153, 153, 153
L -1294, -1224, -2054,  -1294, -1142, -2054,  153, 153, 153
L -1294, -1142, -2054,  -1228, -1141, -2054,  153, 153, 153
L -1228, -1141, -2054,  -1228, -1223, -2054,  153, 153, 153
L -1226, -1196, -2054,  -1226, -1189, -2054,  153, 153, 153
L -1226, -1189, -2054,  -1218, -1188, -2054,  153, 153, 153
L -1218, -1188, -2054,  -1218, -1195, -2054,  153, 153, 153
L -1218, -1195, -2054,  -1226, -1196, -2054,  153, 153, 153
L -1226, -1165, -2054,  -1227, -1157, -2054,  153, 153, 153
L -1227, -1157, -2054,  -1219, -1156, -2054,  153, 153, 153
L -1219, -1156, -2054,  -1219, -1165, -2054,  153, 153, 153
L -1219, -1165, -2054,  -1227, -1164, -2054,  153, 153, 153
L -1232, -1124, -2054,  -1275, -1073, -2054,  153, 153, 153
L -1275, -1073, -2054,  -1212, -1020, -2054,  153, 153, 153
L -1212, -1020, -2054,  -1170, -1071, -2054,  153, 153, 153
L -1170, -1071, -2054,  -1233, -1123, -2054,  153, 153, 153
L -1102, -1075, -2054,  -1069, -1017, -2054,  153, 153, 153
L -1069, -1017, -2054,  -998, -1060, -2054,  153, 153, 153
L -998, -1060, -2054,  -1030, -1115, -2054,  153, 153, 153
L -1030, -1115, -2054,  -1102, -1075, -2054,  153, 153, 153
L -1084, -1086, -2054,  -1087, -1091, -2054,  153, 153, 153
L -1087, -1091, -2054,  -1080, -1095, -2054,  153, 153, 153
L -1080, -1095, -2054,  -1077, -1090, -2054,  153, 153, 153
L -1057, -1101, -2054,  -1060, -1108, -2054,  153, 153, 153
L -1060, -1108, -2054,  -1053, -1111, -2054,  153, 153, 153
L -1053, -1111, -2054,  -1049, -1106, -2054,  153, 153, 153
L -2113, -3300, -2496,  -2093, -3280, -2504,  153, 153, 153
L -2093, -3280, -2504,  -2075, -3280, -2510,  153, 153, 153
L -2075, -3280, -2510,  -2075, -3273, -2511,  153, 153, 153
L -2075, -3273, -2511,  -2071, -3272, -2512,  153, 153, 153
L -2071, -3272, -2512,  -2071, -3285, -2510,  153, 153, 153
L -2071, -3285, -2510,  -2090, -3285, -2505,  153, 153, 153
L -2090, -3285, -2505,  -2110, -3304, -2497,  153, 153, 153
L -2110, -3304, -2497,  -2132, -3304, -2489,  153, 153, 153
L -2132, -3304, -2489,  -2132, -3300, -2489,  153, 153, 153
L -2132, -3300, -2489,  -2113, -3300, -2496,  153, 153, 153
L -2170, -3299, -2512,  -2150, -3300, -2497,  153, 153, 153
L -2150, -3300, -2497,  -2150, -3305, -2497,  153, 153, 153
L -2150, -3305, -2497,  -2171, -3305, -2512,  153, 153, 153
L -2171, -3305, -2512,  -2192, -3286, -2521,  153, 153, 153
L -2192, -3286, -2521,  -2212, -3285, -2526,  153, 153, 153
L -2212, -3285, -2526,  -2212, -3273, -2521,  153, 153, 153
L -2212, -3273, -2521,  -2208, -3272, -2520,  153, 153, 153
L -2208, -3272, -2520,  -2207, -3281, -2523,  153, 153, 153
L -2207, -3281, -2523,  -2191, -3281, -2519,  153, 153, 153
L -2191, -3281, -2519,  -2170, -3299, -2512,  153, 153, 153
L -2075, -3247, -2512,  -2207, -3247, -2509,  153, 153, 153
L -2207, -3247, -2509,  -2207, -3255, -2512,  153, 153, 153
L -2207, -3255, -2512,  -2212, -3255, -2513,  153, 153, 153
L -2212, -3255, -2513,  -2212, -3242, -2511,  153, 153, 153
L -2212, -3242, -2511,  -2071, -3243, -2516,  153, 153, 153
L -2071, -3243, -2516,  -2070, -3254, -2514,  153, 153, 153
L -2070, -3254, -2514,  -2075, -3255, -2512,  153, 153, 153
L -2075, -3255, -2512,  -2075, -3247, -2512,  153, 153, 153
L -2239, -3261, -2522,  -2212, -3252, -2512,  153, 153, 153
L -2212, -3252, -2512,  -2212, -3242, -2511,  153, 153, 153
L -2212, -3242, -2511,  -2214, -3229, -2519,  153, 153, 153
L -2214, -3229, -2519,  -2219, -3229, -2521,  153, 153, 153
L -2219, -3229, -2521,  -2217, -3247, -2511,  153, 153, 153
L -2217, -3247, -2511,  -2243, -3256, -2522,  153, 153, 153
L -2243, -3256, -2522,  -2248, -3278, -2532,  153, 153, 153
L -2248, -3278, -2532,  -2269, -3286, -2541,  153, 153, 153
L -2269, -3286, -2541,  -2259, -3346, -2562,  153, 153, 153
L -2259, -3346, -2562,  -2276, -3349, -2564,  153, 153, 153
L -2276, -3349, -2564,  -2275, -3354, -2560,  153, 153, 153
L -2275, -3354, -2560,  -2254, -3351, -2557,  153, 153, 153
L -2254, -3351, -2557,  -2263, -3291, -2542,  153, 153, 153
L -2263, -3291, -2542,  -2245, -3288, -2535,  153, 153, 153
L -2245, -3288, -2535,  -2239, -3261, -2522,  153, 153, 153
L -2310, -3355, -2570,  -2294, -3352, -2567,  153, 153, 153
L -2294, -3352, -2567,  -2293, -3357, -2563,  153, 153, 153
L -2293, -3357, -2563,  -2314, -3362, -2565,  153, 153, 153
L -2314, -3362, -2565,  -2319, -3339, -2576,  153, 153, 153
L -2319, -3339, -2576,  -2314, -3338, -2575,  153, 153, 153
L -2314, -3338, -2575,  -2310, -3355, -2570,  153, 153, 153
L -2330, -3251, -2549,  -2335, -3251, -2551,  153, 153, 153
L -2335, -3251, -2551,  -2322, -3321, -2571,  153, 153, 153
L -2322, -3321, -2571,  -2318, -3320, -2569,  153, 153, 153
L -2318, -3320, -2569,  -2330, -3250, -2549,  153, 153, 153
L -2336, -3216, -2550,  -2334, -3233, -2550,  153, 153, 153
L -2334, -3233, -2550,  -2338, -3234, -2550,  153, 153, 153
L -2338, -3234, -2550,  -2342, -3212, -2550,  153, 153, 153
L -2342, -3212, -2550,  -2222, -3189, -2532,  153, 153, 153
L -2222, -3189, -2532,  -2218, -3210, -2526,  153, 153, 153
L -2218, -3210, -2526,  -2222, -3212, -2526,  153, 153, 153
L -2222, -3212, -2526,  -2226, -3196, -2530,  153, 153, 153
L -2226, -3196, -2530,  -2336, -3216, -2550,  153, 153, 153
L -1916, -2512, -3780,  -1933, -2507, -3780,  153, 153, 153
L -1933, -2507, -3780,  -1931, -2502, -3780,  153, 153, 153
L -1931, -2502, -3780,  -1910, -2509, -3780,  153, 153, 153
L -1910, -2509, -3780,  -1915, -2538, -3780,  153, 153, 153
L -1915, -2538, -3780,  -1895, -2557, -3780,  153, 153, 153
L -1895, -2557, -3780,  -1901, -2575, -3780,  153, 153, 153
L -1901, -2575, -3780,  -1844, -2595, -3778,  153, 153, 153
L -1844, -2595, -3778,  -1852, -2616, -3777,  153, 153, 153
L -1852, -2616, -3777,  -1856, -2615, -3777,  153, 153, 153
L -1856, -2615, -3777,  -1851, -2598, -3778,  153, 153, 153
L -1851, -2598, -3778,  -1907, -2578, -3780,  153, 153, 153
L -1907, -2578, -3780,  -1902, -2558, -3780,  153, 153, 153
L -1902, -2558, -3780,  -1921, -2541, -3780,  153, 153, 153
L -1921, -2541, -3780,  -1916, -2512, -3780,  153, 153, 153
L -1965, -2496, -3747,  -2002, -2601, -3703,  153, 153, 153
L -2002, -2601, -3703,  -1986, -2607, -3722,  153, 153, 153
L -1986, -2607, -3722,  -1988, -2611, -3720,  153, 153, 153
L -1988, -2611, -3720,  -2009, -2604, -3696,  153, 153, 153
L -2009, -2604, -3696,  -1969, -2489, -3742,  153, 153, 153
L -1969, -2489, -3742,  -1948, -2496, -3767,  153, 153, 153
L -1948, -2496, -3767,  -1949, -2500, -3765,  153, 153, 153
L -1949, -2500, -3765,  -1965, -2496, -3747,  153, 153, 153
L -1902, -2636, -3779,  -1904, -2640, -3778,  153, 153, 153
L -1904, -2640, -3778,  -1971, -2617, -3740,  153, 153, 153
L -1971, -2617, -3740,  -1969, -2613, -3742,  153, 153, 153
L -1969, -2613, -3742,  -1902, -2636, -3779,  153, 153, 153
L -1868, -2647, -3775,  -1862, -2632, -3776,  153, 153, 153
L -1862, -2632, -3776,  -1858, -2633, -3776,  153, 153, 153
L -1858, -2633, -3776,  -1864, -2653, -3773,  153, 153, 153
L -1864, -2653, -3773,  -1886, -2647, -3776,  153, 153, 153
L -1886, -2647, -3776,  -1885, -2642, -3777,  153, 153, 153
L -1885, -2642, -3777,  -1868, -2647, -3775,  153, 153, 153
L -1968, -2440, -3778,  -1966, -2425, -3778,  153, 153, 153
L -1966, -2425, -3778,  -1973, -2424, -3778,  153, 153, 153
L -1973, -2424, -3778,  -1975, -2446, -3774,  153, 153, 153
L -1975, -2446, -3774,  -1953, -2448, -3777,  153, 153, 153
L -1953, -2448, -3777,  -1953, -2441, -3779,  153, 153, 153
L -1953, -2441, -3779,  -1968, -2440, -3778,  153, 153, 153
L -1962, -2392, -3779,  -1965, -2407, -3779,  153, 153, 153
L -1965, -2407, -3779,  -1971, -2406, -3775,  153, 153, 153
L -1971, -2406, -3775,  -1969, -2385, -3775,  153, 153, 153
L -1969, -2385, -3775,  -1908, -2391, -3780,  153, 153, 153
L -1908, -2391, -3780,  -1910, -2413, -3780,  153, 153, 153
L -1910, -2413, -3780,  -1916, -2413, -3780,  153, 153, 153
L -1916, -2413, -3780,  -1915, -2398, -3780,  153, 153, 153
L -1915, -2398, -3780,  -1962, -2392, -3779,  153, 153, 153
L -1920, -2445, -3780,  -1918, -2430, -3780,  153, 153, 153
L -1918, -2430, -3780,  -1912, -2431, -3780,  153, 153, 153
L -1912, -2431, -3780,  -1914, -2452, -3780,  153, 153, 153
L -1914, -2452, -3780,  -1935, -2450, -3780,  153, 153, 153
L -1935, -2450, -3780,  -1935, -2443, -3780,  153, 153, 153
L -1935, -2443, -3780,  -1920, -2445, -3780,  153, 153, 153
L -1975, -2408, -3775,  -1994, -2406, -3775,  153, 153, 153
L -1994, -2406, -3775,  -1992, -2386, -3775,  153, 153, 153
L -1992, -2386, -3775,  -1973, -2388, -3775,  153, 153, 153
L -1973, -2388, -3775,  -1975, -2408, -3775,  153, 153, 153
L -1978, -2431, -3774,  -1977, -2450, -3772,  153, 153, 153
L -1977, -2450, -3772,  -1998, -2451, -3770,  153, 153, 153
L -1998, -2451, -3770,  -1998, -2432, -3774,  153, 153, 153
L -1998, -2432, -3774,  -1978, -2431, -3774,  153, 153, 153
L 297, -1135, -3780,  338, -1166, -3780,  153, 153, 153
L 338, -1166, -3780,  348, -1153, -3780,  153, 153, 153
L 348, -1153, -3780,  352, -1156, -3780,  153, 153, 153
L 352, -1156, -3780,  343, -1170, -3780,  153, 153, 153
L 343, -1170, -3780,  343, -1170, -3780,  153, 153, 153
L 343, -1170, -3780,  347, -1222, -3780,  153, 153, 153
L 347, -1222, -3780,  355, -1228, -3780,  153, 153, 153
L 355, -1228, -3780,  351, -1233, -3780,  153, 153, 153
L 351, -1233, -3780,  342, -1226, -3780,  153, 153, 153
L 342, -1226, -3780,  338, -1174, -3780,  153, 153, 153
L 338, -1174, -3780,  291, -1136, -3780,  153, 153, 153
L 291, -1136, -3780,  305, -1119, -3780,  153, 153, 153
L 305, -1119, -3780,  308, -1122, -3780,  153, 153, 153
L 308, -1122, -3780,  297, -1135, -3780,  153, 153, 153
L 330, -1093, -3780,  319, -1107, -3780,  153, 153, 153
L 319, -1107, -3780,  315, -1104, -3780,  153, 153, 153
L 315, -1104, -3780,  329, -1087, -3780,  153, 153, 153
L 329, -1087, -3780,  377, -1124, -3780,  153, 153, 153
L 377, -1124, -3780,  429, -1114, -3780,  153, 153, 153
L 429, -1114, -3780,  439, -1121, -3780,  153, 153, 153
L 439, -1121, -3780,  437, -1125, -3780,  153, 153, 153
L 437, -1125, -3780,  428, -1119, -3780,  153, 153, 153
L 428, -1119, -3780,  377, -1129, -3780,  153, 153, 153
L 377, -1129, -3780,  375, -1129, -3780,  153, 153, 153
L 375, -1129, -3780,  363, -1143, -3780,  153, 153, 153
L 363, -1143, -3780,  359, -1139, -3780,  153, 153, 153
L 359, -1139, -3780,  370, -1124, -3780,  153, 153, 153
L 370, -1124, -3780,  330, -1093, -3780,  153, 153, 153
L 377, -1246, -3780,  427, -1237, -3780,  153, 153, 153
L 427, -1237, -3780,  438, -1224, -3780,  153, 153, 153
L 438, -1224, -3780,  443, -1227, -3780,  153, 153, 153
L 443, -1227, -3780,  434, -1241, -3780,  153, 153, 153
L 434, -1241, -3780,  474, -1272, -3780,  153, 153, 153
L 474, -1272, -3780,  485, -1259, -3780,  153, 153, 153
L 485, -1259, -3780,  488, -1262, -3780,  153, 153, 153
L 488, -1262, -3780,  475, -1279, -3780,  153, 153, 153
L 475, -1279, -3780,  427, -1243, -3780,  153, 153, 153
L 427, -1243, -3780,  376, -1252, -3780,  153, 153, 153
L 376, -1252, -3780,  366, -1245, -3780,  153, 153, 153
L 366, -1245, -3780,  369, -1240, -3780,  153, 153, 153
L 369, -1240, -3780,  377, -1246, -3780,  153, 153, 153
L 506, -1232, -3780,  496, -1245, -3780,  153, 153, 153
L 496, -1245, -3780,  500, -1248, -3780,  153, 153, 153
L 500, -1248, -3780,  513, -1230, -3780,  153, 153, 153
L 513, -1230, -3780,  466, -1193, -3780,  153, 153, 153
L 466, -1193, -3780,  463, -1140, -3780,  153, 153, 153
L 463, -1140, -3780,  453, -1132, -3780,  153, 153, 153
L 453, -1132, -3780,  450, -1135, -3780,  153, 153, 153
L 450, -1135, -3780,  458, -1142, -3780,  153, 153, 153
L 458, -1142, -3780,  460, -1195, -3780,  153, 153, 153
L 460, -1195, -3780,  460, -1195, -3780,  153, 153, 153
L 460, -1195, -3780,  450, -1210, -3780,  153, 153, 153
L 450, -1210, -3780,  454, -1213, -3780,  153, 153, 153
L 454, -1213, -3780,  465, -1200, -3780,  153, 153, 153
L 465, -1200, -3780,  506, -1232, -3780,  153, 153, 153
L 1608, -2992, -2546,  1659, -2998, -2543,  153, 153, 153
L 1659, -2998, -2543,  1661, -2982, -2543,  153, 153, 153
L 1661, -2982, -2543,  1667, -2982, -2544,  153, 153, 153
L 1667, -2982, -2544,  1665, -2999, -2543,  153, 153, 153
L 1665, -2999, -2543,  1695, -3044, -2545,  153, 153, 153
L 1695, -3044, -2545,  1705, -3046, -2546,  153, 153, 153
L 1705, -3046, -2546,  1704, -3050, -2543,  153, 153, 153
L 1704, -3050, -2543,  1692, -3049, -2543,  153, 153, 153
L 1692, -3049, -2543,  1662, -3004, -2543,  153, 153, 153
L 1662, -3004, -2543,  1602, -2996, -2547,  153, 153, 153
L 1602, -2996, -2547,  1605, -2975, -2545,  153, 153, 153
L 1605, -2975, -2545,  1609, -2975, -2545,  153, 153, 153
L 1609, -2975, -2545,  1608, -2992, -2546,  153, 153, 153
L 1614, -2941, -2545,  1612, -2957, -2544,  153, 153, 153
L 1612, -2957, -2544,  1607, -2956, -2544,  153, 153, 153
L 1607, -2956, -2544,  1610, -2935, -2548,  153, 153, 153
L 1610, -2935, -2548,  1670, -2942, -2545,  153, 153, 153
L 1670, -2942, -2545,  1709, -2907, -2555,  153, 153, 153
L 1709, -2907, -2555,  1721, -2909, -2556,  153, 153, 153
L 1721, -2909, -2556,  1721, -2914, -2555,  153, 153, 153
L 1721, -2914, -2555,  1711, -2913, -2554,  153, 153, 153
L 1711, -2913, -2554,  1672, -2947, -2544,  153, 153, 153
L 1672, -2947, -2544,  1670, -2964, -2544,  153, 153, 153
L 1670, -2964, -2544,  1664, -2964, -2543,  153, 153, 153
L 1664, -2964, -2543,  1665, -2947, -2543,  153, 153, 153
L 1665, -2947, -2543,  1614, -2941, -2545,  153, 153, 153
L 1732, -3048, -2546,  1773, -3013, -2553,  153, 153, 153
L 1773, -3013, -2553,  1776, -2995, -2554,  153, 153, 153
L 1776, -2995, -2554,  1781, -2995, -2555,  153, 153, 153
L 1781, -2995, -2555,  1780, -3014, -2555,  153, 153, 153
L 1780, -3014, -2555,  1830, -3020, -2557,  153, 153, 153
L 1830, -3020, -2557,  1833, -3002, -2562,  153, 153, 153
L 1833, -3002, -2562,  1837, -3004, -2561,  153, 153, 153
L 1837, -3004, -2561,  1834, -3025, -2556,  153, 153, 153
L 1834, -3025, -2556,  1774, -3018, -2553,  153, 153, 153
L 1774, -3018, -2553,  1734, -3053, -2542,  153, 153, 153
L 1734, -3053, -2542,  1723, -3052, -2542,  153, 153, 153
L 1723, -3052, -2542,  1722, -3048, -2545,  153, 153, 153
L 1722, -3048, -2545,  1732, -3048, -2546,  153, 153, 153
L 1749, -2918, -2555,  1739, -2917, -2555,  153, 153, 153
L 1739, -2917, -2555,  1739, -2912, -2556,  153, 153, 153
L 1739, -2912, -2556,  1751, -2913, -2557,  153, 153, 153
L 1751, -2913, -2557,  1782, -2955, -2555,  153, 153, 153
L 1782, -2955, -2555,  1841, -2963, -2572,  153, 153, 153
L 1841, -2963, -2572,  1839, -2985, -2567,  153, 153, 153
L 1839, -2985, -2567,  1834, -2984, -2567,  153, 153, 153
L 1834, -2984, -2567,  1836, -2968, -2570,  153, 153, 153
L 1836, -2968, -2570,  1786, -2962, -2556,  153, 153, 153
L 1786, -2962, -2556,  1784, -2977, -2556,  153, 153, 153
L 1784, -2977, -2556,  1778, -2978, -2554,  153, 153, 153
L 1778, -2978, -2554,  1779, -2961, -2555,  153, 153, 153
L 1779, -2961, -2555,  1779, -2961, -2554,  153, 153, 153
L 1779, -2961, -2554,  1749, -2918, -2555,  153, 153, 153
L 2791, -2606, -2768,  2782, -2595, -2763,  153, 153, 153
L 2782, -2595, -2763,  2787, -2590, -2771,  153, 153, 153
L 2787, -2590, -2771,  2801, -2605, -2778,  153, 153, 153
L 2801, -2605, -2778,  2756, -2648, -2713,  153, 153, 153
L 2756, -2648, -2713,  2741, -2631, -2721,  153, 153, 153
L 2741, -2631, -2721,  2745, -2627, -2724,  153, 153, 153
L 2745, -2627, -2724,  2757, -2638, -2721,  153, 153, 153
L 2757, -2638, -2721,  2791, -2606, -2768,  153, 153, 153
L 2759, -2571, -2754,  2748, -2580, -2747,  153, 153, 153
L 2748, -2580, -2747,  2743, -2576, -2748,  153, 153, 153
L 2743, -2576, -2748,  2759, -2561, -2759,  153, 153, 153
L 2759, -2561, -2759,  2774, -2577, -2764,  153, 153, 153
L 2774, -2577, -2764,  2770, -2581, -2757,  153, 153, 153
L 2770, -2581, -2757,  2759, -2571, -2754,  153, 153, 153
L 2724, -2603, -2730,  2734, -2614, -2727,  153, 153, 153
L 2734, -2614, -2727,  2730, -2619, -2724,  153, 153, 153
L 2730, -2619, -2724,  2715, -2603, -2728,  153, 153, 153
L 2715, -2603, -2728,  2731, -2588, -2739,  153, 153, 153
L 2731, -2588, -2739,  2735, -2592, -2738,  153, 153, 153
L 2735, -2592, -2738,  2724, -2603, -2730,  153, 153, 153
L 3941, -1962, -2618,  3928, -1916, -2648,  153, 153, 153
L 3928, -1916, -2648,  3914, -1920, -2654,  153, 153, 153
L 3914, -1920, -2654,  3913, -1913, -2656,  153, 153, 153
L 3913, -1913, -2656,  3933, -1908, -2648,  153, 153, 153
L 3933, -1908, -2648,  3949, -1967, -2612,  153, 153, 153
L 3949, -1967, -2612,  3929, -1973, -2629,  153, 153, 153
L 3929, -1973, -2629,  3926, -1967, -2632,  153, 153, 153
L 3926, -1967, -2632,  3941, -1962, -2618,  153, 153, 153
L 3895, -1974, -2646,  3909, -1971, -2646,  153, 153, 153
L 3909, -1971, -2646,  3911, -1977, -2645,  153, 153, 153
L 3911, -1977, -2645,  3890, -1983, -2645,  153, 153, 153
L 3890, -1983, -2645,  3884, -1961, -2638,  153, 153, 153
L 3884, -1961, -2638,  3891, -1960, -2642,  153, 153, 153
L 3891, -1960, -2642,  3894, -1972, -2646,  153, 153, 153
L 3883, -1928, -2628,  3886, -1943, -2628,  153, 153, 153
L 3886, -1943, -2628,  3880, -1945, -2623,  153, 153, 153
L 3880, -1945, -2623,  3874, -1924, -2620,  153, 153, 153
L 3874, -1924, -2620,  3895, -1918, -2641,  153, 153, 153
L 3895, -1918, -2641,  3897, -1923, -2642,  153, 153, 153
L 3897, -1923, -2642,  3883, -1928, -2628,  153, 153, 153
L 3054, -252, -3722,  3071, -257, -3727,  153, 153, 153
L 3071, -257, -3727,  3070, -262, -3726,  153, 153, 153
L 3070, -262, -3726,  3050, -258, -3722,  153, 153, 153
L 3050, -258, -3722,  3027, -220, -3730,  153, 153, 153
L 3027, -220, -3730,  3038, -178, -3745,  153, 153, 153
L 3038, -178, -3745,  3075, -155, -3756,  153, 153, 153
L 3075, -155, -3756,  3095, -160, -3759,  153, 153, 153
L 3095, -160, -3759,  3094, -166, -3757,  153, 153, 153
L 3094, -166, -3757,  3076, -162, -3754,  153, 153, 153
L 3076, -162, -3754,  3043, -182, -3744,  153, 153, 153
L 3043, -182, -3744,  3034, -219, -3731,  153, 153, 153
L 3034, -219, -3731,  3054, -252, -3722,  153, 153, 153
L 3108, -266, -3748,  3141, -246, -3768,  153, 153, 153
L 3141, -246, -3768,  3144, -236, -3769,  153, 153, 153
L 3144, -236, -3769,  3149, -238, -3773,  153, 153, 153
L 3149, -238, -3773,  3147, -250, -3771,  153, 153, 153
L 3147, -250, -3771,  3109, -272, -3749,  153, 153, 153
L 3109, -272, -3749,  3087, -267, -3736,  153, 153, 153
L 3087, -267, -3736,  3088, -262, -3737,  153, 153, 153
L 3088, -262, -3737,  3108, -266, -3748,  153, 153, 153
L 3150, -209, -3773,  3130, -176, -3762,  153, 153, 153
L 3130, -176, -3762,  3111, -170, -3759,  153, 153, 153
L 3111, -170, -3759,  3112, -165, -3762,  153, 153, 153
L 3112, -165, -3762,  3134, -170, -3765,  153, 153, 153
L 3134, -170, -3765,  3157, -208, -3777,  153, 153, 153
L 3157, -208, -3777,  3153, -220, -3775,  153, 153, 153
L 3153, -220, -3775,  3148, -219, -3772,  153, 153, 153
L 3148, -219, -3772,  3150, -209, -3773,  153, 153, 153
L 2591, 1440, -3778,  2570, 1440, -3778,  153, 153, 153
L 2570, 1440, -3778,  2570, 1460, -3778,  153, 153, 153
L 2570, 1460, -3778,  2591, 1459, -3778,  153, 153, 153
L 2591, 1459, -3778,  2590, 1440, -3778,  153, 153, 153
L 2540, 1440, -3778,  2521, 1440, -3778,  153, 153, 153
L 2521, 1440, -3778,  2520, 1459, -3778,  153, 153, 153
L 2520, 1459, -3778,  2541, 1459, -3778,  153, 153, 153
L 2541, 1459, -3778,  2541, 1440, -3778,  153, 153, 153
L 2532, 1468, -3780,  2532, 1485, -3780,  153, 153, 153
L 2532, 1485, -3780,  2549, 1485, -3780,  153, 153, 153
L 2549, 1485, -3780,  2549, 1468, -3780,  153, 153, 153
L 2549, 1468, -3780,  2532, 1467, -3780,  153, 153, 153
L 2570, 1490, -3778,  2570, 1509, -3778,  153, 153, 153
L 2570, 1509, -3778,  2590, 1510, -3778,  153, 153, 153
L 2590, 1510, -3778,  2591, 1490, -3778,  153, 153, 153
L 2591, 1490, -3778,  2570, 1490, -3778,  153, 153, 153
L 2541, 1490, -3778,  2520, 1490, -3778,  153, 153, 153
L 2520, 1490, -3778,  2520, 1509, -3778,  153, 153, 153
L 2520, 1509, -3778,  2541, 1509, -3778,  153, 153, 153
L 2541, 1509, -3778,  2541, 1490, -3778,  153, 153, 153
L -2646, 2585, -483,  -2636, 2580, -542,  153, 153, 153
L -2636, 2580, -542,  -2630, 2573, -524,  153, 153, 153
L -2630, 2573, -524,  -2629, 2566, -525,  153, 153, 153
L -2629, 2566, -525,  -2627, 2564, -518,  153, 153, 153
L -2627, 2564, -518,  -2616, 2555, -597,  153, 153, 153
L -2616, 2555, -597,  -2608, 2543, -631,  153, 153, 153
L -2608, 2543, -631,  -2610, 2539, -625,  153, 153, 153
L -2610, 2539, -625,  -2644, 2534, -553,  153, 153, 153
L -2644, 2534, -553,  -2663, 2527, -530,  153, 153, 153
L -2663, 2527, -530,  -2668, 2526, -505,  153, 153, 153
L -2668, 2526, -505,  -2678, 2532, -411,  153, 153, 153
L -2678, 2532, -411,  -2687, 2534, -339,  153, 153, 153
L -2687, 2534, -339,  -2689, 2545, -278,  153, 153, 153
L -2689, 2545, -278,  -2695, 2555, -193,  153, 153, 153
L -2695, 2555, -193,  -2694, 2575, -192,  153, 153, 153
L -2694, 2575, -192,  -2679, 2587, -278,  153, 153, 153
L -2679, 2587, -278,  -2663, 2609, -370,  153, 153, 153
L -2663, 2609, -370,  -2653, 2595, -435,  153, 153, 153
L -2653, 2595, -435,  -2646, 2586, -482,  153, 153, 153
L -2410, 1437, -3780,  -2410, 1422, -3780,  153, 153, 153
L -2410, 1422, -3780,  -2416, 1422, -3780,  153, 153, 153
L -2416, 1422, -3780,  -2417, 1444, -3780,  153, 153, 153
L -2417, 1444, -3780,  -2396, 1444, -3780,  153, 153, 153
L -2396, 1444, -3780,  -2395, 1438, -3780,  153, 153, 153
L -2395, 1438, -3780,  -2410, 1437, -3780,  153, 153, 153
L -2410, 1389, -3780,  -2410, 1403, -3780,  153, 153, 153
L -2410, 1403, -3780,  -2416, 1404, -3780,  153, 153, 153
L -2416, 1404, -3780,  -2417, 1383, -3780,  153, 153, 153
L -2417, 1383, -3780,  -2359, 1382, -3780,  153, 153, 153
L -2359, 1382, -3780,  -2358, 1381, -3780,  153, 153, 153
L -2358, 1381, -3780,  -2298, 1381, -3780,  153, 153, 153
L -2298, 1381, -3780,  -2265, 1345, -3780,  153, 153, 153
L -2265, 1345, -3780,  -2272, 1345, -3780,  153, 153, 153
L -2272, 1345, -3780,  -2304, 1314, -3780,  153, 153, 153
L -2304, 1314, -3780,  -2304, 1302, -3780,  153, 153, 153
L -2304, 1302, -3780,  -2299, 1300, -3780,  153, 153, 153
L -2299, 1300, -3780,  -2298, 1311, -3780,  153, 153, 153
L -2298, 1311, -3780,  -2271, 1338, -3780,  153, 153, 153
L -2271, 1338, -3780,  -2251, 1338, -3780,  153, 153, 153
L -2251, 1338, -3780,  -2250, 1347, -3780,  153, 153, 153
L -2250, 1347, -3780,  -2261, 1348, -3780,  153, 153, 153
L -2261, 1348, -3780,  -2295, 1386, -3780,  153, 153, 153
L -2295, 1386, -3780,  -2296, 1387, -3780,  153, 153, 153
L -2296, 1387, -3780,  -2297, 1403, -3780,  153, 153, 153
L -2297, 1403, -3780,  -2302, 1403, -3780,  153, 153, 153
L -2302, 1403, -3780,  -2303, 1387, -3780,  153, 153, 153
L -2303, 1387, -3780,  -2354, 1386, -3780,  153, 153, 153
L -2354, 1386, -3780,  -2354, 1403, -3780,  153, 153, 153
L -2354, 1403, -3780,  -2361, 1404, -3780,  153, 153, 153
L -2361, 1404, -3780,  -2362, 1389, -3780,  153, 153, 153
L -2362, 1389, -3780,  -2410, 1389, -3780,  153, 153, 153
L -2362, 1437, -3780,  -2377, 1437, -3780,  153, 153, 153
L -2377, 1437, -3780,  -2377, 1443, -3780,  153, 153, 153
L -2377, 1443, -3780,  -2298, 1444, -3780,  153, 153, 153
L -2298, 1444, -3780,  -2262, 1484, -3780,  153, 153, 153
L -2262, 1484, -3780,  -2251, 1484, -3780,  153, 153, 153
L -2251, 1484, -3780,  -2250, 1480, -3780,  153, 153, 153
L -2250, 1480, -3780,  -2260, 1479, -3780,  153, 153, 153
L -2260, 1479, -3780,  -2295, 1440, -3780,  153, 153, 153
L -2295, 1440, -3780,  -2296, 1439, -3780,  153, 153, 153
L -2296, 1439, -3780,  -2298, 1420, -3780,  153, 153, 153
L -2298, 1420, -3780,  -2302, 1420, -3780,  153, 153, 153
L -2302, 1420, -3780,  -2303, 1439, -3780,  153, 153, 153
L -2303, 1439, -3780,  -2354, 1439, -3780,  153, 153, 153
L -2354, 1439, -3780,  -2354, 1421, -3780,  153, 153, 153
L -2354, 1421, -3780,  -2362, 1421, -3780,  153, 153, 153
L -2362, 1421, -3780,  -2362, 1437, -3780,  153, 153, 153
L -2223, 1348, -3780,  -2188, 1385, -3780,  153, 153, 153
L -2188, 1385, -3780,  -2188, 1403, -3780,  153, 153, 153
L -2188, 1403, -3780,  -2182, 1404, -3780,  153, 153, 153
L -2182, 1404, -3780,  -2181, 1387, -3780,  153, 153, 153
L -2181, 1387, -3780,  -2130, 1387, -3780,  153, 153, 153
L -2130, 1387, -3780,  -2130, 1403, -3780,  153, 153, 153
L -2130, 1403, -3780,  -2125, 1402, -3780,  153, 153, 153
L -2125, 1402, -3780,  -2125, 1382, -3780,  153, 153, 153
L -2125, 1382, -3780,  -2185, 1381, -3780,  153, 153, 153
L -2185, 1381, -3780,  -2217, 1345, -3780,  153, 153, 153
L -2217, 1345, -3780,  -2212, 1345, -3780,  153, 153, 153
L -2212, 1345, -3780,  -2181, 1313, -3780,  153, 153, 153
L -2181, 1313, -3780,  -2181, 1270, -3780,  153, 153, 153
L -2181, 1270, -3780,  -2212, 1239, -3780,  153, 153, 153
L -2212, 1239, -3780,  -2233, 1240, -3780,  153, 153, 153
L -2233, 1240, -3780,  -2233, 1245, -3780,  153, 153, 153
L -2233, 1245, -3780,  -2215, 1246, -3780,  153, 153, 153
L -2215, 1246, -3780,  -2188, 1273, -3780,  153, 153, 153
L -2188, 1273, -3780,  -2188, 1311, -3780,  153, 153, 153
L -2188, 1311, -3780,  -2215, 1338, -3780,  153, 153, 153
L -2215, 1338, -3780,  -2232, 1338, -3780,  153, 153, 153
L -2232, 1338, -3780,  -2233, 1347, -3780,  153, 153, 153
L -2233, 1347, -3780,  -2223, 1348, -3780,  153, 153, 153
L -2298, 1273, -3780,  -2271, 1246, -3780,  153, 153, 153
L -2271, 1246, -3780,  -2251, 1246, -3780,  153, 153, 153
L -2251, 1246, -3780,  -2250, 1240, -3780,  153, 153, 153
L -2250, 1240, -3780,  -2273, 1239, -3780,  153, 153, 153
L -2273, 1239, -3780,  -2304, 1270, -3780,  153, 153, 153
L -2304, 1270, -3780,  -2304, 1283, -3780,  153, 153, 153
L -2304, 1283, -3780,  -2299, 1283, -3780,  153, 153, 153
L -2299, 1283, -3780,  -2298, 1273, -3780,  153, 153, 153
L -2130, 1438, -3780,  -2181, 1439, -3780,  153, 153, 153
L -2181, 1439, -3780,  -2182, 1422, -3780,  153, 153, 153
L -2182, 1422, -3780,  -2187, 1421, -3780,  153, 153, 153
L -2187, 1421, -3780,  -2188, 1439, -3780,  153, 153, 153
L -2188, 1439, -3780,  -2222, 1479, -3780,  153, 153, 153
L -2222, 1479, -3780,  -2233, 1480, -3780,  153, 153, 153
L -2233, 1480, -3780,  -2233, 1483, -3780,  153, 153, 153
L -2233, 1483, -3780,  -2220, 1484, -3780,  153, 153, 153
L -2220, 1484, -3780,  -2185, 1444, -3780,  153, 153, 153
L -2185, 1444, -3780,  -2126, 1444, -3780,  153, 153, 153
L -2126, 1444, -3780,  -2125, 1422, -3780,  153, 153, 153
L -2125, 1422, -3780,  -2129, 1421, -3780,  153, 153, 153
L -2129, 1421, -3780,  -2130, 1438, -3780,  153, 153, 153
P 4148, -7050, 0, 255, 255, 0, 2, Chardok
P 794, 5037, 0, 255, 255, 0, 2, Dreadlands
P 4649, 2880, 0, 255, 255, 0, 2, Frontier Mountains
P -1857, -5046, 0, 255, 255, 0, 2, Skyfire
P -2646, 2586, 0, 255, 255, 255, 2, Hornet Nest
P -1211, -831, 0, 255, 255, 255, 2, Giant Fort
P 821, 4942, 0, 255, 255, 255, 2, Succor Point
