L 1299.6218, -1351.9553, 87.3760,  1295.7949, -1344.6327, 87.9290,  100, 50, 0
L 1270.0767, -1369.2998, 88.8314,  1299.6218, -1351.9553, 87.3760,  100, 50, 0
L 1253.4745, -1341.8989, 90.5322,  1270.0767, -1369.2998, 88.8314,  100, 50, 0
L 1284.3823, -1325.5919, 89.7300,  1253.4745, -1341.8989, 90.5322,  100, 50, 0
L 1288.2203, -1332.0007, 89.1643,  1284.3823, -1325.5919, 89.7300,  100, 50, 0
L 1310.8496, -1363.5378, 87.3760,  1317.8734, -1369.9769, 87.3760,  100, 50, 0
L 1288.1951, -1385.1674, 87.3760,  1310.8496, -1363.5378, 87.3760,  100, 50, 0
L 1309.9841, -1408.8766, 87.3760,  1288.1951, -1385.1674, 87.3760,  100, 50, 0
L 1333.2620, -1387.4265, 87.3760,  1309.9841, -1408.8766, 87.3760,  100, 50, 0
L 1327.7648, -1380.8903, 87.3760,  1333.2620, -1387.4265, 87.3760,  100, 50, 0
L 1356.4183, -1402.9053, 87.3760,  1365.2583, -1400.8821, 87.3760,  100, 50, 0
L 1365.3958, -1453.4948, 87.3760,  1356.4183, -1402.9053, 87.3760,  100, 50, 0
L 1397.0668, -1447.0156, 87.3760,  1365.3958, -1453.4948, 87.3760,  100, 50, 0
L 1387.4061, -1397.1183, 87.3760,  1397.0668, -1447.0156, 87.3760,  100, 50, 0
L 1379.7681, -1398.3644, 87.3760,  1387.4061, -1397.1183, 87.3760,  100, 50, 0
L 1380.9603, -1390.4709, 87.3760,  1380.9603, -1390.4709, 87.3760,  100, 50, 0
L -938.9927, -1808.5248, 203.7165,  -1587.0144, -1788.3336, 204.7374,  0, 125, 0
L -1587.0144, -1788.3336, 204.7374,  -1790.1909, -1400.9714, 203.4406,  0, 125, 0
L -1790.1909, -1400.9714, 203.4406,  -1852.7177, -684.8282, 254.3487,  0, 125, 0
L -1852.7177, -684.8282, 254.3487,  -1886.7711, -545.5510, 252.9413,  0, 125, 0
L -1886.7711, -545.5510, 252.9413,  -1968.5928, -198.2587, 121.4715,  0, 125, 0
L -1968.5928, -198.2587, 121.4715,  -1927.9612, -171.0978, 109.9333,  64, 64, 64
L -1927.9612, -171.0978, 109.9333,  -1921.6731, -144.7980, 102.0702,  64, 64, 64
L -1921.6731, -144.7980, 102.0702,  -1929.7034, -116.6144, 94.4973,  64, 64, 64
L -1929.7034, -116.6144, 94.4973,  -1953.2687, -95.5778, 91.2164,  64, 64, 64
L -1953.2687, -95.5778, 91.2164,  -1976.6250, -89.8373, 90.3184,  64, 64, 64
L -1976.6250, -89.8373, 90.3184,  -1976.6250, -23.2198, 85.5010,  64, 64, 64
L -1976.6250, -23.2198, 85.5010,  -2049.3628, -23.6183, 86.6260,  64, 64, 64
L -2049.3628, -23.6183, 86.6260,  -2049.3733, -97.1250, 86.6260,  64, 64, 64
L -2049.3733, -97.1250, 86.6260,  -2240.6248, -97.1250, 86.6260,  64, 64, 64
L -2240.6250, 94.1250, 86.6260,  -2049.3750, 94.1250, 86.6260,  64, 64, 64
L -2049.3750, 94.1250, 86.6260,  -2048.9744, 20.1250, 86.6260,  64, 64, 64
L -2048.9744, 20.1250, 86.6260,  -1976.6250, 20.1356, 85.5010,  64, 64, 64
L -1976.6250, 20.1356, 85.5010,  -1976.6216, 59.5882, 85.5010,  64, 64, 64
L -1976.6216, 59.5882, 85.5010,  -1948.4731, 67.2575, 85.5010,  64, 64, 64
L -1948.4731, 67.2575, 85.5010,  -1928.8639, 87.8328, 86.6207,  64, 64, 64
L -1928.8639, 87.8328, 86.6207,  -1921.8051, 116.1464, 88.6572,  64, 64, 64
L -1921.8051, 116.1464, 88.6572,  -1931.4565, 144.9870, 92.4462,  64, 64, 64
L -1931.4565, 144.9870, 92.4462,  -1955.7341, 165.1556, 94.9072,  64, 64, 64
L -1955.7341, 165.1556, 94.9072,  -1973.1727, 169.2369, 94.2960,  64, 64, 64
L -1973.1727, 169.2369, 94.2960,  -1946.8422, 362.1140, 170.3712,  64, 64, 64
L -1946.8422, 362.1140, 170.3712,  -1919.9668, 424.6593, 220.1515,  0, 125, 0
L -1919.9668, 424.6593, 220.1515,  -1884.2849, 507.7461, 254.7758,  0, 125, 0
L -1884.2849, 507.7461, 254.7758,  -1889.2538, 703.9388, 292.7668,  0, 125, 0
L -1889.2538, 703.9388, 292.7668,  -1878.2596, 857.2357, 289.9038,  0, 125, 0
L -1878.2596, 857.2357, 289.9038,  -1784.2367, 1231.7610, 358.4125,  0, 125, 0
L -1784.2367, 1231.7610, 358.4125,  -1733.6833, 1323.8876, 345.5254,  0, 125, 0
L -1733.6833, 1323.8876, 345.5254,  -1672.7021, 1401.7845, 347.4655,  0, 125, 0
L -1672.7021, 1401.7845, 347.4655,  -1592.3307, 1473.1384, 350.5388,  0, 125, 0
L -1592.3307, 1473.1384, 350.5388,  -1467.5961, 1557.4156, 365.9867,  0, 125, 0
L -1467.5961, 1557.4156, 365.9867,  -1274.3275, 1630.1649, 352.3252,  0, 125, 0
L -1274.3275, 1630.1649, 352.3252,  -1084.6232, 1726.2090, 309.9557,  0, 125, 0
L -1084.6232, 1726.2090, 309.9557,  -971.8917, 1769.8790, 295.0909,  0, 125, 0
L -971.8917, 1769.8790, 295.0909,  -777.0111, 1794.0695, 249.3616,  0, 125, 0
L -777.0111, 1794.0695, 249.3616,  -478.6706, 1817.4088, 253.2915,  0, 125, 0
L -478.6706, 1817.4088, 253.2915,  -223.2619, 1846.1829, 193.2320,  0, 125, 0
L -223.2619, 1846.1829, 193.2320,  35.9676, 1842.1697, 184.7011,  0, 125, 0
L 35.9676, 1842.1697, 184.7011,  182.2805, 1835.3202, 194.6973,  0, 125, 0
L 182.2805, 1835.3202, 194.6973,  307.6393, 1823.3774, 225.8028,  0, 125, 0
L 307.6393, 1823.3774, 225.8028,  496.0520, 1807.9294, 173.2239,  0, 125, 0
L 496.0520, 1807.9294, 173.2239,  773.8907, 1821.3588, 187.7913,  0, 125, 0
L 773.8907, 1821.3588, 187.7913,  840.8437, 1822.7299, 182.4222,  0, 125, 0
L 917.5297, 1821.4672, 173.9134,  945.1053, 1819.8822, 165.3108,  0, 125, 0
L 945.1053, 1819.8822, 165.3108,  1103.9681, 1815.2656, 159.7537,  0, 125, 0
L 1103.9681, 1815.2656, 159.7537,  1241.5767, 1805.9503, 159.6221,  0, 125, 0
L 1241.5767, 1805.9503, 159.6221,  1306.4736, 1786.0415, 160.8326,  0, 125, 0
L 1306.4736, 1786.0415, 160.8326,  1538.4386, 1717.8688, 192.6091,  0, 125, 0
L 1538.4386, 1717.8688, 192.6091,  1564.9639, 1696.4565, 198.5152,  0, 125, 0
L 1564.9639, 1696.4565, 198.5152,  1589.5626, 1655.6769, 190.5737,  0, 125, 0
L 1589.5626, 1655.6769, 190.5737,  1640.7520, 1567.3884, 175.0724,  0, 125, 0
L 1640.7520, 1567.3884, 175.0724,  1683.5070, 1487.0702, 208.7856,  0, 125, 0
L 1683.5070, 1487.0702, 208.7856,  1699.8235, 1436.7006, 237.2165,  0, 125, 0
L 1699.8235, 1436.7006, 237.2165,  1729.1666, 1312.1648, 272.1501,  0, 125, 0
L 1729.1666, 1312.1648, 272.1501,  1741.2894, 1203.2969, 249.0772,  0, 125, 0
L 1741.2894, 1203.2969, 249.0772,  1785.8315, 1046.2363, 228.6792,  0, 125, 0
L 1785.8315, 1046.2363, 228.6792,  1787.2258, 859.8580, 195.9156,  0, 125, 0
L 1787.2258, 859.8580, 195.9156,  1790.8650, 813.5937, 203.1561,  0, 125, 0
L 1786.4104, 747.8439, 197.2957,  1755.5637, 643.7936, 174.5692,  0, 125, 0
L 1755.5637, 643.7936, 174.5692,  1733.9061, 544.7376, 215.3367,  0, 125, 0
L 1733.9061, 544.7376, 215.3367,  1686.3425, 462.5363, 229.4152,  0, 125, 0
L 1686.3425, 462.5363, 229.4152,  1611.6331, 372.7061, 221.8168,  0, 125, 0
L 1611.6331, 372.7061, 221.8168,  1558.4655, 281.0520, 238.1201,  0, 125, 0
L 1558.4655, 281.0520, 238.1201,  1539.7373, 234.6115, 242.7380,  0, 125, 0
L 1539.7373, 234.6115, 242.7380,  1511.8304, 154.3456, 239.8897,  0, 125, 0
L 1511.8304, 154.3456, 239.8897,  1488.1700, 106.3706, 232.0470,  0, 125, 0
L 1488.1700, 106.3706, 232.0470,  1461.9410, 38.0742, 209.9969,  0, 125, 0
L 1461.9410, 38.0742, 209.9969,  1450.8134, -90.0546, 217.0245,  0, 125, 0
L 1450.8134, -90.0546, 217.0245,  1463.1761, -186.5190, 231.8094,  0, 125, 0
L 1463.1761, -186.5190, 231.8094,  1485.7958, -279.8454, 220.4570,  0, 125, 0
L 1485.7958, -279.8454, 220.4570,  1541.3352, -365.0555, 235.9554,  0, 125, 0
L 1541.3352, -365.0555, 235.9554,  1577.1096, -443.7432, 235.2832,  0, 125, 0
L 1577.1096, -443.7432, 235.2832,  1714.6509, -630.3937, 243.0236,  0, 125, 0
L 1714.6509, -630.3937, 243.0236,  1746.0796, -721.4293, 223.4386,  0, 125, 0
L 1746.0796, -721.4293, 223.4386,  1758.7920, -804.9612, 252.3034,  0, 125, 0
L 1758.7920, -804.9612, 252.3034,  1771.0801, -884.7429, 253.4881,  0, 125, 0
L 1771.0801, -884.7429, 253.4881,  1787.7037, -980.0577, 188.3358,  0, 125, 0
L 1787.7037, -980.0577, 188.3358,  1794.3413, -1090.8568, 148.9874,  0, 125, 0
L 1773.7758, -1105.4305, 135.7694,  1803.1427, -1229.6757, 161.9030,  0, 125, 0
L 1803.1427, -1229.6757, 161.9030,  1772.9427, -1292.4406, 175.6855,  0, 125, 0
L 1772.9427, -1292.4406, 175.6855,  1763.9667, -1330.8149, 188.5145,  0, 125, 0
L 1763.9667, -1330.8149, 188.5145,  1762.4069, -1410.5524, 195.4787,  0, 125, 0
L 1762.4069, -1410.5524, 195.4787,  1753.1272, -1492.1735, 173.4952,  0, 125, 0
L 1753.1272, -1492.1735, 173.4952,  1735.0457, -1542.9700, 161.7571,  0, 125, 0
L 1735.0457, -1542.9700, 161.7571,  1622.8044, -1655.1031, 186.7401,  0, 125, 0
L 1622.8044, -1655.1031, 186.7401,  1439.6478, -1774.9567, 241.7849,  0, 125, 0
L 1439.6478, -1774.9567, 241.7849,  1365.0144, -1768.9374, 259.2164,  0, 125, 0
L 1365.0144, -1768.9374, 259.2164,  1318.5389, -1767.8313, 264.8368,  0, 125, 0
L 1318.5389, -1767.8313, 264.8368,  1264.3540, -1770.0858, 256.9520,  0, 125, 0
L 1264.3540, -1770.0858, 256.9520,  1180.4741, -1775.5580, 232.4449,  0, 125, 0
L 1180.4741, -1775.5580, 232.4449,  1111.1100, -1784.9724, 232.5212,  0, 125, 0
L 1111.1100, -1784.9724, 232.5212,  1038.7294, -1794.7958, 262.3443,  0, 125, 0
L 1038.7294, -1794.7958, 262.3443,  1007.1327, -1798.6687, 267.4697,  0, 125, 0
L 1007.1327, -1798.6687, 267.4697,  973.5545, -1802.4044, 271.5929,  0, 125, 0
L 973.5545, -1802.4044, 271.5929,  918.8177, -1808.4944, 261.7045,  0, 125, 0
L 918.8177, -1808.4944, 261.7045,  819.9714, -1813.3690, 223.4337,  0, 125, 0
L 819.9714, -1813.3690, 223.4337,  752.7783, -1814.0569, 245.0525,  0, 125, 0
L 752.7783, -1814.0569, 245.0525,  714.1506, -1817.3654, 259.2021,  0, 125, 0
L 714.1506, -1817.3654, 259.2021,  669.4091, -1821.9342, 259.0139,  0, 125, 0
L 669.4091, -1821.9342, 259.0139,  618.7006, -1827.1123, 240.8888,  0, 125, 0
L 618.7006, -1827.1123, 240.8888,  547.7326, -1834.1210, 203.3825,  0, 125, 0
L 547.7326, -1834.1210, 203.3825,  486.9317, -1837.9952, 190.5303,  0, 125, 0
L 486.9317, -1837.9952, 190.5303,  417.3309, -1834.0128, 186.0963,  0, 125, 0
L 417.3309, -1834.0128, 186.0963,  356.4474, -1824.7228, 175.0091,  0, 125, 0
L 356.4474, -1824.7228, 175.0091,  291.6389, -1815.3188, 153.2980,  0, 125, 0
L 291.6389, -1815.3188, 153.2980,  243.3698, -1777.3099, 109.7024,  0, 125, 0
L 111.7040, -1790.9755, 122.9761,  79.8536, -1794.9395, 123.0403,  0, 125, 0
L 79.8536, -1794.9395, 123.0403,  -22.0155, -1846.4744, 159.9265,  0, 125, 0
L -22.0155, -1846.4744, 159.9265,  -81.1131, -1840.5562, 134.5509,  0, 125, 0
L -81.1131, -1840.5562, 134.5509,  -170.1107, -1834.6868, 181.8174,  0, 125, 0
L -170.1107, -1834.6868, 181.8174,  -223.5745, -1834.6868, 227.3750,  0, 125, 0
L -223.5745, -1834.6868, 227.3750,  -282.4501, -1834.6864, 259.6747,  0, 125, 0
L -282.4501, -1834.6864, 259.6747,  -338.2370, -1830.4926, 254.3368,  0, 125, 0
L -338.2370, -1830.4926, 254.3368,  -408.9005, -1825.0654, 215.4270,  0, 125, 0
L -408.9005, -1825.0654, 215.4270,  -506.6496, -1818.7173, 163.2949,  0, 125, 0
L -506.6496, -1818.7173, 163.2949,  -583.1262, -1818.7177, 170.7734,  0, 125, 0
L -583.1262, -1818.7177, 170.7734,  -648.3560, -1812.2518, 189.3705,  0, 125, 0
L -648.3560, -1812.2518, 189.3705,  -715.2286, -1802.7122, 215.4223,  0, 125, 0
L -715.2286, -1802.7122, 215.4223,  -775.2417, -1806.2349, 221.7429,  0, 125, 0
L -775.2417, -1806.2349, 221.7429,  -842.0576, -1810.0940, 222.8956,  0, 125, 0
L -842.0576, -1810.0940, 222.8956,  -936.5538, -1808.5674, 203.7833,  0, 125, 0
L -2092.6240, 50.8867, 86.6260,  -2092.7896, -53.8104, 86.6260,  64, 64, 64
L -2092.7896, -53.8104, 86.6260,  -2197.0757, -53.8672, 86.6260,  64, 64, 64
L -2197.0757, -53.8672, 86.6260,  -2197.1980, 50.8183, 86.6260,  64, 64, 64
L -2197.1980, 50.8183, 86.6260,  -2092.6240, 50.8867, 86.6260,  64, 64, 64
L -1373.6260, 1113.5851, 71.7867,  -1374.2034, 1138.3307, 71.3911,  0, 0, 255
L -1374.2034, 1138.3307, 71.3911,  -1381.1921, 1171.0095, 71.9188,  0, 0, 255
L -1381.1921, 1171.0095, 71.9188,  -1382.5203, 1190.4507, 71.8484,  0, 0, 255
L -1382.5203, 1190.4507, 71.8484,  -1380.2847, 1250.5654, 72.5860,  0, 0, 255
L -1380.2847, 1250.5654, 72.5860,  -1375.0365, 1266.3167, 72.5380,  0, 0, 255
L -1375.0365, 1266.3167, 72.5380,  -1360.3511, 1305.1068, 72.2631,  0, 0, 255
L -1360.3511, 1305.1068, 72.2631,  -1345.3616, 1326.3851, 72.4078,  0, 0, 255
L -1345.3616, 1326.3851, 72.4078,  -1326.0476, 1351.1245, 72.1461,  0, 0, 255
L -1326.0476, 1351.1245, 72.1461,  -1295.3083, 1380.6051, 71.7805,  0, 0, 255
L -1295.3083, 1380.6051, 71.7805,  -1270.4080, 1396.1106, 71.8934,  0, 0, 255
L -1270.4080, 1396.1106, 71.8934,  -1250.8331, 1404.8351, 71.9790,  0, 0, 255
L -1250.8331, 1404.8351, 71.9790,  -1220.8898, 1415.5635, 71.3330,  0, 0, 255
L -1220.8898, 1415.5635, 71.3330,  -1198.5472, 1422.1244, 71.8791,  0, 0, 255
L -1198.5472, 1422.1244, 71.8791,  -1177.5830, 1421.8644, 71.8339,  0, 0, 255
L -1177.5830, 1421.8644, 71.8339,  -1160.2797, 1418.8619, 70.8583,  0, 0, 255
L -1160.2797, 1418.8619, 70.8583,  -1137.3760, 1412.5321, 70.6291,  0, 0, 255
L -1137.3760, 1412.5321, 70.6291,  -1096.5702, 1401.2517, 71.6637,  0, 0, 255
L -1096.5702, 1401.2517, 71.6637,  -1065.9410, 1391.6667, 72.2648,  0, 0, 255
L -1065.9410, 1391.6667, 72.2648,  -1037.6162, 1375.9860, 71.4913,  0, 0, 255
L -1037.6162, 1375.9860, 71.4913,  -1014.4713, 1355.4803, 71.1465,  0, 0, 255
L -1014.4713, 1355.4803, 71.1465,  -996.1851, 1327.3817, 70.9365,  0, 0, 255
L -996.1851, 1327.3817, 70.9365,  -990.6412, 1324.1509, 72.5302,  0, 0, 255
L -990.6412, 1324.1509, 72.5302,  -985.1347, 1299.9292, 70.9091,  0, 0, 255
L -985.1347, 1299.9292, 70.9091,  -984.3038, 1258.0319, 71.1740,  0, 0, 255
L -984.3038, 1258.0319, 71.1740,  -987.2560, 1237.1563, 71.5883,  0, 0, 255
L -987.2560, 1237.1563, 71.5883,  -994.2106, 1211.2471, 71.6849,  0, 0, 255
L -994.2106, 1211.2471, 71.6849,  -1003.8795, 1192.5347, 71.7559,  0, 0, 255
L -1003.8795, 1192.5347, 71.7559,  -1008.1287, 1185.9589, 71.8549,  0, 0, 255
L -1008.1287, 1185.9589, 71.8549,  -1020.2004, 1167.4608, 72.2715,  0, 0, 255
L -1020.2004, 1167.4608, 72.2715,  -1041.2509, 1151.1045, 72.5289,  0, 0, 255
L -1041.2509, 1151.1045, 72.5289,  -1054.0123, 1140.6729, 70.9741,  0, 0, 255
L -1054.0123, 1140.6729, 70.9741,  -1069.4946, 1121.9857, 71.2278,  0, 0, 255
L -1069.4946, 1121.9857, 71.2278,  -1093.7662, 1102.5758, 71.9919,  0, 0, 255
L -1093.7662, 1102.5758, 71.9919,  -1111.8191, 1086.4065, 72.2274,  0, 0, 255
L -1111.8191, 1086.4065, 72.2274,  -1131.1576, 1077.3145, 71.3295,  0, 0, 255
L -1131.1576, 1077.3145, 71.3295,  -1162.2551, 1057.4189, 71.6898,  0, 0, 255
L -1162.2551, 1057.4189, 71.6898,  -1178.7648, 1053.0054, 70.9661,  0, 0, 255
L -1178.7648, 1053.0054, 70.9661,  -1187.7404, 1044.9021, 72.4136,  0, 0, 255
L -1187.7404, 1044.9021, 72.4136,  -1211.6954, 1040.1577, 71.5453,  0, 0, 255
L -1211.6954, 1040.1577, 71.5453,  -1235.9993, 1032.1622, 72.0850,  0, 0, 255
L -1235.9993, 1032.1622, 72.0850,  -1268.0959, 1033.4846, 72.4172,  0, 0, 255
L -1268.0959, 1033.4846, 72.4172,  -1300.4075, 1043.1217, 71.4440,  0, 0, 255
L -1300.4075, 1043.1217, 71.4440,  -1340.8677, 1065.0062, 71.7054,  0, 0, 255
L -1340.8677, 1065.0062, 71.7054,  -1373.6260, 1113.5851, 71.9391,  0, 0, 255
L 840.8437, 1822.6975, 182.3930,  840.8436, 1780.9673, 136.9118,  64, 64, 64
L 840.8436, 1780.9673, 136.9118,  834.2471, 1780.5709, 134.1650,  64, 64, 64
L 847.2499, 1893.1389, 100.0322,  847.2814, 1757.5935, 100.0016,  64, 64, 64
L 834.3378, 1757.5936, 102.1970,  847.2814, 1757.5935, 100.0010,  64, 64, 64
L 834.4718, 1723.5931, 86.4385,  834.2471, 1780.5709, 102.8798,  64, 64, 64
L 847.3693, 1893.2167, 100.0322,  872.3749, 1893.2185, 100.0322,  64, 64, 64
L 872.3743, 1938.4686, 100.0010,  872.3749, 1893.2185, 100.0010,  64, 64, 64
L 856.3749, 1938.4686, 100.0010,  872.3743, 1938.4686, 100.0010,  64, 64, 64
L 856.3749, 1938.4686, 100.0010,  856.3727, 1985.7188, 100.0010,  64, 64, 64
L 856.3727, 1985.7188, 100.0010,  872.2340, 1985.8007, 100.0010,  64, 64, 64
L 872.2340, 1985.8007, 100.0010,  872.3300, 2018.2719, 100.0322,  64, 64, 64
L 872.3300, 2018.2719, 100.0322,  844.3749, 2018.4686, 96.1624,  64, 64, 64
L 844.3718, 2033.7188, 96.1052,  887.6249, 2033.7188, 100.0322,  64, 64, 64
L 887.6249, 2033.7188, 100.0322,  887.6250, 1970.4688, 100.0010,  64, 64, 64
L 887.6250, 1970.4688, 100.0010,  871.9446, 1970.4646, 100.0010,  64, 64, 64
L 871.9446, 1970.4646, 100.0010,  871.9891, 1953.7189, 100.0010,  64, 64, 64
L 871.9891, 1953.7189, 100.0010,  887.6249, 1953.7188, 100.0010,  64, 64, 64
L 887.6249, 1953.7188, 100.0010,  887.6212, 1893.4528, 100.0322,  64, 64, 64
L 887.6212, 1893.4528, 100.0322,  911.1249, 1893.0875, 100.0322,  64, 64, 64
L 911.1249, 1893.0875, 100.0322,  911.1037, 1757.8846, 100.0010,  64, 64, 64
L 911.1037, 1757.8846, 100.0010,  924.7774, 1757.9152, 100.2314,  64, 64, 64
L 925.4518, 1723.9731, 100.2314,  924.3190, 1780.9852, 120.4218,  64, 64, 64
L 924.3190, 1780.9852, 120.4218,  917.5312, 1780.9670, 120.3995,  64, 64, 64
L 917.5312, 1780.9670, 120.3995,  917.5308, 1821.4672, 173.9131,  64, 64, 64
L 957.7603, 1754.0642, 99.1011,  954.2798, 1741.3226, 89.1299,  64, 64, 64
L 954.2798, 1741.3226, 89.1299,  942.0750, 1728.7634, 86.7721,  64, 64, 64
L 942.0750, 1728.7634, 86.7721,  933.7611, 1726.1954, 84.4669,  64, 64, 64
L 933.7611, 1726.1954, 84.4669,  925.4518, 1723.9731, 84.9294,  64, 64, 64
L 834.4718, 1723.5931, 89.3902,  822.2815, 1726.8558, 93.6864,  64, 64, 64
L 822.2815, 1726.8558, 93.6864,  817.4545, 1728.1481, 95.2812,  64, 64, 64
L 817.4545, 1728.1481, 95.2812,  808.7914, 1737.7480, 100.0010,  64, 64, 64
L 808.7914, 1737.7480, 100.0010,  808.8003, 1739.0121, 100.3880,  64, 64, 64
L 925.2327, 1734.9991, 82.8062,  834.4266, 1735.0497, 83.6600,  64, 64, 64
L 925.1769, 1737.8082, 84.1885,  834.5714, 1738.1484, 86.6919,  64, 64, 64
L 834.4062, 1740.6563, 86.4385,  925.1203, 1740.6563, 86.4385,  64, 64, 64
L 925.0644, 1743.4688, 88.7197,  834.4062, 1743.4688, 88.7197,  64, 64, 64
L 834.4062, 1746.2813, 90.9697,  925.0085, 1746.2813, 90.9697,  64, 64, 64
L 834.4062, 1749.1250, 93.9256,  924.9520, 1749.1250, 93.2197,  64, 64, 64
L 834.5308, 1751.9374, 96.7940,  924.8961, 1751.9375, 95.5010,  64, 64, 64
L 924.8396, 1754.7822, 97.7510,  834.3492, 1754.6647, 99.0530,  64, 64, 64
L 1791.1276, 813.5937, 203.5680,  1748.9414, 813.6234, 140.5803,  64, 64, 64
L 1748.9414, 813.6234, 140.5803,  1747.7074, 818.2225, 139.7506,  64, 64, 64
L 1747.7074, 818.2225, 139.7506,  1743.6989, 822.3212, 135.3615,  64, 64, 64
L 1743.6989, 822.3212, 135.3615,  1739.2383, 823.4819, 129.9463,  64, 64, 64
L 1739.2383, 823.4819, 129.9463,  1733.9332, 822.3696, 125.3105,  64, 64, 64
L 1733.9332, 822.3696, 125.3105,  1729.7471, 818.5583, 121.9756,  64, 64, 64
L 1729.7471, 818.5583, 121.9756,  1728.3804, 813.7144, 120.7901,  64, 64, 64
L 1728.3804, 813.7144, 120.7901,  1729.5391, 808.4075, 121.6204,  64, 64, 64
L 1729.5391, 808.4075, 121.6204,  1733.7369, 804.1801, 124.8147,  64, 64, 64
L 1733.7369, 804.1801, 124.8147,  1738.2590, 802.9683, 128.2868,  64, 64, 64
L 1738.2590, 802.9683, 128.2868,  1738.3234, 798.0457, 128.2213,  64, 64, 64
L 1738.3234, 798.0457, 128.2213,  2058.1519, 797.8370, 69.0635,  64, 64, 64
L 2058.1519, 797.8370, 69.0635,  2058.0415, 729.3602, 49.1572,  64, 64, 64
L 2058.0415, 729.3602, 49.1572,  2092.3748, 729.5625, 29.1572,  64, 64, 64
L 2092.3748, 729.5625, 29.1572,  2160.8862, 729.5623, 29.1573,  64, 64, 64
L 2160.8862, 729.5623, 29.1573,  2195.9885, 729.5450, 49.2221,  64, 64, 64
L 2195.9885, 729.5450, 49.2221,  2195.9146, 797.8438, 69.1270,  64, 64, 64
L 2229.8123, 729.5312, 49.3125,  2229.8123, 695.3653, 49.3125,  64, 64, 64
L 2229.8123, 695.3653, 49.3125,  2161.4375, 695.3091, 29.1573,  64, 64, 64
L 2161.4375, 695.3091, 29.1573,  2024.2870, 695.4078, 49.1572,  64, 64, 64
L 2024.2870, 695.4078, 49.1572,  2024.0311, 763.3909, 69.1728,  64, 64, 64
L 2024.0311, 763.3909, 69.1728,  1955.7186, 763.6562, 89.0322,  64, 64, 64
L 1955.7186, 763.6562, 89.0322,  1887.3749, 763.6562, 109.0322,  64, 64, 64
L 1887.3749, 763.6562, 109.0322,  1738.2683, 762.9885, 128.4613,  64, 64, 64
L 1738.2683, 762.9885, 128.4613,  1738.2811, 758.5341, 126.9667,  64, 64, 64
L 1738.2811, 758.5341, 126.9667,  1732.7040, 756.8325, 121.5756,  64, 64, 64
L 1732.7040, 756.8325, 121.5756,  1729.1292, 751.5710, 117.0383,  64, 64, 64
L 1729.1292, 751.5710, 117.0383,  1728.2571, 748.2438, 116.2806,  64, 64, 64
L 1728.2571, 748.2438, 116.2806,  1729.6180, 743.1166, 117.1354,  64, 64, 64
L 1729.6180, 743.1166, 117.1354,  1734.2202, 738.8723, 120.0262,  64, 64, 64
L 1734.2202, 738.8723, 120.0262,  1738.7783, 737.8516, 122.5526,  64, 64, 64
L 1748.9420, 747.8732, 141.6319,  1747.5881, 742.9957, 136.9574,  64, 64, 64
L 1747.5881, 742.9957, 136.9574,  1744.2427, 739.6498, 131.2974,  64, 64, 64
L 1744.2427, 739.6498, 131.2974,  1738.7783, 737.8516, 123.6996,  64, 64, 64
L 1748.9417, 747.8732, 140.3458,  1786.4104, 747.8439, 197.8257,  64, 64, 64
L 1857.3733, 797.9063, 127.0322,  1857.3749, 763.6562, 127.0322,  64, 64, 64
L 1860.7186, 763.6562, 125.0322,  1860.7177, 797.9063, 125.0322,  64, 64, 64
L 1864.0299, 797.9063, 123.0322,  1864.0313, 763.6562, 123.0322,  64, 64, 64
L 1867.3749, 763.6562, 121.0322,  1867.3738, 797.9063, 121.0322,  64, 64, 64
L 1870.7179, 797.9063, 119.0322,  1870.7186, 763.6562, 119.0322,  64, 64, 64
L 1874.0311, 763.6562, 117.0322,  1874.0304, 797.9063, 117.0322,  64, 64, 64
L 1877.3738, 797.9063, 115.0322,  1877.3749, 763.6562, 115.0322,  64, 64, 64
L 1880.7186, 763.6562, 113.0322,  1880.7175, 797.9063, 113.0322,  64, 64, 64
L 1884.0302, 797.9063, 111.0322,  1884.0311, 763.6562, 111.0322,  64, 64, 64
L 1887.3749, 763.6562, 109.0322,  1887.3741, 797.9063, 109.0322,  64, 64, 64
L 1925.7173, 797.9063, 107.0322,  1925.7186, 763.6562, 107.0322,  64, 64, 64
L 1929.0311, 763.6562, 105.0322,  1929.0299, 797.9063, 105.0322,  64, 64, 64
L 1932.3739, 797.9063, 103.0322,  1932.3749, 763.6562, 103.0322,  64, 64, 64
L 1935.7186, 763.6562, 101.0322,  1935.7177, 797.9063, 101.0322,  64, 64, 64
L 1939.0304, 797.9063, 99.0322,  1939.0313, 763.6562, 99.0322,  64, 64, 64
L 1942.3750, 763.6562, 97.0322,  1942.3738, 797.9063, 97.0322,  64, 64, 64
L 1945.7177, 797.9063, 95.0322,  1945.7186, 763.6562, 95.0322,  64, 64, 64
L 1949.0311, 763.6562, 93.0322,  1949.0303, 797.9063, 93.0322,  64, 64, 64
L 1952.3740, 797.9063, 91.0322,  1952.3749, 763.6562, 91.0322,  64, 64, 64
L 1955.7186, 763.6562, 89.0322,  1955.7178, 797.9063, 89.0322,  64, 64, 64
L 1994.0299, 797.9063, 87.0635,  1994.0311, 763.6562, 87.0635,  64, 64, 64
L 1997.3749, 763.6562, 85.0635,  1997.3739, 797.9063, 85.0635,  64, 64, 64
L 2000.7177, 797.9063, 83.0635,  2000.7186, 763.6562, 83.0635,  64, 64, 64
L 2004.0313, 763.6562, 81.0635,  2004.0305, 797.9063, 81.0635,  64, 64, 64
L 2007.3740, 797.9063, 79.0635,  2007.3749, 763.6562, 79.0635,  64, 64, 64
L 2010.7186, 763.6562, 77.0635,  2010.7178, 797.9063, 77.0635,  64, 64, 64
L 2014.0308, 797.9063, 75.0635,  2014.0313, 763.6562, 75.0635,  64, 64, 64
L 2017.3749, 763.6562, 73.0635,  2017.3740, 797.9063, 73.0635,  64, 64, 64
L 2020.7181, 797.9063, 71.0635,  2020.7186, 763.6562, 71.0635,  64, 64, 64
L 2023.9982, 759.5313, 67.1572,  2058.2500, 759.5312, 67.1572,  64, 64, 64
L 2058.2500, 756.2187, 65.1572,  2023.9999, 756.2188, 65.1572,  64, 64, 64
L 2023.9999, 752.8749, 63.1572,  2058.2500, 752.8749, 63.1572,  64, 64, 64
L 2058.2500, 749.5312, 61.1572,  2023.9999, 749.5313, 61.1572,  64, 64, 64
L 2023.9999, 746.2188, 59.1572,  2058.2498, 746.2188, 59.1572,  64, 64, 64
L 2058.2500, 742.8749, 57.1572,  2023.9989, 742.8750, 57.1572,  64, 64, 64
L 2023.9990, 739.5313, 55.1572,  2058.2500, 739.5312, 55.1572,  64, 64, 64
L 2058.2498, 736.2188, 53.1572,  2023.9990, 736.2188, 53.1572,  64, 64, 64
L 2023.9999, 732.8750, 51.1572,  2058.2500, 732.8749, 51.1572,  64, 64, 64
L 2062.3748, 695.3124, 47.1572,  2062.3728, 729.5625, 47.1572,  64, 64, 64
L 2065.7170, 729.5625, 45.1572,  2065.7183, 695.3124, 45.1572,  64, 64, 64
L 2069.0310, 695.3124, 43.1572,  2069.0293, 729.5625, 43.1572,  64, 64, 64
L 2072.3730, 729.5625, 41.1572,  2072.3748, 695.3124, 41.1572,  64, 64, 64
L 2075.7185, 695.3124, 39.1572,  2075.7166, 729.5625, 39.1572,  64, 64, 64
L 2079.0286, 729.5625, 37.1572,  2079.0310, 695.3124, 37.1572,  64, 64, 64
L 2082.3748, 695.3124, 35.1572,  2082.3740, 729.5625, 35.1572,  64, 64, 64
L 2085.7163, 729.5625, 33.1572,  2085.7185, 695.3124, 33.1572,  64, 64, 64
L 2089.0310, 695.3124, 31.1572,  2089.0298, 729.5625, 31.1572,  64, 64, 64
L 2092.3716, 729.5625, 29.1572,  2092.3748, 695.3124, 29.1572,  64, 64, 64
L 2191.4375, 695.3124, 47.1572,  2191.4375, 729.5624, 47.1572,  64, 64, 64
L 2188.0935, 729.5624, 45.1572,  2188.0938, 695.3124, 45.1572,  64, 64, 64
L 2184.7500, 695.3124, 43.1572,  2184.7500, 729.5625, 43.1572,  64, 64, 64
L 2181.4375, 729.5624, 41.1572,  2181.4375, 695.3124, 41.1572,  64, 64, 64
L 2178.0938, 695.3124, 39.1572,  2178.0938, 729.5624, 39.1572,  64, 64, 64
L 2174.7498, 729.5624, 37.1572,  2174.7500, 695.3124, 37.1572,  64, 64, 64
L 2171.4375, 695.3124, 35.1572,  2171.4375, 729.5624, 35.1572,  64, 64, 64
L 2168.0938, 729.5624, 33.1572,  2168.0938, 695.3124, 33.1572,  64, 64, 64
L 2164.7500, 695.3124, 31.1572,  2164.7500, 729.5624, 31.1572,  64, 64, 64
L 2161.4375, 729.5624, 29.1573,  2161.4375, 695.3124, 29.1573,  64, 64, 64
L 1794.3413, -1090.8568, 119.7125,  1830.8716, -1115.9056, 109.0898,  150, 100, 0
L 1830.8716, -1115.9056, 109.0898,  1846.3988, -1117.2454, 109.1061,  150, 100, 0
L 1846.3988, -1117.2454, 109.1061,  1861.6976, -1114.0477, 103.1750,  150, 100, 0
L 1861.6976, -1114.0477, 103.1750,  1871.1598, -1071.1957, 88.9045,  150, 100, 0
L 1871.1598, -1071.1957, 88.9045,  1889.0748, -1047.2816, 83.7459,  150, 100, 0
L 1889.0748, -1047.2816, 83.7459,  1910.8131, -1036.4774, 83.0085,  150, 100, 0
L 1910.8131, -1036.4774, 83.0085,  1928.3748, -1032.5179, 81.6607,  150, 100, 0
L 1928.3748, -1032.5179, 81.6607,  1939.2557, -1026.2036, 79.6487,  150, 100, 0
L 1939.2557, -1026.2036, 79.6487,  1944.8909, -1016.9041, 76.7070,  150, 100, 0
L 1944.8909, -1016.9041, 76.7070,  1946.5920, -1005.7702, 75.2702,  150, 100, 0
L 1946.5920, -1005.7702, 75.2702,  1946.3782, -996.0062, 72.4137,  150, 100, 0
L 1946.3782, -996.0062, 72.4137,  1941.2300, -982.6609, 70.5329,  150, 100, 0
L 1941.2300, -982.6609, 70.5329,  1931.7646, -960.6224, 68.8555,  150, 100, 0
L 1931.7646, -960.6224, 68.8555,  1931.0538, -948.9782, 72.8772,  150, 100, 0
L 1931.0538, -948.9782, 72.8772,  1930.4280, -938.8671, 71.2200,  150, 100, 0
L 1930.4280, -938.8671, 71.2200,  1925.2661, -938.0947, 69.3556,  150, 100, 0
L 1925.2661, -938.0947, 69.3556,  1920.6511, -938.1758, 67.6859,  150, 100, 0
L 1920.6511, -938.1758, 67.6859,  1908.4838, -927.1837, 64.5357,  150, 100, 0
L 1908.4838, -927.1837, 64.5357,  1893.3871, -909.5002, 60.0080,  150, 100, 0
L 1893.3871, -909.5002, 60.0080,  1883.6836, -891.7382, 60.5766,  150, 100, 0
L 1883.6836, -891.7382, 60.5766,  1881.4724, -879.1634, 59.4231,  150, 100, 0
L 1881.4724, -879.1634, 59.4231,  1884.6250, -845.3159, 69.5993,  150, 100, 0
L 1884.6250, -845.3159, 69.5993,  1892.7693, -829.3319, 60.3123,  150, 100, 0
L 1892.7693, -829.3319, 60.3123,  1905.3607, -813.5147, 65.7615,  150, 100, 0
L 1905.3607, -813.5147, 65.7615,  1916.1829, -809.5165, 68.6623,  150, 100, 0
L 1916.1829, -809.5165, 68.6623,  1927.4904, -805.1575, 65.9710,  150, 100, 0
L 1927.4904, -805.1575, 65.9710,  1941.6176, -798.3541, 59.2592,  150, 100, 0
L 1941.6176, -798.3541, 59.2592,  1962.6195, -792.1251, 54.5744,  150, 100, 0
L 1962.6195, -792.1251, 54.5744,  1975.7539, -792.1782, 56.5264,  150, 100, 0
L 1975.7539, -792.1782, 56.5264,  1983.9537, -794.5636, 57.8803,  150, 100, 0
L 1983.9537, -794.5636, 57.8803,  1993.9973, -799.1077, 67.4601,  150, 100, 0
L 1993.9973, -799.1077, 67.4601,  1998.5361, -805.9178, 69.4704,  150, 100, 0
L 1998.5361, -805.9178, 69.4704,  2000.1506, -809.4766, 68.6416,  150, 100, 0
L 2000.1506, -809.4766, 68.6416,  2008.5232, -809.0341, 67.9834,  150, 100, 0
L 2008.5232, -809.0341, 67.9834,  2023.4468, -810.2601, 66.5937,  150, 100, 0
L 2023.4468, -810.2601, 66.5937,  2044.6359, -819.8860, 64.1156,  150, 100, 0
L 2044.6359, -819.8860, 64.1156,  2065.6282, -838.6727, 62.5748,  150, 100, 0
L 2065.6282, -838.6727, 62.5748,  2076.2695, -862.4858, 59.5734,  150, 100, 0
L 2076.2695, -862.4858, 59.5734,  2079.0154, -891.3735, 55.6879,  150, 100, 0
L 2079.0154, -891.3735, 55.6879,  2080.9148, -897.6362, 54.4609,  150, 100, 0
L 2080.9148, -897.6362, 54.4609,  2088.6062, -906.7621, 52.0826,  150, 100, 0
L 2088.6062, -906.7621, 52.0826,  2099.9534, -911.5571, 49.7686,  150, 100, 0
L 2099.9534, -911.5571, 49.7686,  2121.2271, -918.9698, 48.3752,  150, 100, 0
L 2121.2271, -918.9698, 48.3752,  2140.5627, -943.5444, 46.0868,  150, 100, 0
L 2140.5627, -943.5444, 46.0868,  2147.5186, -970.1570, 42.8051,  150, 100, 0
L 2147.5186, -970.1570, 42.8051,  2140.9841, -994.7363, 39.1822,  150, 100, 0
L 2140.9841, -994.7363, 39.1822,  2121.3569, -1028.5674, 34.0760,  150, 100, 0
L 2121.3569, -1028.5674, 34.0760,  2118.9956, -1042.8026, 31.9629,  150, 100, 0
L 2118.9956, -1042.8026, 31.9629,  2135.0300, -1048.3430, 31.4164,  150, 100, 0
L 2135.0300, -1048.3430, 31.4164,  2153.8076, -1058.9296, -4.4698,  150, 100, 0
L 2153.8076, -1058.9296, -4.4698,  2170.1125, -1071.5901, -13.1864,  150, 100, 0
L 2170.1125, -1071.5901, -13.1864,  2164.9043, -1076.5802, -11.6244,  150, 100, 0
L 2164.9043, -1076.5802, -11.6244,  2162.9346, -1087.5378, -5.2419,  150, 100, 0
L 2162.9346, -1087.5378, -5.2419,  2180.6611, -1091.3564, 0.8962,  150, 100, 0
L 2180.6611, -1091.3564, 0.8962,  2215.2156, -1099.2301, -11.8039,  150, 100, 0
L 2215.2156, -1099.2301, -11.8039,  2230.2537, -1108.2754, -16.5766,  150, 100, 0
L 2230.2537, -1108.2754, -16.5766,  2245.5847, -1128.8231, -21.7927,  150, 100, 0
L 2245.5847, -1128.8231, -21.7927,  2253.6560, -1157.9082, -23.9124,  150, 100, 0
L 2253.6560, -1157.9082, -23.9124,  2250.7244, -1181.3037, -27.2472,  150, 100, 0
L 2250.7244, -1181.3037, -27.2472,  2234.3242, -1209.0723, -31.6222,  150, 100, 0
L 2234.3242, -1209.0723, -31.6222,  2223.5701, -1216.9590, -33.8028,  150, 100, 0
L 2223.5701, -1216.9590, -33.8028,  2215.4082, -1227.1302, -36.7643,  150, 100, 0
L 2215.4082, -1227.1302, -36.7643,  2202.4360, -1265.2886, -43.6629,  150, 100, 0
L 2202.4360, -1265.2886, -43.6629,  2184.8542, -1288.4197, -46.5160,  150, 100, 0
L 2184.8542, -1288.4197, -46.5160,  2160.7776, -1302.7815, -50.1888,  150, 100, 0
L 2160.7776, -1302.7815, -50.1888,  2134.7761, -1306.0173, -52.6209,  150, 100, 0
L 2134.7761, -1306.0173, -52.6209,  2125.4541, -1310.7815, -56.0462,  150, 100, 0
L 2125.4541, -1310.7815, -56.0462,  2110.3335, -1319.8965, -51.5355,  150, 100, 0
L 2110.3335, -1319.8965, -51.5355,  2115.7522, -1339.9736, -41.5960,  150, 100, 0
L 2115.7522, -1339.9736, -41.5960,  2130.6250, -1347.6918, -45.0269,  150, 100, 0
L 2130.6250, -1347.6918, -45.0269,  2142.4160, -1352.4264, -51.1053,  150, 100, 0
L 2142.4160, -1352.4264, -51.1053,  2155.2825, -1372.7170, -61.4541,  150, 100, 0
L 2155.2825, -1372.7170, -61.4541,  2152.5925, -1405.8627, -59.9230,  150, 100, 0
L 2152.5925, -1405.8627, -59.9230,  2151.0588, -1428.7188, -37.7938,  150, 100, 0
L 2151.0588, -1428.7188, -37.7938,  2170.7197, -1429.4152, -44.1498,  150, 100, 0
L 2170.7197, -1429.4152, -44.1498,  2182.9102, -1427.6013, -42.8687,  150, 100, 0
L 2182.9102, -1427.6013, -42.8687,  2209.3794, -1419.8041, -39.3856,  150, 100, 0
L 2209.3794, -1419.8041, -39.3856,  2226.5212, -1417.5009, -37.1408,  150, 100, 0
L 2226.5212, -1417.5009, -37.1408,  2245.4690, -1417.2699, -34.0843,  150, 100, 0
L 2245.4690, -1417.2699, -34.0843,  2243.6965, -1407.5377, -26.0033,  150, 100, 0
L 2243.6965, -1407.5377, -26.0033,  2248.9863, -1399.6293, -23.3809,  150, 100, 0
L 2248.9863, -1399.6293, -23.3809,  2268.8469, -1378.7939, -34.5045,  150, 100, 0
L 2268.8469, -1378.7939, -34.5045,  2279.9854, -1368.6709, -33.5112,  150, 100, 0
L 2279.9854, -1368.6709, -33.5112,  2311.5039, -1360.2340, -31.5015,  150, 100, 0
L 2311.5039, -1360.2340, -31.5015,  2339.9885, -1353.5604, -30.4647,  150, 100, 0
L 2339.9885, -1353.5604, -30.4647,  2375.6748, -1360.6228, -32.1512,  150, 100, 0
L 2375.6748, -1360.6228, -32.1512,  2401.4248, -1372.4995, -29.9101,  150, 100, 0
L 2401.4248, -1372.4995, -29.9101,  2414.8279, -1389.5538, -29.3808,  150, 100, 0
L 2414.8279, -1389.5538, -29.3808,  2418.1194, -1409.0797, -29.3510,  150, 100, 0
L 2418.1194, -1409.0797, -29.3510,  2408.8547, -1457.9393, -27.0058,  150, 100, 0
L 2408.8547, -1457.9393, -27.0058,  2382.9331, -1478.4160, -34.3009,  150, 100, 0
L 2382.9331, -1478.4160, -34.3009,  2346.2012, -1482.3622, -35.7590,  150, 100, 0
L 2346.2012, -1482.3622, -35.7590,  2312.4519, -1480.9331, -35.1942,  150, 100, 0
L 2312.4519, -1480.9331, -35.1942,  2261.2471, -1475.3611, -35.5922,  150, 100, 0
L 2261.2471, -1475.3611, -35.5922,  2244.2781, -1458.9159, -25.5810,  150, 100, 0
L 2244.2781, -1458.9159, -25.5810,  2243.1758, -1454.7813, -24.8882,  150, 100, 0
L 2243.1758, -1454.7813, -24.8882,  2224.6580, -1454.7809, -36.0837,  150, 100, 0
L 2224.6580, -1454.7809, -36.0837,  2209.8308, -1457.7968, -40.2430,  150, 100, 0
L 2209.8308, -1457.7968, -40.2430,  2193.0166, -1463.1301, -42.9893,  150, 100, 0
L 2193.0166, -1463.1301, -42.9893,  2171.6895, -1466.7889, -44.3275,  150, 100, 0
L 2171.6895, -1466.7889, -44.3275,  2160.2883, -1466.8898, -41.7950,  150, 100, 0
L 2160.2883, -1466.8898, -41.7950,  2151.1348, -1466.9847, -41.5976,  150, 100, 0
L 2151.1348, -1466.9847, -41.5976,  2151.3657, -1483.3043, -39.5185,  150, 100, 0
L 2151.3657, -1483.3043, -39.5185,  2116.0720, -1512.1154, -53.9929,  150, 100, 0
L 2116.0720, -1512.1154, -53.9929,  2095.8647, -1515.4061, -56.2613,  150, 100, 0
L 2095.8647, -1515.4061, -56.2613,  2063.1660, -1520.7313, -61.1020,  150, 100, 0
L 2063.1660, -1520.7313, -61.1020,  2012.8140, -1518.6537, -47.1045,  150, 100, 0
L 2012.8140, -1518.6537, -47.1045,  1998.1272, -1517.9799, -47.5692,  150, 100, 0
L 1998.1272, -1517.9799, -47.5692,  1990.7687, -1492.4106, -53.2953,  150, 100, 0
L 1990.7687, -1492.4106, -53.2953,  1983.8717, -1466.1654, -52.0415,  150, 100, 0
L 1983.8717, -1466.1654, -52.0415,  1978.2935, -1444.9348, -55.7849,  150, 100, 0
L 1978.2935, -1444.9348, -55.7849,  1977.5250, -1424.0819, -41.9119,  150, 100, 0
L 1977.5250, -1424.0819, -41.9119,  1975.9021, -1419.5055, -42.8242,  150, 100, 0
L 1975.9021, -1419.5055, -42.8242,  1964.4246, -1422.9896, -45.1981,  150, 100, 0
L 1964.4246, -1422.9896, -45.1981,  1952.8992, -1427.9722, -45.9373,  150, 100, 0
L 1952.8992, -1427.9722, -45.9373,  1931.3621, -1442.4573, -44.1262,  150, 100, 0
L 1931.3621, -1442.4573, -44.1262,  1908.8330, -1449.3088, -42.8131,  150, 100, 0
L 1908.8330, -1449.3088, -42.8131,  1889.4166, -1450.1461, -38.6334,  150, 100, 0
L 1889.4166, -1450.1461, -38.6334,  1886.1847, -1458.0854, -34.4011,  150, 100, 0
L 1886.1847, -1458.0854, -34.4011,  1881.2197, -1465.4186, -34.2439,  150, 100, 0
L 1881.2197, -1465.4186, -34.2439,  1851.5250, -1494.6436, -50.5660,  150, 100, 0
L 1851.5250, -1494.6436, -50.5660,  1841.7067, -1497.3425, -47.5582,  150, 100, 0
L 1841.7067, -1497.3425, -47.5582,  1793.6937, -1509.4904, -50.5596,  150, 100, 0
L 1793.6937, -1509.4904, -50.5596,  1754.9186, -1502.3527, -51.4289,  150, 100, 0
L 1754.9186, -1502.3527, -51.4289,  1731.0875, -1491.5660, -54.7980,  150, 100, 0
L 1731.0875, -1491.5660, -54.7980,  1716.4698, -1473.1359, -59.8494,  150, 100, 0
L 1716.4698, -1473.1359, -59.8494,  1712.8455, -1451.5078, -62.0745,  150, 100, 0
L 1712.8455, -1451.5078, -62.0745,  1711.7942, -1443.8778, -61.6158,  150, 100, 0
L 1711.7942, -1443.8778, -61.6158,  1717.4346, -1423.4673, -62.5817,  150, 100, 0
L 1717.4346, -1423.4673, -62.5817,  1722.5203, -1405.4287, -58.8497,  150, 100, 0
L 1722.5203, -1405.4287, -58.8497,  1748.5265, -1384.8853, -55.6629,  150, 100, 0
L 1748.5265, -1384.8853, -55.6629,  1780.7888, -1381.1530, -51.7089,  150, 100, 0
L 1780.7888, -1381.1530, -51.7089,  1804.4501, -1381.8019, -49.2998,  150, 100, 0
L 1804.4501, -1381.8019, -49.2998,  1821.2964, -1382.5190, -47.7702,  150, 100, 0
L 1821.2964, -1382.5190, -47.7702,  1837.7932, -1383.4143, -43.7368,  150, 100, 0
L 1837.7932, -1383.4143, -43.7368,  1859.5217, -1391.7352, -31.3289,  150, 100, 0
L 1859.5217, -1391.7352, -31.3289,  1864.7030, -1399.1194, -28.3347,  150, 100, 0
L 1864.7030, -1399.1194, -28.3347,  1876.9349, -1416.7231, -20.6801,  150, 100, 0
L 1876.9349, -1416.7231, -20.6801,  1886.2594, -1421.8706, -27.8280,  150, 100, 0
L 1886.2594, -1421.8706, -27.8280,  1894.8635, -1421.8054, -34.2671,  150, 100, 0
L 1894.8635, -1421.8054, -34.2671,  1904.5182, -1419.4774, -42.3713,  150, 100, 0
L 1904.5182, -1419.4774, -42.3713,  1913.4331, -1413.6274, -49.2015,  150, 100, 0
L 1913.4331, -1413.6274, -49.2015,  1922.9075, -1404.3710, -45.5247,  150, 100, 0
L 1922.9075, -1404.3710, -45.5247,  1936.4878, -1395.6476, -46.7309,  150, 100, 0
L 1936.4878, -1395.6476, -46.7309,  1948.3964, -1390.8300, -49.0610,  150, 100, 0
L 1948.3964, -1390.8300, -49.0610,  1962.7120, -1387.6039, -49.8862,  150, 100, 0
L 1962.7120, -1387.6039, -49.8862,  1973.4210, -1385.7432, -44.4573,  150, 100, 0
L 1973.4210, -1385.7432, -44.4573,  1982.0425, -1381.2677, -42.9627,  150, 100, 0
L 1982.0425, -1381.2677, -42.9627,  1982.0322, -1362.3656, -41.6796,  150, 100, 0
L 1982.0322, -1362.3656, -41.6796,  1988.6304, -1340.9408, -54.7552,  150, 100, 0
L 1988.6304, -1340.9408, -54.7552,  1994.1639, -1326.7726, -57.4483,  150, 100, 0
L 1994.1639, -1326.7726, -57.4483,  1999.6563, -1314.1499, -60.1869,  150, 100, 0
L 1999.6563, -1314.1499, -60.1869,  2004.9507, -1306.1350, -63.0571,  150, 100, 0
L 2004.9507, -1306.1350, -63.0571,  2014.0577, -1299.3989, -63.5259,  150, 100, 0
L 2014.0577, -1299.3989, -63.5259,  2026.7262, -1290.2458, -67.2287,  150, 100, 0
L 2026.7262, -1290.2458, -67.2287,  2038.1869, -1285.6013, -71.4069,  150, 100, 0
L 2038.1869, -1285.6013, -71.4069,  2050.0122, -1283.8556, -70.4207,  150, 100, 0
L 2050.0122, -1283.8556, -70.4207,  2061.9587, -1283.8389, -66.6264,  150, 100, 0
L 2061.9587, -1283.8389, -66.6264,  2068.9587, -1287.6497, -55.9387,  150, 100, 0
L 2068.9587, -1287.6497, -55.9387,  2080.4414, -1292.6099, -52.3374,  150, 100, 0
L 2080.4414, -1292.6099, -52.3374,  2089.3057, -1293.5844, -52.9421,  150, 100, 0
L 2089.3057, -1293.5844, -52.9421,  2106.6450, -1278.4845, -55.5972,  150, 100, 0
L 2106.6450, -1278.4845, -55.5972,  2134.5879, -1268.7920, -52.6345,  150, 100, 0
L 2134.5879, -1268.7920, -52.6345,  2149.9380, -1267.2568, -49.9657,  150, 100, 0
L 2149.9380, -1267.2568, -49.9657,  2161.8354, -1259.2467, -46.3693,  150, 100, 0
L 2161.8354, -1259.2467, -46.3693,  2169.7744, -1248.0664, -43.5459,  150, 100, 0
L 2169.7744, -1248.0664, -43.5459,  2174.9841, -1237.4679, -40.7427,  150, 100, 0
L 2174.9841, -1237.4679, -40.7427,  2179.6621, -1217.1527, -36.7310,  150, 100, 0
L 2179.6621, -1217.1527, -36.7310,  2191.8110, -1197.8660, -33.6574,  150, 100, 0
L 2191.8110, -1197.8660, -33.6574,  2208.8694, -1182.1079, -31.4393,  150, 100, 0
L 2208.8694, -1182.1079, -31.4393,  2215.8730, -1168.2537, -27.2736,  150, 100, 0
L 2215.8730, -1168.2537, -27.2736,  2216.5562, -1156.3724, -23.7282,  150, 100, 0
L 2216.5562, -1156.3724, -23.7282,  2211.2781, -1141.4601, -21.0099,  150, 100, 0
L 2211.2781, -1141.4601, -21.0099,  2203.3696, -1133.7690, -16.2439,  150, 100, 0
L 2203.3696, -1133.7690, -16.2439,  2193.5571, -1129.7129, -13.4506,  150, 100, 0
L 2193.5571, -1129.7129, -13.4506,  2178.1189, -1128.9216, -4.1116,  150, 100, 0
L 2178.1189, -1128.9216, -4.1116,  2171.7878, -1135.3774, 1.6013,  150, 100, 0
L 2171.7878, -1135.3774, 1.6013,  2169.0637, -1150.7667, 1.6262,  150, 100, 0
L 2169.0637, -1150.7667, 1.6262,  2152.5095, -1154.7611, -1.4965,  150, 100, 0
L 2152.5095, -1154.7611, -1.4965,  2145.4189, -1154.9955, 5.1644,  150, 100, 0
L 2145.4189, -1154.9955, 5.1644,  2127.1672, -1151.2903, 11.4054,  150, 100, 0
L 2127.1672, -1151.2903, 11.4054,  2112.6528, -1147.1289, 19.0225,  150, 100, 0
L 2112.6528, -1147.1289, 19.0225,  2095.9424, -1143.3518, 35.4917,  150, 100, 0
L 2095.9424, -1143.3518, 35.4917,  2043.0110, -1124.5459, 55.5816,  150, 100, 0
L 2043.0110, -1124.5459, 55.5816,  2027.5443, -1104.8345, 57.7647,  150, 100, 0
L 2027.5443, -1104.8345, 57.7647,  2030.3950, -1079.8091, 55.9876,  150, 100, 0
L 2030.3950, -1079.8091, 55.9876,  2042.7675, -1060.8733, 53.1461,  150, 100, 0
L 2042.7675, -1060.8733, 53.1461,  2058.3418, -1049.4730, 52.7125,  150, 100, 0
L 2058.3418, -1049.4730, 52.7125,  2071.8337, -1042.8939, 46.1506,  150, 100, 0
L 2071.8337, -1042.8939, 46.1506,  2079.8193, -1042.2080, 43.6177,  150, 100, 0
L 2079.8193, -1042.2080, 43.6177,  2082.1531, -1042.3804, 42.7401,  150, 100, 0
L 2082.1531, -1042.3804, 42.7401,  2090.1238, -1010.0673, 34.6071,  150, 100, 0
L 2090.1238, -1010.0673, 34.6071,  2106.2292, -981.4968, 39.2053,  150, 100, 0
L 2106.2292, -981.4968, 39.2053,  2110.3196, -969.6286, 42.6799,  150, 100, 0
L 2110.3196, -969.6286, 42.6799,  2103.9092, -955.1890, 46.9992,  150, 100, 0
L 2103.9092, -955.1890, 46.9992,  2099.0068, -948.9628, 48.2009,  150, 100, 0
L 2099.0068, -948.9628, 48.2009,  2083.2869, -944.9028, 50.1085,  150, 100, 0
L 2083.2869, -944.9028, 50.1085,  2069.9670, -938.0430, 51.5486,  150, 100, 0
L 2069.9670, -938.0430, 51.5486,  2061.9648, -932.2714, 52.5009,  150, 100, 0
L 2061.9648, -932.2714, 52.5009,  2048.8591, -915.6258, 54.3338,  150, 100, 0
L 2048.8591, -915.6258, 54.3338,  2045.4608, -909.2385, 54.9765,  150, 100, 0
L 2045.4608, -909.2385, 54.9765,  2042.2288, -892.3414, 56.3564,  150, 100, 0
L 2042.2288, -892.3414, 56.3564,  2040.2179, -871.6550, 59.6082,  150, 100, 0
L 2040.2179, -871.6550, 59.6082,  2034.7434, -859.2805, 62.6208,  150, 100, 0
L 2034.7434, -859.2805, 62.6208,  2025.0759, -851.5524, 63.8816,  150, 100, 0
L 2025.0759, -851.5524, 63.8816,  2013.3804, -846.2370, 66.6267,  150, 100, 0
L 2013.3804, -846.2370, 66.6267,  1997.8344, -845.6496, 68.7958,  150, 100, 0
L 1997.8344, -845.6496, 68.7958,  2000.0854, -852.1022, 68.5474,  150, 100, 0
L 2000.0854, -852.1022, 68.5474,  1994.8783, -893.0634, 60.0844,  150, 100, 0
L 1994.8783, -893.0634, 60.0844,  1994.3931, -903.2998, 58.4082,  150, 100, 0
L 1994.3931, -903.2998, 58.4082,  1992.4706, -929.1544, 64.9624,  150, 100, 0
L 1992.4706, -929.1544, 64.9624,  1980.2922, -934.7948, 71.3536,  150, 100, 0
L 1980.2922, -934.7948, 71.3536,  1968.3184, -938.1376, 71.4951,  150, 100, 0
L 1968.3184, -938.1376, 71.4951,  1968.4910, -953.9443, 71.4941,  150, 100, 0
L 1968.4910, -953.9443, 71.4941,  1982.6182, -988.5807, 72.8721,  150, 100, 0
L 1982.6182, -988.5807, 72.8721,  1983.6599, -1009.8312, 75.3087,  150, 100, 0
L 1983.6599, -1009.8312, 75.3087,  1979.3823, -1029.8320, 77.1571,  150, 100, 0
L 1979.3823, -1029.8320, 77.1571,  1968.0450, -1049.1475, 79.6780,  150, 100, 0
L 1968.0450, -1049.1475, 79.6780,  1966.6025, -1051.0394, 79.9127,  150, 100, 0
L 1966.6025, -1051.0394, 79.9127,  1943.3352, -1066.3097, 81.9260,  150, 100, 0
L 1943.3352, -1066.3097, 81.9260,  1918.1006, -1071.1884, 83.5180,  150, 100, 0
L 1918.1006, -1071.1884, 83.5180,  1909.2797, -1076.7480, 85.8680,  150, 100, 0
L 1909.2797, -1076.7480, 85.8680,  1904.1320, -1084.7465, 89.8415,  150, 100, 0
L 1904.1320, -1084.7465, 89.8415,  1901.6738, -1102.4006, 95.0597,  150, 100, 0
L 1901.6738, -1102.4006, 95.0597,  1897.3645, -1123.5736, 98.8078,  150, 100, 0
L 1897.3645, -1123.5736, 98.8078,  1888.0868, -1139.1929, 100.7390,  150, 100, 0
L 1888.0868, -1139.1929, 100.7390,  1860.7292, -1153.3434, 105.6004,  150, 100, 0
L 1860.7292, -1153.3434, 105.6004,  1837.0608, -1152.8864, 110.4047,  150, 100, 0
L 1837.0608, -1152.8864, 110.4047,  1820.0957, -1147.7114, 113.2023,  150, 100, 0
L 1820.0957, -1147.7114, 113.2023,  1773.7758, -1105.4305, 116.4729,  150, 100, 0
L 243.5605, -1777.9661, 110.0097,  240.2023, -1766.2017, 104.4777,  64, 64, 64
L 240.2023, -1766.2017, 104.4777,  214.8756, -1740.6378, 102.0322,  64, 64, 64
L 214.8756, -1740.6378, 102.0322,  186.5309, -1733.1542, 102.0322,  64, 64, 64
L 186.5309, -1733.1542, 102.0322,  186.7773, -1744.0321, 102.5890,  64, 64, 64
L 186.7773, -1744.0321, 102.5890,  206.2115, -1749.0475, 102.0322,  64, 64, 64
L 206.2115, -1749.0475, 102.0322,  205.2955, -1750.6276, 102.0322,  64, 64, 64
L 205.2955, -1750.6276, 102.0322,  224.0171, -1769.9838, 102.0322,  64, 64, 64
L 224.0171, -1769.9838, 102.0322,  231.3241, -1796.1797, 102.0322,  64, 64, 64
L 231.3241, -1796.1797, 102.0322,  231.4057, -2006.3911, 102.0322,  64, 64, 64
L 231.4057, -2006.3911, 102.0322,  224.2545, -2033.1523, 102.0322,  64, 64, 64
L 224.2545, -2033.1523, 102.0322,  204.8827, -2052.1914, 101.8032,  64, 64, 64
L 204.7010, -2052.3613, 84.0322,  194.8275, -2060.5178, 84.0322,  64, 64, 64
L 194.8275, -2060.5178, 84.0322,  195.0439, -2066.8123, 84.0322,  64, 64, 64
L 195.0439, -2066.8123, 84.0322,  253.9063, -2066.8113, 84.0322,  64, 64, 64
L 253.9063, -2066.8113, 84.0322,  253.9063, -2166.0623, 84.0322,  64, 64, 64
L 104.6562, -2166.0625, 84.0322,  104.6562, -2066.8123, 84.0322,  64, 64, 64
L 104.6562, -2066.8123, 84.0322,  164.8551, -2066.9675, 84.0322,  64, 64, 64
L 164.8551, -2066.9675, 84.0322,  164.6179, -2060.5952, 84.0322,  64, 64, 64
L 164.6179, -2060.5952, 84.0322,  135.6609, -2038.8813, 84.0322,  64, 64, 64
L 135.6609, -2038.8813, 102.0322,  127.1563, -2005.7582, 102.0322,  64, 64, 64
L 127.1563, -2005.8571, 102.0322,  127.4018, -1795.5734, 102.0322,  64, 64, 64
L 127.4018, -1795.5734, 102.0322,  134.1490, -1770.3812, 102.0322,  64, 64, 64
L 134.1490, -1770.3812, 102.0322,  153.2127, -1751.3175, 102.0322,  64, 64, 64
L 153.2127, -1751.3175, 102.0322,  152.3501, -1749.0459, 102.0322,  64, 64, 64
L 152.3501, -1749.0459, 102.0322,  172.2915, -1743.5767, 102.0322,  64, 64, 64
L 172.2915, -1743.5767, 102.0322,  172.1865, -1733.3864, 102.2822,  64, 64, 64
L 172.1865, -1733.3864, 102.2822,  143.8558, -1740.7090, 102.0322,  64, 64, 64
L 143.8558, -1740.7090, 102.0322,  124.3484, -1760.2148, 103.8911,  64, 64, 64
L 124.3484, -1760.2148, 103.8911,  115.8291, -1770.1906, 109.5097,  64, 64, 64
L 115.8291, -1770.1906, 109.5097,  111.7083, -1790.9594, 122.9635,  64, 64, 64
L 153.4062, -2010.0624, 100.0322,  205.1563, -2010.0618, 100.0322,  64, 64, 64
L 153.4062, -2014.4999, 98.0322,  205.1563, -2014.4991, 98.0322,  64, 64, 64
L 205.1563, -2018.9369, 96.0322,  153.4062, -2018.9374, 96.0322,  64, 64, 64
L 153.4062, -2023.4061, 94.0322,  205.1563, -2023.4054, 94.0322,  64, 64, 64
L 205.1563, -2027.8430, 92.0322,  153.4062, -2027.8436, 92.0322,  64, 64, 64
L 153.4062, -2032.2811, 90.0322,  205.1563, -2032.2798, 90.0322,  64, 64, 64
L 205.1563, -2036.7179, 88.0322,  153.4062, -2036.7186, 88.0322,  64, 64, 64
L 153.4062, -2041.1561, 86.0322,  205.1563, -2041.1553, 86.0322,  64, 64, 64
L 205.1563, -2045.6241, 84.0322,  153.4062, -2045.6249, 84.0322,  64, 64, 64
L 153.4062, -2045.6249, 84.0322,  153.4062, -2010.0624, 100.0322,  64, 64, 64
L 205.1563, -2010.0613, 100.0322,  205.1563, -2045.6249, 84.0322,  64, 64, 64
L 205.1563, -2045.6249, 84.0322,  205.1563, -2052.2263, 84.0322,  64, 64, 64
L 153.4062, -2045.6249, 84.0322,  153.4061, -2052.2263, 84.0322,  64, 64, 64
L 126.4062, -2094.0620, 84.0322,  232.1123, -2094.0701, 84.0322,  64, 64, 64
L 232.1123, -2094.0701, 84.0322,  232.1578, -2133.4612, 84.0322,  64, 64, 64
L 232.1578, -2133.4612, 84.0322,  126.4063, -2133.4685, 84.0322,  64, 64, 64
L 126.4063, -2133.4685, 84.0322,  126.4062, -2094.0620, 84.0322,  64, 64, 64
L 240.4100, -1759.9965, 102.0149,  217.2052, -1736.3623, 100.0322,  64, 64, 64
L 217.2052, -1736.3623, 100.0322,  179.7122, -1726.1646, 100.0322,  64, 64, 64
L 179.7122, -1726.1646, 100.0322,  141.8086, -1736.0713, 100.0322,  64, 64, 64
L 141.8086, -1736.0713, 100.0322,  127.8718, -1749.8544, 101.3994,  64, 64, 64
L 127.8321, -1742.7512, 99.1669,  138.8154, -1732.0917, 98.0322,  64, 64, 64
L 138.8154, -1732.0917, 98.0322,  181.3441, -1721.6016, 98.0322,  64, 64, 64
L 181.3441, -1721.6016, 98.0322,  219.9619, -1732.3047, 98.0322,  64, 64, 64
L 219.9619, -1732.3047, 98.0322,  239.0393, -1752.0032, 100.0577,  64, 64, 64
L 232.6324, -1738.0073, 97.8693,  221.5319, -1727.3575, 96.1889,  64, 64, 64
L 221.5319, -1727.3575, 96.1889,  179.2565, -1716.0624, 96.0322,  64, 64, 64
L 179.2565, -1716.0624, 96.0322,  136.6512, -1727.4607, 96.2049,  64, 64, 64
L 136.6512, -1727.4607, 96.2049,  126.2103, -1737.7417, 97.8274,  64, 64, 64
L 134.1547, -1723.1685, 95.5276,  179.1730, -1711.0781, 93.6442,  64, 64, 64
L 179.1730, -1711.0781, 93.6442,  223.6639, -1722.9031, 95.4857,  64, 64, 64
L 597.4863, 1201.3511, 81.9309,  577.9309, 1214.9814, 81.5060,  0, 0, 255
L 577.9309, 1214.9814, 81.5060,  566.8875, 1220.8461, 81.6716,  0, 0, 255
L 566.8875, 1220.8461, 81.6716,  559.7628, 1229.2625, 82.0758,  0, 0, 255
L 559.7628, 1229.2625, 82.0758,  551.1876, 1229.0566, 81.8434,  0, 0, 255
L 551.1876, 1229.0566, 81.8434,  539.8135, 1231.9857, 81.4876,  0, 0, 255
L 539.8135, 1231.9857, 81.4876,  507.6257, 1232.8123, 81.7855,  0, 0, 255
L 507.6257, 1232.8123, 81.7855,  500.0164, 1234.6086, 81.8011,  0, 0, 255
L 500.0164, 1234.6086, 81.8011,  485.5102, 1234.2612, 81.4874,  0, 0, 255
L 485.5102, 1234.2612, 81.4874,  478.3566, 1232.9338, 81.8534,  0, 0, 255
L 478.3566, 1232.9338, 81.8534,  459.0101, 1232.4297, 81.6451,  0, 0, 255
L 459.0101, 1232.4297, 81.6451,  439.8561, 1225.9778, 81.6228,  0, 0, 255
L 439.8561, 1225.9778, 81.6228,  434.3473, 1226.0486, 81.7500,  0, 0, 255
L 434.3473, 1226.0486, 81.7500,  432.6355, 1221.3699, 81.4125,  0, 0, 255
L 432.6355, 1221.3699, 81.4125,  419.7591, 1213.0310, 81.7356,  0, 0, 255
L 419.7591, 1213.0310, 81.7356,  410.2872, 1209.2412, 81.5834,  0, 0, 255
L 410.2872, 1209.2412, 81.5834,  399.0253, 1198.4844, 81.7344,  0, 0, 255
L 399.0253, 1198.4844, 81.7344,  387.6642, 1192.5757, 81.6296,  0, 0, 255
L 387.6642, 1192.5757, 81.6296,  377.7591, 1175.3668, 81.7875,  0, 0, 255
L 377.7591, 1175.3668, 81.7875,  362.4208, 1159.4669, 81.6740,  0, 0, 255
L 362.4208, 1159.4669, 81.6740,  360.5673, 1118.7451, 81.6558,  0, 0, 255
L 360.5673, 1118.7451, 81.6558,  352.1738, 1108.2413, 81.5363,  0, 0, 255
L 352.1738, 1108.2413, 81.5363,  352.5313, 1094.5996, 82.3234,  0, 0, 255
L 352.5313, 1094.5996, 82.3234,  359.1641, 1083.1921, 82.0445,  0, 0, 255
L 359.1641, 1083.1921, 82.0445,  360.6987, 1077.1040, 81.7160,  0, 0, 255
L 360.6987, 1077.1040, 81.7160,  360.9457, 1059.6206, 82.1371,  0, 0, 255
L 360.9457, 1059.6206, 82.1371,  402.1425, 1019.2808, 81.7724,  0, 0, 255
L 402.1425, 1019.2808, 81.7724,  422.4828, 1003.7118, 81.7317,  0, 0, 255
L 422.4828, 1003.7118, 81.7317,  430.3218, 999.1614, 81.8599,  0, 0, 255
L 430.3218, 999.1614, 81.8599,  440.5742, 994.5380, 81.5997,  0, 0, 255
L 440.5742, 994.5380, 81.5997,  460.7994, 987.7866, 81.8222,  0, 0, 255
L 460.7994, 987.7866, 81.8222,  479.9948, 984.7035, 82.3658,  0, 0, 255
L 479.9948, 984.7035, 82.3658,  499.6011, 981.7657, 81.8171,  0, 0, 255
L 499.6011, 981.7657, 81.8171,  512.7717, 985.0556, 81.8057,  0, 0, 255
L 512.7717, 985.0556, 81.8057,  537.6561, 981.3939, 82.1698,  0, 0, 255
L 537.6561, 981.3939, 82.1698,  553.0402, 986.1118, 82.0251,  0, 0, 255
L 553.0402, 986.1118, 82.0251,  561.6390, 985.0724, 82.1397,  0, 0, 255
L 561.6390, 985.0724, 82.1397,  579.2272, 985.1744, 82.1096,  0, 0, 255
L 579.2272, 985.1744, 82.1096,  599.9564, 981.8389, 81.7143,  0, 0, 255
L 599.9564, 981.8389, 81.7143,  641.8531, 982.3333, 81.6309,  0, 0, 255
L 641.8531, 982.3333, 81.6309,  656.8059, 982.2938, 81.6975,  0, 0, 255
L 656.8059, 982.2938, 81.6975,  679.5750, 993.8672, 81.5108,  0, 0, 255
L 679.5750, 993.8672, 81.5108,  693.1794, 1006.8648, 81.7116,  0, 0, 255
L 693.1794, 1006.8648, 81.7116,  697.5961, 1019.8039, 81.7495,  0, 0, 255
L 697.5961, 1019.8039, 81.7495,  707.8173, 1032.0092, 81.5376,  0, 0, 255
L 707.8173, 1032.0092, 81.5376,  717.4836, 1060.6078, 81.5674,  0, 0, 255
L 717.4836, 1060.6078, 81.5674,  716.5550, 1082.7159, 81.4175,  0, 0, 255
L 716.5550, 1082.7159, 81.4175,  710.3107, 1102.2371, 81.7882,  0, 0, 255
L 710.3107, 1102.2371, 81.7882,  693.5773, 1126.8311, 81.5689,  0, 0, 255
L 693.5773, 1126.8311, 81.5689,  686.5901, 1141.0936, 81.6553,  0, 0, 255
L 686.5901, 1141.0936, 81.6553,  679.1620, 1148.9106, 81.8212,  0, 0, 255
L 679.1620, 1148.9106, 81.8212,  656.5225, 1160.6842, 81.9308,  0, 0, 255
L 656.5225, 1160.6842, 81.9308,  622.2535, 1177.8264, 81.9371,  0, 0, 255
L 622.2535, 1177.8264, 81.9371,  597.4863, 1201.3511, 82.0480,  0, 0, 255
L 1225.8640, 248.1859, 94.5020,  1235.7758, 243.8965, 94.5020,  64, 64, 64
L 1235.7758, 243.8965, 94.5020,  1262.4883, 297.0347, 94.5020,  64, 64, 64
L 1262.4883, 297.0347, 94.5020,  1333.2764, 261.4030, 99.2862,  64, 64, 64
L 1333.2764, 261.4030, 99.2862,  1293.1486, 181.6826, 94.5020,  64, 64, 64
L 1293.1486, 181.6826, 94.5020,  1284.2542, 186.1046, 94.5020,  64, 64, 64
L 1266.2566, 195.2189, 94.5020,  1222.3604, 217.3144, 94.5020,  64, 64, 64
L 1222.3604, 217.3144, 94.5020,  1226.5933, 225.7233, 94.5020,  64, 64, 64
L 1226.5933, 225.7233, 94.5020,  1217.0375, 230.6490, 93.6879,  64, 64, 64
L 1217.0375, 230.6490, 93.6879,  1208.0942, 212.8817, 93.5272,  64, 64, 64
L 1208.0942, 212.8817, 93.5272,  1261.5284, 185.5638, 94.5020,  64, 64, 64
L 1261.5284, 185.5638, 94.5020,  1266.2566, 195.2189, 94.5020,  64, 64, 64
L 1284.0170, 185.7309, 94.5020,  1279.5439, 176.5988, 94.5020,  64, 64, 64
L 1279.5439, 176.5988, 94.5020,  1298.2889, 167.9296, 93.3899,  64, 64, 64
L 1298.2889, 167.9296, 93.3899,  1346.6985, 266.8777, 92.7904,  64, 64, 64
L 1346.6985, 266.8777, 92.7904,  1257.8065, 311.6052, 92.8510,  64, 64, 64
L 1257.8065, 311.6052, 92.8510,  1225.8640, 248.1859, 93.6796,  64, 64, 64
L 1056.5132, 131.8312, 106.6320,  1057.1254, 121.0107, 106.6320,  64, 64, 64
L 1057.1254, 121.0107, 106.6320,  1117.1239, 125.5710, 106.6320,  64, 64, 64
L 1117.1239, 125.5710, 106.6320,  1122.9540, 46.5355, 106.6320,  64, 64, 64
L 1122.9540, 46.5355, 106.6320,  1033.9457, 39.9698, 106.6320,  64, 64, 64
L 1033.9457, 39.9698, 106.6320,  1033.2631, 49.2335, 106.6320,  64, 64, 64
L 1033.2631, 49.2335, 106.6320,  1022.5410, 48.4510, 106.6320,  64, 64, 64
L 1022.5410, 48.4510, 106.6320,  1024.3638, 28.4847, 105.6236,  64, 64, 64
L 1024.3638, 28.4847, 105.6236,  1134.5947, 37.3112, 104.8975,  64, 64, 64
L 1134.5947, 37.3112, 104.8975,  1126.8088, 137.0419, 105.7094,  64, 64, 64
L 1126.8088, 137.0419, 105.7094,  1056.5132, 131.8312, 105.8108,  64, 64, 64
L 1038.0469, 119.7368, 106.6320,  1037.3928, 129.1764, 106.6320,  64, 64, 64
L 1037.3928, 129.1764, 106.6320,  1016.6857, 127.8286, 106.6320,  64, 64, 64
L 1016.6857, 127.8286, 106.6320,  1021.0379, 68.8110, 106.6320,  64, 64, 64
L 1021.0379, 68.8110, 106.6320,  1031.7238, 70.0922, 106.6320,  64, 64, 64
L 1031.7238, 70.0922, 106.6320,  1028.1157, 119.0051, 106.6320,  64, 64, 64
L 1028.1157, 119.0051, 106.6320,  1038.0469, 119.7368, 106.6320,  64, 64, 64
L -717.4947, 1232.6561, 88.4407,  -882.3568, 1232.6573, 93.3015,  64, 64, 64
L -882.3568, 1232.6573, 93.3015,  -882.6876, 1503.7133, 105.7472,  64, 64, 64
L -882.6876, 1503.7133, 105.7472,  -882.2112, 1525.4180, 115.4442,  64, 64, 64
L -882.2112, 1525.4180, 115.4442,  -871.9375, 1520.8241, 112.3936,  64, 64, 64
L -871.9375, 1520.8241, 112.3936,  -871.9375, 1493.4061, 103.3275,  64, 64, 64
L -871.9375, 1493.4061, 103.3275,  -840.4097, 1493.4065, 103.1359,  64, 64, 64
L -840.4097, 1493.4065, 103.1359,  -840.2963, 1482.6563, 101.4214,  64, 64, 64
L -840.2963, 1482.6563, 101.4214,  -871.9374, 1482.6563, 101.4913,  64, 64, 64
L -871.9374, 1482.6563, 101.4913,  -871.9366, 1425.8308, 94.9072,  64, 64, 64
L -871.9366, 1425.8308, 94.9072,  -871.9366, 1417.8456, 94.5916,  64, 64, 64
L -871.9366, 1417.8456, 94.5916,  -871.9375, 1383.4061, 91.7822,  64, 64, 64
L -871.9375, 1383.4061, 91.7822,  -840.7247, 1383.4061, 92.2050,  64, 64, 64
L -840.7247, 1383.4061, 92.2050,  -840.5848, 1372.6563, 91.7822,  64, 64, 64
L -840.5848, 1372.6563, 91.7822,  -871.9374, 1372.6563, 91.7822,  64, 64, 64
L -871.9374, 1372.6563, 91.7822,  -871.9375, 1243.4061, 91.7822,  64, 64, 64
L -871.9375, 1243.4061, 91.7822,  -717.5851, 1243.4061, 88.7510,  64, 64, 64
L -717.5851, 1243.4061, 88.7510,  -717.4947, 1232.6561, 88.4407,  64, 64, 64
L -697.8180, 1243.4061, 88.7510,  -670.0567, 1243.4061, 88.7510,  64, 64, 64
L -670.0567, 1243.4061, 88.7510,  -670.1372, 1232.6563, 88.4407,  64, 64, 64
L -670.1372, 1232.6563, 88.4407,  -697.7593, 1232.7092, 88.4937,  64, 64, 64
L -697.7593, 1232.7092, 88.4937,  -697.8180, 1243.4061, 88.7510,  64, 64, 64
L -649.6703, 1243.4066, 88.7510,  -492.6875, 1243.4061, 93.0541,  64, 64, 64
L -492.6875, 1243.4061, 93.0541,  -492.6873, 1372.6563, 88.7510,  64, 64, 64
L -492.6873, 1372.6563, 88.7510,  -519.6771, 1372.6561, 88.7510,  64, 64, 64
L -519.6771, 1372.6561, 88.7510,  -519.4246, 1383.4061, 88.7510,  64, 64, 64
L -519.4246, 1383.4061, 88.7510,  -492.6875, 1383.4061, 88.7510,  64, 64, 64
L -492.6875, 1383.4061, 88.7510,  -492.6875, 1397.4158, 88.7510,  64, 64, 64
L -492.6875, 1397.4158, 88.7510,  -481.9375, 1397.3850, 88.4407,  64, 64, 64
L -481.9375, 1397.3850, 88.4407,  -482.1418, 1232.6973, 94.7112,  64, 64, 64
L -482.1418, 1232.6973, 94.7112,  -649.8367, 1232.6561, 88.4406,  64, 64, 64
L -649.8367, 1232.6561, 88.4406,  -649.6703, 1243.4066, 88.7510,  64, 64, 64
L -492.6875, 1417.9414, 88.7510,  -492.6875, 1447.2721, 88.7510,  64, 64, 64
L -492.6875, 1447.2721, 88.7510,  -481.9375, 1447.2853, 88.6572,  64, 64, 64
L -481.9375, 1447.2853, 88.6572,  -481.9375, 1418.0138, 88.4407,  64, 64, 64
L -481.9375, 1418.0138, 88.4407,  -492.6875, 1418.1603, 88.7510,  64, 64, 64
L -492.6875, 1467.4949, 88.7510,  -492.6871, 1482.6563, 88.7510,  64, 64, 64
L -492.6871, 1482.6563, 88.7510,  -520.0025, 1482.6561, 88.7510,  64, 64, 64
L -520.0025, 1482.6561, 88.7510,  -519.9867, 1493.4061, 88.7510,  64, 64, 64
L -519.9867, 1493.4061, 88.7510,  -492.6875, 1493.4061, 88.7510,  64, 64, 64
L -492.6875, 1493.4061, 88.7510,  -492.6875, 1622.6561, 88.7510,  64, 64, 64
L -492.6875, 1622.6561, 88.7510,  -530.6955, 1622.6560, 90.5102,  64, 64, 64
L -530.6955, 1622.6560, 90.5102,  -703.0118, 1622.6556, 143.5996,  64, 64, 64
L -703.0118, 1622.6556, 143.5996,  -724.2223, 1622.6559, 149.7130,  64, 64, 64
L -724.2223, 1622.6559, 149.7130,  -763.5976, 1622.6561, 156.2116,  64, 64, 64
L -763.5976, 1622.6561, 156.2116,  -770.3529, 1633.4061, 164.0017,  64, 64, 64
L -770.3529, 1633.4061, 164.0017,  -660.8309, 1633.4065, 129.5645,  64, 64, 64
L -660.8309, 1633.4065, 129.5645,  -494.9195, 1633.4066, 88.4403,  64, 64, 64
L -494.9195, 1633.4066, 88.4403,  -481.9375, 1632.9894, 88.4407,  64, 64, 64
L -481.9375, 1632.9894, 88.4407,  -481.9375, 1467.5392, 88.4407,  64, 64, 64
L -481.9375, 1467.5392, 88.4407,  -492.6875, 1467.4949, 88.7510,  64, 64, 64
L -540.1165, 1482.6563, 88.7510,  -582.4922, 1482.6970, 91.4799,  64, 64, 64
L -582.4922, 1482.6970, 91.4799,  -632.4660, 1532.6563, 92.3521,  64, 64, 64
L -632.4660, 1532.6563, 92.3521,  -732.8226, 1531.9906, 100.3488,  64, 64, 64
L -732.8226, 1531.9906, 100.3488,  -781.8632, 1482.9498, 98.4091,  64, 64, 64
L -781.8632, 1482.9498, 98.4091,  -819.5715, 1482.6561, 98.6658,  64, 64, 64
L -819.5715, 1482.6561, 98.6658,  -819.5430, 1493.4061, 102.0334,  64, 64, 64
L -819.5430, 1493.4061, 102.0334,  -782.4678, 1493.4061, 100.0429,  64, 64, 64
L -782.4678, 1493.4061, 100.0429,  -732.6672, 1543.2068, 103.8408,  64, 64, 64
L -732.6672, 1543.2068, 103.8408,  -631.5648, 1542.9811, 93.8244,  64, 64, 64
L -631.5648, 1542.9811, 93.8244,  -582.1518, 1493.4061, 89.8066,  64, 64, 64
L -582.1518, 1493.4061, 89.8066,  -539.7350, 1493.3628, 88.7510,  64, 64, 64
L -539.7350, 1493.3628, 88.7510,  -539.8557, 1482.6851, 88.7510,  64, 64, 64
L -540.7330, 1383.4060, 88.7510,  -582.5737, 1383.3730, 91.7822,  64, 64, 64
L -582.5737, 1383.3730, 91.7822,  -632.4677, 1333.4061, 90.6309,  64, 64, 64
L -632.4677, 1333.4061, 90.6309,  -732.1572, 1333.4061, 93.7675,  64, 64, 64
L -732.1572, 1333.4061, 93.7675,  -782.2045, 1383.3903, 95.3258,  64, 64, 64
L -782.2045, 1383.3903, 95.3258,  -819.7064, 1383.4061, 94.9072,  64, 64, 64
L -819.7064, 1383.4061, 94.9072,  -819.6093, 1372.6563, 93.8246,  64, 64, 64
L -819.6093, 1372.6563, 93.8246,  -782.4678, 1372.6563, 94.9072,  64, 64, 64
L -782.4678, 1372.6563, 94.9072,  -732.5696, 1322.7583, 92.0979,  64, 64, 64
L -732.5696, 1322.7583, 92.0979,  -632.2243, 1322.6625, 88.9439,  64, 64, 64
L -632.2243, 1322.6625, 88.9439,  -582.1572, 1372.6563, 90.5195,  64, 64, 64
L -582.1572, 1372.6563, 90.5195,  -540.5898, 1372.6561, 88.7510,  64, 64, 64
L -540.5898, 1372.6561, 88.7510,  -540.7330, 1383.4060, 88.7510,  64, 64, 64
L -1361.8353, 890.0072, 85.5010,  -1371.8801, 886.4448, 85.5010,  100, 50, 0
L -1371.8801, 886.4448, 85.5010,  -1373.6874, 898.6437, 85.5014,  100, 50, 0
L -1373.6874, 898.6437, 85.5014,  -1377.6333, 913.4756, 85.5010,  100, 50, 0
L -1377.6333, 913.4756, 85.5010,  -1366.8359, 914.9361, 85.5010,  100, 50, 0
L -1364.9410, 946.6329, 89.3114,  -1372.6487, 954.6029, 90.5153,  100, 50, 0
L -1372.6487, 954.6029, 90.5153,  -1352.5557, 971.4623, 90.3177,  100, 50, 0
L -1352.5557, 971.4623, 90.3177,  -1345.9243, 962.8160, 88.9692,  100, 50, 0
L -1582.7084, -1388.5288, 94.9072,  -1587.5785, -1382.9235, 94.9072,  100, 50, 0
L -1587.5785, -1382.9235, 94.9072,  -1572.6965, -1370.7905, 92.3565,  100, 50, 0
L -1572.6965, -1370.7905, 92.3565,  -1568.5496, -1378.0469, 92.8167,  100, 50, 0
L -1030.8882, -1025.7031, 69.2130,  -1040.0575, -1013.3036, 69.0834,  0, 0, 255
L -1040.0575, -1013.3036, 69.0834,  -1049.5353, -997.7845, 68.5933,  0, 0, 255
L -1049.5353, -997.7845, 68.5933,  -1062.6580, -982.0110, 68.8268,  0, 0, 255
L -1062.6580, -982.0110, 68.8268,  -1082.4597, -972.3321, 68.9342,  0, 0, 255
L -1082.4597, -972.3321, 68.9342,  -1091.0784, -971.6090, 68.9029,  0, 0, 255
L -1091.0784, -971.6090, 68.9029,  -1108.9111, -972.7518, 68.3948,  0, 0, 255
L -1108.9111, -972.7518, 68.3948,  -1119.0422, -979.0483, 69.1955,  0, 0, 255
L -1119.0422, -979.0483, 69.1955,  -1139.7378, -984.6340, 69.1568,  0, 0, 255
L -1139.7378, -984.6340, 69.1568,  -1150.4404, -991.2188, 68.7833,  0, 0, 255
L -1150.4404, -991.2188, 68.7833,  -1159.2085, -1000.0919, 68.6123,  0, 0, 255
L -1159.2085, -1000.0919, 68.6123,  -1172.2606, -1009.5826, 69.0949,  0, 0, 255
L -1172.2606, -1009.5826, 69.0949,  -1188.0884, -1031.7599, 68.6297,  0, 0, 255
L -1188.0884, -1031.7599, 68.6297,  -1191.5376, -1049.3649, 68.9399,  0, 0, 255
L -1191.5376, -1049.3649, 68.9399,  -1195.4546, -1059.5796, 68.8515,  0, 0, 255
L -1195.4546, -1059.5796, 68.8515,  -1194.8501, -1084.0204, 69.1343,  0, 0, 255
L -1194.8501, -1084.0204, 69.1343,  -1184.0936, -1117.4220, 68.9239,  0, 0, 255
L -1184.0936, -1117.4220, 68.9239,  -1178.2593, -1139.8280, 68.9519,  0, 0, 255
L -1178.2593, -1139.8280, 68.9519,  -1157.9930, -1160.4640, 69.1098,  0, 0, 255
L -1157.9930, -1160.4640, 69.1098,  -1139.2734, -1174.9365, 69.1650,  0, 0, 255
L -1139.2734, -1174.9365, 69.1650,  -1121.0863, -1182.4547, 68.8488,  0, 0, 255
L -1121.0863, -1182.4547, 68.8488,  -1101.8257, -1187.4348, 68.8932,  0, 0, 255
L -1101.8257, -1187.4348, 68.8932,  -1079.1660, -1187.2367, 68.8310,  0, 0, 255
L -1079.1660, -1187.2367, 68.8310,  -1071.7860, -1185.3123, 69.2372,  0, 0, 255
L -1071.7860, -1185.3123, 69.2372,  -1048.8164, -1171.7399, 68.8946,  0, 0, 255
L -1048.8164, -1171.7399, 68.8946,  -1037.9155, -1160.6580, 68.7126,  0, 0, 255
L -1037.9155, -1160.6580, 68.7126,  -1036.5127, -1143.2832, 69.3378,  0, 0, 255
L -1036.5127, -1143.2832, 69.3378,  -1032.5455, -1126.3536, 68.9050,  0, 0, 255
L -1032.5455, -1126.3536, 68.9050,  -1034.8580, -1098.8624, 69.1409,  0, 0, 255
L -1034.8580, -1098.8624, 69.1409,  -1024.8179, -1059.2855, 69.1763,  0, 0, 255
L -1024.8179, -1059.2855, 69.1763,  -1030.8882, -1025.7031, 68.9258,  0, 0, 255
L -1028.3870, -1039.5409, 68.9258,  -1028.4042, -1039.4474, 68.9145,  0, 0, 255
L 1201.8623, -487.6007, 82.5809,  1190.9196, -470.7769, 81.8353,  0, 0, 255
L 1190.9196, -470.7769, 81.8353,  1171.6041, -434.5055, 80.6519,  0, 0, 255
L 1171.6041, -434.5055, 80.6519,  1145.3041, -382.1212, 81.5913,  0, 0, 255
L 1145.3041, -382.1212, 81.5913,  1134.1543, -328.4773, 85.8442,  0, 0, 255
L 1134.1543, -328.4773, 85.8442,  1158.1150, -272.2635, 84.7569,  0, 0, 255
L 1158.1150, -272.2635, 84.7569,  1172.8934, -264.4940, 81.1107,  0, 0, 255
L 1172.8934, -264.4940, 81.1107,  1191.2656, -253.2065, 81.4425,  0, 0, 255
L 1191.2656, -253.2065, 81.4425,  1211.7067, -247.9192, 81.4415,  0, 0, 255
L 1211.7067, -247.9192, 81.4415,  1241.3667, -248.5061, 81.8359,  0, 0, 255
L 1241.3667, -248.5061, 81.8359,  1261.3108, -261.3350, 81.7295,  0, 0, 255
L 1261.3108, -261.3350, 81.7295,  1279.9370, -268.5012, 81.6250,  0, 0, 255
L 1279.9370, -268.5012, 81.6250,  1302.4456, -299.1800, 81.8059,  0, 0, 255
L 1302.4456, -299.1800, 81.8059,  1315.3087, -335.3664, 82.4666,  0, 0, 255
L 1315.3087, -335.3664, 82.4666,  1326.7328, -361.8646, 81.1877,  0, 0, 255
L 1326.7328, -361.8646, 81.1877,  1334.5424, -381.2482, 81.5251,  0, 0, 255
L 1334.5424, -381.2482, 81.5251,  1339.2687, -404.3071, 81.6143,  0, 0, 255
L 1339.2687, -404.3071, 81.6143,  1346.6678, -428.2525, 81.5648,  0, 0, 255
L 1346.6678, -428.2525, 81.5648,  1346.1478, -466.0307, 81.4522,  0, 0, 255
L 1346.1478, -466.0307, 81.4522,  1305.8726, -506.1570, 81.4040,  0, 0, 255
L 1305.8726, -506.1570, 81.4040,  1288.0128, -507.6270, 81.8655,  0, 0, 255
L 1288.0128, -507.6270, 81.8655,  1276.6763, -515.7502, 81.4417,  0, 0, 255
L 1276.6763, -515.7502, 81.4417,  1238.8075, -515.8761, 81.4625,  0, 0, 255
L 1238.8075, -515.8761, 81.4625,  1219.9518, -498.0499, 81.4849,  0, 0, 255
L 1219.9518, -498.0499, 81.4849,  1201.8623, -487.6007, 81.5126,  0, 0, 255
L -221.9706, -1080.4424, 70.0599,  -200.1479, -1100.5284, 69.9181,  0, 0, 255
L -200.1479, -1100.5284, 69.9181,  -178.0184, -1105.3057, 70.3012,  0, 0, 255
L -178.0184, -1105.3057, 70.3012,  -154.3294, -1098.0458, 70.3058,  0, 0, 255
L -154.3294, -1098.0458, 70.3058,  -140.8400, -1090.5641, 70.0061,  0, 0, 255
L -140.8400, -1090.5641, 70.0061,  -132.7129, -1085.6733, 69.9996,  0, 0, 255
L -132.7129, -1085.6733, 69.9996,  -126.1759, -1069.6752, 70.4168,  0, 0, 255
L -126.1759, -1069.6752, 70.4168,  -128.4721, -1054.5347, 69.7351,  0, 0, 255
L -128.4721, -1054.5347, 69.7351,  -132.7335, -1038.2196, 69.9069,  0, 0, 255
L -132.7335, -1038.2196, 69.9069,  -144.1647, -1024.5380, 70.5881,  0, 0, 255
L -144.1647, -1024.5380, 70.5881,  -154.6086, -1016.7567, 70.1519,  0, 0, 255
L -154.6086, -1016.7567, 70.1519,  -161.8251, -1011.8073, 69.4189,  0, 0, 255
L -161.8251, -1011.8073, 69.4189,  -182.4480, -1004.3080, 70.2377,  0, 0, 255
L -182.4480, -1004.3080, 70.2377,  -192.4559, -1009.0952, 70.0455,  0, 0, 255
L -192.4559, -1009.0952, 70.0455,  -195.3510, -1018.8891, 69.8680,  0, 0, 255
L -195.3510, -1018.8891, 69.8680,  -212.6711, -1030.9012, 70.4904,  0, 0, 255
L -212.6711, -1030.9012, 70.4904,  -220.0945, -1055.6707, 69.8566,  0, 0, 255
L -220.0945, -1055.6707, 69.8566,  -221.9706, -1080.4424, 69.6945,  0, 0, 255
L -234.9684, -1055.4706, 92.8961,  -320.4060, -1036.3058, 84.8242,  60, 40, 0
L -320.4060, -1036.3058, 84.8242,  -508.4653, -1009.5342, 84.8760,  60, 40, 0
L -508.4653, -1009.5342, 84.8760,  -570.0932, -975.4528, 81.7510,  60, 40, 0
L -570.0932, -975.4528, 81.7510,  -588.7749, -950.2772, 83.0068,  60, 40, 0
L -588.7749, -950.2772, 83.0068,  -601.3878, -887.3730, 81.8525,  60, 40, 0
L -601.3878, -887.3730, 81.8525,  -587.2682, -773.9928, 83.8594,  60, 40, 0
L -587.2682, -773.9928, 83.8594,  -511.3392, -625.6821, 83.2233,  60, 40, 0
L -511.3392, -625.6821, 83.2233,  -522.1269, -504.7113, 81.9691,  60, 40, 0
L -522.1269, -504.7113, 81.9691,  -576.5206, -394.5326, 81.7510,  60, 40, 0
L -576.5206, -394.5326, 81.7510,  -695.8209, -245.1912, 84.7216,  60, 40, 0
L -695.8209, -245.1912, 84.7216,  -777.3305, -123.3518, 84.8760,  60, 40, 0
L -777.3305, -123.3518, 84.8760,  -908.8052, -16.9138, 81.7510,  60, 40, 0
L -908.8052, -16.9138, 81.7510,  -988.2226, 41.5611, 81.7510,  60, 40, 0
L -988.2226, 41.5611, 81.7510,  -1079.2532, 185.5413, 81.7510,  60, 40, 0
L -1079.2532, 185.5413, 81.7510,  -1110.0734, 348.9444, 81.7510,  60, 40, 0
L -1110.0734, 348.9444, 81.7510,  -1101.1257, 524.6026, 82.4160,  60, 40, 0
L -938.2609, 6.8020, 82.6985,  -1281.5161, -15.7252, 82.9211,  60, 40, 0
L -1281.5161, -15.7252, 82.9211,  -1414.7748, -31.8951, 87.9839,  60, 40, 0
L -1414.7748, -31.8951, 87.9839,  -1550.1796, 9.0265, 81.7510,  60, 40, 0
L -1550.1796, 9.0265, 81.7510,  -1667.9055, 11.5290, 81.7510,  60, 40, 0
L -1667.9055, 11.5290, 81.7510,  -1891.6552, -3.5780, 83.1198,  60, 40, 0
L -1891.6552, -3.5780, 83.1198,  -1891.6552, -3.5780, 83.1198,  60, 40, 0
L -262.1902, 1466.5742, 81.9779,  -256.2306, 1294.2656, 89.3906,  60, 40, 0
L -256.2306, 1294.2656, 89.3906,  -203.5291, 1050.2534, 82.6531,  60, 40, 0
L -203.5291, 1050.2534, 82.6531,  -284.2556, 840.5238, 92.5887,  60, 40, 0
L -284.2556, 840.5238, 92.5887,  -278.8338, 784.1344, 85.8982,  60, 40, 0
L -278.8338, 784.1344, 85.8982,  -243.3684, 745.5635, 84.8760,  60, 40, 0
L -243.3684, 745.5635, 84.8760,  -93.6765, 739.1738, 91.1335,  60, 40, 0
L -93.6765, 739.1738, 91.1335,  37.9473, 756.4222, 92.1190,  60, 40, 0
L 37.9473, 756.4222, 92.1190,  167.0702, 757.4664, 86.4349,  60, 40, 0
L 167.0702, 757.4664, 86.4349,  245.1242, 738.5716, 85.2217,  60, 40, 0
L 245.1242, 738.5716, 85.2217,  298.2195, 708.8038, 85.9887,  60, 40, 0
L 298.2195, 708.8038, 85.9887,  404.6967, 581.0852, 96.0004,  60, 40, 0
L 404.6967, 581.0852, 96.0004,  474.6986, 484.5449, 107.5171,  60, 40, 0
L 474.6986, 484.5449, 107.5171,  589.2725, 267.1913, 110.8410,  60, 40, 0
L 589.2725, 267.1913, 110.8410,  649.3155, 158.0336, 85.6814,  60, 40, 0
L 649.3155, 158.0336, 85.6814,  691.7529, 62.7936, 83.7924,  60, 40, 0
L 691.7529, 62.7936, 83.7924,  723.3035, -22.3390, 81.7510,  60, 40, 0
L 723.3035, -22.3390, 81.7510,  745.7983, -96.5143, 81.7510,  60, 40, 0
L 745.7983, -96.5143, 81.7510,  756.1591, -154.9324, 82.2855,  60, 40, 0
L 756.1591, -154.9324, 82.2855,  762.1542, -228.8945, 81.7510,  60, 40, 0
L 762.1542, -228.8945, 81.7510,  767.0394, -281.8175, 81.7510,  60, 40, 0
L 767.0394, -281.8175, 81.7510,  777.9146, -379.8949, 82.2480,  60, 40, 0
L 777.9146, -379.8949, 82.2480,  790.0864, -489.6682, 81.7510,  60, 40, 0
L 790.0864, -489.6682, 81.7510,  794.1211, -560.1624, 83.3693,  60, 40, 0
L 794.1211, -560.1624, 83.3693,  807.2745, -678.9598, 81.7510,  60, 40, 0
L 807.2745, -678.9598, 81.7510,  785.1464, -832.8405, 82.7531,  60, 40, 0
L 785.1464, -832.8405, 82.7531,  739.2881, -913.8199, 82.2134,  60, 40, 0
L 739.2881, -913.8199, 82.2134,  686.2784, -954.0049, 82.6345,  60, 40, 0
L 686.2784, -954.0049, 82.6345,  564.5318, -998.6349, 84.7818,  60, 40, 0
L 564.5318, -998.6349, 84.7818,  333.3696, -941.6669, 83.1561,  60, 40, 0
L 333.3696, -941.6669, 83.1561,  285.0698, -926.4907, 83.0542,  60, 40, 0
L 285.0698, -926.4907, 83.0542,  231.0993, -921.1420, 82.0614,  60, 40, 0
L 231.0993, -921.1420, 82.0614,  161.0923, -925.2018, 82.6829,  60, 40, 0
L 161.0923, -925.2018, 82.6829,  113.2622, -931.2355, 83.6256,  60, 40, 0
L 113.2622, -931.2355, 83.6256,  54.4833, -953.7213, 82.4977,  60, 40, 0
L 54.4833, -953.7213, 82.4977,  8.4053, -974.5898, 84.9184,  60, 40, 0
L 8.4053, -974.5898, 84.9184,  -79.6627, -996.6489, 91.1572,  60, 40, 0
L -79.6627, -996.6489, 89.0737,  5.2793, -1024.6879, 84.6030,  60, 40, 0
L 5.2793, -1024.6879, 84.6030,  6.7024, -1238.7863, 84.0990,  60, 40, 0
L 6.7024, -1238.7863, 84.0990,  21.9388, -1326.1702, 82.6014,  60, 40, 0
L 21.9388, -1326.1702, 82.6014,  45.7073, -1384.0060, 82.1280,  60, 40, 0
L 45.7073, -1384.0060, 82.1280,  88.2066, -1462.0348, 83.5741,  60, 40, 0
L 88.2066, -1462.0348, 83.5741,  126.2932, -1559.9580, 90.0341,  60, 40, 0
L 126.2932, -1559.9580, 90.0341,  168.0285, -1669.2174, 87.2490,  60, 40, 0
L 168.0285, -1669.2174, 87.2490,  168.0285, -1669.2174, 87.2490,  60, 40, 0
L 253.9063, -2113.6238, 83.4072,  232.1563, -2113.7488, 83.4072,  150, 0, 200
L 126.4063, -2115.2014, 83.4072,  104.6562, -2115.3484, 83.4072,  150, 0, 200
L 2128.9771, 729.5629, 28.5363,  2129.2444, 695.4684, 28.5323,  150, 0, 200
L 871.6249, 1960.7815, 99.3760,  856.3749, 1960.8673, 99.3760,  150, 0, 200
L -2149.1599, 50.8627, 86.0016,  -2149.1643, 94.1372, 86.0010,  150, 0, 200
L -2142.6858, -53.8622, 86.0033,  -2142.3718, -97.1372, 86.0010,  150, 0, 200
L -596.8495, -1227.7153, 84.8760,  -603.5982, -1228.9336, 84.8760,  100, 50, 0
L -603.5982, -1228.9336, 84.8760,  -604.0494, -1221.7377, 84.8761,  100, 50, 0
L -604.0494, -1221.7377, 84.8761,  -605.3253, -1210.7954, 84.8760,  100, 50, 0
L -605.3253, -1210.7954, 84.8760,  -598.3842, -1210.4890, 84.8760,  100, 50, 0
L -577.0834, -1246.4401, 85.4359,  -572.0921, -1243.9630, 84.8760,  100, 50, 0
L -572.0921, -1243.9630, 84.8760,  -567.7374, -1244.8713, 84.8760,  100, 50, 0
L -567.7374, -1244.8713, 84.8760,  -562.9931, -1247.2837, 84.8760,  100, 50, 0
L -562.9931, -1247.2837, 84.8760,  -558.7376, -1248.4314, 84.8771,  100, 50, 0
L -558.7376, -1248.4314, 84.8771,  -555.4925, -1248.7301, 84.8760,  100, 50, 0
L -555.4925, -1248.7301, 84.8760,  -551.7407, -1250.2676, 84.8760,  100, 50, 0
L -551.7407, -1250.2676, 84.8760,  -549.3831, -1254.2427, 84.8760,  100, 50, 0
L -549.3831, -1254.2427, 84.8760,  -549.8298, -1255.9503, 84.8760,  100, 50, 0
L -549.8298, -1255.9503, 84.8760,  -549.8298, -1255.9503, 84.8760,  100, 50, 0
L -552.0804, -1262.4281, 85.5977,  -556.5615, -1265.1342, 85.8075,  100, 50, 0
L -556.5615, -1265.1342, 85.8075,  -560.6489, -1264.0759, 85.6470,  100, 50, 0
L -560.6489, -1264.0759, 85.6470,  -565.5903, -1261.6755, 86.0265,  100, 50, 0
L -565.5903, -1261.6755, 86.0265,  -569.7664, -1260.4373, 86.4901,  100, 50, 0
L -569.7664, -1260.4373, 86.4901,  -572.3878, -1260.1158, 86.8531,  100, 50, 0
L -572.3878, -1260.1158, 86.8531,  -576.1913, -1258.7802, 87.2425,  100, 50, 0
L -576.1913, -1258.7802, 87.2425,  -578.3613, -1254.5636, 87.5348,  100, 50, 0
L -578.3613, -1254.5636, 87.5348,  -578.3613, -1254.5267, 87.5310,  100, 50, 0
L 220.7290, 1066.2305, 84.8760,  215.4789, 1073.2555, 85.4731,  100, 50, 0
L 215.4789, 1073.2555, 85.4731,  216.4883, 1078.9496, 85.3138,  100, 50, 0
L 216.4883, 1078.9496, 85.3138,  219.1639, 1088.3107, 86.0787,  100, 50, 0
L 219.1639, 1088.3107, 86.0787,  219.7137, 1094.6810, 87.0647,  100, 50, 0
L 219.7137, 1094.6810, 87.0647,  219.6150, 1096.8251, 87.3982,  100, 50, 0
L 219.6150, 1096.8251, 87.3982,  221.0439, 1104.1898, 88.5535,  100, 50, 0
L 221.0439, 1104.1898, 88.5535,  225.0312, 1106.2919, 89.9119,  100, 50, 0
L 225.0312, 1106.2919, 89.9119,  227.8927, 1107.7972, 89.1226,  100, 50, 0
L 238.5163, 1106.1484, 88.8663,  243.5791, 1100.0970, 87.9167,  100, 50, 0
L 243.5791, 1100.0970, 87.9167,  242.6982, 1092.7944, 86.7693,  100, 50, 0
L 242.6982, 1092.7944, 86.7693,  241.0110, 1087.0338, 85.8651,  100, 50, 0
L 241.0110, 1087.0338, 85.8651,  240.5350, 1079.4578, 84.9570,  100, 50, 0
L 240.5350, 1079.4578, 84.9570,  240.9063, 1076.0514, 84.8760,  100, 50, 0
L 240.9063, 1076.0514, 84.8760,  239.6689, 1069.0259, 84.8760,  100, 50, 0
L 239.6689, 1069.0259, 84.8760,  235.0831, 1065.3206, 84.9340,  100, 50, 0
L 235.0831, 1065.3206, 84.9340,  233.3382, 1064.6365, 85.3061,  100, 50, 0
L 233.3382, 1064.6365, 85.3061,  233.3382, 1064.6365, 85.3061,  100, 50, 0
P 1375.0000, -1402.0000, 95.5284,  0, 0, 0,  3,  Daved_(Tailor)
P 1285.0000, -1339.0000, 95.4797,  0, 0, 0,  3,  Mikhal_(Tailor)
P -1353.0000, 958.0000, 87.5949,  0, 0, 0,  3,  Yharrv_(Baking)
P -1355.0000, 903.0000, 84.8760,  0, 0, 0,  3,  Thariza_(Baking)
P 178.0000, -2081.0000, 83.4072,  0, 0, 0,  3,  to_Netherbian_Lair
P 2113.0000, 713.0000, 28.5323,  0, 0, 0,  3,  to_Maiden's_Eye
P 863.0000, 1946.0000, 99.3760,  0, 0, 0,  3,  to_Griegs_End
P -2071.0000, 12.0000, 86.0010,  0, 0, 0,  3,  to_Sanctus_Seru
