L -383, -1404, 21,  -383, -1397, 21,  153, 153, 153
L -383, -1397, 21,  -373, -1382, 21,  153, 153, 153
L -373, -1382, 21,  -321, -1377, 21,  153, 153, 153
L -321, -1377, 21,  -303, -1360, 21,  153, 153, 153
L -303, -1360, 21,  -333, -1344, 83,  153, 153, 153
L -333, -1344, 83,  -335, -1313, 21,  153, 153, 153
L -335, -1313, 21,  -351, -1310, -298,  153, 153, 153
L -351, -1310, -298,  -365, -1284, -298,  153, 153, 153
L -365, -1284, -298,  -367, -1256, -298,  153, 153, 153
L -367, -1256, -298,  -351, -1197, -464,  153, 153, 153
L -351, -1197, -464,  -351, -1137, -602,  153, 153, 153
L -351, -1137, -602,  -415, -1087, -617,  153, 153, 153
L -415, -1087, -617,  -465, -1074, -730,  153, 153, 153
L -465, -1074, -730,  -511, -1070, -728,  153, 153, 153
L -511, -1070, -728,  -535, -1035, -777,  153, 153, 153
L -535, -1035, -777,  -543, -1015, -777,  153, 153, 153
L -543, -1015, -777,  -529, -925, -1035,  153, 153, 153
L -529, -925, -1035,  -527, -831, -1351,  153, 153, 153
L -527, -831, -1351,  -527, -808, -1411,  153, 153, 153
L -527, -808, -1411,  -511, -708, -1718,  153, 153, 153
L -511, -708, -1718,  -511, -689, -1774,  153, 153, 153
L -511, -689, -1774,  -475, -649, -1882,  153, 153, 153
L -475, -649, -1882,  -437, -641, -1904,  153, 153, 153
L -437, -641, -1904,  -386, -596, -2043,  153, 153, 153
L -386, -596, -2043,  -392, -571, -2057,  153, 153, 153
L -392, -571, -2057,  -430, -513, -1998,  153, 153, 153
L -430, -513, -1998,  -496, -511, -2057,  153, 153, 153
L -496, -511, -2057,  -542, -448, -2057,  153, 153, 153
L -542, -448, -2057,  -516, -421, -2057,  153, 153, 153
L -516, -421, -2057,  -511, -400, -2018,  153, 153, 153
L -511, -400, -2018,  -479, -336, -1897,  153, 153, 153
L -479, -336, -1897,  -495, -271, -1897,  153, 153, 153
L -495, -271, -1897,  -538, -243, -1897,  153, 153, 153
L -538, -243, -1897,  -591, -270, -1897,  153, 153, 153
L -591, -270, -1897,  -582, -293, -1897,  153, 153, 153
L -582, -293, -1897,  -550, -292, -1897,  153, 153, 153
L -550, -292, -1897,  -513, -305, -1897,  153, 153, 153
L -513, -305, -1897,  -513, -329, -1897,  153, 153, 153
L -513, -329, -1897,  -528, -351, -1897,  153, 153, 153
L -528, -351, -1897,  -545, -351, -1897,  153, 153, 153
L -545, -351, -1897,  -568, -342, -1897,  153, 153, 153
L -568, -342, -1897,  -588, -347, -1897,  153, 153, 153
L -588, -347, -1897,  -605, -351, -1897,  153, 153, 153
L -605, -351, -1897,  -620, -344, -1897,  153, 153, 153
L -620, -344, -1897,  -639, -318, -1897,  153, 153, 153
L -639, -318, -1897,  -625, -277, -1897,  153, 153, 153
L -625, -277, -1897,  -653, -241, -1897,  153, 153, 153
L -653, -241, -1897,  -655, -213, -1897,  153, 153, 153
L -655, -213, -1897,  -699, -178, -1897,  153, 153, 153
L -699, -178, -1897,  -703, -71, -2030,  153, 153, 153
L -703, -71, -2030,  -759, -21, -2057,  153, 153, 153
L -759, -21, -2057,  -794, -28, -2117,  153, 153, 153
L -794, -28, -2117,  -815, -31, -2168,  153, 153, 153
L -815, -31, -2168,  -855, -42, -2217,  153, 153, 153
L -855, -42, -2217,  -835, -93, -2195,  153, 153, 153
L -835, -93, -2195,  -833, -111, -2211,  153, 153, 153
L -833, -111, -2211,  -860, -155, -2201,  153, 153, 153
L -860, -155, -2201,  -877, -159, -2217,  153, 153, 153
L -877, -159, -2217,  -903, -193, -2217,  153, 153, 153
L -903, -193, -2217,  -943, -222, -2217,  153, 153, 153
L -943, -222, -2217,  -945, -235, -2217,  153, 153, 153
L -945, -235, -2217,  -940, -242, -2217,  153, 153, 153
L -940, -242, -2217,  -905, -230, -2217,  153, 153, 153
L -905, -230, -2217,  -881, -225, -2217,  153, 153, 153
L -881, -225, -2217,  -849, -256, -2217,  153, 153, 153
L -849, -256, -2217,  -856, -271, -2217,  153, 153, 153
L -856, -271, -2217,  -896, -287, -2217,  153, 153, 153
L -896, -287, -2217,  -912, -335, -2166,  153, 153, 153
L -912, -335, -2166,  -928, -335, -2217,  153, 153, 153
L -928, -335, -2217,  -959, -318, -2160,  153, 153, 153
L -959, -318, -2160,  -975, -287, -2217,  153, 153, 153
L -975, -287, -2217,  -1022, -287, -2210,  153, 153, 153
L -1022, -287, -2210,  -1040, -303, -2173,  153, 153, 153
L -1040, -303, -2173,  -1055, -303, -2217,  153, 153, 153
L -1055, -303, -2217,  -1065, -282, -2206,  153, 153, 153
L -1065, -282, -2206,  -1054, -256, -2217,  153, 153, 153
L -1054, -256, -2217,  -1054, -225, -2217,  153, 153, 153
L -1054, -225, -2217,  -1069, -194, -2217,  153, 153, 153
L -1069, -194, -2217,  -1105, -189, -2217,  153, 153, 153
L -1105, -189, -2217,  -1134, -160, -2217,  153, 153, 153
L -1134, -160, -2217,  -1156, -159, -2217,  153, 153, 153
L -1156, -159, -2217,  -1197, -144, -2217,  153, 153, 153
L -1197, -144, -2217,  -1262, -143, -2217,  153, 153, 153
L -1262, -143, -2217,  -1284, -153, -2217,  153, 153, 153
L -1284, -153, -2217,  -1327, -159, -2217,  153, 153, 153
L -1327, -159, -2217,  -1341, -171, -2217,  153, 153, 153
L -1341, -171, -2217,  -1355, -207, -2311,  153, 153, 153
L -1355, -207, -2311,  -1438, -301, -2521,  153, 153, 153
L -1438, -301, -2521,  -1408, -353, -2537,  153, 153, 153
L -1408, -353, -2537,  -1375, -353, -2537,  153, 153, 153
L -1375, -353, -2537,  -1370, -359, -2537,  153, 153, 153
L -1370, -359, -2537,  -1347, -396, -2537,  153, 153, 153
L -1347, -396, -2537,  -1359, -414, -2537,  153, 153, 153
L -1359, -414, -2537,  -1345, -432, -2537,  153, 153, 153
L -1345, -432, -2537,  -1360, -447, -2537,  153, 153, 153
L -1360, -447, -2537,  -1376, -478, -2537,  153, 153, 153
L -1376, -478, -2537,  -1408, -510, -2537,  153, 153, 153
L -1408, -510, -2537,  -1409, -524, -2537,  153, 153, 153
L -1409, -524, -2537,  -1395, -541, -2537,  153, 153, 153
L -1395, -541, -2537,  -1376, -530, -2537,  153, 153, 153
L -1376, -530, -2537,  -1344, -529, -2537,  153, 153, 153
L -1344, -529, -2537,  -1329, -560, -2537,  153, 153, 153
L -1329, -560, -2537,  -1360, -623, -2537,  153, 153, 153
L -1360, -623, -2537,  -1393, -639, -2537,  153, 153, 153
L -1393, -639, -2537,  -1417, -639, -2537,  153, 153, 153
L -1417, -639, -2537,  -1454, -607, -2537,  153, 153, 153
L -1454, -607, -2537,  -1454, -607, -2537,  153, 153, 153
L -1454, -607, -2537,  -1463, -614, -2537,  153, 153, 153
L -1463, -614, -2537,  -1493, -622, -2537,  153, 153, 153
L -1493, -622, -2537,  -1521, -607, -2537,  153, 153, 153
L -1521, -607, -2537,  -1567, -606, -2537,  153, 153, 153
L -1567, -606, -2537,  -1598, -591, -2537,  153, 153, 153
L -1598, -591, -2537,  -1643, -591, -2537,  153, 153, 153
L -1643, -591, -2537,  -1679, -569, -2537,  153, 153, 153
L -1679, -569, -2537,  -1694, -513, -2537,  153, 153, 153
L -1694, -513, -2537,  -1719, -487, -2537,  153, 153, 153
L -1719, -487, -2537,  -1727, -479, -2537,  153, 153, 153
L -1727, -479, -2537,  -1759, -479, -2537,  153, 153, 153
L -1759, -479, -2537,  -1760, -506, -2537,  153, 153, 153
L -1760, -506, -2537,  -1776, -527, -2537,  153, 153, 153
L -1776, -527, -2537,  -1776, -543, -2537,  153, 153, 153
L -1776, -543, -2537,  -1791, -558, -2537,  153, 153, 153
L -1791, -558, -2537,  -1749, -618, -2418,  153, 153, 153
L -1749, -618, -2418,  -1744, -703, -2377,  153, 153, 153
L -1744, -703, -2377,  -1775, -718, -2377,  153, 153, 153
L -1775, -718, -2377,  -1824, -719, -2217,  153, 153, 153
L -1824, -719, -2217,  -1857, -736, -2217,  153, 153, 153
L -1857, -736, -2217,  -1870, -763, -2217,  153, 153, 153
L -1870, -763, -2217,  -1880, -767, -2217,  153, 153, 153
L -1880, -767, -2217,  -1921, -751, -2217,  153, 153, 153
L -1921, -751, -2217,  -1980, -751, -2271,  153, 153, 153
L -1980, -751, -2271,  -2003, -751, -2377,  153, 153, 153
L -2003, -751, -2377,  -2042, -710, -2377,  153, 153, 153
L -2042, -710, -2377,  -2046, -684, -2390,  153, 153, 153
L -2046, -684, -2390,  -2046, -661, -2491,  153, 153, 153
L -2046, -661, -2491,  -2063, -622, -2537,  153, 153, 153
L -2063, -622, -2537,  -2079, -623, -2537,  153, 153, 153
L -2079, -623, -2537,  -2115, -603, -2537,  153, 153, 153
L -2115, -603, -2537,  -2126, -584, -2537,  153, 153, 153
L -2126, -584, -2537,  -2110, -544, -2537,  153, 153, 153
L -2110, -544, -2537,  -2110, -483, -2697,  153, 153, 153
L -2110, -483, -2697,  -2104, -474, -2697,  153, 153, 153
L -2104, -474, -2697,  -2065, -465, -2697,  153, 153, 153
L -2065, -465, -2697,  -1967, -433, -2697,  153, 153, 153
L -1967, -433, -2697,  -1966, -401, -2697,  153, 153, 153
L -1966, -401, -2697,  -1996, -370, -2697,  153, 153, 153
L -1996, -370, -2697,  -2038, -367, -2856,  153, 153, 153
L -2038, -367, -2856,  -2075, -324, -2856,  153, 153, 153
L -2075, -324, -2856,  -2078, -275, -2856,  153, 153, 153
L -2078, -275, -2856,  -2093, -227, -2856,  153, 153, 153
L -2093, -227, -2856,  -2094, -206, -2856,  153, 153, 153
L -2094, -206, -2856,  -2048, -177, -2856,  153, 153, 153
L -2048, -177, -2856,  -2046, -149, -2856,  153, 153, 153
L -2046, -149, -2856,  -2011, -116, -2856,  153, 153, 153
L -2011, -116, -2856,  -2014, -99, -2911,  153, 153, 153
L -2014, -99, -2911,  -2062, -48, -3016,  153, 153, 153
L -2062, -48, -3016,  -2106, -47, -3144,  153, 153, 153
L -2106, -47, -3144,  -2129, -47, -3176,  153, 153, 153
L -2129, -47, -3176,  -2157, -3, -3176,  153, 153, 153
L -2157, -3, -3176,  -2158, 3, -3176,  153, 153, 153
L -2158, 3, -3176,  -2158, 42, -3295,  153, 153, 153
L -2158, 42, -3295,  -2165, 62, -3336,  153, 153, 153
L -2165, 62, -3336,  -2205, 110, -3336,  153, 153, 153
L -2205, 110, -3336,  -2206, 126, -3336,  153, 153, 153
L -2206, 126, -3336,  -2190, 143, -3336,  153, 153, 153
L -2190, 143, -3336,  -2206, 174, -3336,  153, 153, 153
L -2206, 174, -3336,  -2190, 206, -3336,  153, 153, 153
L -2190, 206, -3336,  -2199, 226, -3336,  153, 153, 153
L -2199, 226, -3336,  -2206, 251, -3336,  153, 153, 153
L -2206, 251, -3336,  -2181, 267, -3336,  153, 153, 153
L -2181, 267, -3336,  -2128, 254, -3336,  153, 153, 153
L -2128, 254, -3336,  -2111, 281, -3336,  153, 153, 153
L -2111, 281, -3336,  -2110, 317, -3336,  153, 153, 153
L -2110, 317, -3336,  -2110, 365, -3479,  153, 153, 153
L -2110, 365, -3479,  -2157, 462, -3496,  153, 153, 153
L -2157, 462, -3496,  -2172, 458, -3496,  153, 153, 153
L -2172, 458, -3496,  -2176, 430, -3474,  153, 153, 153
L -2176, 430, -3474,  -2176, 400, -3448,  153, 153, 153
L -2176, 400, -3448,  -2191, 400, -3469,  153, 153, 153
L -2191, 400, -3469,  -2222, 415, -3442,  153, 153, 153
L -2222, 415, -3442,  -2207, 445, -3496,  153, 153, 153
L -2207, 445, -3496,  -2221, 477, -3496,  153, 153, 153
L -2221, 477, -3496,  -2238, 480, -3466,  153, 153, 153
L -2238, 480, -3466,  -2254, 511, -3447,  153, 153, 153
L -2254, 511, -3447,  -2223, 542, -3496,  153, 153, 153
L -2223, 542, -3496,  -2222, 557, -3496,  153, 153, 153
L -2222, 557, -3496,  -2193, 573, -3496,  153, 153, 153
L -2193, 573, -3496,  -2188, 574, -3496,  153, 153, 153
L -2188, 574, -3496,  -2145, 574, -3343,  153, 153, 153
L -2145, 574, -3343,  -2118, 586, -3336,  153, 153, 153
L -2118, 586, -3336,  -2092, 570, -3336,  153, 153, 153
L -2092, 570, -3336,  -2091, 537, -3336,  153, 153, 153
L -2091, 537, -3336,  -2095, 534, -3336,  153, 153, 153
L -2095, 534, -3336,  -2080, 479, -3462,  153, 153, 153
L -2080, 479, -3462,  -2063, 509, -3496,  153, 153, 153
L -2063, 509, -3496,  -2034, 495, -3496,  153, 153, 153
L -2034, 495, -3496,  -2019, 494, -3496,  153, 153, 153
L -2019, 494, -3496,  -1987, 465, -3478,  153, 153, 153
L -1987, 465, -3478,  -1999, 433, -3496,  153, 153, 153
L -1999, 433, -3496,  -2016, 432, -3496,  153, 153, 153
L -2016, 432, -3496,  -2032, 416, -3480,  153, 153, 153
L -2032, 416, -3480,  -2048, 417, -3488,  153, 153, 153
L -2048, 417, -3488,  -2062, 431, -3496,  153, 153, 153
L -2062, 431, -3496,  -2063, 448, -3496,  153, 153, 153
L -2063, 448, -3496,  -2076, 462, -3496,  153, 153, 153
L -2076, 462, -3496,  -2111, 433, -3481,  153, 153, 153
L -2111, 433, -3481,  -2081, 399, -3496,  153, 153, 153
L -2081, 399, -3496,  -2080, 367, -3486,  153, 153, 153
L -2080, 367, -3486,  -2096, 319, -3338,  153, 153, 153
L -2096, 319, -3338,  -2096, 287, -3336,  153, 153, 153
L -2096, 287, -3336,  -2070, 260, -3336,  153, 153, 153
L -2070, 260, -3336,  -2076, 232, -3336,  153, 153, 153
L -2076, 232, -3336,  -2094, 224, -3336,  153, 153, 153
L -2094, 224, -3336,  -2124, 239, -3336,  153, 153, 153
L -2124, 239, -3336,  -2157, 211, -3336,  153, 153, 153
L -2157, 211, -3336,  -2118, 178, -3336,  153, 153, 153
L -2118, 178, -3336,  -2076, 190, -3325,  153, 153, 153
L -2076, 190, -3325,  -2051, 190, -3313,  153, 153, 153
L -2051, 190, -3313,  -2035, 164, -3306,  153, 153, 153
L -2035, 164, -3306,  -2047, 130, -3311,  153, 153, 153
L -2047, 130, -3311,  -2016, 126, -3479,  153, 153, 153
L -2016, 126, -3479,  -2007, 140, -3496,  153, 153, 153
L -2007, 140, -3496,  -1979, 156, -3496,  153, 153, 153
L -1979, 156, -3496,  -1962, 147, -3496,  153, 153, 153
L -1962, 147, -3496,  -1965, 106, -3496,  153, 153, 153
L -1965, 106, -3496,  -1979, 96, -3496,  153, 153, 153
L -1979, 96, -3496,  -2011, 110, -3496,  153, 153, 153
L -2011, 110, -3496,  -2045, 97, -3345,  153, 153, 153
L -2045, 97, -3345,  -2060, 83, -3336,  153, 153, 153
L -2060, 83, -3336,  -2077, 80, -3336,  153, 153, 153
L -2077, 80, -3336,  -2112, 64, -3336,  153, 153, 153
L -2112, 64, -3336,  -2138, 27, -3233,  153, 153, 153
L -2138, 27, -3233,  -2114, -29, -3176,  153, 153, 153
L -2114, -29, -3176,  -2081, -33, -3072,  153, 153, 153
L -2081, -33, -3072,  -2058, -33, -3016,  153, 153, 153
L -2058, -33, -3016,  -2016, -54, -3016,  153, 153, 153
L -2016, -54, -3016,  -2000, -75, -3016,  153, 153, 153
L -2000, -75, -3016,  -1987, -108, -2875,  153, 153, 153
L -1987, -108, -2875,  -1973, -135, -2856,  153, 153, 153
L -1973, -135, -2856,  -1949, -128, -2856,  153, 153, 153
L -1949, -128, -2856,  -1929, -113, -2856,  153, 153, 153
L -1929, -113, -2856,  -1892, -100, -2719,  153, 153, 153
L -1892, -100, -2719,  -1879, -97, -2697,  153, 153, 153
L -1879, -97, -2697,  -1825, -128, -2697,  153, 153, 153
L -1825, -128, -2697,  -1822, -147, -2697,  153, 153, 153
L -1822, -147, -2697,  -1793, -176, -2697,  153, 153, 153
L -1793, -176, -2697,  -1778, -177, -2619,  153, 153, 153
L -1778, -177, -2619,  -1729, -177, -2537,  153, 153, 153
L -1729, -177, -2537,  -1710, -145, -2537,  153, 153, 153
L -1710, -145, -2537,  -1692, -135, -2537,  153, 153, 153
L -1692, -135, -2537,  -1691, -102, -2537,  153, 153, 153
L -1691, -102, -2537,  -1694, -82, -2537,  153, 153, 153
L -1694, -82, -2537,  -1648, -65, -2537,  153, 153, 153
L -1648, -65, -2537,  -1646, -20, -2537,  153, 153, 153
L -1646, -20, -2537,  -1676, 13, -2537,  153, 153, 153
L -1676, 13, -2537,  -1710, 16, -2675,  153, 153, 153
L -1710, 16, -2675,  -1768, -11, -2697,  153, 153, 153
L -1768, -11, -2697,  -1784, -15, -2697,  153, 153, 153
L -1784, -15, -2697,  -1822, 32, -2697,  153, 153, 153
L -1822, 32, -2697,  -1822, 49, -2697,  153, 153, 153
L -1822, 49, -2697,  -1803, 72, -2697,  153, 153, 153
L -1803, 72, -2697,  -1766, 65, -2697,  153, 153, 153
L -1766, 65, -2697,  -1745, 33, -2697,  153, 153, 153
L -1745, 33, -2697,  -1738, 30, -2697,  153, 153, 153
L -1738, 30, -2697,  -1694, 30, -2607,  153, 153, 153
L -1694, 30, -2607,  -1652, 21, -2537,  153, 153, 153
L -1652, 21, -2537,  -1620, -10, -2537,  153, 153, 153
L -1620, -10, -2537,  -1601, -63, -2537,  153, 153, 153
L -1601, -63, -2537,  -1568, -81, -2537,  153, 153, 153
L -1568, -81, -2537,  -1561, -95, -2537,  153, 153, 153
L -1561, -95, -2537,  -1532, -123, -2537,  153, 153, 153
L -1532, -123, -2537,  -1509, -121, -2537,  153, 153, 153
L -1509, -121, -2537,  -1488, -68, -2460,  153, 153, 153
L -1488, -68, -2460,  -1486, -53, -2450,  153, 153, 153
L -1486, -53, -2450,  -1464, -10, -2424,  153, 153, 153
L -1464, -10, -2424,  -1431, -1, -2386,  153, 153, 153
L -1431, -1, -2386,  -1386, -1, -2249,  153, 153, 153
L -1386, -1, -2249,  -1422, 0, -2219,  153, 153, 153
L -1422, 0, -2219,  -1391, 30, -2209,  153, 153, 153
L -1391, 30, -2209,  -1384, 43, -2266,  153, 153, 153
L -1384, 43, -2266,  -1374, 76, -2377,  153, 153, 153
L -1374, 76, -2377,  -1334, 108, -2377,  153, 153, 153
L -1334, 108, -2377,  -1280, 126, -2519,  153, 153, 153
L -1280, 126, -2519,  -1247, 142, -2537,  153, 153, 153
L -1247, 142, -2537,  -1246, 170, -2537,  153, 153, 153
L -1246, 170, -2537,  -1263, 176, -2537,  153, 153, 153
L -1263, 176, -2537,  -1270, 190, -2537,  153, 153, 153
L -1270, 190, -2537,  -1293, 195, -2537,  153, 153, 153
L -1293, 195, -2537,  -1302, 192, -2537,  153, 153, 153
L -1302, 192, -2537,  -1323, 204, -2537,  153, 153, 153
L -1323, 204, -2537,  -1326, 216, -2537,  153, 153, 153
L -1326, 216, -2537,  -1314, 235, -2537,  153, 153, 153
L -1314, 235, -2537,  -1302, 238, -2537,  153, 153, 153
L -1302, 238, -2537,  -1288, 230, -2537,  153, 153, 153
L -1288, 230, -2537,  -1278, 221, -2537,  153, 153, 153
L -1278, 221, -2537,  -1264, 237, -2537,  153, 153, 153
L -1264, 237, -2537,  -1278, 255, -2537,  153, 153, 153
L -1278, 255, -2537,  -1278, 269, -2537,  153, 153, 153
L -1278, 269, -2537,  -1267, 282, -2537,  153, 153, 153
L -1267, 282, -2537,  -1252, 286, -2537,  153, 153, 153
L -1252, 286, -2537,  -1239, 277, -2537,  153, 153, 153
L -1239, 277, -2537,  -1218, 270, -2537,  153, 153, 153
L -1218, 270, -2537,  -1205, 280, -2537,  153, 153, 153
L -1205, 280, -2537,  -1196, 286, -2537,  153, 153, 153
L -1196, 286, -2537,  -1172, 274, -2537,  153, 153, 153
L -1172, 274, -2537,  -1169, 258, -2537,  153, 153, 153
L -1169, 258, -2537,  -1179, 245, -2537,  153, 153, 153
L -1179, 245, -2537,  -1182, 237, -2537,  153, 153, 153
L -1182, 237, -2537,  -1153, 222, -2537,  153, 153, 153
L -1153, 222, -2537,  -1153, 210, -2537,  153, 153, 153
L -1153, 210, -2537,  -1139, 218, -2537,  153, 153, 153
L -1139, 218, -2537,  -1128, 222, -2537,  153, 153, 153
L -1128, 222, -2537,  -1115, 216, -2537,  153, 153, 153
L -1115, 216, -2537,  -1105, 193, -2537,  153, 153, 153
L -1105, 193, -2537,  -1112, 184, -2537,  153, 153, 153
L -1112, 184, -2537,  -1123, 176, -2537,  153, 153, 153
L -1123, 176, -2537,  -1149, 192, -2537,  153, 153, 153
L -1149, 192, -2537,  -1180, 178, -2537,  153, 153, 153
L -1180, 178, -2537,  -1230, 176, -2537,  153, 153, 153
L -1230, 176, -2537,  -1233, 154, -2537,  153, 153, 153
L -1233, 154, -2537,  -1200, 110, -2537,  153, 153, 153
L -1200, 110, -2537,  -1168, 110, -2482,  153, 153, 153
L -1168, 110, -2482,  -1136, 78, -2537,  153, 153, 153
L -1136, 78, -2537,  -1121, 78, -2537,  153, 153, 153
L -1121, 78, -2537,  -1097, 86, -2537,  153, 153, 153
L -1097, 86, -2537,  -1072, 93, -2537,  153, 153, 153
L -1072, 93, -2537,  -1060, 81, -2537,  153, 153, 153
L -1060, 81, -2537,  -1062, 62, -2537,  153, 153, 153
L -1062, 62, -2537,  -1068, 46, -2537,  153, 153, 153
L -1068, 46, -2537,  -1072, 33, -2537,  153, 153, 153
L -1072, 33, -2537,  -1044, 16, -2537,  153, 153, 153
L -1044, 16, -2537,  -1056, -15, -2481,  153, 153, 153
L -1056, -15, -2481,  -1071, -15, -2482,  153, 153, 153
L -1071, -15, -2482,  -1086, 0, -2481,  153, 153, 153
L -1086, 0, -2481,  -1086, 30, -2537,  153, 153, 153
L -1086, 30, -2537,  -1119, 64, -2537,  153, 153, 153
L -1119, 64, -2537,  -1130, 64, -2537,  153, 153, 153
L -1130, 64, -2537,  -1137, 63, -2537,  153, 153, 153
L -1137, 63, -2537,  -1150, 36, -2537,  153, 153, 153
L -1150, 36, -2537,  -1184, 33, -2537,  153, 153, 153
L -1184, 33, -2537,  -1215, 64, -2537,  153, 153, 153
L -1215, 64, -2537,  -1260, 64, -2530,  153, 153, 153
L -1260, 64, -2530,  -1278, 95, -2537,  153, 153, 153
L -1278, 95, -2537,  -1326, 96, -2381,  153, 153, 153
L -1326, 96, -2381,  -1359, 65, -2377,  153, 153, 153
L -1359, 65, -2377,  -1361, 32, -2219,  153, 153, 153
L -1361, 32, -2219,  -1353, 23, -2217,  153, 153, 153
L -1353, 23, -2217,  -1360, 0, -2217,  153, 153, 153
L -1360, 0, -2217,  -1329, -33, -2217,  153, 153, 153
L -1329, -33, -2217,  -1329, -80, -2217,  153, 153, 153
L -1329, -80, -2217,  -1296, -97, -2217,  153, 153, 153
L -1296, -97, -2217,  -1284, -97, -2217,  153, 153, 153
L -1284, -97, -2217,  -1265, -113, -2217,  153, 153, 153
L -1265, -113, -2217,  -1140, -113, -2217,  153, 153, 153
L -1140, -113, -2217,  -1115, -106, -2110,  153, 153, 153
L -1115, -106, -2110,  -1088, -97, -2057,  153, 153, 153
L -1088, -97, -2057,  -1076, -97, -2057,  153, 153, 153
L -1076, -97, -2057,  -1071, -97, -1997,  153, 153, 153
L -1071, -97, -1997,  -1055, -97, -2217,  153, 153, 153
L -1055, -97, -2217,  -1009, -82, -2217,  153, 153, 153
L -1009, -82, -2217,  -1022, -48, -2210,  153, 153, 153
L -1022, -48, -2210,  -1008, -19, -2217,  153, 153, 153
L -1008, -19, -2217,  -979, -17, -2211,  153, 153, 153
L -979, -17, -2211,  -961, -48, -2217,  153, 153, 153
L -961, -48, -2217,  -961, -80, -2217,  153, 153, 153
L -961, -80, -2217,  -895, -49, -2217,  153, 153, 153
L -895, -49, -2217,  -895, -17, -2217,  153, 153, 153
L -895, -17, -2217,  -847, 14, -2217,  153, 153, 153
L -847, 14, -2217,  -832, 14, -2217,  153, 153, 153
L -832, 14, -2217,  -784, 45, -2059,  153, 153, 153
L -784, 45, -2059,  -783, 78, -2057,  153, 153, 153
L -783, 78, -2057,  -735, 111, -2057,  153, 153, 153
L -735, 111, -2057,  -750, 142, -2057,  153, 153, 153
L -750, 142, -2057,  -767, 144, -2057,  153, 153, 153
L -767, 144, -2057,  -813, 174, -2057,  153, 153, 153
L -813, 174, -2057,  -873, 176, -1912,  153, 153, 153
L -873, 176, -1912,  -920, 176, -1897,  153, 153, 153
L -920, 176, -1897,  -938, 209, -1897,  153, 153, 153
L -938, 209, -1897,  -942, 231, -1897,  153, 153, 153
L -942, 231, -1897,  -942, 270, -1791,  153, 153, 153
L -942, 270, -1791,  -973, 303, -1737,  153, 153, 153
L -973, 303, -1737,  -990, 276, -1737,  153, 153, 153
L -990, 276, -1737,  -1007, 272, -1737,  153, 153, 153
L -1007, 272, -1737,  -1034, 246, -1597,  153, 153, 153
L -1034, 246, -1597,  -1041, 224, -1498,  153, 153, 153
L -1041, 224, -1498,  -1041, 206, -1417,  153, 153, 153
L -1041, 206, -1417,  -1054, 164, -1417,  153, 153, 153
L -1054, 164, -1417,  -1166, 176, -1417,  153, 153, 153
L -1166, 176, -1417,  -1177, 176, -1417,  153, 153, 153
L -1177, 176, -1417,  -1230, 192, -1417,  153, 153, 153
L -1230, 192, -1417,  -1247, 192, -1417,  153, 153, 153
L -1247, 192, -1417,  -1278, 207, -1417,  153, 153, 153
L -1278, 207, -1417,  -1263, 237, -1417,  153, 153, 153
L -369, -1411, 21,  -369, -1407, 21,  153, 153, 153
L -369, -1407, 21,  -354, -1392, 21,  153, 153, 153
L -354, -1392, 21,  -304, -1390, 21,  153, 153, 153
L -304, -1390, 21,  -273, -1359, 21,  153, 153, 153
L -273, -1359, 21,  -243, -1344, 90,  153, 153, 153
L -243, -1344, 90,  -241, -1312, 21,  153, 153, 153
L -257, -1296, 21,  -303, -1281, 21,  153, 153, 153
L -303, -1281, 21,  -305, -1279, -298,  153, 153, 153
L -305, -1279, -298,  -305, -1268, -298,  153, 153, 153
L -305, -1268, -298,  -332, -1251, -298,  153, 153, 153
L -332, -1251, -298,  -337, -1154, -562,  153, 153, 153
L -337, -1154, -562,  -337, -1107, -617,  153, 153, 153
L -337, -1107, -617,  -383, -1058, -617,  153, 153, 153
L -383, -1058, -617,  -387, -1058, -617,  153, 153, 153
L -387, -1058, -617,  -409, -1062, -617,  153, 153, 153
L -409, -1062, -617,  -429, -1058, -647,  153, 153, 153
L -429, -1058, -647,  -466, -1057, -732,  153, 153, 153
L -466, -1057, -732,  -504, -1010, -777,  153, 153, 153
L -504, -1010, -777,  -513, -920, -1052,  153, 153, 153
L -513, -920, -1052,  -499, -828, -1365,  153, 153, 153
L -499, -828, -1365,  -497, -705, -1729,  153, 153, 153
L -497, -705, -1729,  -434, -656, -1863,  153, 153, 153
L -434, -656, -1863,  -401, -655, -1880,  153, 153, 153
L -401, -655, -1880,  -382, -627, -1956,  153, 153, 153
L -382, -627, -1956,  -369, -560, -2057,  153, 153, 153
L -369, -560, -2057,  -337, -527, -2057,  153, 153, 153
L -337, -527, -2057,  -337, -499, -1992,  153, 153, 153
L -337, -499, -1992,  -365, -468, -2045,  153, 153, 153
L -365, -468, -2045,  -400, -465, -2057,  153, 153, 153
L -400, -465, -2057,  -401, -435, -2057,  153, 153, 153
L -401, -435, -2057,  -411, -429, -2057,  153, 153, 153
L -411, -429, -2057,  -448, -417, -2024,  153, 153, 153
L -448, -417, -2024,  -481, -416, -1995,  153, 153, 153
L -481, -416, -1995,  -451, -341, -1907,  153, 153, 153
L -451, -341, -1907,  -449, -320, -1897,  153, 153, 153
L -449, -320, -1897,  -465, -272, -1848,  153, 153, 153
L -465, -272, -1848,  -417, -223, -1897,  153, 153, 153
L -417, -223, -1897,  -384, -270, -1744,  153, 153, 153
L -384, -270, -1744,  -399, -322, -1737,  153, 153, 153
L -399, -322, -1737,  -399, -345, -1737,  153, 153, 153
L -399, -345, -1737,  -369, -410, -1737,  153, 153, 153
L -369, -410, -1737,  -288, -415, -1737,  153, 153, 153
L -288, -415, -1737,  -258, -444, -1737,  153, 153, 153
L -258, -444, -1737,  -247, -447, -1737,  153, 153, 153
L -247, -447, -1737,  -210, -400, -1737,  153, 153, 153
L -210, -400, -1737,  -209, -372, -1737,  153, 153, 153
L -209, -372, -1737,  -251, -339, -1737,  153, 153, 153
L -251, -339, -1737,  -288, -385, -1737,  153, 153, 153
L -288, -385, -1737,  -335, -401, -1737,  153, 153, 153
L -335, -401, -1737,  -385, -352, -1737,  153, 153, 153
L -385, -352, -1737,  -369, -273, -1737,  153, 153, 153
L -369, -273, -1737,  -369, -224, -1887,  153, 153, 153
L -369, -224, -1887,  -338, -177, -1897,  153, 153, 153
L -338, -177, -1897,  -227, -175, -1897,  153, 153, 153
L -227, -175, -1897,  -176, -206, -1897,  153, 153, 153
L -176, -206, -1897,  -204, -252, -1897,  153, 153, 153
L -204, -252, -1897,  -207, -280, -1897,  153, 153, 153
L -207, -280, -1897,  -179, -296, -1897,  153, 153, 153
L -179, -296, -1897,  -155, -303, -1897,  153, 153, 153
L -155, -303, -1897,  -145, -303, -1897,  153, 153, 153
L -145, -303, -1897,  -115, -259, -1897,  153, 153, 153
L -115, -259, -1897,  -113, -237, -1897,  153, 153, 153
L -113, -237, -1897,  -140, -211, -1897,  153, 153, 153
L -140, -211, -1897,  -152, -194, -1897,  153, 153, 153
L -152, -194, -1897,  -185, -165, -1897,  153, 153, 153
L -185, -165, -1897,  -288, -161, -1897,  153, 153, 153
L -288, -161, -1897,  -304, -153, -1897,  153, 153, 153
L -304, -153, -1897,  -325, -145, -1897,  153, 153, 153
L -325, -145, -1897,  -364, -118, -1897,  153, 153, 153
L -364, -118, -1897,  -331, -83, -1897,  153, 153, 153
L -331, -83, -1897,  -323, -71, -1897,  153, 153, 153
L -323, -71, -1897,  -317, -64, -1897,  153, 153, 153
L -317, -64, -1897,  -307, -61, -1895,  153, 153, 153
L -307, -61, -1895,  -301, -62, -1897,  153, 153, 153
L -301, -62, -1897,  -296, -65, -1897,  153, 153, 153
L -296, -65, -1897,  -290, -78, -1897,  153, 153, 153
L -290, -78, -1897,  -291, -86, -1897,  153, 153, 153
L -291, -86, -1897,  -288, -94, -1897,  153, 153, 153
L -288, -94, -1897,  -257, -95, -1897,  153, 153, 153
L -257, -95, -1897,  -240, -125, -1897,  153, 153, 153
L -240, -125, -1897,  -209, -127, -1897,  153, 153, 153
L -209, -127, -1897,  -180, -98, -1897,  153, 153, 153
L -180, -98, -1897,  -177, -81, -1897,  153, 153, 153
L -177, -81, -1897,  -190, -52, -1897,  153, 153, 153
L -190, -52, -1897,  -216, -49, -1897,  153, 153, 153
L -216, -49, -1897,  -232, -58, -1897,  153, 153, 153
L -232, -58, -1897,  -245, -66, -1897,  153, 153, 153
L -245, -66, -1897,  -260, -54, -1897,  153, 153, 153
L -260, -54, -1897,  -259, -49, -1897,  153, 153, 153
L -259, -49, -1897,  -252, -36, -1897,  153, 153, 153
L -252, -36, -1897,  -242, -18, -1897,  153, 153, 153
L -242, -18, -1897,  -241, 12, -1897,  153, 153, 153
L -241, 12, -1897,  -242, 23, -1897,  153, 153, 153
L -242, 23, -1897,  -248, 35, -1897,  153, 153, 153
L -248, 35, -1897,  -248, 37, -1897,  153, 153, 153
L -248, 37, -1897,  -242, 50, -1882,  153, 153, 153
L -242, 50, -1882,  -214, 116, -1856,  153, 153, 153
L -214, 116, -1856,  -223, 181, -1831,  153, 153, 153
L -223, 181, -1831,  -209, 207, -1827,  153, 153, 153
L -209, 207, -1827,  -187, 224, -1814,  153, 153, 153
L -187, 224, -1814,  -112, 224, -1708,  153, 153, 153
L -112, 224, -1708,  -83, 181, -1737,  153, 153, 153
L -83, 181, -1737,  -78, 142, -1737,  153, 153, 153
L -78, 142, -1737,  -33, 98, -1737,  153, 153, 153
L -33, 98, -1737,  -20, 96, -1737,  153, 153, 153
L -20, 96, -1737,  -5, 98, -1737,  153, 153, 153
L -5, 98, -1737,  59, 37, -1737,  153, 153, 153
L 59, 37, -1737,  95, 32, -1737,  153, 153, 153
L 95, 32, -1737,  107, 9, -1737,  153, 153, 153
L 107, 9, -1737,  147, 0, -1731,  153, 153, 153
L 147, 0, -1731,  189, 31, -1737,  153, 153, 153
L 189, 31, -1737,  255, 32, -1737,  153, 153, 153
L 255, 32, -1737,  256, 0, -1737,  153, 153, 153
L 256, 0, -1737,  215, -1, -1737,  153, 153, 153
L 215, -1, -1737,  188, -20, -1737,  153, 153, 153
L 188, -20, -1737,  198, -34, -1737,  153, 153, 153
L 198, -34, -1737,  223, -47, -1737,  153, 153, 153
L 223, -47, -1737,  238, -47, -1737,  153, 153, 153
L 238, -47, -1737,  248, -63, -1737,  153, 153, 153
L 248, -63, -1737,  256, -106, -1737,  153, 153, 153
L 256, -106, -1737,  230, -151, -1737,  153, 153, 153
L 230, -151, -1737,  195, -170, -1737,  153, 153, 153
L 195, -170, -1737,  165, -197, -1737,  153, 153, 153
L 165, -197, -1737,  160, -220, -1737,  153, 153, 153
L 160, -220, -1737,  169, -257, -1737,  153, 153, 153
L 169, -257, -1737,  176, -282, -1737,  153, 153, 153
L 176, -282, -1737,  158, -303, -1737,  153, 153, 153
L 158, -303, -1737,  160, -321, -1737,  153, 153, 153
L 160, -321, -1737,  155, -338, -1737,  153, 153, 153
L 155, -338, -1737,  156, -351, -1737,  153, 153, 153
L 156, -351, -1737,  159, -351, -1737,  153, 153, 153
L 159, -351, -1737,  160, -390, -1737,  153, 153, 153
L 160, -390, -1737,  160, -422, -1737,  153, 153, 153
L 160, -422, -1737,  160, -464, -1737,  153, 153, 153
L 160, -464, -1737,  157, -467, -1737,  153, 153, 153
L 157, -467, -1737,  160, -478, -1737,  153, 153, 153
L 160, -478, -1737,  190, -494, -1737,  153, 153, 153
L 190, -494, -1737,  192, -509, -1737,  153, 153, 153
L 192, -509, -1737,  192, -623, -1260,  153, 153, 153
L 192, -623, -1260,  147, -669, -1257,  153, 153, 153
L 147, -669, -1257,  126, -674, -1229,  153, 153, 153
L 126, -674, -1229,  30, -673, -777,  153, 153, 153
L 30, -673, -777,  24, -666, -777,  153, 153, 153
L 24, -666, -777,  -11, -658, -777,  153, 153, 153
L -11, -658, -777,  -31, -673, -777,  153, 153, 153
L -31, -673, -777,  -55, -678, -879,  153, 153, 153
L -55, -678, -879,  -68, -685, -844,  153, 153, 153
L -68, -685, -844,  -68, -702, -873,  153, 153, 153
L -68, -702, -873,  -34, -703, -786,  153, 153, 153
L -34, -703, -786,  -19, -715, -777,  153, 153, 153
L -19, -715, -777,  -15, -806, -777,  153, 153, 153
L -15, -806, -777,  -15, -889, -593,  153, 153, 153
L -15, -889, -593,  -12, -902, -560,  153, 153, 153
L -12, -902, -560,  -11, -911, -534,  153, 153, 153
L -11, -911, -534,  -15, -914, -487,  153, 153, 153
L -15, -914, -487,  -13, -917, -479,  153, 153, 153
L -13, -917, -479,  -25, -919, -445,  153, 153, 153
L -25, -919, -445,  -31, -920, -445,  153, 153, 153
L -31, -920, -445,  -43, -920, -427,  153, 153, 153
L -43, -920, -427,  -44, -899, -353,  153, 153, 153
L -44, -899, -353,  -61, -877, -357,  153, 153, 153
L -61, -877, -357,  -70, -875, -386,  153, 153, 153
L -70, -875, -386,  -91, -866, -377,  153, 153, 153
L -91, -866, -377,  -100, -868, -384,  153, 153, 153
L -100, -868, -384,  -133, -873, -329,  153, 153, 153
L -133, -873, -329,  -136, -888, -358,  153, 153, 153
L -136, -888, -358,  -144, -907, -340,  153, 153, 153
L -144, -907, -340,  -145, -920, -339,  153, 153, 153
L -145, -920, -339,  -137, -935, -359,  153, 153, 153
L -137, -935, -359,  -128, -956, -285,  153, 153, 153
L -128, -956, -285,  -119, -962, -297,  153, 153, 153
L -119, -962, -297,  -102, -975, -311,  153, 153, 153
L -102, -975, -311,  -81, -1004, -290,  153, 153, 153
L -81, -1004, -290,  -71, -1008, -285,  153, 153, 153
L -71, -1008, -285,  -33, -1003, -288,  153, 153, 153
L -33, -1003, -288,  -22, -1002, -301,  153, 153, 153
L -22, -1002, -301,  -14, -1008, -281,  153, 153, 153
L -14, -1008, -281,  -12, -1023, -260,  153, 153, 153
L -12, -1023, -260,  -15, -1116, -26,  153, 153, 153
L -15, -1116, -26,  -12, -1130, 9,  153, 153, 153
L -12, -1130, 9,  -11, -1140, 21,  153, 153, 153
L -11, -1140, 21,  -19, -1141, 21,  153, 153, 153
L -19, -1141, 21,  -21, -1137, 21,  153, 153, 153
L -21, -1137, 21,  -31, -1137, 21,  153, 153, 153
L -31, -1137, 21,  -62, -1127, 63,  153, 153, 153
L -62, -1127, 63,  -116, -1133, 21,  153, 153, 153
L -116, -1133, 21,  -157, -1181, 21,  153, 153, 153
L -157, -1181, 21,  -159, -1211, 21,  153, 153, 153
L -159, -1211, 21,  -146, -1228, 21,  153, 153, 153
L -146, -1228, 21,  -143, -1246, 21,  153, 153, 153
L -143, -1246, 21,  -154, -1275, 21,  153, 153, 153
L -154, -1275, 21,  -203, -1266, 167,  153, 153, 153
L -203, -1266, 167,  -233, -1265, 181,  153, 153, 153
L -233, -1265, 181,  -255, -1296, 181,  153, 153, 153
L -1231, 237, -1417,  -1214, 221, -1417,  153, 153, 153
L -1214, 221, -1417,  -1168, 190, -1417,  153, 153, 153
L -1168, 190, -1417,  -1072, 206, -1417,  153, 153, 153
L -1072, 206, -1417,  -1056, 235, -1545,  153, 153, 153
L -1056, 235, -1545,  -1069, 254, -1621,  153, 153, 153
L -1069, 254, -1621,  -1056, 284, -1712,  153, 153, 153
L -1056, 284, -1712,  -1071, 320, -1737,  153, 153, 153
L -1071, 320, -1737,  -1071, 334, -1737,  153, 153, 153
L -1071, 334, -1737,  -1042, 348, -1737,  153, 153, 153
L -1042, 348, -1737,  -1052, 379, -1737,  153, 153, 153
L -1052, 379, -1737,  -1049, 388, -1737,  153, 153, 153
L -1049, 388, -1737,  -1016, 398, -1737,  153, 153, 153
L -1016, 398, -1737,  -994, 384, -1737,  153, 153, 153
L -994, 384, -1737,  -993, 372, -1737,  153, 153, 153
L -993, 372, -1737,  -1008, 360, -1737,  153, 153, 153
L -1008, 360, -1737,  -1019, 343, -1737,  153, 153, 153
L -1019, 343, -1737,  -986, 323, -1737,  153, 153, 153
L -986, 323, -1737,  -963, 330, -1737,  153, 153, 153
L -963, 330, -1737,  -915, 288, -1737,  153, 153, 153
L -915, 288, -1737,  -913, 256, -1832,  153, 153, 153
L -913, 256, -1832,  -891, 206, -1897,  153, 153, 153
L -891, 206, -1897,  -830, 190, -2012,  153, 153, 153
L -830, 190, -2012,  -759, 190, -2057,  153, 153, 153
L -759, 190, -2057,  -740, 164, -2057,  153, 153, 153
L -740, 164, -2057,  -725, 158, -2057,  153, 153, 153
L -725, 158, -2057,  -693, 144, -2057,  153, 153, 153
L -693, 144, -2057,  -696, 129, -2057,  153, 153, 153
L -696, 129, -2057,  -690, 81, -2057,  153, 153, 153
L -690, 81, -2057,  -640, 78, -2057,  153, 153, 153
L -640, 78, -2057,  -593, 62, -2057,  153, 153, 153
L -593, 62, -2057,  -528, 110, -2057,  153, 153, 153
L -528, 110, -2057,  -527, 160, -2057,  153, 153, 153
L -527, 160, -2057,  -550, 221, -2057,  153, 153, 153
L -550, 221, -2057,  -559, 263, -2057,  153, 153, 153
L -559, 263, -2057,  -586, 281, -2057,  153, 153, 153
L -586, 281, -2057,  -639, 257, -2057,  153, 153, 153
L -639, 257, -2057,  -659, 256, -2057,  153, 153, 153
L -659, 256, -2057,  -702, 302, -2057,  153, 153, 153
L -702, 302, -2057,  -826, 304, -2057,  153, 153, 153
L -826, 304, -2057,  -859, 360, -2057,  153, 153, 153
L -859, 360, -2057,  -863, 384, -2057,  153, 153, 153
L -863, 384, -2057,  -863, 453, -1920,  153, 153, 153
L -863, 453, -1920,  -893, 479, -1897,  153, 153, 153
L -893, 479, -1897,  -910, 574, -1897,  153, 153, 153
L -910, 574, -1897,  -920, 605, -1897,  153, 153, 153
L -920, 605, -1897,  -926, 783, -1897,  153, 153, 153
L -926, 783, -1897,  -974, 815, -1897,  153, 153, 153
L -974, 815, -1897,  -1008, 768, -1897,  153, 153, 153
L -1008, 768, -1897,  -993, 718, -1897,  153, 153, 153
L -993, 718, -1897,  -962, 687, -1897,  153, 153, 153
L -962, 687, -1897,  -961, 675, -1897,  153, 153, 153
L -961, 675, -1897,  -999, 630, -1897,  153, 153, 153
L -999, 630, -1897,  -1038, 624, -1897,  153, 153, 153
L -1038, 624, -1897,  -1063, 660, -1897,  153, 153, 153
L -1063, 660, -1897,  -1040, 716, -1897,  153, 153, 153
L -1040, 716, -1897,  -1038, 765, -1897,  153, 153, 153
L -1038, 765, -1897,  -1071, 816, -1897,  153, 153, 153
L -1071, 816, -1897,  -1084, 816, -1897,  153, 153, 153
L -1084, 816, -1897,  -1102, 863, -1897,  153, 153, 153
L -1102, 863, -1897,  -1095, 877, -1897,  153, 153, 153
L -1095, 877, -1897,  -1062, 906, -1897,  153, 153, 153
L -1062, 906, -1897,  -1042, 896, -1897,  153, 153, 153
L -1042, 896, -1897,  -994, 878, -1897,  153, 153, 153
L -994, 878, -1897,  -982, 852, -1897,  153, 153, 153
L -982, 852, -1897,  -954, 846, -1897,  153, 153, 153
L -954, 846, -1897,  -919, 820, -1897,  153, 153, 153
L -919, 820, -1897,  -913, 801, -1897,  153, 153, 153
L -913, 801, -1897,  -898, 753, -1897,  153, 153, 153
L -898, 753, -1897,  -897, 725, -1897,  153, 153, 153
L -897, 725, -1897,  -869, 690, -1897,  153, 153, 153
L -869, 690, -1897,  -808, 754, -1897,  153, 153, 153
L -808, 754, -1897,  -614, 816, -1897,  153, 153, 153
L -614, 816, -1897,  -501, 844, -1897,  153, 153, 153
L -501, 844, -1897,  -415, 819, -1897,  153, 153, 153
L -415, 819, -1897,  -362, 851, -1897,  153, 153, 153
L -362, 851, -1897,  -351, 968, -1897,  153, 153, 153
L -351, 968, -1897,  -310, 1015, -1897,  153, 153, 153
L -310, 1015, -1897,  -303, 1059, -1897,  153, 153, 153
L -303, 1059, -1897,  -276, 1079, -1897,  153, 153, 153
L -276, 1079, -1897,  -255, 1113, -1887,  153, 153, 153
L -255, 1113, -1887,  -240, 1130, -1887,  153, 153, 153
L -240, 1130, -1887,  -209, 1133, -1887,  153, 153, 153
L -209, 1133, -1887,  -207, 1198, -1897,  153, 153, 153
L -207, 1198, -1897,  -238, 1278, -1897,  153, 153, 153
L -238, 1278, -1897,  -253, 1293, -1897,  153, 153, 153
L -253, 1293, -1897,  -255, 1310, -1897,  153, 153, 153
L -255, 1310, -1897,  -209, 1325, -1897,  153, 153, 153
L -209, 1325, -1897,  -191, 1342, -1897,  153, 153, 153
L -191, 1342, -1897,  -203, 1355, -1897,  153, 153, 153
L -203, 1355, -1897,  -255, 1360, -1897,  153, 153, 153
L -255, 1360, -1897,  -268, 1372, -1897,  153, 153, 153
L -257, 1393, -1897,  -257, 1391, -1897,  153, 153, 153
L -257, 1391, -1897,  -241, 1374, -1897,  153, 153, 153
L -241, 1374, -1897,  -193, 1373, -1897,  153, 153, 153
L -193, 1373, -1897,  -147, 1328, -1897,  153, 153, 153
L -147, 1328, -1897,  -145, 1317, -1897,  153, 153, 153
L -145, 1317, -1897,  -191, 1280, -1897,  153, 153, 153
L -191, 1280, -1897,  -178, 1204, -1897,  153, 153, 153
L -178, 1204, -1897,  -177, 1157, -1897,  153, 153, 153
L -177, 1157, -1897,  -177, 1071, -1887,  153, 153, 153
L -177, 1071, -1887,  -149, 1027, -1897,  153, 153, 153
L -149, 1027, -1897,  -176, 976, -1897,  153, 153, 153
L -176, 976, -1897,  -145, 942, -1897,  153, 153, 153
L -145, 942, -1897,  -134, 899, -1897,  153, 153, 153
L -134, 899, -1897,  -129, 831, -1897,  153, 153, 153
L -129, 831, -1897,  -114, 800, -1897,  153, 153, 153
L -114, 800, -1897,  -66, 767, -1897,  153, 153, 153
L -66, 767, -1897,  -43, 766, -1897,  153, 153, 153
L -43, 766, -1897,  13, 789, -1897,  153, 153, 153
L 13, 789, -1897,  61, 798, -1897,  153, 153, 153
L 61, 798, -1897,  108, 820, -1897,  153, 153, 153
L 108, 820, -1897,  134, 830, -1897,  153, 153, 153
L 134, 830, -1897,  174, 875, -1897,  153, 153, 153
L 174, 875, -1897,  167, 908, -1897,  153, 153, 153
L 167, 908, -1897,  176, 941, -1885,  153, 153, 153
L 176, 941, -1885,  200, 941, -1897,  153, 153, 153
L 200, 941, -1897,  234, 914, -1897,  153, 153, 153
L 234, 914, -1897,  238, 878, -1897,  153, 153, 153
L 238, 878, -1897,  301, 862, -1897,  153, 153, 153
L 301, 862, -1897,  330, 875, -1897,  153, 153, 153
L 330, 875, -1897,  366, 862, -1897,  153, 153, 153
L 366, 862, -1897,  366, 832, -1897,  153, 153, 153
L 366, 832, -1897,  392, 790, -1897,  153, 153, 153
L 392, 790, -1897,  374, 759, -1897,  153, 153, 153
L 374, 759, -1897,  360, 752, -1897,  153, 153, 153
L 360, 752, -1897,  294, 766, -1897,  153, 153, 153
L 294, 766, -1897,  273, 797, -1897,  153, 153, 153
L 273, 797, -1897,  207, 768, -1897,  153, 153, 153
L 207, 768, -1897,  206, 737, -1897,  153, 153, 153
L 206, 737, -1897,  176, 705, -1897,  153, 153, 153
L 176, 705, -1897,  174, 640, -1739,  153, 153, 153
L 174, 640, -1739,  201, 598, -1737,  153, 153, 153
L 201, 598, -1737,  206, 566, -1737,  153, 153, 153
L 206, 566, -1737,  199, 562, -1737,  153, 153, 153
L 199, 562, -1737,  193, 550, -1737,  153, 153, 153
L 193, 550, -1737,  196, 543, -1737,  153, 153, 153
L 196, 543, -1737,  212, 538, -1737,  153, 153, 153
L 212, 538, -1737,  382, 542, -1737,  153, 153, 153
L 382, 542, -1737,  417, 576, -1737,  153, 153, 153
L 417, 576, -1737,  416, 637, -1737,  153, 153, 153
L 416, 637, -1737,  386, 669, -1737,  153, 153, 153
L 386, 669, -1737,  384, 687, -1737,  153, 153, 153
L 384, 687, -1737,  409, 724, -1737,  153, 153, 153
L 409, 724, -1737,  443, 734, -1737,  153, 153, 153
L 443, 734, -1737,  476, 704, -1737,  153, 153, 153
L 476, 704, -1737,  541, 686, -1737,  153, 153, 153
L 541, 686, -1737,  555, 709, -1737,  153, 153, 153
L 555, 709, -1737,  575, 764, -1737,  153, 153, 153
L 575, 764, -1737,  555, 788, -1737,  153, 153, 153
L 555, 788, -1737,  515, 800, -1737,  153, 153, 153
L 515, 800, -1737,  485, 826, -1737,  153, 153, 153
L 485, 826, -1737,  480, 862, -1737,  153, 153, 153
L 480, 862, -1737,  510, 892, -1737,  153, 153, 153
L 510, 892, -1737,  534, 894, -1737,  153, 153, 153
L 534, 894, -1737,  554, 870, -1737,  153, 153, 153
L 554, 870, -1737,  594, 862, -1737,  153, 153, 153
L 594, 862, -1737,  616, 871, -1737,  153, 153, 153
L 616, 871, -1737,  652, 878, -1737,  153, 153, 153
L 652, 878, -1737,  667, 851, -1737,  153, 153, 153
L 667, 851, -1737,  662, 832, -1737,  153, 153, 153
L 662, 832, -1737,  640, 816, -1737,  153, 153, 153
L 640, 816, -1737,  624, 788, -1737,  153, 153, 153
L 624, 788, -1737,  611, 772, -1737,  153, 153, 153
L 611, 772, -1737,  606, 729, -1737,  153, 153, 153
L 606, 729, -1737,  616, 686, -1737,  153, 153, 153
L 616, 686, -1737,  610, 649, -1737,  153, 153, 153
L 610, 649, -1737,  606, 605, -1737,  153, 153, 153
L 606, 605, -1737,  619, 563, -1737,  153, 153, 153
L 619, 563, -1737,  648, 518, -1737,  153, 153, 153
L 648, 518, -1737,  639, 467, -1737,  153, 153, 153
L 639, 467, -1737,  627, 464, -1737,  153, 153, 153
L 627, 464, -1737,  597, 477, -1737,  153, 153, 153
L 597, 477, -1737,  579, 505, -1737,  153, 153, 153
L 579, 505, -1737,  560, 512, -1737,  153, 153, 153
L 560, 512, -1737,  552, 528, -1737,  153, 153, 153
L 552, 528, -1737,  555, 564, -1737,  153, 153, 153
L 555, 564, -1737,  590, 589, -1737,  153, 153, 153
L 590, 589, -1737,  577, 636, -1737,  153, 153, 153
L 577, 636, -1737,  545, 670, -1737,  153, 153, 153
L 545, 670, -1737,  479, 672, -1737,  153, 153, 153
L 479, 672, -1737,  447, 641, -1737,  153, 153, 153
L 447, 641, -1737,  460, 610, -1737,  153, 153, 153
L 460, 610, -1737,  462, 581, -1737,  153, 153, 153
L 462, 581, -1737,  490, 533, -1737,  153, 153, 153
L 490, 533, -1737,  478, 480, -1737,  153, 153, 153
L 478, 480, -1737,  448, 480, -1737,  153, 153, 153
L 448, 480, -1737,  446, 416, -1737,  153, 153, 153
L 446, 416, -1737,  492, 368, -1737,  153, 153, 153
L 492, 368, -1737,  534, 366, -1737,  153, 153, 153
L 534, 366, -1737,  575, 366, -1737,  153, 153, 153
L 575, 366, -1737,  640, 398, -1737,  153, 153, 153
L 640, 398, -1737,  664, 398, -1737,  153, 153, 153
L 664, 398, -1737,  719, 445, -1737,  153, 153, 153
L 719, 445, -1737,  708, 478, -1737,  153, 153, 153
L 708, 478, -1737,  715, 501, -1737,  153, 153, 153
L 715, 501, -1737,  797, 525, -1737,  153, 153, 153
L 797, 525, -1737,  847, 605, -1737,  153, 153, 153
L 847, 605, -1737,  863, 682, -1737,  153, 153, 153
L 863, 682, -1737,  816, 719, -1737,  153, 153, 153
L 816, 719, -1737,  816, 747, -1737,  153, 153, 153
L 816, 747, -1737,  769, 783, -1713,  153, 153, 153
L 769, 783, -1713,  768, 810, -1737,  153, 153, 153
L 768, 810, -1737,  795, 842, -1737,  153, 153, 153
L 795, 842, -1737,  829, 860, -1737,  153, 153, 153
L 829, 860, -1737,  832, 886, -1737,  153, 153, 153
L 832, 886, -1737,  837, 899, -1737,  153, 153, 153
L 837, 899, -1737,  887, 909, -1737,  153, 153, 153
L 887, 909, -1737,  926, 930, -1737,  153, 153, 153
L 926, 930, -1737,  944, 1068, -1737,  153, 153, 153
L 944, 1068, -1737,  928, 1149, -1737,  153, 153, 153
L 928, 1149, -1737,  920, 1152, -1737,  153, 153, 153
L 920, 1152, -1737,  866, 1182, -1737,  153, 153, 153
L 866, 1182, -1737,  864, 1212, -1737,  153, 153, 153
L 864, 1212, -1737,  876, 1226, -1737,  153, 153, 153
L 876, 1226, -1737,  908, 1229, -1737,  153, 153, 153
L 908, 1229, -1737,  919, 1237, -1737,  153, 153, 153
L 919, 1237, -1737,  951, 1245, -1737,  153, 153, 153
L 951, 1245, -1737,  980, 1223, -1737,  153, 153, 153
L 980, 1223, -1737,  989, 1189, -1737,  153, 153, 153
L 989, 1189, -1737,  959, 1153, -1737,  153, 153, 153
L 959, 1153, -1737,  989, 1071, -1737,  153, 153, 153
L 989, 1071, -1737,  1035, 1024, -1737,  153, 153, 153
L 1035, 1024, -1737,  1037, 995, -1737,  153, 153, 153
L 1037, 995, -1737,  1028, 973, -1737,  153, 153, 153
L 1028, 973, -1737,  975, 944, -1737,  153, 153, 153
L 975, 944, -1737,  973, 915, -1737,  153, 153, 153
L 973, 915, -1737,  941, 862, -1737,  153, 153, 153
L 941, 862, -1737,  941, 831, -1737,  153, 153, 153
L 941, 831, -1737,  911, 800, -1737,  153, 153, 153
L 911, 800, -1737,  941, 782, -1737,  153, 153, 153
L 941, 782, -1737,  1034, 797, -1737,  153, 153, 153
L 1034, 797, -1737,  1086, 766, -1737,  153, 153, 153
L 1086, 766, -1737,  1167, 814, -1737,  153, 153, 153
L 1167, 814, -1737,  1143, 840, -1737,  153, 153, 153
L 1143, 840, -1737,  1136, 894, -1737,  153, 153, 153
L 1136, 894, -1737,  1178, 908, -1737,  153, 153, 153
L 1178, 908, -1737,  1246, 894, -1737,  153, 153, 153
L 1246, 894, -1737,  1358, 894, -1737,  153, 153, 153
L 1358, 894, -1737,  1402, 884, -1737,  153, 153, 153
L 1402, 884, -1737,  1481, 804, -1737,  153, 153, 153
L 1481, 804, -1737,  1485, 654, -1737,  153, 153, 153
L 1485, 654, -1737,  1462, 593, -1737,  153, 153, 153
L 1462, 593, -1737,  1322, 576, -1737,  153, 153, 153
L 1322, 576, -1737,  1263, 541, -1737,  153, 153, 153
L 1263, 541, -1737,  1245, 499, -1737,  153, 153, 153
L 1245, 499, -1737,  1342, 494, -1737,  153, 153, 153
L 1342, 494, -1737,  1385, 480, -1737,  153, 153, 153
L 1385, 480, -1737,  1389, 350, -1737,  153, 153, 153
L 1389, 350, -1737,  1426, 326, -1737,  153, 153, 153
L 1426, 326, -1737,  1451, 292, -1737,  153, 153, 153
L 1451, 292, -1737,  1438, 240, -1737,  153, 153, 153
L 1438, 240, -1737,  1390, 240, -1737,  153, 153, 153
L 1390, 240, -1737,  1344, 256, -1737,  153, 153, 153
L 1344, 256, -1737,  1344, 296, -1737,  153, 153, 153
L 1344, 296, -1737,  1374, 349, -1737,  153, 153, 153
L 1374, 349, -1737,  1376, 446, -1737,  153, 153, 153
L 1376, 446, -1737,  1345, 478, -1737,  153, 153, 153
L 1345, 478, -1737,  1248, 480, -1737,  153, 153, 153
L 1248, 480, -1737,  1216, 450, -1737,  153, 153, 153
L 1216, 450, -1737,  1168, 433, -1737,  153, 153, 153
L 1168, 433, -1737,  1151, 388, -1737,  153, 153, 153
L 1151, 388, -1737,  1118, 320, -1737,  153, 153, 153
L 1118, 320, -1737,  1117, 192, -1737,  153, 153, 153
L 1117, 192, -1737,  1086, 112, -1737,  153, 153, 153
L 1086, 112, -1737,  1085, 76, -1737,  153, 153, 153
L 1085, 76, -1737,  1072, 37, -1737,  153, 153, 153
L 1072, 37, -1737,  1047, 36, -1737,  153, 153, 153
L 1047, 36, -1737,  1011, 61, -1737,  153, 153, 153
L 1011, 61, -1737,  969, 27, -1737,  153, 153, 153
L 969, 27, -1737,  942, 17, -1737,  153, 153, 153
L 942, 17, -1737,  901, 30, -1737,  153, 153, 153
L 901, 30, -1737,  815, 32, -1737,  153, 153, 153
L 815, 32, -1737,  786, 4, -1737,  153, 153, 153
L 786, 4, -1737,  797, -32, -1737,  153, 153, 153
L 797, -32, -1737,  844, -33, -1737,  153, 153, 153
L 844, -33, -1737,  891, -77, -1737,  153, 153, 153
L 891, -77, -1737,  972, -81, -1737,  153, 153, 153
L 972, -81, -1737,  987, -69, -1737,  153, 153, 153
L 987, -69, -1737,  1020, -65, -1737,  153, 153, 153
L 1020, -65, -1737,  1031, -58, -1737,  153, 153, 153
L 1031, -58, -1737,  1060, -49, -1737,  153, 153, 153
L 1060, -49, -1737,  1100, -94, -1737,  153, 153, 153
L 1100, -94, -1737,  1101, -116, -1737,  153, 153, 153
L 1101, -116, -1737,  1072, -171, -1737,  153, 153, 153
L 1072, -171, -1737,  1101, -192, -1737,  153, 153, 153
L 1101, -192, -1737,  1101, -208, -1737,  153, 153, 153
L 1101, -208, -1737,  1092, -227, -1737,  153, 153, 153
L 1092, -227, -1737,  1076, -239, -1737,  153, 153, 153
L 1076, -239, -1737,  1040, -207, -1737,  153, 153, 153
L 1040, -207, -1737,  1041, -195, -1737,  153, 153, 153
L 1041, -195, -1737,  1054, -178, -1737,  153, 153, 153
L 1054, -178, -1737,  1024, -159, -1737,  153, 153, 153
L 1024, -159, -1737,  979, -202, -1737,  153, 153, 153
L 979, -202, -1737,  945, -207, -1737,  153, 153, 153
L 945, -207, -1737,  929, -246, -1737,  153, 153, 153
L 929, -246, -1737,  894, -255, -1737,  153, 153, 153
L 894, -255, -1737,  842, -230, -1737,  153, 153, 153
L 842, -230, -1737,  832, -199, -1737,  153, 153, 153
L 832, -199, -1737,  859, -179, -1737,  153, 153, 153
L 859, -179, -1737,  864, -145, -1737,  153, 153, 153
L 864, -145, -1737,  785, -127, -1737,  153, 153, 153
L 785, -127, -1737,  752, -96, -1737,  153, 153, 153
L 752, -96, -1737,  736, -74, -1737,  153, 153, 153
L 736, -74, -1737,  748, -40, -1737,  153, 153, 153
L 748, -40, -1737,  752, -17, -1737,  153, 153, 153
L 752, -17, -1737,  684, 27, -1737,  153, 153, 153
L 684, 27, -1737,  642, 32, -1737,  153, 153, 153
L 642, 32, -1737,  591, 80, -1737,  153, 153, 153
L 591, 80, -1737,  549, 80, -1737,  153, 153, 153
L 549, 80, -1737,  537, 85, -1737,  153, 153, 153
L 537, 85, -1737,  521, 83, -1737,  153, 153, 153
L 521, 83, -1737,  483, 66, -1737,  153, 153, 153
L 483, 66, -1737,  449, 64, -1737,  153, 153, 153
L 449, 64, -1737,  433, 12, -1737,  153, 153, 153
L 433, 12, -1737,  408, 23, -1737,  153, 153, 153
L 408, 23, -1737,  413, 32, -1717,  153, 153, 153
L 414, 47, -1721,  337, 48, -1737,  153, 153, 153
L 337, 48, -1737,  334, 37, -1737,  153, 153, 153
L 334, 37, -1737,  319, 32, -1737,  153, 153, 153
L 319, 32, -1737,  317, 11, -1737,  153, 153, 153
L 317, 11, -1737,  318, 0, -1737,  153, 153, 153
L 318, 0, -1737,  367, -1, -1737,  153, 153, 153
L 367, -1, -1737,  402, -21, -1737,  153, 153, 153
L 402, -21, -1737,  395, -33, -1731,  153, 153, 153
L 395, -33, -1731,  368, -46, -1737,  153, 153, 153
L 368, -46, -1737,  334, -47, -1737,  153, 153, 153
L 334, -47, -1737,  286, -79, -1737,  153, 153, 153
L 286, -79, -1737,  286, -139, -1737,  153, 153, 153
L 286, -139, -1737,  239, -190, -1737,  153, 153, 153
L 239, -190, -1737,  209, -191, -1737,  153, 153, 153
L 209, -191, -1737,  193, -218, -1737,  153, 153, 153
L 193, -218, -1737,  190, -233, -1737,  153, 153, 153
L 190, -233, -1737,  203, -254, -1737,  153, 153, 153
L 203, -254, -1737,  238, -273, -1737,  153, 153, 153
L 238, -273, -1737,  246, -275, -1737,  153, 153, 153
L 246, -275, -1737,  257, -286, -1737,  153, 153, 153
L 257, -286, -1737,  254, -295, -1737,  153, 153, 153
L 254, -295, -1737,  256, -305, -1737,  153, 153, 153
L 256, -305, -1737,  271, -305, -1737,  153, 153, 153
L 271, -305, -1737,  272, -282, -1737,  153, 153, 153
L 272, -282, -1737,  286, -273, -1737,  153, 153, 153
L 286, -273, -1737,  288, -258, -1737,  153, 153, 153
L 288, -258, -1737,  259, -255, -1737,  153, 153, 153
L 259, -255, -1737,  256, -209, -1737,  153, 153, 153
L 256, -209, -1737,  318, -209, -1737,  153, 153, 153
L 318, -209, -1737,  318, -255, -1737,  153, 153, 153
L 318, -255, -1737,  303, -255, -1737,  153, 153, 153
L 303, -255, -1737,  302, -271, -1737,  153, 153, 153
L 302, -271, -1737,  318, -273, -1675,  153, 153, 153
L 318, -273, -1675,  318, -333, -1737,  153, 153, 153
L 318, -333, -1737,  272, -335, -1737,  153, 153, 153
L 272, -335, -1737,  272, -322, -1737,  153, 153, 153
L 272, -322, -1737,  255, -319, -1737,  153, 153, 153
L 255, -319, -1737,  254, -368, -1737,  153, 153, 153
L 254, -368, -1737,  258, -369, -1737,  153, 153, 153
L 258, -369, -1737,  270, -369, -1737,  153, 153, 153
L 270, -369, -1737,  272, -355, -1737,  153, 153, 153
L 272, -355, -1737,  350, -353, -1666,  153, 153, 153
L 350, -353, -1666,  350, -415, -1737,  153, 153, 153
L 350, -415, -1737,  272, -415, -1737,  153, 153, 153
L 272, -415, -1737,  272, -384, -1737,  153, 153, 153
L 272, -384, -1737,  255, -383, -1737,  153, 153, 153
L 255, -383, -1737,  254, -461, -1737,  153, 153, 153
L 254, -461, -1737,  256, -465, -1737,  153, 153, 153
L 256, -465, -1737,  258, -475, -1737,  153, 153, 153
L 258, -475, -1737,  248, -489, -1737,  153, 153, 153
L 248, -489, -1737,  222, -495, -1737,  153, 153, 153
L 222, -495, -1737,  222, -633, -1257,  153, 153, 153
L 222, -633, -1257,  164, -697, -1257,  153, 153, 153
L 164, -697, -1257,  131, -703, -1237,  153, 153, 153
L 131, -703, -1237,  32, -703, -783,  153, 153, 153
L 32, -703, -783,  14, -719, -777,  153, 153, 153
L 14, -719, -777,  14, -812, -777,  153, 153, 153
L 14, -812, -777,  14, -885, -603,  153, 153, 153
L 14, -885, -603,  10, -903, -558,  153, 153, 153
L 10, -903, -558,  10, -910, -541,  153, 153, 153
L 10, -910, -541,  14, -913, -532,  153, 153, 153
L 14, -913, -532,  14, -949, -419,  153, 153, 153
L 14, -949, -419,  4, -949, -427,  153, 153, 153
L 4, -949, -427,  -1, -950, -401,  153, 153, 153
L -1, -950, -401,  -8, -947, -394,  153, 153, 153
L -8, -947, -394,  -33, -947, -444,  153, 153, 153
L -33, -947, -444,  -55, -946, -432,  153, 153, 153
L -55, -946, -432,  -71, -933, -428,  153, 153, 153
L -71, -933, -428,  -79, -931, -380,  153, 153, 153
L -79, -931, -380,  -81, -933, -328,  153, 153, 153
L -81, -933, -328,  -80, -940, -326,  153, 153, 153
L -80, -940, -326,  -74, -949, -333,  153, 153, 153
L -74, -949, -333,  -54, -962, -254,  153, 153, 153
L -54, -962, -254,  -47, -970, -282,  153, 153, 153
L -47, -970, -282,  -19, -979, -283,  153, 153, 153
L -19, -979, -283,  0, -967, -299,  153, 153, 153
L 0, -967, -299,  13, -968, -299,  153, 153, 153
L 13, -968, -299,  14, -988, -345,  153, 153, 153
L 14, -988, -345,  14, -1009, -294,  153, 153, 153
L 14, -1009, -294,  13, -1016, -260,  153, 153, 153
L 13, -1016, -260,  10, -1038, -221,  153, 153, 153
L 10, -1038, -221,  14, -1115, -29,  153, 153, 153
L 14, -1115, -29,  11, -1130, 9,  153, 153, 153
L 11, -1130, 9,  10, -1140, 21,  153, 153, 153
L 10, -1140, 21,  19, -1141, 21,  153, 153, 153
L 19, -1141, 21,  20, -1137, 21,  153, 153, 153
L 20, -1137, 21,  24, -1137, 21,  153, 153, 153
L 24, -1137, 21,  62, -1168, 26,  153, 153, 153
L 62, -1168, 26,  46, -1214, 37,  153, 153, 153
L 46, -1214, 37,  32, -1214, 27,  153, 153, 153
L 32, -1214, 27,  15, -1182, 21,  153, 153, 153
L 15, -1182, 21,  5, -1182, 21,  153, 153, 153
L 5, -1182, 21,  -47, -1198, 21,  153, 153, 153
L -47, -1198, 21,  -108, -1227, 21,  153, 153, 153
L -108, -1227, 21,  -113, -1260, 21,  153, 153, 153
L -113, -1260, 21,  -143, -1293, 21,  153, 153, 153
L -143, -1293, 21,  -204, -1294, 170,  153, 153, 153
L -204, -1294, 170,  -214, -1300, 181,  153, 153, 153
L -214, -1300, 181,  -239, -1310, 181,  153, 153, 153
L -239, -1310, 181,  -241, -1312, 21,  153, 153, 153
L 158, -349, -1718,  143, -349, -1718,  153, 153, 153
L 143, -349, -1718,  143, -349, -1718,  153, 153, 153
L 143, -349, -1718,  140, -379, -1718,  153, 153, 153
L 140, -379, -1718,  66, -380, -1718,  153, 153, 153
L 66, -380, -1718,  65, -355, -1718,  153, 153, 153
L 65, -355, -1718,  96, -354, -1718,  153, 153, 153
L 96, -354, -1718,  102, -318, -1718,  153, 153, 153
L 102, -318, -1718,  125, -317, -1718,  153, 153, 153
L 127, -306, -1717,  140, -306, -1718,  153, 153, 153
L 140, -306, -1718,  141, -336, -1718,  153, 153, 153
L 141, -336, -1718,  159, -338, -1718,  153, 153, 153
L 125, -306, -1704,  65, -306, -1398,  153, 153, 153
L 65, -306, -1398,  67, -419, -1389,  153, 153, 153
L 67, -419, -1389,  85, -429, -1367,  153, 153, 153
L 85, -429, -1367,  154, -429, -1371,  153, 153, 153
L 154, -429, -1371,  154, -402, -1371,  153, 153, 153
L 429, 144, -1721,  510, 112, -1721,  153, 153, 153
L 510, 112, -1721,  622, 108, -1721,  153, 153, 153
L 622, 108, -1721,  669, 61, -1721,  153, 153, 153
L 669, 61, -1721,  735, 93, -1721,  153, 153, 153
L 815, 61, -1721,  896, 45, -1721,  153, 153, 153
L 765, 448, -1721,  813, 397, -1721,  153, 153, 153
L 813, 397, -1721,  813, 397, -1721,  153, 153, 153
L 813, 397, -1721,  857, 337, -1721,  153, 153, 153
L 857, 337, -1721,  857, 337, -1721,  153, 153, 153
L 857, 337, -1721,  815, 306, -1721,  153, 153, 153
L 815, 306, -1721,  801, 352, -1721,  153, 153, 153
L 801, 352, -1721,  801, 352, -1721,  153, 153, 153
L 801, 352, -1721,  749, 297, -1721,  153, 153, 153
L 749, 297, -1721,  749, 297, -1721,  153, 153, 153
L 749, 297, -1721,  748, 274, -1721,  153, 153, 153
L 748, 274, -1721,  670, 241, -1721,  153, 153, 153
L 670, 241, -1721,  621, 191, -1721,  153, 153, 153
L 621, 191, -1721,  621, 191, -1721,  153, 153, 153
L 621, 191, -1721,  669, 173, -1721,  153, 153, 153
L 669, 173, -1721,  719, 172, -1721,  153, 153, 153
L 719, 172, -1721,  759, 157, -1721,  153, 153, 153
L 759, 157, -1721,  765, 125, -1721,  153, 153, 153
L 765, 125, -1721,  808, 69, -1721,  153, 153, 153
L 808, 69, -1721,  835, 58, -1721,  153, 153, 153
L 835, 58, -1721,  923, 62, -1721,  153, 153, 153
L 923, 62, -1721,  963, 117, -1721,  153, 153, 153
L 963, 117, -1721,  946, 141, -1721,  153, 153, 153
L 946, 141, -1721,  977, 189, -1721,  153, 153, 153
L 977, 189, -1721,  1040, 189, -1721,  153, 153, 153
L 1040, 189, -1721,  1090, 237, -1721,  153, 153, 153
L 1090, 237, -1721,  1104, 363, -1721,  153, 153, 153
L 1104, 363, -1721,  1119, 389, -1721,  153, 153, 153
L 1119, 389, -1721,  1105, 448, -1721,  153, 153, 153
L 1105, 448, -1721,  1036, 448, -1721,  153, 153, 153
L 1036, 448, -1721,  1005, 416, -1721,  153, 153, 153
L 1005, 416, -1721,  1036, 367, -1721,  153, 153, 153
L 1036, 367, -1721,  1005, 321, -1721,  153, 153, 153
L 1005, 321, -1721,  973, 322, -1721,  153, 153, 153
L 973, 322, -1721,  945, 336, -1721,  153, 153, 153
L 945, 336, -1721,  946, 379, -1721,  153, 153, 153
L 946, 379, -1721,  977, 415, -1721,  153, 153, 153
L 977, 415, -1721,  945, 478, -1721,  153, 153, 153
L 945, 478, -1721,  975, 508, -1721,  153, 153, 153
L 975, 508, -1721,  1021, 509, -1721,  153, 153, 153
L 1021, 509, -1721,  1039, 492, -1721,  153, 153, 153
L 1039, 492, -1721,  1152, 477, -1721,  153, 153, 153
L 1152, 477, -1721,  1169, 526, -1721,  153, 153, 153
L 1169, 526, -1721,  1185, 542, -1721,  153, 153, 153
L 1185, 542, -1721,  1138, 591, -1721,  153, 153, 153
L 1138, 591, -1721,  1137, 635, -1721,  153, 153, 153
L 1137, 635, -1721,  1183, 668, -1721,  153, 153, 153
L 1183, 668, -1721,  1229, 668, -1721,  153, 153, 153
L 1229, 668, -1721,  1260, 607, -1721,  153, 153, 153
L 1260, 607, -1721,  1409, 606, -1721,  153, 153, 153
L 1409, 606, -1721,  1457, 670, -1721,  153, 153, 153
L 1457, 670, -1721,  1456, 768, -1721,  153, 153, 153
L 1456, 768, -1721,  1377, 863, -1721,  153, 153, 153
L 1377, 863, -1721,  1246, 865, -1721,  153, 153, 153
L 1244, 863, -1721,  1228, 832, -1721,  153, 153, 153
L 1228, 832, -1721,  1195, 814, -1721,  153, 153, 153
L 1195, 814, -1721,  1196, 783, -1721,  153, 153, 153
L 1196, 783, -1721,  1181, 752, -1721,  153, 153, 153
L 1181, 752, -1721,  1134, 721, -1721,  153, 153, 153
L 1134, 721, -1721,  1084, 720, -1721,  153, 153, 153
L 1084, 720, -1721,  1023, 689, -1721,  153, 153, 153
L 1023, 689, -1721,  992, 689, -1721,  153, 153, 153
L 992, 689, -1721,  943, 721, -1721,  153, 153, 153
L 943, 721, -1721,  893, 688, -1721,  153, 153, 153
L 893, 688, -1721,  940, 575, -1721,  153, 153, 153
L 940, 575, -1721,  925, 529, -1721,  153, 153, 153
L 925, 529, -1721,  911, 530, -1721,  153, 153, 153
L 911, 530, -1721,  880, 560, -1721,  153, 153, 153
L 880, 560, -1721,  845, 512, -1721,  153, 153, 153
L 845, 512, -1721,  829, 497, -1721,  153, 153, 153
L 829, 497, -1721,  828, 480, -1721,  153, 153, 153
L 828, 480, -1721,  766, 449, -1721,  153, 153, 153
L 705, 318, -1721,  670, 353, -1721,  153, 153, 153
L 670, 353, -1721,  607, 337, -1721,  153, 153, 153
L 607, 337, -1721,  464, 337, -1721,  153, 153, 153
L 464, 337, -1721,  431, 369, -1721,  153, 153, 153
L 431, 369, -1721,  400, 369, -1721,  153, 153, 153
L 400, 369, -1721,  367, 401, -1721,  153, 153, 153
L 367, 401, -1721,  367, 401, -1721,  153, 153, 153
L 367, 401, -1721,  333, 400, -1721,  153, 153, 153
L 333, 400, -1721,  316, 382, -1721,  153, 153, 153
L 316, 382, -1721,  349, 350, -1721,  153, 153, 153
L 349, 350, -1721,  367, 316, -1721,  153, 153, 153
L 367, 316, -1721,  443, 239, -1721,  153, 153, 153
L 443, 239, -1721,  445, 160, -1721,  153, 153, 153
L 445, 160, -1721,  428, 143, -1721,  153, 153, 153
L 736, 93, -1721,  737, 128, -1721,  153, 153, 153
L 737, 128, -1721,  702, 145, -1721,  153, 153, 153
L 702, 145, -1721,  655, 146, -1721,  153, 153, 153
L 655, 146, -1721,  609, 176, -1721,  153, 153, 153
L 609, 176, -1721,  610, 224, -1721,  153, 153, 153
L 610, 224, -1721,  626, 254, -1721,  153, 153, 153
L 626, 254, -1721,  672, 269, -1721,  153, 153, 153
L 672, 269, -1721,  704, 317, -1721,  153, 153, 153
L 409, 435, -1721,  392, 479, -1721,  153, 153, 153
L 392, 479, -1721,  337, 509, -1721,  153, 153, 153
L 337, 509, -1721,  334, 523, -1721,  153, 153, 153
L 334, 523, -1721,  314, 524, -1721,  153, 153, 153
L 314, 524, -1721,  309, 504, -1721,  153, 153, 153
L 309, 504, -1721,  234, 513, -1721,  153, 153, 153
L 234, 513, -1721,  211, 516, -1721,  153, 153, 153
L 211, 516, -1721,  202, 511, -1721,  153, 153, 153
L 202, 511, -1721,  157, 481, -1721,  153, 153, 153
L 157, 481, -1721,  221, 414, -1721,  153, 153, 153
L 221, 414, -1721,  221, 414, -1721,  153, 153, 153
L 221, 414, -1721,  221, 414, -1721,  153, 153, 153
L 221, 414, -1721,  221, 414, -1721,  153, 153, 153
L 221, 414, -1721,  221, 301, -1721,  153, 153, 153
L 221, 301, -1721,  253, 222, -1721,  153, 153, 153
L 253, 222, -1721,  339, 187, -1721,  153, 153, 153
L 339, 187, -1721,  383, 173, -1721,  153, 153, 153
L 383, 173, -1721,  401, 190, -1721,  153, 153, 153
L 401, 190, -1721,  385, 240, -1721,  153, 153, 153
L 385, 240, -1721,  337, 272, -1721,  153, 153, 153
L 337, 272, -1721,  337, 293, -1721,  153, 153, 153
L 337, 293, -1721,  341, 320, -1721,  153, 153, 153
L 341, 320, -1721,  323, 325, -1721,  153, 153, 153
L 323, 325, -1721,  289, 337, -1721,  153, 153, 153
L 289, 337, -1721,  274, 382, -1721,  153, 153, 153
L 274, 382, -1721,  274, 398, -1721,  153, 153, 153
L 274, 398, -1721,  319, 428, -1721,  153, 153, 153
L 319, 428, -1721,  381, 429, -1721,  153, 153, 153
L 381, 429, -1721,  398, 421, -1721,  153, 153, 153
L 398, 421, -1721,  405, 411, -1721,  153, 153, 153
L 405, 411, -1721,  427, 414, -1721,  153, 153, 153
L 427, 414, -1721,  423, 435, -1721,  153, 153, 153
L 423, 435, -1721,  409, 435, -1721,  153, 153, 153
L 64, 513, -1721,  32, 513, -1721,  153, 153, 153
L 32, 513, -1721,  1, 544, -1721,  153, 153, 153
L 1, 544, -1721,  1, 575, -1721,  153, 153, 153
L 1, 575, -1721,  -31, 577, -1721,  153, 153, 153
L -31, 577, -1721,  -64, 609, -1721,  153, 153, 153
L -64, 609, -1721,  -98, 560, -1721,  153, 153, 153
L -98, 560, -1721,  -130, 545, -1721,  153, 153, 153
L -130, 545, -1721,  -143, 545, -1721,  153, 153, 153
L -143, 545, -1721,  -173, 575, -1721,  153, 153, 153
L -173, 575, -1721,  -140, 639, -1721,  153, 153, 153
L -140, 639, -1721,  -96, 668, -1721,  153, 153, 153
L -96, 668, -1721,  -63, 636, -1721,  153, 153, 153
L -63, 636, -1721,  -17, 636, -1721,  153, 153, 153
L -17, 636, -1721,  37, 582, -1721,  153, 153, 153
L 37, 582, -1721,  49, 554, -1721,  153, 153, 153
L 49, 554, -1721,  89, 573, -1721,  153, 153, 153
L 89, 573, -1721,  114, 591, -1721,  153, 153, 153
L 114, 591, -1721,  145, 639, -1721,  153, 153, 153
L 145, 639, -1721,  146, 701, -1868,  153, 153, 153
L 146, 701, -1868,  177, 766, -1881,  153, 153, 153
L 177, 766, -1881,  144, 801, -1881,  153, 153, 153
L 144, 801, -1881,  92, 769, -1881,  153, 153, 153
L 92, 769, -1881,  63, 769, -1881,  153, 153, 153
L 63, 769, -1881,  31, 738, -1881,  153, 153, 153
L 31, 738, -1881,  -3, 736, -1881,  153, 153, 153
L -3, 736, -1881,  1, 679, -1881,  153, 153, 153
L 1, 679, -1881,  -19, 689, -1881,  153, 153, 153
L -19, 689, -1881,  -47, 689, -1881,  153, 153, 153
L -47, 689, -1881,  -80, 721, -1881,  153, 153, 153
L -80, 721, -1881,  -81, 721, -1881,  153, 153, 153
L -81, 721, -1881,  -130, 689, -1881,  153, 153, 153
L -130, 689, -1881,  -204, 674, -1881,  153, 153, 153
L -204, 674, -1881,  -212, 705, -1881,  153, 153, 153
L -212, 705, -1881,  -256, 705, -1881,  153, 153, 153
L -256, 705, -1881,  -289, 672, -1881,  153, 153, 153
L -289, 672, -1881,  -241, 651, -1881,  153, 153, 153
L -241, 651, -1881,  -213, 582, -1881,  153, 153, 153
L -213, 582, -1881,  -257, 561, -1881,  153, 153, 153
L -257, 561, -1881,  -271, 561, -1881,  153, 153, 153
L -271, 561, -1881,  -302, 592, -1881,  153, 153, 153
L -302, 592, -1881,  -320, 594, -1881,  153, 153, 153
L -320, 594, -1881,  -348, 638, -1881,  153, 153, 153
L -348, 638, -1881,  -349, 656, -1881,  153, 153, 153
L -349, 656, -1881,  -334, 685, -1881,  153, 153, 153
L -334, 685, -1881,  -303, 732, -1881,  153, 153, 153
L -303, 732, -1881,  -206, 733, -1881,  153, 153, 153
L -206, 733, -1881,  -158, 832, -1881,  153, 153, 153
L -158, 832, -1881,  -158, 879, -1881,  153, 153, 153
L -158, 879, -1881,  -207, 930, -1881,  153, 153, 153
L -207, 930, -1881,  -207, 930, -1881,  153, 153, 153
L -207, 930, -1881,  -222, 976, -1881,  153, 153, 153
L -222, 976, -1881,  -272, 993, -1881,  153, 153, 153
L -272, 993, -1881,  -322, 928, -1881,  153, 153, 153
L -322, 928, -1881,  -322, 863, -1881,  153, 153, 153
L -322, 863, -1881,  -340, 814, -1881,  153, 153, 153
L -340, 814, -1881,  -369, 785, -1881,  153, 153, 153
L -369, 785, -1881,  -404, 783, -1881,  153, 153, 153
L -404, 783, -1881,  -593, 753, -1881,  153, 153, 153
L -593, 753, -1881,  -721, 688, -1881,  153, 153, 153
L -721, 688, -1881,  -786, 575, -1881,  153, 153, 153
L -786, 575, -1881,  -802, 480, -1881,  153, 153, 153
L -802, 480, -1881,  -834, 464, -1881,  153, 153, 153
L -834, 464, -1881,  -834, 398, -2041,  153, 153, 153
L -834, 398, -2041,  -785, 333, -2041,  153, 153, 153
L -785, 333, -2041,  -698, 334, -2041,  153, 153, 153
L -698, 334, -2041,  -656, 348, -2041,  153, 153, 153
L -656, 348, -2041,  -623, 332, -2041,  153, 153, 153
L -623, 332, -2041,  -605, 365, -2041,  153, 153, 153
L -605, 365, -2041,  -560, 365, -2041,  153, 153, 153
L -560, 365, -2041,  -510, 349, -2041,  153, 153, 153
L -510, 349, -2041,  -458, 389, -2041,  153, 153, 153
L -458, 389, -2041,  -446, 418, -2041,  153, 153, 153
L -446, 418, -2041,  -480, 449, -2041,  153, 153, 153
L -480, 449, -2041,  -544, 449, -2041,  153, 153, 153
L -544, 449, -2041,  -562, 416, -2041,  153, 153, 153
L -562, 416, -2041,  -591, 402, -2041,  153, 153, 153
L -591, 402, -2041,  -607, 402, -2041,  153, 153, 153
L -607, 402, -2041,  -621, 431, -2041,  153, 153, 153
L -621, 431, -2041,  -590, 525, -2041,  153, 153, 153
L -590, 525, -2041,  -562, 539, -2041,  153, 153, 153
L -562, 539, -2041,  -515, 526, -2041,  153, 153, 153
L -515, 526, -2041,  -530, 497, -2041,  153, 153, 153
L -530, 497, -2041,  -546, 496, -2041,  153, 153, 153
L -546, 496, -2041,  -546, 496, -2041,  153, 153, 153
L -546, 496, -2041,  -545, 459, -2041,  153, 153, 153
L -545, 459, -2041,  -495, 489, -2041,  153, 153, 153
L -495, 489, -2041,  -481, 477, -2041,  153, 153, 153
L -481, 477, -2041,  -448, 459, -2041,  153, 153, 153
L -448, 459, -2041,  -434, 431, -2041,  153, 153, 153
L -434, 431, -2041,  -432, 379, -2041,  153, 153, 153
L -432, 379, -2041,  -401, 333, -2041,  153, 153, 153
L -401, 333, -2041,  -321, 333, -2041,  153, 153, 153
L -321, 333, -2041,  -286, 369, -2041,  153, 153, 153
L -286, 369, -2041,  -318, 400, -2041,  153, 153, 153
L -318, 400, -2041,  -319, 433, -2041,  153, 153, 153
L -319, 433, -2041,  -351, 433, -2041,  153, 153, 153
L -351, 433, -2041,  -366, 449, -2041,  153, 153, 153
L -366, 449, -2041,  -368, 508, -2041,  153, 153, 153
L -368, 508, -2041,  -335, 492, -2041,  153, 153, 153
L -335, 492, -2041,  -289, 477, -2041,  153, 153, 153
L -289, 477, -2041,  -273, 445, -2041,  153, 153, 153
L -273, 445, -2041,  -227, 399, -2041,  153, 153, 153
L -227, 399, -2041,  -259, 367, -2041,  153, 153, 153
L -259, 367, -2041,  -273, 307, -2041,  153, 153, 153
L -273, 307, -2041,  -304, 289, -2041,  153, 153, 153
L -304, 289, -2041,  -306, 254, -2041,  153, 153, 153
L -306, 254, -2041,  -291, 222, -2041,  153, 153, 153
L -291, 222, -2041,  -336, 194, -2041,  153, 153, 153
L -336, 194, -2041,  -354, 210, -2041,  153, 153, 153
L -354, 210, -2041,  -381, 209, -2041,  153, 153, 153
L -381, 209, -2041,  -413, 239, -2041,  153, 153, 153
L -413, 239, -2041,  -400, 252, -2041,  153, 153, 153
L -400, 252, -2041,  -371, 253, -2041,  153, 153, 153
L -371, 253, -2041,  -353, 237, -2041,  153, 153, 153
L -353, 237, -2041,  -319, 253, -2041,  153, 153, 153
L -319, 253, -2041,  -318, 289, -2041,  153, 153, 153
L -318, 289, -2041,  -351, 305, -2041,  153, 153, 153
L -351, 305, -2041,  -401, 305, -2041,  153, 153, 153
L -401, 305, -2041,  -429, 277, -2041,  153, 153, 153
L -429, 277, -2041,  -467, 274, -2041,  153, 153, 153
L -467, 274, -2041,  -469, 275, -2041,  153, 153, 153
L -469, 275, -2041,  -511, 289, -2041,  153, 153, 153
L -511, 289, -2041,  -530, 269, -2041,  153, 153, 153
L -530, 269, -2041,  -498, 207, -2041,  153, 153, 153
L -498, 207, -2041,  -498, 176, -2041,  153, 153, 153
L -498, 176, -2041,  -467, 112, -2041,  153, 153, 153
L -467, 112, -2041,  -434, 63, -2041,  153, 153, 153
L -434, 63, -2041,  -450, 33, -2041,  153, 153, 153
L -450, 33, -2041,  -466, 35, -2041,  153, 153, 153
L -466, 35, -2041,  -495, 50, -2041,  153, 153, 153
L -495, 50, -2041,  -511, 65, -2041,  153, 153, 153
L -511, 65, -2041,  -558, 35, -2041,  153, 153, 153
L -558, 35, -2041,  -625, 34, -2041,  153, 153, 153
L -625, 34, -2041,  -690, 49, -2041,  153, 153, 153
L -690, 49, -2041,  -721, 13, -2041,  153, 153, 153
L -721, 13, -2041,  -674, -33, -2041,  153, 153, 153
L -674, -33, -2041,  -674, -128, -1881,  153, 153, 153
L -674, -128, -1881,  -624, -178, -1881,  153, 153, 153
L -624, -178, -1881,  -575, -179, -1881,  153, 153, 153
L -575, -179, -1881,  -543, -194, -1881,  153, 153, 153
L -543, -194, -1881,  -510, -124, -1881,  153, 153, 153
L -510, -124, -1881,  -526, -94, -1881,  153, 153, 153
L -526, -94, -1881,  -589, -63, -1881,  153, 153, 153
L -589, -63, -1881,  -574, -34, -1881,  153, 153, 153
L -574, -34, -1881,  -513, -19, -1881,  153, 153, 153
L -513, -19, -1881,  -482, -34, -1881,  153, 153, 153
L -482, -34, -1881,  -482, -65, -1881,  153, 153, 153
L -482, -65, -1881,  -465, -66, -1881,  153, 153, 153
L -465, -66, -1881,  -450, -81, -1881,  153, 153, 153
L -450, -81, -1881,  -450, -95, -1881,  153, 153, 153
L -450, -95, -1881,  -466, -127, -1860,  153, 153, 153
L -466, -127, -1860,  -399, -114, -1881,  153, 153, 153
L -399, -114, -1881,  -398, -68, -1881,  153, 153, 153
L -398, -68, -1881,  -347, -40, -1881,  153, 153, 153
L -347, -40, -1881,  -302, -34, -1881,  153, 153, 153
L -302, -34, -1881,  -270, 49, -1867,  153, 153, 153
L -270, 49, -1867,  -270, 140, -1831,  153, 153, 153
L -270, 140, -1831,  -238, 237, -1811,  153, 153, 153
L -238, 237, -1811,  -192, 253, -1802,  153, 153, 153
L -192, 253, -1802,  -99, 253, -1721,  153, 153, 153
L -99, 253, -1721,  -88, 244, -1721,  153, 153, 153
L -88, 244, -1721,  -75, 253, -1721,  153, 153, 153
L -75, 253, -1721,  -74, 266, -1721,  153, 153, 153
L -74, 266, -1721,  -46, 300, -1709,  153, 153, 153
L -46, 300, -1709,  5, 287, -1721,  153, 153, 153
L 5, 287, -1721,  3, 275, -1721,  153, 153, 153
L 3, 275, -1721,  11, 269, -1721,  153, 153, 153
L 11, 269, -1721,  19, 267, -1721,  153, 153, 153
L 19, 267, -1721,  27, 239, -1706,  153, 153, 153
L 27, 239, -1706,  -1, 209, -1721,  153, 153, 153
L -1, 209, -1721,  -9, 209, -1688,  153, 153, 153
L -9, 209, -1688,  -18, 217, -1721,  153, 153, 153
L -18, 217, -1721,  -30, 215, -1721,  153, 153, 153
L -30, 215, -1721,  -38, 218, -1721,  153, 153, 153
L -38, 218, -1721,  -44, 204, -1721,  153, 153, 153
L -44, 204, -1721,  -42, 171, -1721,  153, 153, 153
L -42, 171, -1721,  -18, 164, -1721,  153, 153, 153
L -18, 164, -1721,  32, 133, -1721,  153, 153, 153
L 32, 133, -1721,  49, 119, -1721,  153, 153, 153
L 49, 119, -1721,  59, 125, -1721,  153, 153, 153
L 59, 125, -1721,  95, 125, -1721,  153, 153, 153
L 95, 125, -1721,  115, 112, -1721,  153, 153, 153
L 115, 112, -1721,  132, 127, -1721,  153, 153, 153
L 132, 127, -1721,  161, 142, -1721,  153, 153, 153
L 161, 142, -1721,  190, 171, -1654,  153, 153, 153
L 190, 171, -1654,  180, 215, -1721,  153, 153, 153
L 180, 215, -1721,  187, 236, -1721,  153, 153, 153
L 187, 236, -1721,  177, 246, -1721,  153, 153, 153
L 177, 246, -1721,  179, 308, -1721,  153, 153, 153
L 179, 308, -1721,  192, 359, -1721,  153, 153, 153
L 192, 359, -1721,  193, 379, -1721,  153, 153, 153
L 193, 379, -1721,  192, 401, -1721,  153, 153, 153
L 192, 401, -1721,  112, 449, -1721,  153, 153, 153
L 112, 449, -1721,  61, 396, -1721,  153, 153, 153
L 61, 396, -1721,  60, 368, -1721,  153, 153, 153
L 60, 368, -1721,  14, 353, -1721,  153, 153, 153
L 14, 353, -1721,  -113, 355, -1721,  153, 153, 153
L -113, 355, -1721,  -141, 383, -1721,  153, 153, 153
L -141, 383, -1721,  -142, 400, -1721,  153, 153, 153
L -142, 400, -1721,  -173, 431, -1721,  153, 153, 153
L -173, 431, -1721,  -208, 434, -1721,  153, 153, 153
L -208, 434, -1721,  -238, 465, -1721,  153, 153, 153
L -238, 465, -1721,  -257, 534, -1721,  153, 153, 153
L -257, 534, -1721,  -208, 508, -1721,  153, 153, 153
L -208, 508, -1721,  -177, 492, -1721,  153, 153, 153
L -177, 492, -1721,  -161, 461, -1721,  153, 153, 153
L -161, 461, -1721,  -94, 477, -1721,  153, 153, 153
L -94, 477, -1721,  -64, 508, -1721,  153, 153, 153
L -64, 508, -1721,  -18, 493, -1721,  153, 153, 153
L -18, 493, -1721,  -19, 463, -1721,  153, 153, 153
L -19, 463, -1721,  -49, 433, -1721,  153, 153, 153
L -49, 433, -1721,  -81, 433, -1721,  153, 153, 153
L -81, 433, -1721,  -114, 398, -1721,  153, 153, 153
L -114, 398, -1721,  -81, 365, -1721,  153, 153, 153
L -81, 365, -1721,  -31, 365, -1721,  153, 153, 153
L -31, 365, -1721,  17, 398, -1721,  153, 153, 153
L 17, 398, -1721,  18, 414, -1721,  153, 153, 153
L 18, 414, -1721,  81, 478, -1721,  153, 153, 153
L 81, 478, -1721,  64, 513, -1721,  153, 153, 153
L -351, -1290, -282,  -339, -1309, -282,  153, 153, 153
L -339, -1309, -282,  -331, -1303, -282,  153, 153, 153
L -331, -1303, -282,  -334, -1297, -282,  153, 153, 153
L -334, -1297, -282,  -308, -1269, -282,  153, 153, 153
L -308, -1269, -282,  -324, -1256, -282,  153, 153, 153
L -324, -1256, -282,  -351, -1290, -282,  153, 153, 153
L -1375, -30, -2201,  -1358, -78, -2201,  153, 153, 153
L -1358, -78, -2201,  -1373, -112, -2201,  153, 153, 153
L -1373, -112, -2201,  -1373, -177, -2202,  153, 153, 153
L -1373, -177, -2202,  -1469, -273, -2453,  153, 153, 153
L -1469, -273, -2453,  -1469, -319, -2521,  153, 153, 153
L -1469, -319, -2521,  -1437, -368, -2521,  153, 153, 153
L -1437, -368, -2521,  -1437, -432, -2521,  153, 153, 153
L -1437, -432, -2521,  -1470, -466, -2521,  153, 153, 153
L -1470, -466, -2521,  -1489, -448, -2521,  153, 153, 153
L -1489, -448, -2521,  -1490, -433, -2521,  153, 153, 153
L -1490, -433, -2521,  -1504, -417, -2521,  153, 153, 153
L -1504, -417, -2521,  -1535, -415, -2521,  153, 153, 153
L -1535, -415, -2521,  -1581, -449, -2521,  153, 153, 153
L -1581, -449, -2521,  -1581, -463, -2521,  153, 153, 153
L -1581, -463, -2521,  -1566, -494, -2521,  153, 153, 153
L -1566, -494, -2521,  -1519, -494, -2521,  153, 153, 153
L -1519, -494, -2521,  -1502, -510, -2521,  153, 153, 153
L -1502, -510, -2521,  -1501, -543, -2521,  153, 153, 153
L -1501, -543, -2521,  -1518, -562, -2521,  153, 153, 153
L -1518, -562, -2521,  -1550, -578, -2521,  153, 153, 153
L -1550, -578, -2521,  -1632, -578, -2521,  153, 153, 153
L -1632, -578, -2521,  -1680, -546, -2521,  153, 153, 153
L -1680, -546, -2521,  -1682, -480, -2521,  153, 153, 153
L -1682, -480, -2521,  -1695, -463, -2521,  153, 153, 153
L -1695, -463, -2521,  -1727, -466, -2521,  153, 153, 153
L -1727, -466, -2521,  -1760, -466, -2521,  153, 153, 153
L -1760, -466, -2521,  -1777, -434, -2521,  153, 153, 153
L -1777, -434, -2521,  -1806, -434, -2521,  153, 153, 153
L -1806, -434, -2521,  -1829, -442, -2521,  153, 153, 153
L -1829, -442, -2521,  -1838, -482, -2521,  153, 153, 153
L -1838, -482, -2521,  -1867, -496, -2650,  153, 153, 153
L -1867, -496, -2650,  -1868, -499, -2653,  153, 153, 153
L -1868, -499, -2653,  -1875, -495, -2681,  153, 153, 153
L -1875, -495, -2681,  -1921, -449, -2681,  153, 153, 153
L -1921, -449, -2681,  -1953, -434, -2681,  153, 153, 153
L -1953, -434, -2681,  -1953, -369, -2681,  153, 153, 153
L -1953, -369, -2681,  -1982, -344, -2681,  153, 153, 153
L -1982, -344, -2681,  -1997, -354, -2681,  153, 153, 153
L -1997, -354, -2681,  -2033, -353, -2841,  153, 153, 153
L -2033, -353, -2841,  -2065, -305, -2841,  153, 153, 153
L -2065, -305, -2841,  -2049, -271, -2841,  153, 153, 153
L -2049, -271, -2841,  -2002, -239, -2841,  153, 153, 153
L -2002, -239, -2841,  -1969, -238, -2841,  153, 153, 153
L -1969, -238, -2841,  -1952, -206, -2841,  153, 153, 153
L -1952, -206, -2841,  -1937, -206, -2841,  153, 153, 153
L -1937, -206, -2841,  -1922, -176, -2841,  153, 153, 153
L -1922, -176, -2841,  -1937, -144, -2841,  153, 153, 153
L -1937, -144, -2841,  -1921, -127, -2841,  153, 153, 153
L -1921, -127, -2841,  -1887, -126, -2681,  153, 153, 153
L -1887, -126, -2681,  -1838, -142, -2681,  153, 153, 153
L -1838, -142, -2681,  -1837, -159, -2681,  153, 153, 153
L -1837, -159, -2681,  -1806, -190, -2681,  153, 153, 153
L -1806, -190, -2681,  -1761, -190, -2527,  153, 153, 153
L -1761, -190, -2527,  -1725, -207, -2521,  153, 153, 153
L -1725, -207, -2521,  -1725, -237, -2521,  153, 153, 153
L -1725, -237, -2521,  -1725, -273, -2681,  153, 153, 153
L -1725, -273, -2681,  -1741, -305, -2681,  153, 153, 153
L -1741, -305, -2681,  -1776, -306, -2681,  153, 153, 153
L -1776, -306, -2681,  -1793, -274, -2681,  153, 153, 153
L -1793, -274, -2681,  -1821, -274, -2681,  153, 153, 153
L -1821, -274, -2681,  -1821, -287, -2681,  153, 153, 153
L -1821, -287, -2681,  -1805, -319, -2681,  153, 153, 153
L -1805, -319, -2681,  -1820, -336, -2681,  153, 153, 153
L -1820, -336, -2681,  -1806, -350, -2681,  153, 153, 153
L -1806, -350, -2681,  -1790, -350, -2681,  153, 153, 153
L -1790, -350, -2681,  -1759, -366, -2681,  153, 153, 153
L -1759, -366, -2681,  -1744, -366, -2681,  153, 153, 153
L -1744, -366, -2681,  -1727, -350, -2681,  153, 153, 153
L -1727, -350, -2681,  -1710, -353, -2681,  153, 153, 153
L -1710, -353, -2681,  -1698, -336, -2681,  153, 153, 153
L -1698, -336, -2681,  -1713, -322, -2681,  153, 153, 153
L -1713, -322, -2681,  -1714, -273, -2681,  153, 153, 153
L -1714, -273, -2681,  -1713, -239, -2521,  153, 153, 153
L -1713, -239, -2521,  -1696, -222, -2521,  153, 153, 153
L -1696, -222, -2521,  -1680, -222, -2521,  153, 153, 153
L -1680, -222, -2521,  -1649, -191, -2521,  153, 153, 153
L -1649, -191, -2521,  -1635, -196, -2521,  153, 153, 153
L -1635, -196, -2521,  -1632, -194, -2521,  153, 153, 153
L -1632, -194, -2521,  -1626, -197, -2521,  153, 153, 153
L -1626, -197, -2521,  -1629, -199, -2521,  153, 153, 153
L -1629, -199, -2521,  -1614, -206, -2521,  153, 153, 153
L -1614, -206, -2521,  -1613, -224, -2521,  153, 153, 153
L -1613, -224, -2521,  -1629, -241, -2521,  153, 153, 153
L -1629, -241, -2521,  -1629, -255, -2521,  153, 153, 153
L -1629, -255, -2521,  -1599, -270, -2521,  153, 153, 153
L -1599, -270, -2521,  -1585, -270, -2521,  153, 153, 153
L -1585, -270, -2521,  -1570, -241, -2521,  153, 153, 153
L -1570, -241, -2521,  -1600, -226, -2521,  153, 153, 153
L -1600, -226, -2521,  -1602, -208, -2521,  153, 153, 153
L -1602, -208, -2521,  -1569, -190, -2521,  153, 153, 153
L -1569, -190, -2521,  -1553, -159, -2521,  153, 153, 153
L -1553, -159, -2521,  -1506, -158, -2521,  153, 153, 153
L -1506, -158, -2521,  -1489, -158, -2507,  153, 153, 153
L -1489, -158, -2507,  -1456, -111, -2474,  153, 153, 153
L -1456, -111, -2474,  -1458, -64, -2402,  153, 153, 153
L -1458, -64, -2402,  -1426, -31, -2364,  153, 153, 153
L -1426, -31, -2364,  -1375, -30, -2201,  153, 153, 153
L -1247, 242, -2521,  -1247, 242, -2521,  153, 153, 153
L -1247, 242, -2521,  -1232, 257, -2521,  153, 153, 153
L -1232, 257, -2521,  -1215, 257, -2521,  153, 153, 153
L -1215, 257, -2521,  -1200, 242, -2521,  153, 153, 153
L -1200, 242, -2521,  -1198, 242, -2521,  153, 153, 153
L -1198, 242, -2521,  -1198, 236, -2521,  153, 153, 153
L -1198, 236, -2521,  -1202, 237, -2521,  153, 153, 153
L -1202, 237, -2521,  -1202, 237, -2521,  153, 153, 153
L -1202, 237, -2521,  -1245, 237, -2521,  153, 153, 153
L -1245, 237, -2521,  -1246, 236, -2521,  153, 153, 153
L -1246, 236, -2521,  -1251, 236, -2521,  153, 153, 153
L -1581, -95, -2518,  -1581, -95, -2518,  0, 153, 153
L -1581, -95, -2518,  -1581, -160, -2519,  0, 153, 153
L -1581, -160, -2519,  -1664, -162, -2521,  0, 153, 153
L -1664, -162, -2521,  -1665, -94, -2508,  0, 153, 153
L -1665, -94, -2508,  -1646, -95, -2519,  0, 153, 153
L -1646, -95, -2519,  -1646, -142, -2519,  0, 153, 153
L -1646, -142, -2519,  -1601, -142, -2518,  0, 153, 153
L -1601, -142, -2518,  -1600, -94, -2521,  0, 153, 153
L -1600, -94, -2521,  -1581, -95, -2518,  0, 153, 153
L -1617, -125, -2498,  -1617, -125, -2501,  0, 153, 153
L -1617, -125, -2501,  -1628, -126, -2500,  0, 153, 153
L -1628, -126, -2500,  -1631, -119, -2500,  0, 153, 153
L -1631, -119, -2500,  -1626, -115, -2481,  0, 153, 153
L -1626, -115, -2481,  -1619, -116, -2465,  0, 153, 153
L -1619, -116, -2465,  -1616, -121, -2501,  0, 153, 153
L -1616, -121, -2501,  -1618, -126, -2498,  0, 153, 153
L -1933, -489, -2681,  -1933, -489, -2681,  0, 0, 153
L -1933, -489, -2681,  -1914, -508, -2681,  0, 0, 153
L -1914, -508, -2681,  -1913, -530, -2681,  0, 0, 153
L -1913, -530, -2681,  -1934, -550, -2681,  0, 0, 153
L -1934, -550, -2681,  -1970, -548, -2681,  0, 0, 153
L -1970, -548, -2681,  -1989, -531, -2681,  0, 0, 153
L -1989, -531, -2681,  -1989, -510, -2681,  0, 0, 153
L -1989, -510, -2681,  -1969, -491, -2681,  0, 0, 153
L -1969, -491, -2681,  -1934, -490, -2681,  0, 0, 153
L -1934, -490, -2681,  -1914, -507, -2681,  0, 0, 153
L -1921, -527, -2681,  -1921, -527, -2681,  0, 0, 153
L -1921, -527, -2681,  -1920, -513, -2681,  0, 0, 153
L -1920, -513, -2681,  -1935, -498, -2681,  0, 0, 153
L -1935, -498, -2681,  -1966, -497, -2681,  0, 0, 153
L -1966, -497, -2681,  -1982, -513, -2681,  0, 0, 153
L -1982, -513, -2681,  -1981, -526, -2681,  0, 0, 153
L -1981, -526, -2681,  -1964, -549, -2681,  0, 0, 153
L -1964, -549, -2681,  -1936, -542, -2681,  0, 0, 153
L -1936, -542, -2681,  -1923, -527, -2681,  0, 0, 153
L -1873, -559, -2681,  -1873, -559, -2681,  153, 153, 153
L -1873, -559, -2681,  -1857, -558, -2602,  153, 153, 153
L -1857, -558, -2602,  -1841, -526, -2527,  153, 153, 153
L -1841, -526, -2527,  -1806, -558, -2521,  153, 153, 153
L -1806, -558, -2521,  -1806, -591, -2453,  153, 153, 153
L -1806, -591, -2453,  -1757, -639, -2363,  153, 153, 153
L -1757, -639, -2363,  -1757, -672, -2361,  153, 153, 153
L -1757, -672, -2361,  -1789, -705, -2361,  153, 153, 153
L -1789, -705, -2361,  -1823, -706, -2201,  153, 153, 153
L -1823, -706, -2201,  -1855, -706, -2201,  153, 153, 153
L -1855, -706, -2201,  -1872, -690, -2201,  153, 153, 153
L -1872, -690, -2201,  -1904, -690, -2201,  153, 153, 153
L -1904, -690, -2201,  -1936, -674, -2201,  153, 153, 153
L -1936, -674, -2201,  -1937, -616, -2201,  153, 153, 153
L -1937, -616, -2201,  -1964, -609, -2201,  153, 153, 153
L -1964, -609, -2201,  -1949, -639, -2201,  153, 153, 153
L -1949, -639, -2201,  -1954, -671, -2201,  153, 153, 153
L -1954, -671, -2201,  -1933, -702, -2201,  153, 153, 153
L -1933, -702, -2201,  -1934, -722, -2201,  153, 153, 153
L -1934, -722, -2201,  -1967, -738, -2201,  153, 153, 153
L -1967, -738, -2201,  -2000, -738, -2361,  153, 153, 153
L -2000, -738, -2361,  -2033, -689, -2361,  153, 153, 153
L -2033, -689, -2361,  -2034, -654, -2521,  153, 153, 153
L -2034, -654, -2521,  -2049, -608, -2521,  153, 153, 153
L -2049, -608, -2521,  -2049, -577, -2521,  153, 153, 153
L -2049, -577, -2521,  -2081, -545, -2521,  153, 153, 153
L -2081, -545, -2521,  -2097, -510, -2681,  153, 153, 153
L -2097, -510, -2681,  -2064, -478, -2681,  153, 153, 153
L -2064, -478, -2681,  -2029, -511, -2681,  153, 153, 153
L -2029, -511, -2681,  -2032, -560, -2681,  153, 153, 153
L -2032, -560, -2681,  -2027, -554, -2681,  153, 153, 153
L -2027, -554, -2681,  -2035, -561, -2681,  153, 153, 153
L -2035, -561, -2681,  -2010, -588, -2681,  153, 153, 153
L -2010, -588, -2681,  -2001, -601, -2501,  153, 153, 153
L -2001, -601, -2501,  -1993, -597, -2501,  153, 153, 153
L -1993, -597, -2501,  -1987, -604, -2502,  153, 153, 153
L -1987, -604, -2502,  -1988, -608, -2501,  153, 153, 153
L -1988, -608, -2501,  -1978, -605, -2631,  153, 153, 153
L -1978, -605, -2631,  -1971, -605, -2631,  153, 153, 153
L -1971, -605, -2631,  -1971, -581, -2631,  153, 153, 153
L -1971, -581, -2631,  -1955, -582, -2631,  153, 153, 153
L -1955, -582, -2631,  -1953, -587, -2631,  153, 153, 153
L -1953, -587, -2631,  -1965, -588, -2631,  153, 153, 153
L -1965, -588, -2631,  -1965, -603, -2631,  153, 153, 153
L -1965, -603, -2631,  -1962, -604, -2631,  153, 153, 153
L -1962, -604, -2631,  -1963, -612, -2631,  153, 153, 153
L -1963, -612, -2631,  -1949, -638, -2631,  153, 153, 153
L -1949, -638, -2631,  -1949, -657, -2641,  153, 153, 153
L -1949, -657, -2641,  -1981, -720, -2641,  153, 153, 153
L -1981, -720, -2641,  -1981, -734, -2641,  153, 153, 153
L -1981, -734, -2641,  -1953, -760, -2641,  153, 153, 153
L -1953, -760, -2641,  -1936, -749, -2641,  153, 153, 153
L -1936, -749, -2641,  -1905, -718, -2641,  153, 153, 153
L -1905, -718, -2641,  -1889, -717, -2641,  153, 153, 153
L -1889, -717, -2641,  -1874, -689, -2641,  153, 153, 153
L -1874, -689, -2641,  -1904, -674, -2641,  153, 153, 153
L -1904, -674, -2641,  -1921, -673, -2641,  153, 153, 153
L -1921, -673, -2641,  -1938, -656, -2631,  153, 153, 153
L -1938, -656, -2631,  -1937, -612, -2631,  153, 153, 153
L -1937, -612, -2631,  -1941, -611, -2631,  153, 153, 153
L -1941, -611, -2631,  -1940, -604, -2628,  153, 153, 153
L -1940, -604, -2628,  -1933, -592, -2631,  153, 153, 153
L -1933, -592, -2631,  -1933, -588, -2631,  153, 153, 153
L -1933, -588, -2631,  -1945, -587, -2631,  153, 153, 153
L -1945, -587, -2631,  -1945, -582, -2631,  153, 153, 153
L -1945, -582, -2631,  -1927, -589, -2631,  153, 153, 153
L -1927, -589, -2631,  -1909, -591, -2681,  153, 153, 153
L -1909, -591, -2681,  -1905, -590, -2681,  153, 153, 153
L -1905, -590, -2681,  -1879, -594, -2681,  153, 153, 153
L -1879, -594, -2681,  -1881, -575, -2681,  153, 153, 153
L -1881, -575, -2681,  -1873, -558, -2681,  153, 153, 153
L -1725, -479, -2521,  -1725, -479, -2521,  255, 255, 0
L -1725, -479, -2521,  -1727, -466, -2521,  255, 255, 0
L -1761, -465, -2521,  -1761, -465, -2521,  255, 255, 0
L -1761, -465, -2521,  -1759, -478, -2521,  255, 255, 0
L -1069, -98, -2201,  -1069, -98, -2201,  0, 153, 153
L -1069, -98, -2201,  -1070, -129, -2201,  0, 153, 153
L -1070, -129, -2201,  -1104, -130, -2201,  0, 153, 153
L -1104, -130, -2201,  -1106, -120, -2153,  0, 153, 153
L -1106, -120, -2153,  -1133, -119, -2201,  0, 153, 153
L -1133, -119, -2201,  -1135, -114, -2201,  0, 153, 153
L -1069, -191, -2201,  -1069, -191, -2201,  0, 153, 153
L -1069, -191, -2201,  -1069, -159, -2201,  0, 153, 153
L -1069, -159, -2201,  -1104, -158, -2201,  0, 153, 153
L -1104, -158, -2201,  -1106, -187, -2201,  0, 153, 153
L -1215, 257, -2521,  -1215, 257, -2521,  255, 255, 0
L -1215, 257, -2521,  -1218, 269, -2521,  255, 255, 0
L -1231, 257, -2521,  -1231, 257, -2521,  255, 255, 0
L -1231, 257, -2521,  -1232, 269, -2521,  255, 255, 0
L -2095, 124, -3321,  -2095, 124, -3321,  153, 153, 153
L -2095, 124, -3321,  -2129, 143, -3321,  153, 153, 153
L -2129, 143, -3321,  -2113, 161, -3321,  153, 153, 153
L -2113, 161, -3321,  -2078, 161, -3310,  153, 153, 153
L -2078, 161, -3310,  -2078, 141, -3316,  153, 153, 153
L -2078, 141, -3316,  -2096, 125, -3321,  153, 153, 153
L -2176, 561, -3480,  -2176, 561, -3480,  153, 153, 153
L -2176, 561, -3480,  -2142, 561, -3321,  153, 153, 153
L -2142, 561, -3321,  -2127, 531, -3321,  153, 153, 153
L -2127, 531, -3321,  -2123, 530, -3312,  153, 153, 153
L -2123, 530, -3312,  -2130, 520, -3311,  153, 153, 153
L -2130, 520, -3311,  -2146, 513, -3311,  153, 153, 153
L -2146, 513, -3311,  -2135, 511, -3480,  153, 153, 153
L -2135, 511, -3480,  -2157, 493, -3460,  153, 153, 153
L -2157, 493, -3460,  -2193, 510, -3480,  153, 153, 153
L -2193, 510, -3480,  -2209, 544, -3480,  153, 153, 153
L -2209, 544, -3480,  -2176, 561, -3475,  153, 153, 153
L -2091, 509, -3480,  -2091, 509, -3480,  0, 153, 153
L -2091, 509, -3480,  -2139, 509, -3480,  0, 153, 153
L -2139, 509, -3480,  -2128, 523, -3447,  0, 153, 153
L -2128, 523, -3447,  -2099, 525, -3426,  0, 153, 153
L -2099, 525, -3426,  -2091, 509, -3480,  0, 153, 153
L -2029, -551, -2481,  -2029, -554, -2481,  0, 153, 153
L -2029, -554, -2481,  -2018, -543, -2481,  0, 153, 153
L -2018, -543, -2481,  -2002, -496, -2481,  0, 153, 153
L -2002, -496, -2481,  -1971, -461, -2481,  0, 153, 153
L -1971, -461, -2481,  -1935, -462, -2434,  0, 153, 153
L -1935, -462, -2434,  -1901, -492, -2481,  0, 153, 153
L -1901, -492, -2481,  -1875, -495, -2481,  0, 153, 153
L -1875, -495, -2481,  -1917, -445, -2481,  0, 153, 153
L -1917, -445, -2481,  -1951, -434, -2481,  0, 153, 153
L -1951, -434, -2481,  -1966, -433, -2481,  0, 153, 153
L -1966, -433, -2481,  -2013, -449, -2481,  0, 153, 153
L -2013, -449, -2481,  -2027, -494, -2481,  0, 153, 153
L -2027, -494, -2481,  -2029, -554, -2481,  0, 153, 153
L 924, 1317, -762,  924, 1317, -762,  153, 153, 153
L 924, 1317, -762,  924, 1295, -762,  153, 153, 153
L 924, 1295, -762,  910, 1281, -762,  153, 153, 153
L 910, 1281, -762,  862, 1281, -762,  153, 153, 153
L 862, 1281, -762,  845, 1264, -762,  153, 153, 153
L 845, 1264, -762,  844, 1235, -742,  153, 153, 153
L 844, 1235, -742,  843, 1234, -742,  153, 153, 153
L 843, 1234, -742,  842, 1230, -742,  153, 153, 153
L 842, 1230, -742,  842, 1229, -742,  153, 153, 153
L 842, 1229, -742,  844, 1226, -742,  153, 153, 153
L 844, 1226, -742,  847, 1223, -742,  153, 153, 153
L 847, 1223, -742,  852, 1222, -742,  153, 153, 153
L 852, 1222, -742,  863, 1212, -762,  153, 153, 153
L 863, 1212, -762,  863, 1182, -762,  153, 153, 153
L 863, 1182, -762,  908, 1151, -762,  153, 153, 153
L 908, 1151, -762,  893, 1121, -762,  153, 153, 153
L 893, 1121, -762,  864, 1121, -762,  153, 153, 153
L 864, 1121, -762,  848, 1137, -762,  153, 153, 153
L 848, 1137, -762,  832, 1137, -762,  153, 153, 153
L 832, 1137, -762,  801, 1167, -762,  153, 153, 153
L 801, 1167, -762,  801, 1214, -762,  153, 153, 153
L 801, 1214, -762,  810, 1222, -742,  153, 153, 153
L 810, 1222, -742,  813, 1222, -742,  153, 153, 153
L 813, 1222, -742,  818, 1226, -742,  153, 153, 153
L 818, 1226, -742,  819, 1229, -742,  153, 153, 153
L 819, 1229, -742,  819, 1233, -742,  153, 153, 153
L 819, 1233, -742,  817, 1235, -742,  153, 153, 153
L 817, 1235, -742,  817, 1262, -762,  153, 153, 153
L 817, 1262, -762,  848, 1292, -762,  153, 153, 153
L 913, 1320, -762,  913, 1320, -762,  153, 153, 153
L 913, 1320, -762,  912, 1309, -762,  153, 153, 153
L 912, 1309, -762,  896, 1293, -762,  153, 153, 153
L 896, 1293, -762,  848, 1292, -762,  153, 153, 153
P -300, -1400, 0, 0, 0, 0, 2, Frontier Mountains
P -100, 1300, 0, 0, 0, 0, 2, Mines of Nurga
P -376, -1412, 0, 255, 255, 255, 2, Frontier Mountains
P 919, 1319, 0, 255, 255, 255, 2, Mines of Nurga
P -290, -1375, 0, 255, 255, 255, 2, Succor Point
