L -6632, 1676, 3590,  -6657, 1676, 3530,  102, 102, 102
L -6657, 1676, 3530,  -6678, 1677, 3495,  102, 102, 102
L -6641, 1676, 3569,  -6581, 1676, 3614,  102, 102, 102
L -6581, 1676, 3614,  -6513, 1675, 3907,  102, 102, 102
L -6513, 1675, 3907,  -6447, 1674, 3891,  102, 102, 102
L -6447, 1674, 3891,  -6267, 1670, 3895,  102, 102, 102
L -6267, 1670, 3895,  -6087, 1666, 3742,  102, 102, 102
L -6087, 1666, 3742,  -5936, 1635, 4684,  102, 102, 102
L -5936, 1635, 4684,  -5878, 1585, 4599,  102, 102, 102
L -5878, 1585, 4599,  -5810, 1525, 4003,  102, 102, 102
L -5810, 1525, 4003,  -5738, 1448, 4190,  102, 102, 102
L -5738, 1448, 4190,  -5698, 1356, 4332,  102, 102, 102
L -5698, 1356, 4332,  -5661, 1271, 4335,  102, 102, 102
L -5661, 1271, 4335,  -5614, 1161, 4321,  102, 102, 102
L -5614, 1161, 4321,  -5617, 983, 4772,  102, 102, 102
L -5617, 983, 4772,  -5620, 884, 4922,  102, 102, 102
L -5620, 884, 4922,  -5605, 650, 4639,  102, 102, 102
L -5605, 650, 4639,  -5574, 366, 4224,  102, 102, 102
L -5574, 366, 4224,  -5557, 215, 4430,  102, 102, 102
L -5557, 215, 4430,  -5491, -35, 5024,  102, 102, 102
L -5491, -35, 5024,  -5433, -145, 4188,  102, 102, 102
L -5433, -145, 4188,  -5391, -225, 3706,  102, 102, 102
L -5391, -225, 3706,  -5296, -402, 3758,  102, 102, 102
L -5296, -402, 3758,  -5153, -478, 3317,  102, 102, 102
L -5153, -478, 3317,  -5132, -489, 2996,  102, 102, 102
L -5132, -489, 2996,  -5045, -535, 694,  102, 102, 102
L -5045, -535, 694,  -4976, -572, -360,  102, 102, 102
L -4976, -572, -360,  -4937, -551, -355,  0, 153, 153
L -4937, -551, -355,  -4903, -543, -347,  0, 153, 153
L -4903, -543, -347,  -4878, -527, -354,  0, 153, 153
L -4878, -527, -354,  -4805, -500, -353,  0, 153, 153
L -4805, -500, -353,  -4734, -452, -355,  0, 153, 153
L -4734, -452, -355,  -4606, -434, -282,  0, 153, 153
L -4606, -434, -282,  -4404, -432, -296,  0, 153, 153
L -4404, -432, -296,  -4102, -425, -305,  0, 153, 153
L -4102, -425, -305,  -4004, -340, -310,  0, 153, 153
L -4004, -340, -310,  -3903, -235, -289,  0, 153, 153
L -3903, -235, -289,  -3803, -216, -351,  0, 153, 153
L -3803, -216, -351,  -3739, -151, -333,  0, 153, 153
L -3739, -151, -333,  -3703, -130, -332,  0, 153, 153
L -3703, -130, -332,  -3681, -128, -343,  0, 153, 153
L -3681, -128, -343,  -3504, -128, -350,  0, 153, 153
L -3504, -128, -350,  -3487, -132, -351,  0, 153, 153
L -3487, -132, -351,  -3095, -142, -339,  0, 153, 153
L -3095, -142, -339,  -3069, -151, -337,  0, 153, 153
L -3069, -151, -337,  -3049, -199, -364,  0, 153, 153
L -3049, -199, -364,  -3004, -210, -361,  0, 153, 153
L -3004, -210, -361,  -2989, -238, -331,  0, 153, 153
L -2989, -238, -331,  -2902, -251, -325,  0, 153, 153
L -2902, -251, -325,  -2873, -320, -349,  0, 153, 153
L -2873, -320, -349,  -2491, -334, -335,  0, 153, 153
L -2491, -334, -335,  -2477, -425, -361,  0, 153, 153
L -2477, -425, -361,  -2379, -427, -348,  0, 153, 153
L -2379, -427, -348,  -2379, -525, -346,  0, 153, 153
L -2379, -525, -346,  -1978, -527, -339,  0, 153, 153
L -1978, -527, -339,  -1978, -626, -339,  0, 153, 153
L -1978, -626, -339,  -1902, -652, -326,  0, 153, 153
L -1902, -652, -326,  -1878, -725, -324,  0, 153, 153
L -1878, -725, -324,  -1788, -745, -318,  0, 153, 153
L -1788, -745, -318,  -1755, -803, -363,  0, 153, 153
L -1755, -803, -363,  -1502, -798, -357,  0, 153, 153
L -1502, -798, -357,  -1458, -753, -351,  0, 153, 153
L -1458, -753, -351,  -1378, -651, -347,  0, 153, 153
L -1378, -651, -347,  -1302, -627, -346,  0, 153, 153
L -1302, -627, -346,  -1180, -627, -355,  0, 153, 153
L -1180, -627, -355,  -1090, -637, -351,  0, 153, 153
L -1090, -637, -351,  -1079, -726, -349,  0, 153, 153
L -1079, -726, -349,  -1057, -753, -338,  0, 153, 153
L -1057, -753, -338,  -1059, -806, -355,  0, 153, 153
L -1059, -806, -355,  -1004, -807, -361,  0, 153, 153
L -1004, -807, -361,  -979, -827, -353,  0, 153, 153
L -979, -827, -353,  -975, -922, -354,  0, 153, 153
L -975, -922, -354,  -877, -927, -319,  0, 153, 153
L -877, -927, -319,  -874, -1019, -361,  0, 153, 153
L -874, -1019, -361,  -778, -1027, -347,  0, 153, 153
L -778, -1027, -347,  -762, -1052, -352,  0, 153, 153
L -762, -1052, -352,  -763, -1109, -363,  0, 153, 153
L -763, -1109, -363,  -703, -1110, -359,  0, 153, 153
L -703, -1110, -359,  -681, -1125, -351,  0, 153, 153
L -681, -1125, -351,  794, -1125, -332,  0, 153, 153
L 794, -1125, -332,  844, -1100, -317,  0, 153, 153
L 844, -1100, -317,  894, -1101, -360,  0, 153, 153
L 894, -1101, -360,  945, -1051, -335,  0, 153, 153
L 945, -1051, -335,  997, -1027, -343,  0, 153, 153
L 997, -1027, -343,  1895, -1022, -350,  0, 153, 153
L 1895, -1022, -350,  2266, -653, -343,  0, 153, 153
L 2266, -653, -343,  2351, -553, -347,  0, 153, 153
L 2351, -553, -347,  2395, -527, -350,  0, 153, 153
L 2395, -527, -350,  2485, -453, -354,  0, 153, 153
L 2485, -453, -354,  2595, -353, -342,  0, 153, 153
L 2595, -353, -342,  2697, -321, -365,  0, 153, 153
L 2697, -321, -365,  3093, 71, -323,  0, 153, 153
L 3093, 71, -323,  3143, 96, -343,  0, 153, 153
L 3143, 96, -343,  3195, 96, -365,  0, 153, 153
L 3195, 96, -365,  3250, 147, -356,  0, 153, 153
L 3250, 147, -356,  3296, 170, -361,  0, 153, 153
L 3296, 170, -361,  3493, 177, -326,  0, 153, 153
L 3493, 177, -326,  3543, 195, -354,  0, 153, 153
L 3543, 195, -354,  3595, 196, -364,  0, 153, 153
L 3595, 196, -364,  3650, 249, -336,  0, 153, 153
L 3650, 249, -336,  3697, 272, -340,  0, 153, 153
L 3697, 272, -340,  3796, 274, -371,  0, 153, 153
L 3796, 274, -371,  3895, 372, -332,  0, 153, 153
L 3895, 372, -332,  3927, 379, -340,  0, 153, 153
L 3927, 379, -340,  3995, 378, -353,  0, 153, 153
L 3995, 378, -353,  4058, 410, -361,  0, 153, 153
L 4058, 410, -361,  4095, 410, -358,  0, 153, 153
L 4095, 410, -358,  4135, 449, -332,  0, 153, 153
L 4135, 449, -332,  4194, 473, -346,  0, 153, 153
L 4194, 473, -346,  4369, 646, -348,  0, 153, 153
L 4369, 646, -348,  4373, 749, -316,  0, 153, 153
L 4373, 749, -316,  4373, 749, -316,  0, 153, 153
L 4373, 749, -316,  4396, 771, -329,  0, 153, 153
L 4396, 771, -329,  4443, 795, -351,  0, 153, 153
L 4443, 795, -351,  4496, 798, -360,  0, 153, 153
L 4496, 798, -360,  4546, 848, -350,  0, 153, 153
L 4546, 848, -350,  4598, 874, -365,  0, 153, 153
L 4598, 874, -365,  4770, 1048, -350,  0, 153, 153
L 4770, 1048, -350,  4771, 1248, -348,  0, 153, 153
L 4771, 1248, -348,  4771, 1248, -348,  0, 153, 153
L 4771, 1248, -348,  4869, 1347, -342,  0, 153, 153
L 4869, 1347, -342,  4895, 1396, -333,  0, 153, 153
L 4895, 1396, -333,  4947, 1447, -350,  0, 153, 153
L 4947, 1447, -350,  4948, 1500, -340,  0, 153, 153
L 4948, 1500, -340,  4971, 1547, -350,  0, 153, 153
L 4971, 1547, -350,  4972, 1649, -334,  0, 153, 153
L 4972, 1649, -334,  4997, 1691, -367,  0, 153, 153
L 4997, 1691, -367,  5052, 1747, -363,  0, 153, 153
L 5052, 1747, -363,  5096, 1773, -343,  0, 153, 153
L 5096, 1773, -343,  5172, 1849, -351,  0, 153, 153
L 5172, 1849, -351,  5197, 1897, -354,  0, 153, 153
L 5197, 1897, -354,  5249, 1948, -364,  0, 153, 153
L 5249, 1948, -364,  5248, 2702, -336,  0, 153, 153
L 5248, 2702, -336,  5269, 2746, -354,  0, 153, 153
L 5269, 2746, -354,  5270, 3421, -351,  0, 153, 153
L 5270, 3421, -351,  5251, 3449, -350,  0, 153, 153
L 5251, 3449, -350,  5252, 3502, -355,  0, 153, 153
L 5252, 3502, -355,  5196, 3504, -350,  0, 153, 153
L 5196, 3504, -350,  5171, 3525, -339,  0, 153, 153
L 5171, 3525, -339,  5170, 3623, -363,  0, 153, 153
L 5170, 3623, -363,  5148, 3649, -358,  0, 153, 153
L 5148, 3649, -358,  5148, 3699, -364,  0, 153, 153
L 5148, 3699, -364,  5096, 3700, -355,  0, 153, 153
L 5096, 3700, -355,  5072, 3724, -351,  0, 153, 153
L 5072, 3724, -351,  5070, 3922, -351,  0, 153, 153
L 5070, 3922, -351,  4974, 3926, -356,  0, 153, 153
L 4974, 3926, -356,  4970, 4020, -350,  0, 153, 153
L 4970, 4020, -350,  4873, 4024, -348,  0, 153, 153
L 4873, 4024, -348,  4872, 4124, -359,  0, 153, 153
L 4872, 4124, -359,  4847, 4149, -344,  0, 153, 153
L 4847, 4149, -344,  4848, 4196, -356,  0, 153, 153
L 4848, 4196, -356,  4795, 4200, -346,  0, 153, 153
L 4795, 4200, -346,  4772, 4224, -345,  0, 153, 153
L 4772, 4224, -345,  4777, 4949, -312,  0, 153, 153
L 4777, 4949, -312,  4869, 5046, -344,  0, 153, 153
L 4869, 5046, -344,  4896, 5091, -327,  0, 153, 153
L 4896, 5091, -327,  4954, 5148, -356,  0, 153, 153
L 4954, 5148, -356,  4954, 5209, -337,  0, 153, 153
L 4954, 5209, -337,  4997, 5311, -355,  0, 153, 153
L 4997, 5311, -355,  5034, 5348, -365,  0, 153, 153
L 5034, 5348, -365,  5034, 5387, -357,  0, 153, 153
L 5034, 5387, -357,  5053, 5449, -365,  0, 153, 153
L 5053, 5449, -365,  5052, 5505, -341,  0, 153, 153
L 5052, 5505, -341,  5052, 5505, -340,  0, 153, 153
L 5052, 5505, -340,  5096, 5597, -340,  0, 153, 153
L 5096, 5597, -340,  5149, 5648, -368,  0, 153, 153
L 5149, 5648, -368,  5148, 5702, -332,  0, 153, 153
L 5148, 5702, -332,  5171, 5750, -315,  0, 153, 153
L 5171, 5750, -315,  5271, 5847, -339,  0, 153, 153
L 5271, 5847, -339,  5273, 5947, -366,  0, 153, 153
L 5273, 5947, -366,  5296, 6023, -362,  0, 153, 153
L 5296, 6023, -362,  5321, 6048, -366,  0, 153, 153
L 5321, 6048, -366,  5344, 6149, -363,  0, 153, 153
L 5344, 6149, -363,  5344, 6495, -370,  0, 153, 153
L 5344, 6495, -370,  5320, 6549, -358,  0, 153, 153
L 5320, 6549, -358,  5321, 6575, -339,  0, 153, 153
L 5321, 6575, -339,  5358, 6648, -359,  0, 153, 153
L 5358, 6648, -359,  5360, 6712, -353,  0, 153, 153
L 5360, 6712, -353,  5349, 6747, -359,  0, 153, 153
L 5349, 6747, -359,  5346, 6798, -354,  0, 153, 153
L 5346, 6798, -354,  5359, 6847, -365,  0, 153, 153
L 5359, 6847, -365,  5358, 7707, -356,  0, 153, 153
L 5358, 7707, -356,  5326, 7748, -363,  0, 153, 153
L 5326, 7748, -363,  5326, 7777, -363,  0, 153, 153
L 5326, 7777, -363,  5295, 7777, -351,  0, 153, 153
L 5295, 7777, -351,  5259, 7810, -344,  0, 153, 153
L 5259, 7810, -344,  5168, 7817, -347,  0, 153, 153
L 5168, 7817, -347,  5169, 7918, -335,  0, 153, 153
L 5169, 7918, -335,  5077, 7925, -334,  0, 153, 153
L 5077, 7925, -334,  5070, 8118, -340,  0, 153, 153
L 5070, 8118, -340,  5063, 8149, -354,  0, 153, 153
L 5063, 8149, -354,  5063, 8212, -356,  0, 153, 153
L 5063, 8212, -356,  4996, 8214, -335,  0, 153, 153
L 4996, 8214, -335,  4974, 8222, -334,  0, 153, 153
L 4974, 8222, -334,  4969, 8319, -347,  0, 153, 153
L 4969, 8319, -347,  4873, 8324, -355,  0, 153, 153
L 4873, 8324, -355,  4870, 8419, -341,  0, 153, 153
L 4870, 8419, -341,  4774, 8423, -338,  0, 153, 153
L 4774, 8423, -338,  4772, 8524, -358,  0, 153, 153
L 4772, 8524, -358,  4672, 8524, -355,  0, 153, 153
L 4672, 8524, -355,  4670, 8620, -344,  0, 153, 153
L 4670, 8620, -344,  4573, 8623, -339,  0, 153, 153
L 4573, 8623, -339,  4572, 8721, -350,  0, 153, 153
L 4572, 8721, -350,  4556, 8747, -351,  0, 153, 153
L 4556, 8747, -351,  4555, 8805, -351,  0, 153, 153
L 4555, 8805, -351,  4497, 8807, -352,  0, 153, 153
L 4497, 8807, -352,  4473, 8823, -348,  0, 153, 153
L 4473, 8823, -348,  4470, 8920, -336,  0, 153, 153
L 4470, 8920, -336,  4448, 8948, -357,  0, 153, 153
L 4448, 8948, -357,  4448, 8997, -359,  0, 153, 153
L 4448, 8997, -359,  3997, 9221, -319,  0, 153, 153
L 3997, 9221, -319,  3831, 9050, -195,  0, 153, 153
L 3831, 9050, -195,  3820, 8950, -347,  0, 153, 153
L 3820, 8950, -347,  3698, 8825, -315,  0, 153, 153
L 3698, 8825, -315,  3597, 8817, -246,  0, 153, 153
L 3597, 8817, -246,  3522, 8745, -339,  0, 153, 153
L 3522, 8745, -339,  3495, 8685, -355,  0, 153, 153
L 3495, 8685, -355,  3459, 8649, -355,  0, 153, 153
L 3459, 8649, -355,  3438, 8590, -345,  0, 153, 153
L 3438, 8590, -345,  3409, 8548, -333,  0, 153, 153
L 3409, 8548, -333,  3395, 8534, -312,  0, 153, 153
L 3395, 8534, -312,  2683, 8535, -343,  0, 153, 153
L 2683, 8535, -343,  2674, 8547, -345,  0, 153, 153
L 2674, 8547, -345,  2663, 8614, -347,  0, 153, 153
L 2663, 8614, -347,  2589, 8626, -330,  0, 153, 153
L 2589, 8626, -330,  2572, 8722, -334,  0, 153, 153
L 2572, 8722, -334,  2390, 8741, -344,  0, 153, 153
L 2390, 8741, -344,  2373, 8822, -361,  0, 153, 153
L 2373, 8822, -361,  2297, 8827, -361,  0, 153, 153
L 2297, 8827, -361,  2191, 8843, -327,  0, 153, 153
L 2191, 8843, -327,  2175, 8924, -349,  0, 153, 153
L 2175, 8924, -349,  2073, 8926, -316,  0, 153, 153
L 2073, 8926, -316,  2070, 9018, -350,  0, 153, 153
L 2070, 9018, -350,  1974, 9024, -351,  0, 153, 153
L 1974, 9024, -351,  1970, 9120, -352,  0, 153, 153
L 1970, 9120, -352,  1779, 9131, -339,  0, 153, 153
L 1779, 9131, -339,  1769, 9218, -342,  0, 153, 153
L 1769, 9218, -342,  1395, 9220, -315,  0, 153, 153
L 1395, 9220, -315,  1298, 9124, -296,  0, 153, 153
L 1298, 9124, -296,  675, 9129, -348,  0, 153, 153
L 675, 9129, -348,  586, 9144, -323,  0, 153, 153
L 586, 9144, -323,  548, 9199, -358,  0, 153, 153
L 548, 9199, -358,  400, 9198, -341,  0, 153, 153
L 400, 9198, -341,  345, 9148, -344,  0, 153, 153
L 345, 9148, -344,  295, 9124, -342,  0, 153, 153
L 295, 9124, -342,  295, 9124, -338,  0, 153, 153
L 295, 9124, -338,  -3, 9124, -353,  0, 153, 153
L -3, 9124, -353,  -81, 9049, -334,  0, 153, 153
L -81, 9049, -334,  -175, 8947, -290,  0, 153, 153
L -175, 8947, -290,  -303, 8822, -326,  0, 153, 153
L -303, 8822, -326,  -601, 8822, -337,  0, 153, 153
L -601, 8822, -337,  -601, 8822, -337,  0, 153, 153
L -601, 8822, -337,  -696, 8728, -299,  0, 153, 153
L -696, 8728, -299,  -755, 8695, -337,  0, 153, 153
L -755, 8695, -337,  -802, 8695, -360,  0, 153, 153
L -802, 8695, -360,  -850, 8647, -336,  0, 153, 153
L -850, 8647, -336,  -1001, 8524, -313,  0, 153, 153
L -1001, 8524, -313,  -1103, 8521, -329,  0, 153, 153
L -1103, 8521, -329,  -1153, 8497, -362,  0, 153, 153
L -1153, 8497, -362,  -1200, 8495, -361,  0, 153, 153
L -1200, 8495, -361,  -1249, 8448, -345,  0, 153, 153
L -1249, 8448, -345,  -1300, 8423, -340,  0, 153, 153
L -1300, 8423, -340,  -1624, 8426, -309,  0, 153, 153
L -1624, 8426, -309,  -1645, 8445, -311,  0, 153, 153
L -1645, 8445, -311,  -1647, 8501, -353,  0, 153, 153
L -1647, 8501, -353,  -1703, 8503, -341,  0, 153, 153
L -1703, 8503, -341,  -1728, 8521, -325,  0, 153, 153
L -1728, 8521, -325,  -1823, 8524, -332,  0, 153, 153
L -1823, 8524, -332,  -1852, 8544, -340,  0, 153, 153
L -1852, 8544, -340,  -1855, 8592, -364,  0, 153, 153
L -1855, 8592, -364,  -1901, 8595, -356,  0, 153, 153
L -1901, 8595, -356,  -1927, 8621, -319,  0, 153, 153
L -1927, 8621, -319,  -1933, 8648, -337,  0, 153, 153
L -1933, 8648, -337,  -1933, 8716, -347,  0, 153, 153
L -1933, 8716, -347,  -2023, 8727, -337,  0, 153, 153
L -2023, 8727, -337,  -2031, 8919, -299,  0, 153, 153
L -2031, 8919, -299,  -2121, 8926, -331,  0, 153, 153
L -2121, 8926, -331,  -2127, 9022, -350,  0, 153, 153
L -2127, 9022, -350,  -2226, 9023, -322,  0, 153, 153
L -2226, 9023, -322,  -2232, 9121, -315,  0, 153, 153
L -2232, 9121, -315,  -2322, 9125, -331,  0, 153, 153
L -2322, 9125, -331,  -2327, 9224, -350,  0, 153, 153
L -2327, 9224, -350,  -2356, 9251, -322,  0, 153, 153
L -2356, 9251, -322,  -2354, 9295, -352,  0, 153, 153
L -2354, 9295, -352,  -2402, 9298, -361,  0, 153, 153
L -2402, 9298, -361,  -2426, 9322, -351,  0, 153, 153
L -2426, 9322, -351,  -2627, 9324, -329,  0, 153, 153
L -2627, 9324, -329,  -2645, 9345, -317,  0, 153, 153
L -2645, 9345, -317,  -2645, 9404, -353,  0, 153, 153
L -2645, 9404, -353,  -2702, 9406, -357,  0, 153, 153
L -2702, 9406, -357,  -2725, 9423, -355,  0, 153, 153
L -2725, 9423, -355,  -2821, 9427, -317,  0, 153, 153
L -2821, 9427, -317,  -2828, 9523, -346,  0, 153, 153
L -2828, 9523, -346,  -2909, 9542, -371,  0, 153, 153
L -2909, 9542, -371,  -2928, 9623, -351,  0, 153, 153
L -2928, 9623, -351,  -3581, 9620, -209,  0, 153, 153
L -3581, 9620, -209,  -3639, 9607, -263,  0, 153, 153
L -3639, 9607, -263,  -3802, 9605, -348,  0, 153, 153
L -3802, 9605, -348,  -3854, 9647, -337,  0, 153, 153
L -3854, 9647, -337,  -3854, 9696, -353,  0, 153, 153
L -3854, 9696, -353,  -4002, 9707, -356,  0, 153, 153
L -4002, 9707, -356,  -4078, 9746, -343,  0, 153, 153
L -4078, 9746, -343,  -4084, 9765, -344,  0, 153, 153
L -4084, 9765, -344,  -4102, 9768, -350,  0, 153, 153
L -4102, 9768, -350,  -4144, 9802, -334,  0, 153, 153
L -4144, 9802, -334,  -4303, 9822, -359,  0, 153, 153
L -4303, 9822, -359,  -4319, 9829, -338,  0, 153, 153
L -4319, 9829, -338,  -4331, 9847, -339,  0, 153, 153
L -4331, 9847, -339,  -4338, 9911, -350,  0, 153, 153
L -4338, 9911, -350,  -4364, 9948, -360,  0, 153, 153
L -4364, 9948, -360,  -4364, 9977, -379,  0, 153, 153
L -4365, 9976, -369,  -4326, 10009, -641,  0, 0, 255
L -4326, 10009, -641,  -4287, 10005, -918,  0, 0, 255
L -4287, 10005, -918,  -4044, 9978, -942,  0, 0, 255
L -4044, 9978, -942,  -3834, 9946, -942,  0, 0, 255
L -3834, 9946, -942,  -3564, 9902, -942,  0, 0, 255
L -3564, 9902, -942,  -3385, 9873, -942,  0, 0, 255
L -3385, 9873, -942,  -3206, 9844, -942,  0, 0, 255
L -3206, 9844, -942,  -2871, 9799, -942,  0, 0, 255
L -2871, 9799, -942,  -2459, 9724, -942,  0, 0, 255
L -2459, 9724, -942,  -2193, 9627, -942,  0, 0, 255
L -2193, 9627, -942,  -1975, 9535, -942,  0, 0, 255
L -1975, 9535, -942,  -1778, 9391, -942,  0, 0, 255
L -1778, 9391, -942,  -1631, 9284, -942,  0, 0, 255
L -1631, 9284, -942,  -1366, 9130, -942,  0, 0, 255
L -1366, 9130, -942,  -1191, 9065, -942,  0, 0, 255
L -1191, 9065, -942,  -1081, 9062, -942,  0, 0, 255
L -1081, 9062, -942,  -938, 9113, -942,  0, 0, 255
L -938, 9113, -942,  -757, 9177, -942,  0, 0, 255
L -757, 9177, -942,  -566, 9245, -942,  0, 0, 255
L -566, 9245, -942,  -400, 9300, -942,  0, 0, 255
L -400, 9300, -942,  -168, 9377, -942,  0, 0, 255
L -168, 9377, -942,  107, 9419, -942,  0, 0, 255
L 107, 9419, -942,  382, 9461, -942,  0, 0, 255
L 382, 9461, -942,  634, 9495, -942,  0, 0, 255
L 634, 9495, -942,  809, 9519, -942,  0, 0, 255
L 809, 9519, -942,  1022, 9533, -942,  0, 0, 255
L 1022, 9533, -942,  1266, 9533, -942,  0, 0, 255
L 1266, 9533, -942,  1419, 9533, -942,  0, 0, 255
L 1419, 9533, -942,  1670, 9517, -942,  0, 0, 255
L 1670, 9517, -942,  1902, 9475, -942,  0, 0, 255
L 1902, 9475, -942,  2074, 9443, -942,  0, 0, 255
L 2074, 9443, -942,  2294, 9402, -942,  0, 0, 255
L 2294, 9402, -942,  2438, 9373, -942,  0, 0, 255
L 2438, 9373, -942,  2629, 9334, -942,  0, 0, 255
L 2629, 9334, -942,  2813, 9300, -942,  0, 0, 255
L 2813, 9300, -942,  3049, 9271, -942,  0, 0, 255
L 3049, 9271, -942,  3257, 9245, -942,  0, 0, 255
L 3257, 9245, -942,  3484, 9216, -942,  0, 0, 255
L 3484, 9216, -942,  3622, 9293, -942,  0, 0, 255
L 3622, 9293, -942,  3757, 9381, -942,  0, 0, 255
L 3757, 9381, -942,  3905, 9476, -942,  0, 0, 255
L 3905, 9476, -942,  3996, 9528, -942,  0, 0, 255
L 3996, 9528, -942,  4207, 9522, -942,  0, 0, 255
L 4207, 9522, -942,  4432, 9516, -942,  0, 0, 255
L 4432, 9516, -942,  4690, 9505, -942,  0, 0, 255
L 4690, 9505, -942,  4820, 9359, -942,  0, 0, 255
L 4820, 9359, -942,  4956, 9206, -942,  0, 0, 255
L 4956, 9206, -942,  5103, 9041, -942,  0, 0, 255
L 5103, 9041, -942,  5251, 8875, -942,  0, 0, 255
L 5251, 8875, -942,  5398, 8710, -942,  0, 0, 255
L 5398, 8710, -942,  5461, 8621, -942,  0, 0, 255
L 5461, 8621, -942,  5495, 8437, -942,  0, 0, 255
L 5495, 8437, -942,  5546, 8162, -942,  0, 0, 255
L 5546, 8162, -942,  5578, 7986, -942,  0, 0, 255
L 5578, 7986, -942,  5639, 7658, -942,  0, 0, 255
L 5639, 7658, -942,  5668, 7501, -942,  0, 0, 255
L 5668, 7501, -942,  5698, 7294, -942,  0, 0, 255
L 5698, 7294, -942,  5735, 7032, -942,  0, 0, 255
L 5735, 7032, -942,  5767, 6805, -942,  0, 0, 255
L 5767, 6805, -942,  5798, 6594, -942,  0, 0, 255
L 5798, 6594, -942,  5818, 6448, -942,  0, 0, 255
L 5818, 6448, -942,  5847, 6250, -942,  0, 0, 255
L 5847, 6250, -942,  5873, 6065, -942,  0, 0, 255
L 5873, 6065, -942,  5896, 5906, -942,  0, 0, 255
L 5896, 5906, -942,  5921, 5734, -942,  0, 0, 255
L 5921, 5734, -942,  5930, 5511, -942,  0, 0, 255
L 5930, 5511, -942,  5935, 5360, -942,  0, 0, 255
L 5935, 5360, -942,  5939, 5232, -942,  0, 0, 255
L 5939, 5232, -942,  5946, 5023, -942,  0, 0, 255
L 5946, 5023, -942,  5956, 4664, -942,  0, 0, 255
L 5956, 4664, -942,  5957, 4541, -942,  0, 0, 255
L 5957, 4541, -942,  5959, 4372, -942,  0, 0, 255
L 5959, 4372, -942,  5961, 4237, -942,  0, 0, 255
L 5961, 4237, -942,  5939, 4017, -942,  0, 0, 255
L 5939, 4017, -942,  5928, 3929, -942,  0, 0, 255
L 5928, 3929, -942,  5906, 3752, -942,  0, 0, 255
L 5906, 3752, -942,  5894, 3655, -942,  0, 0, 255
L 5894, 3655, -942,  5872, 3479, -942,  0, 0, 255
L 5872, 3479, -942,  5848, 3364, -942,  0, 0, 255
L 5848, 3364, -942,  5788, 3120, -942,  0, 0, 255
L 5788, 3120, -942,  5751, 2973, -942,  0, 0, 255
L 5751, 2973, -942,  5717, 2838, -942,  0, 0, 255
L 5717, 2838, -942,  5659, 2608, -942,  0, 0, 255
L 5659, 2608, -942,  5622, 2464, -942,  0, 0, 255
L 5622, 2464, -942,  5584, 2318, -942,  0, 0, 255
L 5584, 2318, -942,  5553, 2196, -942,  0, 0, 255
L 5553, 2196, -942,  5506, 2016, -942,  0, 0, 255
L 5506, 2016, -942,  5485, 1932, -942,  0, 0, 255
L 5485, 1932, -942,  5457, 1824, -942,  0, 0, 255
L 5457, 1824, -942,  5405, 1699, -942,  0, 0, 255
L 5405, 1699, -942,  5346, 1588, -942,  0, 0, 255
L 5346, 1588, -942,  5287, 1475, -942,  0, 0, 255
L 5287, 1475, -942,  5208, 1325, -942,  0, 0, 255
L 5208, 1325, -942,  5149, 1213, -942,  0, 0, 255
L 5149, 1213, -942,  4985, 902, -942,  0, 0, 255
L 4985, 902, -942,  4926, 790, -942,  0, 0, 255
L 4926, 790, -942,  4877, 736, -942,  0, 0, 255
L 4877, 736, -942,  4755, 627, -942,  0, 0, 255
L 4755, 627, -942,  4630, 515, -942,  0, 0, 255
L 4630, 515, -942,  4487, 387, -942,  0, 0, 255
L 4487, 387, -942,  4364, 279, -942,  0, 0, 255
L 4364, 279, -942,  4259, 224, -942,  0, 0, 255
L 4259, 224, -942,  4123, 153, -942,  0, 0, 255
L 4123, 153, -942,  3936, 56, -942,  0, 0, 255
L 3936, 56, -942,  3750, -39, -942,  0, 0, 255
L 3750, -39, -942,  3591, -136, -942,  0, 0, 255
L 3591, -136, -942,  3341, -305, -942,  0, 0, 255
L 3341, -305, -942,  3193, -406, -942,  0, 0, 255
L 3193, -406, -942,  3046, -506, -942,  0, 0, 255
L 3046, -506, -942,  2874, -635, -942,  0, 0, 255
L 2874, -635, -942,  2748, -740, -942,  0, 0, 255
L 2748, -740, -942,  2649, -823, -942,  0, 0, 255
L 2649, -823, -942,  2566, -893, -942,  0, 0, 255
L 2566, -893, -942,  2476, -964, -942,  0, 0, 255
L 2476, -964, -942,  2353, -1003, -942,  0, 0, 255
L 2353, -1003, -942,  2184, -1056, -942,  0, 0, 255
L 2184, -1056, -942,  2042, -1101, -942,  0, 0, 255
L 2042, -1101, -942,  1899, -1145, -942,  0, 0, 255
L 1899, -1145, -942,  1721, -1203, -942,  0, 0, 255
L 1721, -1203, -942,  1563, -1257, -942,  0, 0, 255
L 1563, -1257, -942,  1418, -1306, -942,  0, 0, 255
L 1418, -1306, -942,  1313, -1342, -942,  0, 0, 255
L 1313, -1342, -942,  1181, -1387, -942,  0, 0, 255
L 1181, -1387, -942,  1091, -1409, -942,  0, 0, 255
L 1091, -1409, -942,  936, -1409, -942,  0, 0, 255
L 936, -1409, -942,  873, -1410, -942,  0, 0, 255
L 873, -1410, -942,  779, -1410, -942,  0, 0, 255
L 779, -1410, -942,  590, -1411, -942,  0, 0, 255
L 590, -1411, -942,  511, -1411, -942,  0, 0, 255
L 511, -1411, -942,  276, -1412, -942,  0, 0, 255
L 276, -1412, -942,  166, -1413, -942,  0, 0, 255
L 166, -1413, -942,  89, -1412, -942,  0, 0, 255
L 89, -1412, -942,  -58, -1403, -942,  0, 0, 255
L -58, -1403, -942,  -251, -1391, -942,  0, 0, 255
L -251, -1391, -942,  -326, -1387, -942,  0, 0, 255
L -326, -1387, -942,  -430, -1381, -942,  0, 0, 255
L -430, -1381, -942,  -534, -1375, -942,  0, 0, 255
L -534, -1375, -942,  -727, -1363, -942,  0, 0, 255
L -727, -1363, -942,  -852, -1352, -942,  0, 0, 255
L -852, -1352, -942,  -993, -1288, -942,  0, 0, 255
L -993, -1288, -942,  -1149, -1217, -942,  0, 0, 255
L -1149, -1217, -942,  -1266, -1164, -942,  0, 0, 255
L -1266, -1164, -942,  -1407, -1100, -942,  0, 0, 255
L -1407, -1100, -942,  -1516, -1050, -942,  0, 0, 255
L -1516, -1050, -942,  -1625, -1000, -942,  0, 0, 255
L -1625, -1000, -942,  -1826, -981, -942,  0, 0, 255
L -1826, -981, -942,  -1989, -966, -942,  0, 0, 255
L -1989, -966, -942,  -2183, -948, -942,  0, 0, 255
L -2183, -948, -942,  -2328, -935, -942,  0, 0, 255
L -2328, -935, -942,  -2467, -902, -942,  0, 0, 255
L -2467, -902, -942,  -2620, -864, -942,  0, 0, 255
L -2620, -864, -942,  -2798, -819, -942,  0, 0, 255
L -2798, -819, -942,  -2932, -786, -942,  0, 0, 255
L -2932, -786, -942,  -3096, -745, -942,  0, 0, 255
L -3096, -745, -942,  -3326, -728, -942,  0, 0, 255
L -3326, -728, -942,  -3519, -736, -942,  0, 0, 255
L -3519, -736, -942,  -3710, -743, -942,  0, 0, 255
L -3710, -743, -942,  -3886, -750, -942,  0, 0, 255
L -3886, -750, -942,  -4047, -756, -942,  0, 0, 255
L -4047, -756, -942,  -4204, -759, -942,  0, 0, 255
L -4204, -759, -942,  -4377, -736, -942,  0, 0, 255
L -4377, -736, -942,  -4629, -704, -942,  0, 0, 255
L -4629, -704, -942,  -4813, -658, -942,  0, 0, 255
L -4813, -658, -942,  -4976, -572, -367,  0, 0, 255
L -5709, 1901, 3661,  -5732, 1899, 3508,  102, 102, 102
L -5732, 1899, 3508,  -5875, 1886, 2743,  102, 102, 102
L -5875, 1886, 2743,  -5964, 1883, 2378,  102, 102, 102
L -5964, 1883, 2378,  -6042, 1881, 2291,  102, 102, 102
L -6042, 1881, 2291,  -6138, 1878, 2282,  102, 102, 102
L -6138, 1878, 2282,  -6276, 1873, 1964,  102, 102, 102
L -6276, 1873, 1964,  -6368, 1870, 1705,  102, 102, 102
L -6368, 1870, 1705,  -6462, 1867, 1587,  102, 102, 102
L -6462, 1867, 1587,  -6554, 1866, 1396,  102, 102, 102
L -6554, 1866, 1396,  -6620, 1865, 1890,  102, 102, 102
L -6620, 1865, 1890,  -6663, 1865, 2473,  102, 102, 102
L -5709, 1901, 3665,  -5629, 1908, 3825,  102, 102, 102
L -5629, 1908, 3825,  -5596, 1911, 4058,  102, 102, 102
L -5596, 1911, 4058,  -5520, 1961, 4601,  102, 102, 102
L -5520, 1961, 4601,  -5511, 2043, 4539,  102, 102, 102
L -5511, 2043, 4539,  -5505, 2112, 4079,  102, 102, 102
L -5505, 2112, 4079,  -5497, 2193, 3650,  102, 102, 102
L -5497, 2193, 3650,  -5495, 2208, 3597,  102, 102, 102
L -5495, 2208, 3597,  -5493, 2316, 3704,  102, 102, 102
L -5493, 2316, 3704,  -5507, 2415, 3876,  102, 102, 102
L -5507, 2415, 3876,  -5521, 2519, 4062,  102, 102, 102
L -5521, 2519, 4062,  -5541, 2655, 4567,  102, 102, 102
L -5541, 2655, 4567,  -5567, 2843, 5016,  102, 102, 102
L -5567, 2843, 5016,  -5598, 3009, 4348,  102, 102, 102
L -5598, 3009, 4348,  -5625, 3129, 3742,  102, 102, 102
L -5625, 3129, 3742,  -5639, 3241, 3268,  102, 102, 102
L -5639, 3241, 3268,  -5601, 3428, 4260,  102, 102, 102
L -5601, 3428, 4260,  -5570, 3574, 4356,  102, 102, 102
L -5570, 3574, 4356,  -5519, 3766, 3523,  102, 102, 102
L -5519, 3766, 3523,  -5490, 3878, 2654,  102, 102, 102
L -5490, 3878, 2654,  -5459, 4056, 3009,  102, 102, 102
L -5459, 4056, 3009,  -5435, 4205, 4612,  102, 102, 102
L -5435, 4205, 4612,  -5434, 4372, 3689,  102, 102, 102
L -5434, 4372, 3689,  -5459, 4463, 3657,  102, 102, 102
L -5459, 4463, 3657,  -5488, 4569, 3746,  102, 102, 102
L -5488, 4569, 3746,  -5531, 4728, 3523,  102, 102, 102
L -5531, 4728, 3523,  -5544, 4827, 3864,  102, 102, 102
L -5544, 4827, 3864,  -5546, 4967, 3724,  102, 102, 102
L -5546, 4967, 3724,  -5549, 5083, 3429,  102, 102, 102
L -5549, 5083, 3429,  -5556, 5206, 3339,  102, 102, 102
L -5556, 5206, 3339,  -5569, 5361, 3449,  102, 102, 102
L -5569, 5361, 3449,  -5578, 5463, 3941,  102, 102, 102
L -5578, 5463, 3941,  -5592, 5595, 3689,  102, 102, 102
L -5592, 5595, 3689,  -5647, 5780, 3459,  102, 102, 102
L -5647, 5780, 3459,  -5657, 5816, 3507,  102, 102, 102
L -5657, 5816, 3507,  -5614, 5870, 3521,  102, 102, 102
L -5614, 5870, 3521,  -5589, 5900, 3186,  102, 102, 102
L -5589, 5900, 3186,  -5554, 5906, 3067,  102, 102, 102
L -5554, 5906, 3067,  -5500, 5915, 2568,  102, 102, 102
L -5500, 5915, 2568,  -5466, 5920, 2639,  102, 102, 102
L -5466, 5920, 2639,  -5375, 5938, 2762,  102, 102, 102
L -5375, 5938, 2762,  -5336, 5951, 2795,  102, 102, 102
L -5336, 5951, 2795,  -5248, 5976, 2712,  102, 102, 102
L -5248, 5976, 2712,  -5162, 5995, 2615,  102, 102, 102
L -5162, 5995, 2615,  -5059, 6006, 2441,  102, 102, 102
L -5059, 6006, 2441,  -4944, 5996, 2277,  102, 102, 102
L -4944, 5996, 2277,  -4833, 5976, 2208,  102, 102, 102
L -4833, 5976, 2208,  -4804, 5974, 2165,  102, 102, 102
L -4804, 5974, 2165,  -4642, 5975, 1872,  102, 102, 102
L -4642, 5975, 1872,  -4622, 6030, 2081,  102, 102, 102
L -4622, 6030, 2081,  -4622, 6119, 2289,  102, 102, 102
L -4622, 6119, 2289,  -4622, 6167, 675,  102, 102, 102
L -4622, 6167, 675,  -4622, 6209, -1873,  102, 102, 102
L -4622, 6209, -1873,  -4622, 6231, -3020,  102, 102, 102
L -4622, 6231, -3020,  -4622, 6316, -3020,  102, 102, 102
L -4622, 6316, -3020,  -4624, 6318, -3020,  102, 102, 102
L -4624, 6318, -3020,  -4684, 6318, -3020,  102, 102, 102
L -4684, 6318, -3020,  -4686, 6316, -3020,  102, 102, 102
L -4686, 6316, -3020,  -4686, 6225, -3020,  102, 102, 102
L -4686, 6225, -3020,  -4631, 6221, -3020,  102, 102, 102
L -4631, 6221, -3020,  -4706, 6149, -3020,  102, 102, 102
L -4706, 6149, -3020,  -5276, 6149, -3020,  102, 102, 102
L -5276, 6149, -3020,  -5402, 6145, -2846,  102, 102, 102
L -5402, 6145, -2846,  -5438, 6116, -3020,  102, 102, 102
L -5438, 6116, -3020,  -5658, 6049, -3020,  102, 102, 102
L -5658, 6049, -3020,  -5702, 6049, -3020,  102, 102, 102
L -5702, 6049, -3020,  -5803, 5963, -3020,  102, 102, 102
L -5803, 5963, -3020,  -5927, 5864, -3020,  102, 102, 102
L -5927, 5864, -3020,  -6117, 5865, -3020,  102, 102, 102
L -6117, 5865, -3020,  -6216, 5963, -3020,  102, 102, 102
L -6216, 5963, -3020,  -6306, 6049, -3020,  102, 102, 102
L -6306, 6049, -3020,  -6381, 6051, -3020,  102, 102, 102
L -6381, 6051, -3020,  -6584, 6132, -3020,  102, 102, 102
L -6584, 6132, -3020,  -6602, 6149, -3020,  102, 102, 102
L -6602, 6149, -3020,  -6639, 6155, -3020,  102, 102, 102
L -6639, 6155, -3020,  -6773, 6199, -3020,  102, 102, 102
L -6773, 6199, -3020,  -6774, 6236, -2918,  102, 102, 102
L -6774, 6236, -2918,  -6755, 6231, -3014,  102, 102, 102
L -6755, 6231, -3014,  -6752, 6253, -3006,  102, 102, 102
L -6752, 6253, -3006,  -6583, 6253, -3001,  102, 102, 102
L -6583, 6253, -3001,  -6583, 6236, -3004,  102, 102, 102
L -6583, 6236, -3004,  -6507, 6234, -3020,  102, 102, 102
L -6507, 6234, -3020,  -6504, 6312, -3020,  102, 102, 102
L -6504, 6312, -3020,  -6581, 6314, -3013,  102, 102, 102
L -6581, 6314, -3013,  -6585, 6294, -3006,  102, 102, 102
L -6585, 6294, -3006,  -6754, 6295, -2978,  102, 102, 102
L -6754, 6295, -2978,  -6752, 6316, -3020,  102, 102, 102
L -6752, 6316, -3020,  -6772, 6318, -3020,  102, 102, 102
L -6772, 6318, -3020,  -6773, 6371, -3020,  102, 102, 102
L -6773, 6371, -3020,  -6824, 6371, -2997,  102, 102, 102
L -6824, 6371, -2997,  -6826, 6369, -3010,  102, 102, 102
L -6826, 6369, -3010,  -6826, 6361, -3010,  102, 102, 102
L -6826, 6361, -3010,  -6920, 6361, -3010,  102, 102, 102
L -6920, 6361, -3010,  -6922, 6359, -3010,  102, 102, 102
L -6922, 6359, -3010,  -6922, 6221, -3010,  102, 102, 102
L -6922, 6221, -3010,  -7016, 6221, -3010,  102, 102, 102
L -7016, 6221, -3010,  -7016, 6221, -3010,  102, 102, 102
L -6978, 6417, -3010,  -6978, 6279, -3010,  102, 102, 102
L -6978, 6279, -3010,  -6980, 6277, -3010,  102, 102, 102
L -6980, 6277, -3010,  -7007, 6277, -3010,  102, 102, 102
L -6978, 6417, -3010,  -6826, 6417, -3010,  102, 102, 102
L -6826, 6417, -3010,  -6826, 6408, -3010,  102, 102, 102
L -6826, 6408, -3010,  -6824, 6407, -2997,  102, 102, 102
L -6824, 6407, -2997,  -6774, 6407, -2997,  102, 102, 102
L -6774, 6407, -2997,  -6772, 6409, -3020,  102, 102, 102
L -6772, 6409, -3020,  -6772, 6459, -3020,  102, 102, 102
L -6772, 6459, -3020,  -6753, 6460, -3011,  102, 102, 102
L -6753, 6460, -3011,  -6753, 6481, -3000,  102, 102, 102
L -6753, 6481, -3000,  -6584, 6482, -3020,  102, 102, 102
L -6584, 6482, -3020,  -6584, 6464, -3020,  102, 102, 102
L -6584, 6464, -3020,  -6505, 6463, -3019,  102, 102, 102
L -6505, 6463, -3019,  -6504, 6541, -3018,  102, 102, 102
L -6504, 6541, -3018,  -6582, 6544, -3020,  102, 102, 102
L -6582, 6544, -3020,  -6584, 6525, -3012,  102, 102, 102
L -6584, 6525, -3012,  -6750, 6524, -3020,  102, 102, 102
L -6750, 6524, -3020,  -6752, 6546, -3020,  102, 102, 102
L -6752, 6546, -3020,  -6773, 6546, -3010,  102, 102, 102
L -6773, 6546, -3010,  -6772, 6595, -3020,  102, 102, 102
L -6772, 6595, -3020,  -6654, 6647, -3020,  102, 102, 102
L -6654, 6647, -3020,  -6603, 6647, -3020,  102, 102, 102
L -6603, 6647, -3020,  -6602, 6677, -3020,  102, 102, 102
L -6602, 6677, -3020,  -6478, 6747, -3020,  102, 102, 102
L -6478, 6747, -3020,  -6402, 6748, -3020,  102, 102, 102
L -6402, 6748, -3020,  -6401, 6789, -3020,  102, 102, 102
L -6401, 6789, -3020,  -6298, 6847, -3020,  102, 102, 102
L -6298, 6847, -3020,  -6202, 6848, -3020,  102, 102, 102
L -6202, 6848, -3020,  -6202, 6901, -3020,  102, 102, 102
L -6202, 6901, -3020,  -6119, 6947, -3020,  102, 102, 102
L -6119, 6947, -3020,  -5804, 6890, -3020,  102, 102, 102
L -5804, 6890, -3020,  -5804, 6848, -3018,  102, 102, 102
L -5804, 6848, -3018,  -5604, 6847, -3020,  102, 102, 102
L -5604, 6847, -3020,  -5604, 6748, -3020,  102, 102, 102
L -5604, 6748, -3020,  -5405, 6747, -3020,  102, 102, 102
L -5405, 6747, -3020,  -5403, 6647, -3020,  102, 102, 102
L -5403, 6647, -3020,  -5103, 6647, -3004,  102, 102, 102
L -5103, 6647, -3004,  -5102, 6552, -2982,  102, 102, 102
L -5102, 6552, -2982,  -4904, 6547, -3020,  102, 102, 102
L -4904, 6547, -3020,  -4904, 6448, -3018,  102, 102, 102
L -4904, 6448, -3018,  -4686, 6447, -3020,  102, 102, 102
L -4686, 6447, -3020,  -4686, 6354, -3020,  102, 102, 102
L -4686, 6354, -3020,  -4624, 6354, -3020,  102, 102, 102
L -4624, 6354, -3020,  -4622, 6357, -3020,  102, 102, 102
L -4622, 6357, -3020,  -4622, 6447, -3020,  102, 102, 102
L -4622, 6447, -3020,  -4405, 6448, -2178,  102, 102, 102
L -4405, 6448, -2178,  -4403, 6345, -2202,  102, 102, 102
L -4403, 6345, -2202,  -3705, 6347, 966,  102, 102, 102
L -3705, 6347, 966,  -3606, 6445, 1609,  102, 102, 102
L -4622, 6231, -3020,  -4603, 6249, -3020,  102, 102, 102
L -4603, 6249, -3020,  -4578, 6249, -2900,  102, 102, 102
L -4578, 6249, -2900,  -4530, 6249, -2669,  102, 102, 102
L -4530, 6249, -2669,  -3607, 6248, 1503,  102, 102, 102
L -4622, 6447, -3020,  -4622, 6549, 2281,  102, 102, 102
L -4622, 6549, 2281,  -4622, 6698, 1818,  102, 102, 102
L -4622, 6698, 1818,  -5265, 6833, 2318,  102, 102, 102
L -5265, 6833, 2318,  -5333, 6898, 2365,  102, 102, 102
L -5333, 6898, 2365,  -5429, 6992, 3084,  102, 102, 102
L -5429, 6992, 3084,  -5539, 7140, 2942,  102, 102, 102
L -5539, 7140, 2942,  -5578, 7202, 3038,  102, 102, 102
L -5578, 7202, 3038,  -5614, 7301, 2685,  102, 102, 102
L -5614, 7301, 2685,  -5650, 7403, 3378,  102, 102, 102
L -5650, 7403, 3378,  -5657, 7496, 3901,  102, 102, 102
L -5657, 7496, 3901,  -5643, 7623, 4772,  102, 102, 102
L -5643, 7623, 4772,  -5629, 7747, 4695,  102, 102, 102
L -5629, 7747, 4695,  -5619, 7835, 4898,  102, 102, 102
L -5619, 7835, 4898,  -5611, 7948, 4335,  102, 102, 102
L -5611, 7948, 4335,  -5602, 8092, 3935,  102, 102, 102
L -5602, 8092, 3935,  -5593, 8245, 4984,  102, 102, 102
L -5593, 8245, 4984,  -5586, 8354, 5311,  102, 102, 102
L -5586, 8354, 5311,  -5581, 8440, 4260,  102, 102, 102
L -5581, 8440, 4260,  -5574, 8562, 3652,  102, 102, 102
L -5574, 8562, 3652,  -5551, 8646, 3126,  102, 102, 102
L -5551, 8646, 3126,  -5505, 8784, 2873,  102, 102, 102
L -5505, 8784, 2873,  -5455, 8936, 3666,  102, 102, 102
L -5455, 8936, 3666,  -5419, 9056, 4811,  102, 102, 102
L -5419, 9056, 4811,  -5395, 9201, 4679,  102, 102, 102
L -5395, 9201, 4679,  -5372, 9338, 4226,  102, 102, 102
L -5372, 9338, 4226,  -5349, 9477, 4084,  102, 102, 102
L -5349, 9477, 4084,  -5327, 9615, 2949,  102, 102, 102
L -5327, 9615, 2949,  -5318, 9669, 2398,  102, 102, 102
L -5318, 9669, 2398,  -5187, 9693, 2798,  102, 102, 102
L -5187, 9693, 2798,  -4990, 9729, 3279,  102, 102, 102
L -4990, 9729, 3279,  -4852, 9754, 2338,  102, 102, 102
L -4852, 9754, 2338,  -4682, 9785, 1639,  102, 102, 102
L -4682, 9785, 1639,  -4550, 9819, 1618,  102, 102, 102
L -4550, 9819, 1618,  -4501, 9861, 1582,  102, 102, 102
L -4501, 9861, 1582,  -4436, 9916, 529,  102, 102, 102
L -4436, 9916, 529,  -4385, 9959, -187,  102, 102, 102
L -4385, 9959, -187,  -4365, 9976, -373,  102, 102, 102
L 4342, 4354, 3159,  4590, 4354, 3903,  153, 0, 0
L 4590, 4354, 3903,  5064, 4352, 4964,  153, 0, 0
L 5064, 4352, 4964,  5538, 4353, 5543,  153, 0, 0
L 5538, 4353, 5543,  5903, 4355, 5681,  153, 0, 0
L 4348, 4635, 3171,  4588, 4633, 3896,  153, 0, 0
L 4588, 4633, 3896,  5063, 4633, 4962,  153, 0, 0
L 5063, 4633, 4962,  5535, 4634, 5541,  153, 0, 0
L 5535, 4634, 5541,  5901, 4635, 5681,  153, 0, 0
L -3001, 1707, 1535,  -3081, 1707, 1565,  153, 153, 153
L -3081, 1707, 1565,  -3081, 1703, 1565,  153, 153, 153
L -3081, 1703, 1565,  -3088, 1700, 1565,  153, 153, 153
L -3088, 1700, 1565,  -3088, 1535, 1565,  153, 153, 153
L -3088, 1535, 1565,  -3084, 1535, 1565,  153, 153, 153
L -3084, 1535, 1565,  -3083, 1501, 1566,  153, 153, 153
L -3083, 1501, 1566,  -3088, 1500, 1565,  153, 153, 153
L -3088, 1500, 1565,  -3088, 1420, 1565,  153, 153, 153
L -3088, 1420, 1565,  -3083, 1420, 1565,  153, 153, 153
L -3083, 1420, 1565,  -3083, 1386, 1565,  153, 153, 153
L -3083, 1386, 1565,  -3113, 1386, 1565,  153, 153, 153
L -3113, 1386, 1565,  -3116, 1393, 1565,  153, 153, 153
L -3116, 1393, 1565,  -3196, 1393, 1565,  153, 153, 153
L -3196, 1393, 1565,  -3196, 1388, 1565,  153, 153, 153
L -3196, 1388, 1565,  -3225, 1386, 1565,  153, 153, 153
L -3225, 1386, 1565,  -3230, 1393, 1565,  153, 153, 153
L -3230, 1393, 1565,  -3396, 1393, 1565,  153, 153, 153
L -3396, 1393, 1565,  -3396, 1388, 1565,  153, 153, 153
L -3396, 1388, 1565,  -3427, 1386, 1586,  153, 153, 153
L -3427, 1386, 1586,  -3430, 1393, 1591,  153, 153, 153
L -3430, 1393, 1591,  -3510, 1393, 1667,  153, 153, 153
L -3510, 1393, 1667,  -3510, 1389, 1680,  153, 153, 153
L -3510, 1389, 1680,  -3544, 1386, 1804,  153, 153, 153
L -3544, 1386, 1804,  -3545, 1418, 1714,  153, 153, 153
L -3545, 1418, 1714,  -3538, 1421, 1690,  153, 153, 153
L -3538, 1421, 1690,  -3538, 1500, 1605,  153, 153, 153
L -3538, 1500, 1605,  -3543, 1500, 1592,  153, 153, 153
L -3543, 1500, 1592,  -3545, 1533, 1556,  153, 153, 153
L -3545, 1533, 1556,  -3538, 1535, 1540,  153, 153, 153
L -3538, 1535, 1540,  -3538, 1690, 1516,  153, 153, 153
L -3538, 1690, 1516,  -3543, 1700, 1525,  153, 153, 153
L -3543, 1700, 1525,  -3545, 1733, 1564,  153, 153, 153
L -3545, 1733, 1564,  -3538, 1735, 1559,  153, 153, 153
L -3538, 1735, 1559,  -3538, 1810, 1541,  153, 153, 153
L -3538, 1810, 1541,  -3544, 1810, 1546,  153, 153, 153
L -3544, 1810, 1546,  -3545, 1842, 1509,  153, 153, 153
L -3545, 1842, 1509,  -3538, 1844, 1509,  153, 153, 153
L -3538, 1844, 1509,  -3538, 2010, 1574,  153, 153, 153
L -3538, 2010, 1574,  -3543, 2010, 1586,  153, 153, 153
L -3543, 2010, 1586,  -3545, 2039, 1705,  153, 153, 153
L -3545, 2039, 1705,  -3538, 2044, 1711,  153, 153, 153
L -3538, 2044, 1711,  -3538, 2119, 1701,  153, 153, 153
L -3538, 2119, 1701,  -3544, 2119, 1690,  153, 153, 153
L -3544, 2119, 1690,  -3545, 2151, 1589,  153, 153, 153
L -3545, 2151, 1589,  -3512, 2154, 1591,  153, 153, 153
L -3512, 2154, 1591,  -3511, 2147, 1589,  153, 153, 153
L -3511, 2147, 1589,  -3430, 2147, 1556,  153, 153, 153
L -3430, 2147, 1556,  -3430, 2151, 1556,  153, 153, 153
L -3430, 2151, 1556,  -3398, 2154, 1557,  153, 153, 153
L -3398, 2154, 1557,  -3396, 2147, 1556,  153, 153, 153
L -3396, 2147, 1556,  -3230, 2147, 1716,  153, 153, 153
L -3230, 2147, 1716,  -3230, 2151, 1719,  153, 153, 153
L -3230, 2151, 1719,  -3199, 2154, 1748,  153, 153, 153
L -3199, 2154, 1748,  -3196, 2147, 1744,  153, 153, 153
L -3196, 2147, 1744,  -3116, 2147, 1787,  153, 153, 153
L -3116, 2147, 1787,  -3116, 2153, 1793,  153, 153, 153
L -3116, 2153, 1793,  -3083, 2154, 1804,  153, 153, 153
L -3083, 2154, 1804,  -3082, 2120, 1750,  153, 153, 153
L -3082, 2120, 1750,  -3089, 2119, 1748,  153, 153, 153
L -3089, 2119, 1748,  -3089, 2040, 1628,  153, 153, 153
L -3089, 2040, 1628,  -3083, 2040, 1626,  153, 153, 153
L -3083, 2040, 1626,  -3081, 2007, 1608,  153, 153, 153
L -3081, 2007, 1608,  -3088, 2005, 1607,  153, 153, 153
L -3088, 2005, 1607,  -3088, 1840, 1565,  153, 153, 153
L -3088, 1840, 1565,  -3083, 1840, 1565,  153, 153, 153
L -3083, 1840, 1565,  -3081, 1833, 1565,  153, 153, 153
L -3081, 1833, 1565,  -3001, 1833, 1535,  153, 153, 153
L -3001, 1833, 1535,  -3001, 1838, 1535,  153, 153, 153
L -3001, 1838, 1535,  -2968, 1840, 1535,  153, 153, 153
L -2968, 1840, 1535,  -2966, 1808, 1535,  153, 153, 153
L -2966, 1808, 1535,  -2999, 1805, 1535,  153, 153, 153
L -2999, 1805, 1535,  -3001, 1812, 1535,  153, 153, 153
L -3001, 1812, 1535,  -3081, 1812, 1565,  153, 153, 153
L -3081, 1812, 1565,  -3081, 1808, 1565,  153, 153, 153
L -3081, 1808, 1565,  -3112, 1805, 1565,  153, 153, 153
L -3112, 1805, 1565,  -3116, 1838, 1565,  153, 153, 153
L -3116, 1838, 1565,  -3109, 1840, 1565,  153, 153, 153
L -3109, 1840, 1565,  -3109, 2005, 1610,  153, 153, 153
L -3109, 2005, 1610,  -3113, 2005, 1613,  153, 153, 153
L -3113, 2005, 1613,  -3116, 2037, 1632,  153, 153, 153
L -3116, 2037, 1632,  -3109, 2040, 1630,  153, 153, 153
L -3109, 2040, 1630,  -3109, 2119, 1751,  153, 153, 153
L -3109, 2119, 1751,  -3113, 2119, 1753,  153, 153, 153
L -3113, 2119, 1753,  -3116, 2126, 1766,  153, 153, 153
L -3116, 2126, 1766,  -3196, 2126, 1733,  153, 153, 153
L -3196, 2126, 1733,  -3196, 2121, 1729,  153, 153, 153
L -3196, 2121, 1729,  -3230, 2120, 1682,  153, 153, 153
L -3230, 2120, 1682,  -3230, 2126, 1690,  153, 153, 153
L -3230, 2126, 1690,  -3396, 2126, 1556,  153, 153, 153
L -3396, 2126, 1556,  -3396, 2121, 1556,  153, 153, 153
L -3396, 2121, 1556,  -3426, 2119, 1556,  153, 153, 153
L -3426, 2119, 1556,  -3430, 2126, 1556,  153, 153, 153
L -3430, 2126, 1556,  -3511, 2126, 1600,  153, 153, 153
L -3511, 2126, 1600,  -3511, 2122, 1599,  153, 153, 153
L -3511, 2122, 1599,  -3517, 2119, 1627,  153, 153, 153
L -3517, 2119, 1627,  -3517, 2051, 1618,  153, 153, 153
L -3517, 2051, 1618,  -3513, 2044, 1583,  153, 153, 153
L -3513, 2044, 1583,  -3510, 2013, 1540,  153, 153, 153
L -3510, 2013, 1540,  -3515, 2010, 1544,  153, 153, 153
L -3515, 2010, 1544,  -3517, 1844, 1509,  153, 153, 153
L -3517, 1844, 1509,  -3512, 1844, 1511,  153, 153, 153
L -3512, 1844, 1511,  -3510, 1814, 1509,  153, 153, 153
L -3510, 1814, 1509,  -3517, 1810, 1509,  153, 153, 153
L -3517, 1810, 1509,  -3517, 1735, 1513,  153, 153, 153
L -3517, 1735, 1513,  -3513, 1735, 1504,  153, 153, 153
L -3513, 1735, 1504,  -3510, 1705, 1491,  153, 153, 153
L -3510, 1705, 1491,  -3517, 1700, 1497,  153, 153, 153
L -3517, 1700, 1497,  -3517, 1535, 1492,  153, 153, 153
L -3517, 1535, 1492,  -3512, 1535, 1484,  153, 153, 153
L -3512, 1535, 1484,  -3510, 1503, 1483,  153, 153, 153
L -3510, 1503, 1483,  -3516, 1500, 1555,  153, 153, 153
L -3516, 1500, 1555,  -3517, 1421, 1612,  153, 153, 153
L -3517, 1421, 1612,  -3513, 1420, 1595,  153, 153, 153
L -3513, 1420, 1595,  -3510, 1414, 1607,  153, 153, 153
L -3510, 1414, 1607,  -3430, 1414, 1575,  153, 153, 153
L -3430, 1414, 1575,  -3430, 1418, 1569,  153, 153, 153
L -3430, 1418, 1569,  -3398, 1420, 1565,  153, 153, 153
L -3398, 1420, 1565,  -3396, 1416, 1565,  153, 153, 153
L -3396, 1416, 1565,  -3230, 1414, 1565,  153, 153, 153
L -3230, 1414, 1565,  -3230, 1419, 1568,  153, 153, 153
L -3230, 1419, 1568,  -3198, 1421, 1565,  153, 153, 153
L -3198, 1421, 1565,  -3196, 1413, 1565,  153, 153, 153
L -3196, 1413, 1565,  -3118, 1413, 1532,  153, 153, 153
L -3118, 1413, 1532,  -3115, 1418, 1565,  153, 153, 153
L -3115, 1418, 1565,  -3109, 1420, 1565,  153, 153, 153
L -3109, 1420, 1565,  -3109, 1500, 1565,  153, 153, 153
L -3109, 1500, 1565,  -3113, 1500, 1565,  153, 153, 153
L -3113, 1500, 1565,  -3116, 1533, 1565,  153, 153, 153
L -3116, 1533, 1565,  -3109, 1535, 1565,  153, 153, 153
L -3109, 1535, 1565,  -3109, 1700, 1565,  153, 153, 153
L -3109, 1700, 1565,  -3113, 1700, 1565,  153, 153, 153
L -3113, 1700, 1565,  -3116, 1733, 1565,  153, 153, 153
L -3116, 1733, 1565,  -3084, 1735, 1565,  153, 153, 153
L -3084, 1735, 1565,  -3081, 1728, 1565,  153, 153, 153
L -3081, 1728, 1565,  -3001, 1728, 1535,  153, 153, 153
L -3001, 1728, 1535,  -3001, 1733, 1535,  153, 153, 153
L -3001, 1733, 1535,  -2968, 1735, 1536,  153, 153, 153
L -2968, 1735, 1536,  -2966, 1702, 1536,  153, 153, 153
L -2966, 1702, 1536,  -2998, 1700, 1535,  153, 153, 153
L -2998, 1700, 1535,  -3001, 1707, 1535,  153, 153, 153
L -378, 3506, 1458,  -283, 3506, 1459,  153, 153, 153
L -283, 3506, 1459,  -283, 3497, 1459,  153, 153, 153
L -283, 3497, 1459,  -249, 3498, 1460,  153, 153, 153
L -249, 3498, 1460,  -249, 3507, 1460,  153, 153, 153
L -249, 3507, 1460,  -249, 3507, 1460,  153, 153, 153
L -249, 3507, 1460,  -172, 3561, 1461,  153, 153, 153
L -172, 3561, 1461,  -166, 3554, 1461,  153, 153, 153
L -166, 3554, 1461,  -139, 3574, 1462,  153, 153, 153
L -139, 3574, 1462,  -145, 3583, 1462,  153, 153, 153
L -145, 3583, 1462,  -98, 3664, 1462,  153, 153, 153
L -98, 3664, 1462,  -91, 3661, 1463,  153, 153, 153
L -91, 3661, 1463,  -74, 3690, 1463,  153, 153, 153
L -74, 3690, 1463,  -81, 3695, 1463,  153, 153, 153
L -81, 3695, 1463,  -81, 3791, 1461,  153, 153, 153
L -81, 3791, 1461,  -72, 3792, 1462,  153, 153, 153
L -72, 3792, 1462,  -72, 3825, 1461,  153, 153, 153
L -72, 3825, 1461,  -81, 3825, 1461,  153, 153, 153
L -81, 3825, 1461,  -81, 3917, 1460,  153, 153, 153
L -81, 3917, 1460,  -73, 3917, 1460,  153, 153, 153
L -73, 3917, 1460,  -72, 3951, 1460,  153, 153, 153
L -72, 3951, 1460,  -77, 3951, 1460,  153, 153, 153
L -77, 3951, 1460,  -57, 4038, 1461,  153, 153, 153
L -57, 4038, 1461,  -49, 4036, 1461,  153, 153, 153
L -49, 4036, 1461,  -40, 4069, 1461,  153, 153, 153
L -40, 4069, 1461,  -70, 4077, 1461,  153, 153, 153
L -70, 4077, 1461,  -73, 4070, 1461,  153, 153, 153
L -73, 4070, 1461,  -157, 4101, 1460,  153, 153, 153
L -157, 4101, 1460,  -155, 4108, 1460,  153, 153, 153
L -155, 4108, 1460,  -155, 4108, 1460,  153, 153, 153
L -155, 4108, 1460,  -185, 4121, 1460,  153, 153, 153
L -185, 4121, 1460,  -191, 4110, 1459,  153, 153, 153
L -191, 4110, 1459,  -278, 4110, 1458,  153, 153, 153
L -278, 4110, 1458,  -278, 4118, 1458,  153, 153, 153
L -278, 4118, 1458,  -312, 4119, 1458,  153, 153, 153
L -312, 4119, 1458,  -312, 4110, 1458,  153, 153, 153
L -312, 4110, 1458,  -401, 4110, 1458,  153, 153, 153
L -401, 4110, 1458,  -401, 4118, 1458,  153, 153, 153
L -401, 4118, 1458,  -434, 4120, 1458,  153, 153, 153
L -434, 4120, 1458,  -436, 4110, 1458,  153, 153, 153
L -436, 4110, 1458,  -527, 4110, 1458,  153, 153, 153
L -527, 4110, 1458,  -527, 4118, 1458,  153, 153, 153
L -527, 4118, 1458,  -559, 4120, 1458,  153, 153, 153
L -559, 4120, 1458,  -561, 4105, 1458,  153, 153, 153
L -561, 4105, 1458,  -646, 4065, 1457,  153, 153, 153
L -646, 4065, 1457,  -649, 4072, 1457,  153, 153, 153
L -649, 4072, 1457,  -681, 4058, 1456,  153, 153, 153
L -681, 4058, 1456,  -677, 4050, 1456,  153, 153, 153
L -677, 4050, 1456,  -725, 3967, 1454,  153, 153, 153
L -725, 3967, 1454,  -731, 3971, 1454,  153, 153, 153
L -731, 3971, 1454,  -749, 3943, 1453,  153, 153, 153
L -749, 3943, 1453,  -741, 3936, 1453,  153, 153, 153
L -741, 3936, 1453,  -741, 3843, 1453,  153, 153, 153
L -741, 3843, 1453,  -748, 3843, 1453,  153, 153, 153
L -748, 3843, 1453,  -750, 3810, 1453,  153, 153, 153
L -750, 3810, 1453,  -741, 3808, 1453,  153, 153, 153
L -741, 3808, 1453,  -741, 3714, 1454,  153, 153, 153
L -741, 3714, 1454,  -748, 3714, 1454,  153, 153, 153
L -748, 3714, 1454,  -750, 3680, 1454,  153, 153, 153
L -750, 3680, 1454,  -742, 3679, 1454,  153, 153, 153
L -742, 3679, 1454,  -703, 3594, 1457,  153, 153, 153
L -703, 3594, 1457,  -709, 3591, 1457,  153, 153, 153
L -709, 3591, 1457,  -697, 3560, 1458,  153, 153, 153
L -697, 3560, 1458,  -687, 3563, 1458,  153, 153, 153
L -687, 3563, 1458,  -599, 3522, 1460,  153, 153, 153
L -599, 3522, 1460,  -602, 3515, 1460,  153, 153, 153
L -602, 3515, 1460,  -572, 3500, 1460,  153, 153, 153
L -572, 3500, 1460,  -569, 3506, 1460,  153, 153, 153
L -569, 3506, 1460,  -472, 3506, 1458,  153, 153, 153
L -472, 3506, 1458,  -472, 3498, 1458,  153, 153, 153
L -472, 3498, 1458,  -440, 3496, 1458,  153, 153, 153
L -440, 3496, 1458,  -438, 3529, 1457,  153, 153, 153
L -438, 3529, 1457,  -470, 3530, 1457,  153, 153, 153
L -470, 3530, 1457,  -472, 3520, 1458,  153, 153, 153
L -472, 3520, 1458,  -562, 3520, 1459,  153, 153, 153
L -562, 3520, 1459,  -558, 3529, 1459,  153, 153, 153
L -558, 3529, 1459,  -587, 3544, 1459,  153, 153, 153
L -587, 3544, 1459,  -593, 3535, 1459,  153, 153, 153
L -593, 3535, 1459,  -670, 3571, 1458,  153, 153, 153
L -670, 3571, 1458,  -667, 3573, 1458,  153, 153, 153
L -667, 3573, 1458,  -680, 3603, 1456,  153, 153, 153
L -680, 3603, 1456,  -689, 3600, 1456,  153, 153, 153
L -689, 3600, 1456,  -726, 3679, 1454,  153, 153, 153
L -726, 3679, 1454,  -717, 3679, 1454,  153, 153, 153
L -717, 3679, 1454,  -716, 3712, 1454,  153, 153, 153
L -716, 3712, 1454,  -726, 3714, 1454,  153, 153, 153
L -726, 3714, 1454,  -726, 3808, 1453,  153, 153, 153
L -726, 3808, 1453,  -718, 3808, 1453,  153, 153, 153
L -718, 3808, 1453,  -716, 3842, 1453,  153, 153, 153
L -716, 3842, 1453,  -726, 3843, 1453,  153, 153, 153
L -726, 3843, 1453,  -726, 3928, 1453,  153, 153, 153
L -726, 3928, 1453,  -723, 3926, 1453,  153, 153, 153
L -723, 3926, 1453,  -705, 3952, 1453,  153, 153, 153
L -705, 3952, 1453,  -712, 3960, 1453,  153, 153, 153
L -712, 3960, 1453,  -669, 4034, 1456,  153, 153, 153
L -669, 4034, 1456,  -668, 4030, 1456,  153, 153, 153
L -668, 4030, 1456,  -636, 4044, 1456,  153, 153, 153
L -636, 4044, 1456,  -640, 4052, 1456,  153, 153, 153
L -640, 4052, 1456,  -570, 4085, 1457,  153, 153, 153
L -570, 4085, 1457,  -561, 4087, 1457,  153, 153, 153
L -561, 4087, 1457,  -529, 4085, 1457,  153, 153, 153
L -529, 4085, 1457,  -527, 4096, 1457,  153, 153, 153
L -527, 4096, 1457,  -499, 4096, 1457,  153, 153, 153
L -499, 4096, 1457,  -505, 4087, 1457,  153, 153, 153
L -505, 4087, 1457,  -501, 4033, 1456,  153, 153, 153
L -501, 4033, 1456,  -493, 4022, 1455,  153, 153, 153
L -493, 4022, 1455,  -483, 4021, 1455,  153, 153, 153
L -483, 4021, 1455,  -479, 4028, 1455,  153, 153, 153
L -479, 4028, 1455,  -490, 4029, 1455,  153, 153, 153
L -490, 4029, 1455,  -492, 4035, 1456,  153, 153, 153
L -492, 4035, 1456,  -495, 4086, 1457,  153, 153, 153
L -495, 4086, 1457,  -493, 4091, 1457,  153, 153, 153
L -493, 4091, 1457,  -466, 4092, 1457,  153, 153, 153
L -466, 4092, 1457,  -464, 4087, 1457,  153, 153, 153
L -464, 4087, 1457,  -461, 4036, 1456,  153, 153, 153
L -461, 4036, 1456,  -463, 4031, 1456,  153, 153, 153
L -463, 4031, 1456,  -472, 4030, 1456,  153, 153, 153
L -472, 4030, 1456,  -472, 4022, 1455,  153, 153, 153
L -472, 4022, 1455,  -463, 4022, 1455,  153, 153, 153
L -463, 4022, 1455,  -453, 4030, 1456,  153, 153, 153
L -453, 4030, 1456,  -458, 4096, 1457,  153, 153, 153
L -458, 4096, 1457,  -436, 4096, 1457,  153, 153, 153
L -436, 4096, 1457,  -436, 4087, 1457,  153, 153, 153
L -436, 4087, 1457,  -403, 4085, 1457,  153, 153, 153
L -403, 4085, 1457,  -401, 4096, 1457,  153, 153, 153
L -401, 4096, 1457,  -312, 4096, 1457,  153, 153, 153
L -312, 4096, 1457,  -312, 4088, 1457,  153, 153, 153
L -312, 4088, 1457,  -278, 4088, 1458,  153, 153, 153
L -278, 4088, 1458,  -278, 4096, 1458,  153, 153, 153
L -278, 4096, 1458,  -196, 4096, 1459,  153, 153, 153
L -196, 4096, 1459,  -197, 4092, 1459,  153, 153, 153
L -197, 4092, 1459,  -166, 4079, 1459,  153, 153, 153
L -166, 4079, 1459,  -162, 4087, 1460,  153, 153, 153
L -162, 4087, 1460,  -77, 4056, 1461,  153, 153, 153
L -77, 4056, 1461,  -79, 4044, 1461,  153, 153, 153
L -79, 4044, 1461,  -71, 4041, 1461,  153, 153, 153
L -71, 4041, 1461,  -95, 3951, 1460,  153, 153, 153
L -95, 3951, 1460,  -104, 3951, 1459,  153, 153, 153
L -104, 3951, 1459,  -106, 3919, 1459,  153, 153, 153
L -106, 3919, 1459,  -96, 3917, 1460,  153, 153, 153
L -96, 3917, 1460,  -96, 3825, 1460,  153, 153, 153
L -96, 3825, 1460,  -103, 3825, 1460,  153, 153, 153
L -103, 3825, 1460,  -106, 3793, 1460,  153, 153, 153
L -106, 3793, 1460,  -96, 3791, 1461,  153, 153, 153
L -96, 3791, 1461,  -96, 3703, 1462,  153, 153, 153
L -96, 3703, 1462,  -100, 3706, 1462,  153, 153, 153
L -100, 3706, 1462,  -118, 3679, 1461,  153, 153, 153
L -118, 3679, 1461,  -110, 3672, 1462,  153, 153, 153
L -110, 3672, 1462,  -154, 3596, 1461,  153, 153, 153
L -154, 3596, 1461,  -156, 3600, 1461,  153, 153, 153
L -156, 3600, 1461,  -184, 3583, 1461,  153, 153, 153
L -184, 3583, 1461,  -180, 3573, 1461,  153, 153, 153
L -180, 3573, 1461,  -249, 3525, 1460,  153, 153, 153
L -249, 3525, 1460,  -249, 3529, 1460,  153, 153, 153
L -249, 3529, 1460,  -281, 3530, 1459,  153, 153, 153
L -281, 3530, 1459,  -283, 3520, 1459,  153, 153, 153
L -283, 3520, 1459,  -378, 3520, 1457,  153, 153, 153
L -378, 3520, 1457,  -378, 3529, 1457,  153, 153, 153
L -378, 3529, 1457,  -412, 3529, 1457,  153, 153, 153
L -412, 3529, 1457,  -412, 3498, 1457,  153, 153, 153
L -412, 3498, 1457,  -380, 3496, 1458,  153, 153, 153
L -380, 3496, 1458,  -378, 3506, 1458,  153, 153, 153
L -268, 3807, 1476,  -268, 3807, 1477,  153, 153, 153
L -268, 3807, 1477,  -262, 3795, 1472,  153, 153, 153
L -262, 3795, 1472,  -186, 3795, 1473,  153, 153, 153
L -186, 3795, 1473,  -185, 3872, 1469,  153, 153, 153
L -185, 3872, 1469,  -261, 3873, 1470,  153, 153, 153
L -261, 3873, 1470,  -268, 3860, 1469,  153, 153, 153
L -268, 3860, 1469,  -289, 3903, 1467,  153, 153, 153
L -289, 3903, 1467,  -334, 3928, 1483,  153, 153, 153
L -334, 3928, 1483,  -384, 3929, 1467,  153, 153, 153
L -384, 3929, 1467,  -428, 3902, 1467,  153, 153, 153
L -428, 3902, 1467,  -450, 3857, 1467,  153, 153, 153
L -450, 3857, 1467,  -465, 3883, 1467,  153, 153, 153
L -465, 3883, 1467,  -497, 3901, 1467,  153, 153, 153
L -497, 3901, 1467,  -532, 3901, 1467,  153, 153, 153
L -532, 3901, 1467,  -563, 3882, 1467,  153, 153, 153
L -563, 3882, 1467,  -581, 3851, 1467,  153, 153, 153
L -581, 3851, 1467,  -581, 3815, 1467,  153, 153, 153
L -581, 3815, 1467,  -563, 3784, 1467,  153, 153, 153
L -563, 3784, 1467,  -532, 3766, 1467,  153, 153, 153
L -532, 3766, 1467,  -496, 3766, 1467,  153, 153, 153
L -496, 3766, 1467,  -464, 3785, 1467,  153, 153, 153
L -464, 3785, 1467,  -450, 3810, 1467,  153, 153, 153
L -450, 3810, 1467,  -449, 3807, 1467,  153, 153, 153
L -449, 3807, 1467,  -427, 3764, 1467,  153, 153, 153
L -427, 3764, 1467,  -385, 3739, 1467,  153, 153, 153
L -385, 3739, 1467,  -368, 3738, 1467,  153, 153, 153
L -368, 3738, 1467,  -368, 3755, 1467,  153, 153, 153
L -368, 3755, 1467,  -380, 3755, 1467,  153, 153, 153
L -380, 3755, 1467,  -416, 3776, 1467,  153, 153, 153
L -416, 3776, 1467,  -438, 3812, 1467,  153, 153, 153
L -438, 3812, 1467,  -438, 3825, 1467,  153, 153, 153
L -438, 3825, 1467,  -456, 3825, 1467,  153, 153, 153
L -456, 3825, 1467,  -456, 3818, 1467,  153, 153, 153
L -456, 3818, 1467,  -472, 3791, 1467,  153, 153, 153
L -472, 3791, 1467,  -498, 3776, 1467,  153, 153, 153
L -498, 3776, 1467,  -530, 3775, 1603,  153, 153, 153
L -530, 3775, 1603,  -557, 3791, 1469,  153, 153, 153
L -557, 3791, 1469,  -572, 3818, 1525,  153, 153, 153
L -572, 3818, 1525,  -572, 3849, 1525,  153, 153, 153
L -572, 3849, 1525,  -556, 3876, 1469,  153, 153, 153
L -556, 3876, 1469,  -530, 3891, 1605,  153, 153, 153
L -530, 3891, 1605,  -498, 3891, 1467,  153, 153, 153
L -498, 3891, 1467,  -472, 3876, 1467,  153, 153, 153
L -472, 3876, 1467,  -456, 3849, 1467,  153, 153, 153
L -456, 3849, 1467,  -456, 3842, 1467,  153, 153, 153
L -456, 3842, 1467,  -438, 3843, 1467,  153, 153, 153
L -438, 3843, 1467,  -438, 3855, 1467,  153, 153, 153
L -438, 3855, 1467,  -416, 3891, 1467,  153, 153, 153
L -416, 3891, 1467,  -380, 3912, 1467,  153, 153, 153
L -380, 3912, 1467,  -338, 3912, 1467,  153, 153, 153
L -338, 3912, 1467,  -301, 3891, 1467,  153, 153, 153
L -301, 3891, 1467,  -280, 3855, 1467,  153, 153, 153
L -280, 3855, 1467,  -279, 3842, 1467,  153, 153, 153
L -279, 3842, 1467,  -268, 3842, 1467,  153, 153, 153
L -268, 3842, 1467,  -259, 3861, 1467,  153, 153, 153
L -259, 3861, 1467,  -196, 3861, 1467,  153, 153, 153
L -196, 3861, 1467,  -196, 3807, 1467,  153, 153, 153
L -196, 3807, 1467,  -259, 3807, 1467,  153, 153, 153
L -259, 3807, 1467,  -269, 3825, 1467,  153, 153, 153
L -269, 3825, 1467,  -279, 3825, 1467,  153, 153, 153
L -279, 3825, 1467,  -280, 3812, 1467,  153, 153, 153
L -280, 3812, 1467,  -301, 3776, 1467,  153, 153, 153
L -301, 3776, 1467,  -338, 3755, 1467,  153, 153, 153
L -338, 3755, 1467,  -352, 3755, 1467,  153, 153, 153
L -352, 3755, 1467,  -352, 3738, 1467,  153, 153, 153
L -352, 3738, 1467,  -333, 3739, 1467,  153, 153, 153
L -333, 3739, 1467,  -289, 3764, 1467,  153, 153, 153
L -289, 3764, 1467,  -268, 3807, 1467,  153, 153, 153
L -251, 3987, 1449,  -251, 3987, 1449,  153, 153, 153
L -251, 3987, 1449,  -247, 3990, 1450,  153, 153, 153
L -247, 3990, 1450,  -242, 3987, 1450,  153, 153, 153
L -242, 3987, 1450,  -241, 3982, 1450,  153, 153, 153
L -241, 3982, 1450,  -246, 3979, 1449,  153, 153, 153
L -246, 3979, 1449,  -252, 3980, 1449,  153, 153, 153
L -252, 3980, 1449,  -251, 3987, 1450,  153, 153, 153
L -188, 3704, 1452,  -188, 3704, 1452,  153, 153, 153
L -188, 3704, 1452,  -185, 3699, 1453,  153, 153, 153
L -185, 3699, 1453,  -188, 3694, 1453,  153, 153, 153
L -188, 3694, 1453,  -194, 3694, 1452,  153, 153, 153
L -194, 3694, 1452,  -198, 3699, 1452,  153, 153, 153
L -198, 3699, 1452,  -195, 3704, 1452,  153, 153, 153
L -195, 3704, 1452,  -189, 3705, 1452,  153, 153, 153
L -189, 3705, 1452,  -188, 3704, 1452,  153, 153, 153
L -552, 3629, 1449,  -552, 3629, 1449,  153, 153, 153
L -552, 3629, 1449,  -557, 3627, 1449,  153, 153, 153
L -557, 3627, 1449,  -562, 3630, 1449,  153, 153, 153
L -562, 3630, 1449,  -561, 3636, 1449,  153, 153, 153
L -561, 3636, 1449,  -556, 3638, 1449,  153, 153, 153
L -556, 3638, 1449,  -551, 3635, 1449,  153, 153, 153
L -551, 3635, 1449,  -552, 3629, 1449,  153, 153, 153
L -622, 3952, 1447,  -622, 3952, 1447,  153, 153, 153
L -622, 3952, 1447,  -622, 3958, 1447,  153, 153, 153
L -622, 3958, 1447,  -617, 3960, 1447,  153, 153, 153
L -617, 3960, 1447,  -612, 3958, 1447,  153, 153, 153
L -612, 3958, 1447,  -612, 3953, 1447,  153, 153, 153
L -612, 3953, 1447,  -617, 3949, 1447,  153, 153, 153
L -617, 3949, 1447,  -622, 3952, 1447,  153, 153, 153
P -6675, 1768, 0, 255, 255, 0, 2, Great Divide
P -7020, 6247, 0, 255, 255, 0, 2, Kael Drakkal
P -500, 3400, 0, 255, 255, 255, 2, Orc Fort
P -3300, 1750, 0, 255, 255, 255, 2, Giant Fort
P -3230, 8083, 0, 255, 255, 255, 2, Icefang
P 2174, 7859, 0, 255, 255, 255, 2, Coldain
P 5300, 4529, 0, 255, 255, 0, 2, Iceclad
P -550, 4100, 0, 255, 255, 0, 2, Crystal Caverns
P -50, 7250, 0, 255, 255, 0, 2, Sleepers Tomb
P 4296, 5049, 0, 255, 255, 255, 2, Succor Point
