L 1970, 2745, 2, 1990, 2778, 2, 100, 50, 0
L 2025, 2758, 2, 1989, 2779, 2, 100, 50, 0
L 2015, 2740, 2, 2025, 2758, 2, 100, 50, 0
L 2015, 2742, 2, 2016, 2742, 2, 100, 50, 0
L 2014, 2741, 2, 2015, 2742, 2, 100, 50, 0
L 2015, 2740, 2, 2014, 2741, 2, 100, 50, 0
L 2005, 2724, 3, 2015, 2740, 2, 100, 50, 0
L 2004, 2725, 3, 2006, 2724, 3, 100, 50, 0
L 2003, 2723, 3, 2004, 2725, 3, 100, 50, 0
L 1986, 2734, 2, 2004, 2724, 3, 100, 50, 0
L 1989, 2734, 2, 1988, 2733, 2, 100, 50, 0
L 1987, 2735, 2, 1989, 2734, 2, 100, 50, 0
L 1986, 2734, 2, 1987, 2735, 2, 100, 50, 0
L 1971, 2744, 2, 1986, 2734, 2, 100, 50, 0
L 1971, 2745, 2, 1970, 2743, 2, 100, 50, 0
L 1969, 2746, 2, 1971, 2745, 2, 100, 50, 0
L 2027, 2758, 2, 2005, 2721, 2, 100, 50, 0
L 2009, 2769, 2, 2027, 2758, 2, 100, 50, 0
L 2010, 2770, 2, 2009, 2769, 2, 100, 50, 0
L 2008, 2771, 2, 2010, 2770, 2, 100, 50, 0
L 2007, 2770, 2, 2008, 2771, 2, 100, 50, 0
L 1992, 2779, 2, 2009, 2769, 2, 100, 50, 0
L 1992, 2780, 2, 1991, 2778, 2, 100, 50, 0
L 1990, 2781, 2, 1992, 2780, 2, 100, 50, 0
L 1979, 2762, 2, 1990, 2781, 2, 100, 50, 0
L 1979, 2764, 2, 1980, 2763, 2, 100, 50, 0
L 1978, 2762, 2, 1979, 2764, 2, 100, 50, 0
L 1979, 2762, 2, 1978, 2762, 2, 100, 50, 0
L 1979, 2762, 2, 1969, 2746, 2, 100, 50, 0
L 1969, 2746, 2, 1968, 2746, 2, 100, 50, 0
L 1967, 2745, 2, 1968, 2746, 2, 100, 50, 0
L 1970, 2743, 2, 1967, 2745, 2, 100, 50, 0
L 2005, 2721, 3, 1969, 2743, 2, 100, 50, 0
L 2174, 2650, 4, 2178, 2648, 4, 100, 50, 0
L 2185, 2662, 4, 2182, 2664, 4, 100, 50, 0
L 2106, 2703, 4, 2103, 2705, 4, 100, 50, 0
L 2096, 2691, 4, 2099, 2689, 4, 100, 50, 0
L 2187, 2675, 4, 2112, 2713, 4, 100, 50, 0
L 2169, 2640, 4, 2187, 2675, 4, 100, 50, 0
L 2094, 2679, 4, 2169, 2640, 4, 100, 50, 0
L 2112, 2713, 4, 2094, 2679, 4, 100, 50, 0
L 2089, 2677, 4, 2109, 2717, 3, 100, 50, 0
L 2192, 2675, 4, 2109, 2717, 3, 100, 50, 0
L 2171, 2635, 4, 2192, 2675, 3, 100, 50, 0
L 2089, 2677, 4, 2171, 2635, 4, 100, 50, 0
L 1996, 2638, 4, 2000, 2685, 3, 100, 50, 0
L 2003, 2638, 4, 2003, 2634, 4, 100, 50, 0
L 2003, 2638, 4, 1996, 2638, 4, 100, 50, 0
L 2012, 2633, 4, 2003, 2634, 4, 100, 50, 0
L 2012, 2637, 4, 2012, 2633, 4, 100, 50, 0
L 2019, 2637, 4, 2012, 2637, 4, 100, 50, 0
L 2022, 2683, 3, 2019, 2637, 4, 100, 50, 0
L 2000, 2685, 3, 2022, 2683, 3, 100, 50, 0
L 1998, 2641, 4, 2017, 2639, 4, 100, 50, 0
L 2001, 2683, 4, 1998, 2641, 4, 100, 50, 0
L 2020, 2681, 4, 2001, 2683, 4, 100, 50, 0
L 2017, 2639, 4, 2020, 2681, 4, 100, 50, 0
L 2543, -1341, 7, 2540, -1294, 7, 100, 50, 0
L 2490, -1343, 7, 2543, -1341, 7, 100, 50, 0
L 2487, -1296, 7, 2490, -1343, 7, 100, 50, 0
L 2540, -1294, 7, 2487, -1296, 7, 100, 50, 0
L 2544, -1313, -1, 2552, -1312, -1, 100, 50, 0
L 2545, -1322, -1, 2552, -1322, -1, 100, 50, 0
L 2550, -1312, 1, 2550, -1322, 1, 100, 50, 0
L 2548, -1312, 2, 2549, -1322, 2, 100, 50, 0
L 2547, -1312, 4, 2547, -1322, 4, 100, 50, 0
L 2546, -1313, 5, 2546, -1322, 5, 100, 50, 0
L 2552, -1312, -1, 2552, -1322, -1, 100, 50, 0
L 2546, -1343, -1, 2543, -1291, -1, 100, 50, 0
L 2487, -1346, -0, 2546, -1343, -1, 100, 50, 0
L 2485, -1294, -0, 2487, -1346, -0, 100, 50, 0
L 2495, -1294, -0, 2495, -1291, -0, 100, 50, 0
L 2495, -1294, -0, 2485, -1294, -0, 100, 50, 0
L 2507, -1293, -1, 2507, -1290, -1, 100, 50, 0
L 2507, -1290, -1, 2495, -1291, -0, 100, 50, 0
L 2543, -1291, -1, 2507, -1293, -1, 100, 50, 0
L 2663, -1244, 5, 2670, -1191, 5, 100, 50, 0
L 2616, -1237, 5, 2663, -1244, 5, 100, 50, 0
L 2623, -1185, 5, 2616, -1237, 5, 100, 50, 0
L 2670, -1191, 5, 2623, -1185, 5, 100, 50, 0
L 2633, -1248, -2, 2642, -1250, -2, 100, 50, 0
L 2633, -1247, -0, 2643, -1248, -0, 100, 50, 0
L 2633, -1245, 1, 2643, -1247, 1, 100, 50, 0
L 2634, -1244, 3, 2643, -1245, 3, 100, 50, 0
L 2633, -1250, -3, 2642, -1251, -3, 100, 50, 0
L 2633, -1250, -3, 2634, -1243, -3, 100, 50, 0
L 2643, -1244, -3, 2642, -1251, -3, 100, 50, 0
L 2613, -1240, -3, 2665, -1247, -3, 100, 50, 0
L 2621, -1182, -3, 2613, -1240, -3, 100, 50, 0
L 2672, -1189, -4, 2621, -1182, -3, 100, 50, 0
L 2671, -1199, -4, 2672, -1189, -4, 100, 50, 0
L 2674, -1199, -4, 2671, -1199, -4, 100, 50, 0
L 2672, -1211, -4, 2674, -1199, -4, 100, 50, 0
L 2669, -1211, -4, 2672, -1211, -4, 100, 50, 0
L 2665, -1247, -4, 2669, -1211, -4, 100, 50, 0
L 2768, -1298, 7, 2716, -1290, 7, 100, 50, 0
L 2761, -1345, 7, 2768, -1298, 7, 100, 50, 0
L 2708, -1336, 7, 2761, -1345, 7, 100, 50, 0
L 2716, -1290, 7, 2708, -1336, 7, 100, 50, 0
L 2704, -1307, 0, 2703, -1316, 0, 100, 50, 0
L 2703, -1306, -1, 2701, -1316, -1, 100, 50, 0
L 2706, -1307, 2, 2704, -1316, 2, 100, 50, 0
L 2707, -1307, 3, 2706, -1317, 3, 100, 50, 0
L 2709, -1307, 5, 2707, -1317, 5, 100, 50, 0
L 2709, -1317, -1, 2705, -1338, -1, 100, 50, 0
L 2701, -1316, -1, 2709, -1317, -1, 100, 50, 0
L 2710, -1308, -2, 2703, -1306, -2, 100, 50, 0
L 2713, -1287, -2, 2710, -1308, -2, 100, 50, 0
L 2771, -1296, -2, 2713, -1287, -2, 100, 50, 0
L 2769, -1306, -2, 2771, -1296, -2, 100, 50, 0
L 2772, -1307, -2, 2769, -1306, -2, 100, 50, 0
L 2770, -1319, -1, 2772, -1307, -2, 100, 50, 0
L 2767, -1318, -1, 2770, -1319, -1, 100, 50, 0
L 2763, -1347, -1, 2767, -1318, -1, 100, 50, 0
L 2705, -1338, -1, 2763, -1347, -1, 100, 50, 0
L 2672, -1548, 2, 2656, -1497, 2, 100, 50, 0
L 2716, -1534, 2, 2672, -1548, 2, 100, 50, 0
L 2700, -1483, 2, 2716, -1534, 2, 100, 50, 0
L 2656, -1497, 2, 2700, -1483, 2, 100, 50, 0
L 2702, -1480, 1, 2652, -1495, 1, 100, 50, 0
L 2720, -1536, 1, 2702, -1480, 1, 100, 50, 0
L 2670, -1551, 1, 2720, -1536, 1, 100, 50, 0
L 2667, -1541, 1, 2670, -1551, 1, 100, 50, 0
L 2665, -1542, 1, 2667, -1541, 1, 100, 50, 0
L 2661, -1531, 1, 2665, -1542, 1, 100, 50, 0
L 2663, -1530, 1, 2661, -1531, 1, 100, 50, 0
L 2652, -1495, 1, 2663, -1530, 1, 100, 50, 0
L 1901, -1970, 3, 1910, -1912, 3, 150, 100, 0
L 1907, -2085, 3, 1901, -1970, 3, 150, 100, 0
L 1897, -2124, 3, 1907, -2085, 3, 150, 100, 0
L 1855, -2096, 3, 1897, -2124, 3, 150, 100, 0
L 1843, -1959, 4, 1855, -2096, 3, 150, 100, 0
L 597, -1502, 1, 591, -1497, 1, 64, 64, 64
L 605, -1498, 1, 597, -1502, 1, 64, 64, 64
L 605, -1490, 1, 605, -1498, 1, 64, 64, 64
L 598, -1486, 1, 605, -1490, 1, 64, 64, 64
L 591, -1490, 1, 598, -1486, 1, 64, 64, 64
L 591, -1498, 1, 591, -1490, 1, 64, 64, 64
L 686, -1512, 1, 677, -1503, 1, 64, 64, 64
L 687, -1493, 1, 677, -1503, 1, 64, 64, 64
L 695, -1502, 1, 687, -1493, 1, 64, 64, 64
L 686, -1512, 1, 695, -1502, 1, 64, 64, 64
L 689, -1547, 1, 683, -1552, 1, 64, 64, 64
L 696, -1550, 1, 689, -1547, 1, 64, 64, 64
L 697, -1558, 1, 696, -1550, 1, 64, 64, 64
L 690, -1562, 1, 697, -1558, 1, 64, 64, 64
L 683, -1559, 1, 690, -1562, 1, 64, 64, 64
L 683, -1551, 1, 683, -1559, 1, 64, 64, 64
L 629, -1561, 3, 633, -1546, 1, 64, 64, 64
L 642, -1568, 1, 629, -1563, 1, 64, 64, 64
L 649, -1555, 1, 645, -1567, 1, 64, 64, 64
L 634, -1546, 1, 649, -1551, 1, 64, 64, 64
L 596, -1558, 1, 606, -1564, 1, 64, 64, 64
L 600, -1576, 3, 590, -1570, 10, 64, 64, 64
L 606, -1564, 1, 600, -1576, 1, 64, 64, 64
L 590, -1570, 1, 596, -1558, 1, 64, 64, 64
L -452, -1388, -2, -446, -1382, -2, 64, 64, 64
L -451, -1377, -2, -457, -1383, -2, 64, 64, 64
L -463, -1377, -2, -457, -1371, -2, 64, 64, 64
L -457, -1383, -2, -463, -1377, -2, 64, 64, 64
L -446, -1394, -2, -452, -1388, -2, 64, 64, 64
L -440, -1388, -2, -446, -1394, -2, 64, 64, 64
L -446, -1382, -2, -440, -1388, -2, 64, 64, 64
L -457, -1371, -2, -451, -1377, -2, 64, 64, 64
L -459, -1331, -2, -453, -1337, -2, 64, 64, 64
L -448, -1332, -2, -454, -1325, -2, 64, 64, 64
L -447, -1319, -2, -441, -1326, -2, 64, 64, 64
L -454, -1325, -2, -447, -1319, -2, 64, 64, 64
L -465, -1337, -2, -459, -1331, -2, 64, 64, 64
L -459, -1343, -2, -465, -1337, -2, 64, 64, 64
L -453, -1337, -2, -459, -1343, -2, 64, 64, 64
L -441, -1326, -2, -448, -1332, -2, 64, 64, 64
L -392, -1374, -2, -398, -1368, -2, 64, 64, 64
L -398, -1380, -2, -392, -1374, -2, 64, 64, 64
L -410, -1391, -2, -404, -1385, -2, 64, 64, 64
L -416, -1385, -2, -410, -1391, -2, 64, 64, 64
L -398, -1380, -2, -404, -1374, -2, 64, 64, 64
L -410, -1379, -2, -404, -1385, -2, 64, 64, 64
L -416, -1385, -2, -410, -1379, -2, 64, 64, 64
L -398, -1368, -2, -404, -1374, -2, 64, 64, 64
L -401, -1337, -2, -395, -1331, -2, 64, 64, 64
L -406, -1331, -2, -400, -1325, -2, 64, 64, 64
L -395, -1343, -2, -401, -1337, -2, 64, 64, 64
L -389, -1337, -2, -395, -1343, -2, 64, 64, 64
L -395, -1331, -2, -389, -1337, -2, 64, 64, 64
L -406, -1319, -2, -400, -1325, -2, 64, 64, 64
L -412, -1325, -2, -406, -1319, -2, 64, 64, 64
L -406, -1331, -2, -412, -1325, -2, 64, 64, 64
L -438, -1356, -2, -426, -1344, -2, 64, 64, 64
L -426, -1369, -2, -438, -1356, -2, 64, 64, 64
L -414, -1357, -2, -426, -1369, -2, 64, 64, 64
L -426, -1344, -2, -414, -1357, -2, 64, 64, 64
L -1141, -38, -34, -1142, 13, -34, 150, 0, 200
L -738, 8, -13, -844, 14, -25, 150, 100, 0
L -702, 7, -10, -738, 8, -13, 150, 100, 0
L -592, 11, 5, -702, 7, -10, 150, 100, 0
L -513, 10, 10, -592, 11, 5, 150, 100, 0
L -473, 8, 11, -513, 10, 10, 150, 100, 0
L -311, 14, 13, -473, 8, 11, 150, 100, 0
L -274, 15, 13, -311, 14, 13, 150, 100, 0
L -203, 18, 37, -274, 15, 13, 150, 100, 0
L -146, 20, 37, -203, 18, 37, 150, 100, 0
L -81, 20, 37, -146, 20, 37, 150, 100, 0
L -39, 19, 37, -81, 20, 37, 150, 100, 0
L -4, 19, 37, -39, 19, 37, 150, 100, 0
L 11, 70, 37, -4, 19, 37, 150, 100, 0
L 9, 174, 37, 11, 70, 37, 150, 100, 0
L 10, 211, 37, 9, 174, 37, 150, 100, 0
L 14, 257, 37, 10, 211, 37, 150, 100, 0
L 24, 303, 37, 14, 257, 37, 150, 100, 0
L 43, 343, 37, 24, 303, 37, 150, 100, 0
L 54, 355, 37, 43, 343, 37, 150, 100, 0
L 68, 369, 37, 54, 355, 37, 150, 100, 0
L 108, 405, 37, 68, 369, 37, 150, 100, 0
L 121, 608, 13, 220, 615, 13, 150, 100, 0
L 86, 606, 14, 121, 608, 13, 150, 100, 0
L 50, 603, 23, 86, 606, 14, 150, 100, 0
L 25, 615, 31, 50, 603, 23, 150, 100, 0
L -2, 636, 40, 25, 615, 31, 150, 100, 0
L -29, 660, 50, -2, 636, 40, 150, 100, 0
L -99, 727, 75, -29, 660, 50, 150, 100, 0
L -116, 742, 78, -99, 727, 75, 150, 100, 0
L -133, 756, 78, -116, 742, 78, 150, 100, 0
L -129, 795, 78, -133, 756, 78, 150, 100, 0
L -89, 776, 78, -129, 795, 78, 150, 100, 0
L -48, 746, 78, -89, 776, 78, 150, 100, 0
L -15, 724, 78, -48, 746, 78, 150, 100, 0
L 29, 700, 78, -15, 724, 78, 150, 100, 0
L 55, 687, 78, 29, 700, 78, 150, 100, 0
L 90, 673, 78, 55, 687, 78, 150, 100, 0
L 112, 668, 78, 90, 673, 78, 150, 100, 0
L 147, 661, 78, 112, 668, 78, 150, 100, 0
L 207, 656, 78, 147, 661, 78, 150, 100, 0
L 641, 649, 78, 614, 646, 78, 150, 100, 0
L 707, 653, 78, 641, 649, 78, 150, 100, 0
L 738, 653, 78, 707, 653, 78, 150, 100, 0
L 798, 649, 78, 738, 653, 78, 150, 100, 0
L 816, 641, 78, 798, 649, 78, 150, 100, 0
L 877, 638, 78, 816, 641, 78, 150, 100, 0
L 907, 639, 78, 877, 638, 78, 150, 100, 0
L 929, 642, 78, 907, 639, 78, 150, 100, 0
L 958, 641, 78, 929, 642, 78, 150, 100, 0
L 1179, 643, 68, 958, 641, 78, 150, 100, 0
L 1328, 645, 68, 1179, 643, 68, 150, 100, 0
L 1354, 645, 66, 1328, 645, 68, 150, 100, 0
L 1446, 646, 66, 1354, 645, 66, 150, 100, 0
L 1476, 644, 66, 1446, 646, 66, 150, 100, 0
L 1531, 626, 66, 1476, 644, 66, 150, 100, 0
L 1562, 603, 66, 1531, 626, 66, 150, 100, 0
L 1585, 585, 66, 1562, 603, 66, 150, 100, 0
L 1745, 443, 66, 1585, 585, 66, 150, 100, 0
L 1770, 425, 66, 1745, 443, 66, 150, 100, 0
L 1798, 406, 66, 1770, 425, 66, 150, 100, 0
L 1878, 361, 66, 1798, 406, 66, 150, 100, 0
L 1904, 352, 66, 1878, 361, 66, 150, 100, 0
L 1939, 341, 66, 1904, 352, 66, 150, 100, 0
L 1991, 333, 66, 1939, 341, 66, 150, 100, 0
L 2016, 332, 66, 1991, 333, 66, 150, 100, 0
L 2235, 328, 66, 2016, 332, 66, 150, 100, 0
L 2269, 322, 66, 2235, 328, 66, 150, 100, 0
L 2306, 317, 66, 2269, 322, 66, 150, 100, 0
L 2344, 323, 66, 2306, 317, 66, 150, 100, 0
L 2375, 330, 66, 2344, 323, 66, 150, 100, 0
L 2402, 337, 66, 2375, 330, 66, 150, 100, 0
L 2423, 353, 66, 2402, 337, 66, 150, 100, 0
L 2443, 372, 66, 2423, 353, 66, 150, 100, 0
L 2467, 391, 66, 2443, 372, 66, 150, 100, 0
L 2493, 396, 66, 2467, 391, 66, 150, 100, 0
L 2522, 392, 66, 2493, 396, 66, 150, 100, 0
L 2574, 382, 66, 2522, 392, 66, 150, 100, 0
L 2609, 377, 66, 2574, 382, 66, 150, 100, 0
L 3120, 411, 66, 2609, 377, 66, 150, 100, 0
L 2978, 290, 66, 3143, 280, 66, 150, 100, 0
L 2916, 292, 66, 2978, 290, 66, 150, 100, 0
L 2890, 291, 66, 2916, 292, 66, 150, 100, 0
L 2856, 289, 66, 2890, 291, 66, 150, 100, 0
L 2820, 285, 66, 2856, 289, 66, 150, 100, 0
L 2788, 279, 66, 2820, 285, 66, 150, 100, 0
L 2753, 271, 66, 2788, 279, 66, 150, 100, 0
L 2542, 207, 66, 2753, 271, 66, 150, 100, 0
L 2515, 202, 66, 2542, 207, 66, 150, 100, 0
L 2482, 197, 66, 2515, 202, 66, 150, 100, 0
L 2452, 197, 66, 2482, 197, 66, 150, 100, 0
L 2417, 198, 66, 2452, 197, 66, 150, 100, 0
L 2387, 206, 66, 2417, 198, 66, 150, 100, 0
L 2366, 222, 66, 2387, 206, 66, 150, 100, 0
L 2321, 261, 66, 2366, 222, 66, 150, 100, 0
L 2296, 280, 66, 2321, 261, 66, 150, 100, 0
L 2272, 285, 66, 2296, 280, 66, 150, 100, 0
L 2011, 289, 66, 2272, 285, 66, 150, 100, 0
L 1982, 291, 66, 2011, 289, 66, 150, 100, 0
L 1948, 294, 66, 1982, 291, 66, 150, 100, 0
L 1923, 299, 66, 1948, 294, 66, 150, 100, 0
L 1893, 306, 66, 1923, 299, 66, 150, 100, 0
L 1866, 316, 66, 1893, 306, 66, 150, 100, 0
L 1835, 330, 66, 1866, 316, 66, 150, 100, 0
L 1815, 347, 66, 1835, 330, 66, 150, 100, 0
L 1709, 446, 66, 1815, 347, 66, 150, 100, 0
L 1662, 487, 66, 1709, 446, 66, 150, 100, 0
L 1638, 507, 66, 1662, 487, 66, 150, 100, 0
L 1617, 523, 66, 1638, 507, 66, 150, 100, 0
L 1588, 543, 66, 1617, 523, 66, 150, 100, 0
L 1565, 557, 66, 1588, 543, 66, 150, 100, 0
L 1514, 586, 66, 1565, 557, 66, 150, 100, 0
L 1486, 599, 66, 1514, 586, 66, 150, 100, 0
L 1460, 605, 66, 1486, 599, 66, 150, 100, 0
L 1428, 610, 66, 1460, 605, 66, 150, 100, 0
L 1404, 608, 66, 1428, 610, 66, 150, 100, 0
L 1295, 607, 66, 1404, 608, 66, 150, 100, 0
L 1189, 608, 66, 1295, 607, 66, 150, 100, 0
L 897, 601, 66, 1189, 608, 66, 150, 100, 0
L 865, 602, 66, 897, 601, 66, 150, 100, 0
L 839, 604, 66, 865, 602, 66, 150, 100, 0
L 817, 604, 66, 839, 604, 66, 150, 100, 0
L 764, 603, 66, 817, 604, 66, 150, 100, 0
L 740, 602, 66, 764, 603, 66, 150, 100, 0
L 631, 591, 66, 740, 602, 66, 150, 100, 0
L 156, 373, 66, 177, 389, 66, 150, 100, 0
L 137, 357, 66, 156, 373, 66, 150, 100, 0
L 101, 321, 66, 137, 357, 66, 150, 100, 0
L 72, 278, 66, 101, 321, 66, 150, 100, 0
L 65, 256, 66, 72, 278, 66, 150, 100, 0
L 60, 230, 66, 65, 256, 66, 150, 100, 0
L 57, 209, 66, 60, 230, 66, 150, 100, 0
L 55, 183, 66, 57, 209, 66, 150, 100, 0
L 54, 163, 66, 55, 183, 66, 150, 100, 0
L 51, -105, 66, 54, 163, 66, 150, 100, 0
L 53, -176, 66, 51, -105, 66, 150, 100, 0
L 54, -197, 66, 53, -176, 66, 150, 100, 0
L 56, -221, 66, 54, -197, 66, 150, 100, 0
L 63, -268, 66, 56, -221, 66, 150, 100, 0
L 67, -290, 66, 63, -268, 66, 150, 100, 0
L 73, -312, 66, 67, -290, 66, 150, 100, 0
L 81, -334, 66, 73, -312, 66, 150, 100, 0
L 90, -352, 66, 81, -334, 66, 150, 100, 0
L 99, -369, 66, 90, -352, 66, 150, 100, 0
L 113, -388, 66, 99, -369, 66, 150, 100, 0
L 128, -406, 66, 113, -388, 66, 150, 100, 0
L 142, -422, 66, 128, -406, 66, 150, 100, 0
L 159, -440, 66, 142, -422, 66, 150, 100, 0
L 189, -470, 66, 159, -440, 66, 150, 100, 0
L 229, -504, 66, 189, -470, 66, 150, 100, 0
L 302, -560, 66, 229, -504, 66, 150, 100, 0
L 320, -575, 55, 302, -560, 66, 150, 100, 0
L 473, -694, 55, 320, -575, 55, 150, 100, 0
L 872, -1029, 55, 473, -694, 55, 150, 100, 0
L 977, -1114, 55, 872, -1029, 55, 150, 100, 0
L 1011, -1139, 55, 977, -1114, 55, 150, 100, 0
L 1042, -1159, 55, 1011, -1139, 55, 150, 100, 0
L 1108, -1196, 55, 1042, -1159, 55, 150, 100, 0
L 1138, -1212, 55, 1108, -1196, 55, 150, 100, 0
L 1176, -1227, 55, 1138, -1212, 55, 150, 100, 0
L 1193, -1232, 55, 1176, -1227, 55, 150, 100, 0
L 1213, -1235, 55, 1193, -1232, 55, 150, 100, 0
L 1245, -1239, 55, 1213, -1235, 55, 150, 100, 0
L 1477, -1245, 55, 1245, -1239, 55, 150, 100, 0
L 1770, -1245, 55, 1477, -1245, 55, 150, 100, 0
L 1846, -1249, 55, 1770, -1245, 55, 150, 100, 0
L 1879, -1253, 55, 1846, -1249, 55, 150, 100, 0
L 1941, -1262, 55, 1879, -1253, 55, 150, 100, 0
L 1976, -1281, 55, 1941, -1262, 55, 150, 100, 0
L 1991, -1298, 55, 1976, -1281, 55, 150, 100, 0
L 2006, -1317, 55, 1991, -1298, 55, 150, 100, 0
L 2037, -1359, 55, 2006, -1317, 55, 150, 100, 0
L 2048, -1375, 55, 2037, -1359, 55, 150, 100, 0
L 2050, -1383, 55, 2048, -1375, 55, 150, 100, 0
L 2047, -1402, 55, 2050, -1383, 55, 150, 100, 0
L 2034, -1417, 55, 2047, -1402, 55, 150, 100, 0
L 1972, -1476, 55, 2034, -1417, 55, 150, 100, 0
L 1960, -1489, 55, 1972, -1476, 55, 150, 100, 0
L 1947, -1504, 55, 1960, -1489, 55, 150, 100, 0
L 1935, -1522, 55, 1947, -1504, 55, 150, 100, 0
L 1927, -1538, 55, 1935, -1522, 55, 150, 100, 0
L 1922, -1556, 55, 1927, -1538, 55, 150, 100, 0
L 1918, -1576, 55, 1922, -1556, 55, 150, 100, 0
L 1916, -1615, 55, 1918, -1576, 55, 150, 100, 0
L 1916, -1655, 55, 1916, -1615, 55, 150, 100, 0
L 1907, -1766, 55, 1916, -1655, 55, 150, 100, 0
L 1907, -1796, 55, 1907, -1766, 55, 150, 100, 0
L 1910, -1912, 55, 1907, -1796, 55, 150, 100, 0
L 1845, -1854, 18, 1843, -1959, 18, 150, 100, 0
L 1848, -1765, 18, 1845, -1854, 18, 150, 100, 0
L 1849, -1746, 18, 1848, -1765, 18, 150, 100, 0
L 1853, -1705, 18, 1849, -1746, 18, 150, 100, 0
L 1852, -1690, 18, 1853, -1705, 18, 150, 100, 0
L 1864, -1601, 18, 1852, -1690, 18, 150, 100, 0
L 1872, -1555, 18, 1864, -1601, 18, 150, 100, 0
L 1868, -1541, 17, 1872, -1555, 18, 150, 100, 0
L 1870, -1518, 17, 1868, -1541, 17, 150, 100, 0
L 1868, -1493, 17, 1870, -1518, 17, 150, 100, 0
L 1860, -1489, 17, 1868, -1493, 17, 150, 100, 0
L 1865, -1489, 17, 1860, -1489, 17, 150, 100, 0
L 1881, -1474, 17, 1865, -1489, 17, 150, 100, 0
L 1896, -1462, 17, 1881, -1474, 17, 150, 100, 0
L 1930, -1438, 17, 1896, -1462, 17, 150, 100, 0
L 1963, -1409, 17, 1930, -1438, 17, 150, 100, 0
L 1979, -1394, 17, 1963, -1409, 17, 150, 100, 0
L 1987, -1394, 14, 1979, -1394, 17, 150, 100, 0
L 1998, -1378, 14, 1987, -1394, 14, 150, 100, 0
L 1998, -1374, 14, 1998, -1378, 14, 150, 100, 0
L 1996, -1359, 14, 1998, -1374, 14, 150, 100, 0
L 1987, -1346, 14, 1996, -1359, 14, 150, 100, 0
L 1946, -1320, 14, 1987, -1346, 14, 150, 100, 0
L 1905, -1297, 14, 1946, -1320, 14, 150, 100, 0
L 1890, -1291, 14, 1905, -1297, 14, 150, 100, 0
L 1868, -1286, 14, 1890, -1291, 14, 150, 100, 0
L 1841, -1285, 14, 1868, -1286, 14, 150, 100, 0
L 1669, -1289, 14, 1841, -1285, 14, 150, 100, 0
L 1348, -1285, 14, 1669, -1289, 14, 150, 100, 0
L 1328, -1283, 14, 1348, -1285, 14, 150, 100, 0
L 1248, -1280, 14, 1328, -1283, 14, 150, 100, 0
L 1211, -1277, 14, 1248, -1280, 14, 150, 100, 0
L 1132, -1268, 14, 1211, -1277, 14, 150, 100, 0
L 1110, -1265, 14, 1132, -1268, 14, 150, 100, 0
L 1096, -1260, 14, 1110, -1265, 14, 150, 100, 0
L 1074, -1248, 14, 1096, -1260, 14, 150, 100, 0
L 1057, -1236, 14, 1074, -1248, 14, 150, 100, 0
L 1040, -1225, 14, 1057, -1236, 14, 150, 100, 0
L 1022, -1211, 14, 1040, -1225, 14, 150, 100, 0
L 902, -1108, 14, 1022, -1211, 14, 150, 100, 0
L 751, -986, 14, 902, -1108, 14, 150, 100, 0
L 736, -973, 14, 751, -986, 14, 150, 100, 0
L 719, -960, 14, 736, -973, 14, 150, 100, 0
L 654, -914, 14, 719, -960, 14, 150, 100, 0
L 635, -901, 14, 654, -914, 14, 150, 100, 0
L 600, -881, 14, 635, -901, 14, 150, 100, 0
L 582, -870, 14, 600, -881, 14, 150, 100, 0
L 561, -871, 14, 582, -870, 14, 150, 100, 0
L 544, -880, 14, 561, -871, 14, 150, 100, 0
L 528, -890, 14, 544, -880, 14, 150, 100, 0
L 510, -903, 14, 528, -890, 14, 150, 100, 0
L 496, -916, 14, 510, -903, 14, 150, 100, 0
L 484, -929, 14, 496, -916, 14, 150, 100, 0
L 473, -942, 14, 484, -929, 14, 150, 100, 0
L 462, -958, 14, 473, -942, 14, 150, 100, 0
L 444, -990, 14, 462, -958, 14, 150, 100, 0
L 439, -1005, 14, 444, -990, 14, 150, 100, 0
L 435, -1025, 14, 439, -1005, 14, 150, 100, 0
L 432, -1043, 14, 435, -1025, 14, 150, 100, 0
L 421, -1149, 14, 432, -1043, 14, 150, 100, 0
L 414, -1210, 14, 421, -1149, 14, 150, 100, 0
L 412, -1249, 14, 414, -1210, 14, 150, 100, 0
L 404, -1269, 14, 412, -1249, 14, 150, 100, 0
L 390, -1284, 14, 404, -1269, 14, 150, 100, 0
L 376, -1298, 14, 390, -1284, 14, 150, 100, 0
L 317, -1341, 14, 376, -1298, 14, 150, 100, 0
L 290, -1324, 14, 317, -1341, 14, 150, 100, 0
L 295, -1311, 14, 290, -1324, 14, 150, 100, 0
L 344, -1273, 14, 295, -1311, 14, 150, 100, 0
L 357, -1259, 14, 344, -1273, 14, 150, 100, 0
L 364, -1242, 14, 357, -1259, 14, 150, 100, 0
L 375, -1211, 14, 364, -1242, 14, 150, 100, 0
L 379, -1133, 14, 375, -1211, 14, 150, 100, 0
L 385, -1082, 14, 379, -1133, 14, 150, 100, 0
L 388, -1061, 14, 385, -1082, 14, 150, 100, 0
L 400, -997, 14, 388, -1061, 14, 150, 100, 0
L 407, -981, 14, 400, -997, 14, 150, 100, 0
L 418, -961, 14, 407, -981, 14, 150, 100, 0
L 477, -885, 14, 418, -961, 14, 150, 100, 0
L 504, -859, 14, 477, -885, 14, 150, 100, 0
L 537, -821, 14, 504, -859, 14, 150, 100, 0
L 531, -802, 14, 537, -821, 14, 150, 100, 0
L 516, -788, 14, 531, -802, 14, 150, 100, 0
L 375, -686, 14, 516, -788, 14, 150, 100, 0
L 226, -570, 14, 375, -686, 14, 150, 100, 0
L 196, -545, 14, 226, -570, 14, 150, 100, 0
L 157, -508, 14, 196, -545, 14, 150, 100, 0
L 61, -408, 14, 157, -508, 14, 150, 100, 0
L 51, -393, 14, 61, -408, 14, 150, 100, 0
L 33, -364, 14, 51, -393, 14, 150, 100, 0
L 23, -342, 14, 33, -364, 14, 150, 100, 0
L 23, -334, 14, 23, -342, 14, 150, 100, 0
L 12, -38, 14, 23, -334, 14, 150, 100, 0
L 4, -36, 14, 12, -38, 14, 150, 100, 0
L -840, -37, -24, 4, -36, 14, 150, 100, 0
L -779, 96, -6, -779, 88, -4, 100, 50, 0
L -779, 89, -5, -779, 96, -6, 100, 50, 0
L -782, -111, -11, -783, -119, -6, 100, 50, 0
L -758, -123, -19, -758, -125, -19, 100, 50, 0
L -758, -122, -18, -758, -124, -19, 100, 50, 0
L -1008, 28, 78, -1009, 26, 78, 100, 50, 0
L -1009, 26, 78, -1016, 22, 78, 100, 50, 0
L -1015, -46, 78, -1011, -52, 78, 100, 50, 0
L -1007, -47, 78, -1007, -48, 78, 100, 50, 0
L -1007, -46, 78, -1007, -48, 78, 100, 50, 0
L -1016, 23, 78, -1015, 21, 78, 100, 50, 0
L -1016, 23, 78, -1016, -46, 78, 100, 50, 0
L -1009, 21, 78, -1015, 21, 78, 100, 50, 0
L -1016, -46, 78, -1007, -47, 78, 100, 50, 0
L -1005, -52, 78, -1005, 23, 78, 100, 50, 0
L -779, 96, -6, -1009, 27, 125, 100, 50, 0
L -779, 89, -6, -1010, 21, 124, 100, 50, 0
L -782, -112, -1, -1007, -48, 124, 100, 50, 0
L -782, -119, 3, -1012, -51, 127, 100, 50, 0
L -758, -124, -19, -758, -123, -20, 100, 50, 0
L -758, -121, -19, -758, -124, -19, 100, 50, 0
L -758, -113, -18, -758, -121, -19, 100, 50, 0
L -758, -111, -18, -758, -113, -18, 100, 50, 0
L -759, -110, -23, -758, -111, -18, 100, 50, 0
L -760, -109, -23, -759, -110, -23, 100, 50, 0
L -762, -108, -23, -760, -109, -23, 100, 50, 0
L -766, -104, -24, -762, -108, -23, 100, 50, 0
L -768, -104, -24, -766, -104, -24, 100, 50, 0
L -773, -104, -25, -768, -104, -24, 100, 50, 0
L -759, -127, -22, -758, -125, -19, 100, 50, 0
L -760, -130, -23, -759, -127, -22, 100, 50, 0
L -765, -133, -23, -760, -130, -23, 100, 50, 0
L -776, -133, -25, -765, -133, -23, 100, 50, 0
L -778, -133, -25, -776, -133, -25, 100, 50, 0
L -783, -129, -26, -778, -133, -25, 100, 50, 0
L -786, -127, -26, -783, -129, -26, 100, 50, 0
L -788, -125, -26, -786, -127, -26, 100, 50, 0
L -789, -121, -26, -788, -125, -26, 100, 50, 0
L -790, -118, -26, -789, -121, -26, 100, 50, 0
L -790, -116, -25, -790, -118, -26, 100, 50, 0
L -789, -115, -25, -790, -116, -25, 100, 50, 0
L -783, -106, -25, -789, -115, -25, 100, 50, 0
L -782, -105, -26, -783, -106, -25, 100, 50, 0
L -779, -105, -26, -782, -105, -26, 100, 50, 0
L -773, -104, -25, -779, -105, -26, 100, 50, 0
L -769, 81, -27, -768, 82, -26, 100, 50, 0
L -773, 82, -27, -769, 81, -27, 100, 50, 0
L -775, 81, -27, -773, 82, -27, 100, 50, 0
L -777, 81, -27, -775, 81, -27, 100, 50, 0
L -779, 80, -28, -777, 81, -27, 100, 50, 0
L -781, 81, -28, -779, 80, -28, 100, 50, 0
L -785, 84, -28, -781, 81, -28, 100, 50, 0
L -785, 85, -27, -785, 84, -28, 100, 50, 0
L -786, 90, -22, -785, 85, -27, 100, 50, 0
L -787, 91, -21, -786, 90, -22, 100, 50, 0
L -788, 95, -25, -787, 91, -21, 100, 50, 0
L -788, 104, -29, -788, 95, -25, 100, 50, 0
L -787, 108, -29, -788, 104, -29, 100, 50, 0
L -786, 112, -28, -787, 108, -29, 100, 50, 0
L -784, 115, -28, -786, 112, -28, 100, 50, 0
L -780, 115, -28, -784, 115, -28, 100, 50, 0
L -775, 116, -27, -780, 115, -28, 100, 50, 0
L -773, 116, -27, -775, 116, -27, 100, 50, 0
L -767, 114, -26, -773, 116, -27, 100, 50, 0
L -763, 112, -26, -767, 114, -26, 100, 50, 0
L -759, 109, -26, -763, 112, -26, 100, 50, 0
L -756, 105, -25, -759, 109, -26, 100, 50, 0
L -755, 103, -25, -756, 105, -25, 100, 50, 0
L -754, 95, -25, -755, 103, -25, 100, 50, 0
L -757, 89, -25, -754, 95, -25, 100, 50, 0
L -759, 88, -25, -757, 89, -25, 100, 50, 0
L -768, 82, -26, -759, 88, -25, 100, 50, 0
L -839, -36, -33, -840, 14, -34, 100, 50, 0
L -1194, -38, -34, -839, -36, -33, 100, 50, 0
L -1022, 13, -37, -1188, 12, -37, 100, 50, 0
L -1012, 10, -37, -1022, 13, -37, 100, 50, 0
L -1006, 13, -37, -1012, 10, -37, 100, 50, 0
L -840, 13, -37, -1006, 13, -37, 100, 50, 0
L -1002, 13, -75, -1005, 12, -76, 100, 50, 0
L -1001, 13, -74, -1002, 13, -75, 100, 50, 0
L -998, 21, -74, -1001, 13, -74, 100, 50, 0
L -997, 24, -73, -998, 21, -74, 100, 50, 0
L -998, 24, -73, -997, 24, -73, 100, 50, 0
L -998, 25, -74, -998, 24, -73, 100, 50, 0
L -1003, 34, -75, -998, 25, -74, 100, 50, 0
L -1010, 37, -77, -1003, 34, -75, 100, 50, 0
L -1013, 37, -77, -1010, 37, -77, 100, 50, 0
L -1014, 37, -78, -1013, 37, -77, 100, 50, 0
L -1017, 36, -78, -1014, 37, -78, 100, 50, 0
L -1018, 35, -79, -1017, 36, -78, 100, 50, 0
L -1020, 35, -79, -1018, 35, -79, 100, 50, 0
L -1021, 33, -80, -1020, 35, -79, 100, 50, 0
L -1023, 31, -80, -1021, 33, -80, 100, 50, 0
L -1025, 24, -81, -1023, 31, -80, 100, 50, 0
L -1025, 21, -81, -1025, 24, -81, 100, 50, 0
L -1024, 19, -81, -1025, 21, -81, 100, 50, 0
L -1023, 17, -80, -1024, 19, -81, 100, 50, 0
L -1021, 13, -80, -1023, 17, -80, 100, 50, 0
L -1012, 9, -77, -1021, 13, -80, 100, 50, 0
L -1011, 9, -77, -1012, 9, -77, 100, 50, 0
L -1002, 13, -75, -1011, 9, -77, 100, 50, 0
L -997, -48, -74, -1001, -57, -75, 100, 50, 0
L -998, -46, -74, -997, -48, -74, 100, 50, 0
L -1002, -37, -75, -998, -46, -74, 100, 50, 0
L -1009, -35, -77, -1002, -37, -75, 100, 50, 0
L -1012, -34, -77, -1009, -35, -77, 100, 50, 0
L -1018, -36, -79, -1012, -34, -77, 100, 50, 0
L -1021, -38, -80, -1018, -36, -79, 100, 50, 0
L -1025, -46, -81, -1021, -38, -80, 100, 50, 0
L -1025, -49, -81, -1025, -46, -81, 100, 50, 0
L -1022, -57, -80, -1025, -49, -81, 100, 50, 0
L -1020, -58, -80, -1022, -57, -80, 100, 50, 0
L -1015, -61, -78, -1020, -58, -80, 100, 50, 0
L -1012, -62, -77, -1015, -61, -78, 100, 50, 0
L -1011, -62, -77, -1012, -62, -77, 100, 50, 0
L -1009, -61, -77, -1011, -62, -77, 100, 50, 0
L -1011, -62, -77, -1009, -61, -77, 100, 50, 0
L -1006, -60, -76, -1011, -62, -77, 100, 50, 0
L -1005, -59, -75, -1006, -60, -76, 100, 50, 0
L -1003, -59, -75, -1005, -59, -75, 100, 50, 0
L -1002, -58, -75, -1003, -59, -75, 100, 50, 0
L -1001, -58, -75, -1002, -58, -75, 100, 50, 0
L -1001, -57, -74, -1002, -58, -75, 100, 50, 0
L -1000, -56, -74, -1001, -57, -74, 100, 50, 0
L -1000, -54, -74, -1000, -56, -74, 100, 50, 0
L -999, -53, -74, -1000, -54, -74, 100, 50, 0
L -1007, -1859, -71, -1101, -2124, -71, 0, 0, 255
L -1005, -1581, -71, -1007, -1859, -71, 0, 0, 255
L -885, -1401, -71, -1005, -1581, -71, 0, 0, 255
L -866, -1122, -71, -885, -1401, -71, 0, 0, 255
L -925, -859, -71, -866, -1122, -71, 0, 0, 255
L -925, -517, -71, -925, -859, -71, 0, 0, 255
L -996, -304, -71, -925, -517, -71, 0, 0, 255
L -1001, 95, -71, -996, -304, -71, 0, 0, 255
L 2890, 4020, -70, 2893, 4041, -63, 64, 64, 64
L 2882, 4006, -66, 2890, 4020, -70, 64, 64, 64
L 2893, 3999, 79, 2882, 4006, -66, 64, 64, 64
L 2895, 3995, 139, 2893, 3999, 79, 64, 64, 64
L 2902, 3862, 168, 2895, 3995, 139, 64, 64, 64
L 2902, 3853, 168, 2902, 3862, 168, 64, 64, 64
L 2908, 3743, 137, 2902, 3853, 168, 64, 64, 64
L 2915, 3603, 121, 2908, 3743, 137, 64, 64, 64
L 2921, 3468, 135, 2915, 3603, 121, 64, 64, 64
L 2947, 2939, 168, 2921, 3468, 135, 64, 64, 64
L 2950, 2879, 194, 2947, 2939, 168, 64, 64, 64
L 2954, 2810, 228, 2950, 2879, 194, 64, 64, 64
L 2956, 2765, 251, 2954, 2810, 228, 64, 64, 64
L 2959, 2703, 261, 2956, 2765, 251, 64, 64, 64
L 2961, 2660, 263, 2959, 2703, 261, 64, 64, 64
L 2966, 2563, 280, 2961, 2660, 263, 64, 64, 64
L 2968, 2516, 293, 2966, 2563, 280, 64, 64, 64
L 2969, 2503, 296, 2968, 2516, 293, 64, 64, 64
L 2969, 2489, 301, 2969, 2503, 296, 64, 64, 64
L 2970, 2475, 304, 2969, 2489, 301, 64, 64, 64
L 2971, 2455, 310, 2970, 2475, 304, 64, 64, 64
L 2972, 2436, 313, 2971, 2455, 310, 64, 64, 64
L 2976, 2355, 315, 2972, 2436, 313, 64, 64, 64
L 2974, 2316, 314, 2976, 2355, 315, 64, 64, 64
L 2980, 2256, 289, 2974, 2316, 314, 64, 64, 64
L 2983, 2218, 269, 2980, 2256, 289, 64, 64, 64
L 2986, 2145, 230, 2983, 2218, 269, 64, 64, 64
L 2994, 1984, 239, 2986, 2145, 230, 64, 64, 64
L 3001, 1856, 252, 2994, 1984, 239, 64, 64, 64
L 3007, 1725, 260, 3001, 1856, 252, 64, 64, 64
L 3008, 1704, 268, 3007, 1725, 260, 64, 64, 64
L 3009, 1682, 280, 3008, 1704, 268, 64, 64, 64
L 3010, 1656, 300, 3009, 1682, 280, 64, 64, 64
L 3012, 1624, 319, 3010, 1656, 300, 64, 64, 64
L 3020, 1463, 351, 3012, 1624, 319, 64, 64, 64
L 3053, 794, 342, 3020, 1463, 351, 64, 64, 64
L 3053, 781, 343, 3053, 794, 342, 64, 64, 64
L 3058, 687, 306, 3053, 781, 343, 64, 64, 64
L 3063, 680, 301, 3058, 687, 306, 64, 64, 64
L 3150, 603, 196, 3063, 680, 301, 64, 64, 64
L 3163, 544, 114, 3150, 603, 196, 64, 64, 64
L 3163, 518, 79, 3163, 544, 114, 64, 64, 64
L 3165, 511, 73, 3163, 518, 79, 64, 64, 64
L 3174, 484, 61, 3165, 511, 73, 64, 64, 64
L 3180, 472, 59, 3174, 484, 61, 64, 64, 64
L 3191, 466, 58, 3180, 472, 59, 64, 64, 64
L 3261, 438, 44, 3191, 466, 58, 64, 64, 64
L 3356, 387, 35, 3261, 438, 44, 64, 64, 64
L 3471, 318, 50, 3356, 387, 35, 64, 64, 64
L 3487, 311, 52, 3471, 318, 50, 64, 64, 64
L 3513, 303, 56, 3487, 311, 52, 64, 64, 64
L 3636, 266, 72, 3513, 303, 56, 64, 64, 64
L 3667, 260, 76, 3636, 266, 72, 64, 64, 64
L 3779, 265, 90, 3667, 260, 76, 64, 64, 64
L 3803, 270, 93, 3779, 265, 90, 64, 64, 64
L 3813, 269, 95, 3803, 270, 93, 64, 64, 64
L 3824, 269, 96, 3813, 269, 95, 64, 64, 64
L 3851, 268, 100, 3824, 269, 96, 64, 64, 64
L 3894, 267, 105, 3851, 268, 100, 64, 64, 64
L 4000, 265, 119, 3894, 267, 105, 64, 64, 64
L 4012, 265, 121, 4000, 265, 119, 64, 64, 64
L 4021, 268, 122, 4012, 265, 121, 64, 64, 64
L 4054, 289, 127, 4021, 268, 122, 64, 64, 64
L 4062, 296, 127, 4054, 289, 127, 64, 64, 64
L 4155, 370, 140, 4062, 296, 127, 64, 64, 64
L 4184, 390, 144, 4155, 370, 140, 64, 64, 64
L 4198, 398, 146, 4184, 390, 144, 64, 64, 64
L 4293, 437, 158, 4198, 398, 146, 64, 64, 64
L 4319, 447, 161, 4293, 437, 158, 64, 64, 64
L 4332, 456, 163, 4319, 447, 161, 64, 64, 64
L 4348, 475, 165, 4332, 456, 163, 64, 64, 64
L 4369, 505, 168, 4348, 475, 165, 64, 64, 64
L 4393, 536, 171, 4369, 505, 168, 64, 64, 64
L 4398, 546, 172, 4393, 536, 171, 64, 64, 64
L 4403, 584, 172, 4398, 546, 172, 64, 64, 64
L 4425, 648, 175, 4403, 584, 172, 64, 64, 64
L 4432, 668, 174, 4425, 648, 175, 64, 64, 64
L 4435, 678, 174, 4432, 668, 174, 64, 64, 64
L 4439, 713, 174, 4435, 678, 174, 64, 64, 64
L 4439, 727, 174, 4439, 713, 174, 64, 64, 64
L 4424, 810, 174, 4439, 727, 174, 64, 64, 64
L 4422, 833, 174, 4424, 810, 174, 64, 64, 64
L 4422, 846, 173, 4422, 833, 174, 64, 64, 64
L 4422, 858, 173, 4422, 846, 173, 64, 64, 64
L 4427, 931, 172, 4422, 858, 173, 64, 64, 64
L 4426, 941, 171, 4427, 931, 172, 64, 64, 64
L 4421, 950, 171, 4426, 941, 171, 64, 64, 64
L 4411, 966, 171, 4421, 950, 171, 64, 64, 64
L 4394, 1002, 171, 4411, 966, 171, 64, 64, 64
L 4379, 1035, 169, 4394, 1002, 171, 64, 64, 64
L 4346, 1065, 165, 4379, 1035, 169, 64, 64, 64
L 4339, 1071, 164, 4346, 1065, 165, 64, 64, 64
L 4262, 1118, 154, 4339, 1071, 164, 64, 64, 64
L 4255, 1121, 153, 4262, 1118, 154, 64, 64, 64
L 4224, 1131, 149, 4255, 1121, 153, 64, 64, 64
L 4149, 1179, 139, 4224, 1131, 149, 64, 64, 64
L 4134, 1231, 137, 4149, 1179, 139, 64, 64, 64
L 4115, 1325, 134, 4134, 1231, 137, 64, 64, 64
L 4108, 1372, 133, 4115, 1325, 134, 64, 64, 64
L 4106, 1382, 133, 4108, 1372, 133, 64, 64, 64
L 4071, 1513, 129, 4106, 1382, 133, 64, 64, 64
L 4074, 1536, 129, 4071, 1513, 129, 64, 64, 64
L 4073, 1546, 129, 4074, 1536, 129, 64, 64, 64
L 4064, 1604, 128, 4073, 1546, 129, 64, 64, 64
L 4070, 1673, 128, 4064, 1604, 128, 64, 64, 64
L 4065, 1684, 128, 4070, 1673, 128, 64, 64, 64
L 4054, 1693, 126, 4065, 1684, 128, 64, 64, 64
L 4036, 1708, 124, 4054, 1693, 126, 64, 64, 64
L 3983, 1754, 117, 4036, 1708, 124, 64, 64, 64
L 3895, 1837, 105, 3983, 1754, 117, 64, 64, 64
L 3819, 1916, 95, 3895, 1837, 105, 64, 64, 64
L 3813, 1924, 95, 3819, 1916, 95, 64, 64, 64
L 3793, 1960, 92, 3813, 1924, 95, 64, 64, 64
L 3789, 1968, 92, 3793, 1960, 92, 64, 64, 64
L 3773, 2013, 89, 3789, 1968, 92, 64, 64, 64
L 3736, 2106, 96, 3773, 2013, 89, 64, 64, 64
L 3733, 2113, 96, 3736, 2106, 96, 64, 64, 64
L 3731, 2120, 96, 3733, 2113, 96, 64, 64, 64
L 3732, 2164, 95, 3731, 2120, 96, 64, 64, 64
L 3732, 2174, 95, 3732, 2164, 95, 64, 64, 64
L 3723, 2237, 95, 3732, 2174, 95, 64, 64, 64
L 3707, 2342, 99, 3723, 2237, 95, 64, 64, 64
L 3708, 2350, 99, 3707, 2342, 99, 64, 64, 64
L 3718, 2390, 101, 3708, 2350, 99, 64, 64, 64
L 3742, 2466, 103, 3718, 2390, 101, 64, 64, 64
L 3746, 2479, 102, 3742, 2466, 103, 64, 64, 64
L 3755, 2510, 103, 3746, 2479, 102, 64, 64, 64
L 3757, 2514, 103, 3755, 2510, 103, 64, 64, 64
L 3784, 2542, 103, 3757, 2514, 103, 64, 64, 64
L 3792, 2548, 103, 3784, 2542, 103, 64, 64, 64
L 3872, 2626, 103, 3792, 2548, 103, 64, 64, 64
L 3883, 2633, 104, 3872, 2626, 103, 64, 64, 64
L 3906, 2646, 107, 3883, 2633, 104, 64, 64, 64
L 3917, 2652, 108, 3906, 2646, 107, 64, 64, 64
L 4023, 2701, 122, 3917, 2652, 108, 64, 64, 64
L 4035, 2706, 124, 4023, 2701, 122, 64, 64, 64
L 4045, 2709, 125, 4035, 2706, 124, 64, 64, 64
L 4081, 2713, 130, 4045, 2709, 125, 64, 64, 64
L 4104, 2711, 133, 4081, 2713, 130, 64, 64, 64
L 4110, 2720, 134, 4104, 2711, 133, 64, 64, 64
L 4130, 2778, 136, 4110, 2720, 134, 64, 64, 64
L 4182, 2942, 143, 4130, 2778, 136, 64, 64, 64
L 4183, 2952, 143, 4182, 2942, 143, 64, 64, 64
L 4182, 3101, 143, 4183, 2952, 143, 64, 64, 64
L 4171, 3160, 142, 4182, 3101, 143, 64, 64, 64
L 4171, 3162, 142, 4171, 3160, 142, 64, 64, 64
L 4196, 3184, 145, 4171, 3162, 142, 64, 64, 64
L 4200, 3189, 145, 4196, 3184, 145, 64, 64, 64
L 4235, 3240, 150, 4200, 3189, 145, 64, 64, 64
L 4251, 3252, 152, 4235, 3240, 150, 64, 64, 64
L 4256, 3257, 153, 4251, 3252, 152, 64, 64, 64
L 4266, 3263, 154, 4256, 3257, 153, 64, 64, 64
L 4272, 3266, 155, 4266, 3263, 154, 64, 64, 64
L 4329, 3292, 163, 4272, 3266, 155, 64, 64, 64
L 4337, 3295, 164, 4329, 3292, 163, 64, 64, 64
L 4369, 3296, 168, 4337, 3295, 164, 64, 64, 64
L 4455, 3297, 179, 4369, 3296, 168, 64, 64, 64
L 4466, 3299, 180, 4455, 3297, 179, 64, 64, 64
L 4507, 3308, 186, 4466, 3299, 180, 64, 64, 64
L 4518, 3310, 188, 4507, 3308, 186, 64, 64, 64
L 4599, 3323, 198, 4518, 3310, 188, 64, 64, 64
L 4617, 3325, 201, 4599, 3323, 198, 64, 64, 64
L 4639, 3329, 206, 4617, 3325, 201, 64, 64, 64
L 4648, 3330, 207, 4639, 3329, 206, 64, 64, 64
L 4658, 3332, 209, 4648, 3330, 207, 64, 64, 64
L 4670, 3333, 212, 4658, 3332, 209, 64, 64, 64
L 4683, 3335, 214, 4670, 3333, 212, 64, 64, 64
L 4705, 3340, 219, 4683, 3335, 214, 64, 64, 64
L 4771, 3356, 223, 4705, 3340, 219, 64, 64, 64
L 4807, 3363, 225, 4771, 3356, 223, 64, 64, 64
L 4852, 3372, 231, 4807, 3363, 225, 64, 64, 64
L 4944, 3387, 243, 4852, 3372, 231, 64, 64, 64
L 4948, 3385, 244, 4944, 3387, 243, 64, 64, 64
L 5097, 3297, 263, 4948, 3385, 244, 64, 64, 64
L 5103, 3292, 264, 5097, 3297, 263, 64, 64, 64
L 5160, 3226, 272, 5103, 3292, 264, 64, 64, 64
L 5165, 3220, 272, 5160, 3226, 272, 64, 64, 64
L 5221, 3144, 279, 5165, 3220, 272, 64, 64, 64
L 5222, 3136, 280, 5221, 3144, 279, 64, 64, 64
L 5222, 3077, 280, 5222, 3136, 280, 64, 64, 64
L 5224, 3065, 280, 5222, 3077, 280, 64, 64, 64
L 5231, 3011, 281, 5224, 3065, 280, 64, 64, 64
L 5241, 2924, 282, 5231, 3011, 281, 64, 64, 64
L 5245, 2841, 283, 5241, 2924, 282, 64, 64, 64
L 5246, 2830, 283, 5245, 2841, 283, 64, 64, 64
L 5316, 2604, 292, 5246, 2830, 283, 64, 64, 64
L 5322, 2597, 293, 5316, 2604, 292, 64, 64, 64
L 5359, 2561, 298, 5322, 2597, 293, 64, 64, 64
L 5404, 2528, 303, 5359, 2561, 298, 64, 64, 64
L 5460, 2427, 311, 5404, 2528, 303, 64, 64, 64
L 5466, 2415, 312, 5460, 2427, 311, 64, 64, 64
L 5496, 2342, 316, 5466, 2415, 312, 64, 64, 64
L 5523, 2180, 319, 5496, 2342, 316, 64, 64, 64
L 5555, 2056, 323, 5523, 2180, 319, 64, 64, 64
L 5675, 1985, 339, 5555, 2056, 323, 64, 64, 64
L 5761, 1953, 351, 5675, 1985, 339, 64, 64, 64
L 5823, 1934, 362, 5761, 1953, 351, 64, 64, 64
L 6002, 1905, 386, 5823, 1934, 362, 64, 64, 64
L 6084, 1877, 0, 6002, 1905, 386, 64, 64, 64
L 6162, 1869, 0, 6084, 1877, 0, 64, 64, 64
L 6237, 1954, 0, 6162, 1869, 0, 64, 64, 64
L 6300, 2043, 0, 6237, 1954, 0, 64, 64, 64
L 6292, 2161, 0, 6300, 2043, 0, 64, 64, 64
L 6231, 2284, 1, 6292, 2161, 0, 64, 64, 64
L 6148, 2497, 1, 6231, 2284, 1, 64, 64, 64
L 6181, 2642, 0, 6148, 2497, 1, 64, 64, 64
L 6164, 2763, 1, 6181, 2642, 0, 64, 64, 64
L 6212, 2949, 0, 6164, 2763, 1, 64, 64, 64
L 6361, 3098, 0, 6212, 2949, 0, 64, 64, 64
L 6446, 3149, 0, 6361, 3098, 0, 64, 64, 64
L 6566, 3167, 0, 6446, 3149, 0, 64, 64, 64
L 6686, 3145, 0, 6566, 3167, 0, 64, 64, 64
L 6798, 3056, 0, 6686, 3145, 0, 64, 64, 64
L 6943, 3060, 4, 6798, 3056, 0, 64, 64, 64
L 6984, 3283, 308, 6943, 3060, 4, 64, 64, 64
L 7264, 3314, 699, 6984, 3283, 308, 64, 64, 64
L 7505, 3320, 747, 7264, 3314, 699, 64, 64, 64
L 7501, 3304, 0, 7505, 3320, 747, 64, 64, 64
L 2222, -3083, 1, 2222, -3374, 47, 64, 64, 64
L 2073, -3003, 90, 2222, -3083, 1, 64, 64, 64
L 1782, -2792, 150, 2073, -3003, 90, 64, 64, 64
L 1550, -2377, 143, 1782, -2792, 150, 64, 64, 64
L 1413, -2134, 251, 1550, -2377, 143, 64, 64, 64
L -1101, -2124, -53, 1413, -2134, 251, 64, 64, 64
L -1001, 95, -70, -1002, 133, -74, 0, 0, 255
L -1002, 133, -74, -862, 398, -74, 0, 0, 255
L -862, 398, -74, -837, 443, -74, 0, 0, 255
L -837, 443, -74, -850, 803, -74, 0, 0, 255
L -850, 803, -74, -873, 834, -74, 0, 0, 255
L -873, 834, -74, -978, 990, -74, 0, 0, 255
L -978, 990, -74, -998, 1096, -74, 0, 0, 255
L -998, 1096, -74, -872, 1252, -73, 0, 0, 255
L -872, 1252, -73, -786, 1399, -74, 0, 0, 255
L -786, 1399, -74, -787, 1483, -74, 0, 0, 255
L -787, 1483, -74, -842, 1719, -74, 0, 0, 255
L -842, 1719, -74, -842, 1744, -74, 0, 0, 255
L -842, 1744, -74, -771, 1989, -74, 0, 0, 255
L -771, 1989, -74, -771, 2616, -74, 0, 0, 255
L -771, 2616, -74, -778, 2709, -74, 0, 0, 255
L -778, 2709, -74, -777, 2931, -74, 0, 0, 255
L -777, 2931, -74, -782, 3015, -74, 0, 0, 255
L -782, 3015, -74, -782, 3218, -74, 0, 0, 255
L -782, 3218, -74, -772, 3325, -74, 0, 0, 255
L -772, 3325, -74, -772, 3557, -74, 0, 0, 255
L -772, 3557, -74, -621, 3792, -74, 0, 0, 255
L -621, 3792, -74, -621, 3857, -74, 0, 0, 255
L -621, 3857, -74, -552, 3881, -74, 0, 0, 255
L -552, 3881, -74, -481, 3882, -74, 0, 0, 255
L -481, 3882, -74, -151, 3918, -74, 0, 0, 255
L -151, 3918, -74, 23, 3925, -74, 0, 0, 255
L 23, 3925, -74, 216, 3939, -73, 0, 0, 255
L 216, 3939, -73, 587, 3919, -74, 0, 0, 255
L 587, 3919, -74, 737, 3916, -74, 0, 0, 255
L 737, 3916, -74, 958, 3890, -74, 0, 0, 255
L 958, 3890, -74, 2063, 3890, -74, 0, 0, 255
L 2063, 3890, -74, 2064, 3891, -74, 0, 0, 255
L 2064, 3891, -74, 2860, 3971, -74, 0, 0, 255
L 2860, 3971, -74, 2886, 4015, -83, 0, 0, 255
L 2222, -3375, 47, 2376, -3380, 48, 150, 0, 200
L 2376, -3380, 48, 2385, -3096, 42, 64, 64, 64
L 2385, -3096, 42, 2006, -2802, 36, 64, 64, 64
L 2006, -2802, 36, 2097, -2519, 1, 64, 64, 64
L 2097, -2519, 1, 2098, -2238, 1, 64, 64, 64
L 2098, -2238, 1, 2237, -1871, 0, 64, 64, 64
L 2237, -1871, 0, 2806, -1582, 0, 64, 64, 64
L 2806, -1582, 0, 3028, -166, 349, 64, 64, 64
L 3028, -166, 349, 3270, 47, 149, 64, 64, 64
L 3270, 47, 149, 3320, 130, 80, 64, 64, 64
L 3320, 130, 80, 4011, 97, 0, 64, 64, 64
L 4011, 97, 0, 4260, 148, 0, 64, 64, 64
L 4260, 148, 0, 4397, 259, 0, 64, 64, 64
L 4397, 259, 0, 4527, 415, 0, 64, 64, 64
L 4527, 415, 0, 4700, 558, 1, 64, 64, 64
L 4700, 558, 1, 4729, 582, 0, 64, 64, 64
L 4729, 582, 0, 4776, 1040, 5, 64, 64, 64
L 4776, 1040, 5, 4777, 1058, 7, 64, 64, 64
L 4777, 1058, 7, 4515, 1170, 2, 64, 64, 64
L 4515, 1170, 2, 4372, 1254, 1, 64, 64, 64
L 4372, 1254, 1, 4320, 1331, 2, 64, 64, 64
L 4320, 1331, 2, 4310, 1511, 0, 64, 64, 64
L 4310, 1511, 0, 4318, 1644, 0, 64, 64, 64
L 4318, 1644, 0, 4293, 1787, 1, 64, 64, 64
L 4293, 1787, 1, 4148, 1957, 0, 64, 64, 64
L 4148, 1957, 0, 3985, 2068, 0, 64, 64, 64
L 3985, 2068, 0, 3959, 2276, 0, 64, 64, 64
L 3959, 2276, 0, 3959, 2402, 0, 64, 64, 64
L 3959, 2402, 0, 4011, 2525, 0, 64, 64, 64
L 4011, 2525, 0, 4130, 2577, 0, 64, 64, 64
L 4130, 2577, 0, 4396, 2631, 0, 64, 64, 64
L 4396, 2631, 0, 4490, 2891, 0, 64, 64, 64
L 4490, 2891, 0, 4370, 3022, 0, 64, 64, 64
L 4370, 3022, 0, 4385, 3113, 0, 64, 64, 64
L 4385, 3113, 0, 4436, 3159, 0, 64, 64, 64
L 4436, 3159, 0, 4620, 3193, 0, 64, 64, 64
L 4620, 3193, 0, 4920, 3210, 0, 64, 64, 64
L 4920, 3210, 0, 4982, 3156, 0, 64, 64, 64
L 4982, 3156, 0, 5075, 2995, 0, 64, 64, 64
L 5075, 2995, 0, 5066, 2814, 0, 64, 64, 64
L 5066, 2814, 0, 5152, 2507, 0, 64, 64, 64
L 5152, 2507, 0, 5256, 2418, 0, 64, 64, 64
L 5256, 2418, 0, 5337, 2274, 0, 64, 64, 64
L 5337, 2274, 0, 5478, 1914, 2, 64, 64, 64
L 5478, 1914, 2, 5541, 1826, 0, 64, 64, 64
L 5541, 1826, 0, 5757, 1687, 0, 64, 64, 64
L 7526, 3229, 0, 7501, 3304, 0, 64, 64, 64
L -206, 19, 1, -212, 19, 1, 200, 200, 200
L -212, 19, 1, -212, 30, 1, 200, 200, 200
L -212, 30, 1, -202, 30, 1, 200, 200, 200
L -202, 30, 1, -202, 19, 1, 200, 200, 200
L -202, 19, 1, -207, 19, 1, 200, 200, 200
L 80, -14, 0, 80, -9, 0, 200, 200, 200
L 80, -9, 0, 90, -8, 0, 200, 200, 200
L 90, -8, 0, 91, -18, 0, 200, 200, 200
L 91, -18, 0, 81, -20, 0, 200, 200, 200
L 81, -20, 0, 80, -11, 0, 200, 200, 200
L 5757, 1687, 321, 5922, 1699, 331, 64, 64, 64
L 5922, 1699, 331, 5957, 1705, 413, 64, 64, 64
L 5957, 1705, 413, 6189, 1712, 477, 64, 64, 64
L 6189, 1712, 477, 6441, 1940, 479, 64, 64, 64
L 6441, 1940, 479, 6497, 2003, 479, 64, 64, 64
L 6497, 2003, 479, 6519, 2033, 479, 64, 64, 64
L 6519, 2033, 479, 6536, 2155, 479, 64, 64, 64
L 6536, 2155, 479, 6532, 2171, 479, 64, 64, 64
L 6532, 2171, 479, 6337, 2571, 479, 64, 64, 64
L 6337, 2571, 479, 6330, 2591, 479, 64, 64, 64
L 6330, 2591, 479, 6325, 2613, 479, 64, 64, 64
L 6325, 2613, 479, 6319, 2633, 479, 64, 64, 64
L 6319, 2633, 479, 6311, 2655, 480, 64, 64, 64
L 6311, 2655, 480, 6309, 2673, 480, 64, 64, 64
L 6309, 2673, 480, 6302, 2699, 480, 64, 64, 64
L 6302, 2699, 480, 6305, 2717, 480, 64, 64, 64
L 6305, 2717, 480, 6318, 2776, 480, 64, 64, 64
L 6318, 2776, 480, 6335, 2864, 483, 64, 64, 64
L 6335, 2864, 483, 6360, 2907, 484, 64, 64, 64
L 6360, 2907, 484, 6455, 2998, 484, 64, 64, 64
L 6455, 2998, 484, 6488, 3021, 484, 64, 64, 64
L 6488, 3021, 484, 6586, 3030, 487, 64, 64, 64
L 6586, 3030, 487, 6607, 3023, 487, 64, 64, 64
L 6607, 3023, 487, 6631, 3017, 488, 64, 64, 64
L 6631, 3017, 488, 6639, 3016, 488, 64, 64, 64
L 6639, 3016, 488, 6683, 2996, 488, 64, 64, 64
L 6683, 2996, 488, 6801, 2936, 488, 64, 64, 64
L 6801, 2936, 488, 6930, 2937, 504, 64, 64, 64
L 6930, 2937, 504, 7008, 2947, 514, 64, 64, 64
L 7008, 2947, 514, 7076, 3045, 523, 64, 64, 64
L 7076, 3045, 523, 7115, 3101, 524, 64, 64, 64
L 7100, 3080, 526, 7108, 3091, 527, 64, 64, 64
L 7108, 3091, 527, 7113, 3101, 529, 64, 64, 64
L 7115, 3101, 529, 7188, 3117, 537, 64, 64, 64
L 7188, 3117, 537, 7231, 3117, 543, 64, 64, 64
L 7231, 3117, 543, 7279, 3089, 551, 64, 64, 64
L 7279, 3089, 551, 7317, 3069, 558, 64, 64, 64
L 7317, 3069, 558, 7390, 3032, 574, 64, 64, 64
L 7390, 3032, 574, 7410, 3030, 579, 64, 64, 64
L 7410, 3030, 579, 7425, 3034, 583, 64, 64, 64
L 7425, 3034, 583, 7456, 3048, 616, 64, 64, 64
L 7456, 3048, 616, 7468, 3042, 620, 64, 64, 64
L 7468, 3042, 620, 7486, 3046, 620, 64, 64, 64
L 7486, 3046, 620, 7531, 3011, 620, 64, 64, 64
L 7531, 3011, 620, 7585, 2976, 635, 64, 64, 64
L 7585, 2976, 635, 7634, 2945, 653, 64, 64, 64
L 7634, 2945, 653, 7644, 2923, 662, 64, 64, 64
L 7644, 2923, 662, 7647, 2871, 678, 64, 64, 64
L 7647, 2871, 678, 7647, 2867, 682, 64, 64, 64
L 7647, 2867, 682, 7647, 2866, 691, 64, 64, 64
L 7647, 2866, 691, 7662, 2856, 696, 64, 64, 64
L 7662, 2856, 696, 7697, 2826, 731, 64, 64, 64
L 7697, 2826, 731, 7726, 2809, 746, 64, 64, 64
L 7726, 2809, 746, 7826, 2911, 746, 64, 64, 64
L 7826, 2911, 746, 7854, 2939, 747, 64, 64, 64
L 7854, 2939, 747, 7873, 2958, 753, 64, 64, 64
L 7873, 2958, 753, 7890, 2976, 753, 64, 64, 64
L 7890, 2976, 753, 7901, 2986, 756, 64, 64, 64
L 7901, 2986, 756, 7912, 2998, 766, 64, 64, 64
L 7912, 2998, 766, 7926, 3012, 768, 64, 64, 64
L 7926, 3012, 768, 7933, 3018, 768, 64, 64, 64
L 7933, 3018, 762, 7963, 3071, 718, 64, 64, 64
L 7963, 3071, 718, 8061, 3070, 725, 64, 64, 64
L 8061, 3070, 725, 8087, 3069, 728, 64, 64, 64
L 8087, 3069, 728, 8097, 3070, 729, 64, 64, 64
L 8097, 3070, 729, 8104, 3069, 730, 64, 64, 64
L 8104, 3069, 730, 8128, 3071, 731, 64, 64, 64
L 8128, 3071, 731, 8159, 3060, 706, 64, 64, 64
L 8163, 3110, 701, 8123, 3120, 699, 64, 64, 64
L 8123, 3120, 699, 8123, 3120, 694, 64, 64, 64
L 8123, 3120, 694, 8042, 3122, 701, 64, 64, 64
L 8042, 3122, 701, 7983, 3119, 686, 64, 64, 64
L 7983, 3119, 686, 7963, 3124, 684, 64, 64, 64
L 7963, 3124, 684, 7945, 3129, 683, 64, 64, 64
L 7945, 3129, 683, 7884, 3145, 678, 64, 64, 64
L 7884, 3145, 678, 7856, 3153, 669, 64, 64, 64
L 7856, 3153, 669, 7836, 3160, 668, 64, 64, 64
L 7836, 3160, 668, 7831, 3161, 666, 64, 64, 64
L 7831, 3161, 666, 7811, 3168, 664, 64, 64, 64
L 7811, 3168, 664, 7798, 3172, 663, 64, 64, 64
L 7798, 3172, 663, 7742, 3212, 662, 64, 64, 64
L 7742, 3212, 662, 7718, 3219, 657, 64, 64, 64
L 7718, 3219, 657, 7684, 3229, 657, 64, 64, 64
L 7684, 3229, 657, 7654, 3236, 657, 64, 64, 64
L 7654, 3236, 657, 7631, 3243, 656, 64, 64, 64
L 7631, 3243, 656, 7581, 3255, 546, 64, 64, 64
L 7581, 3255, 546, 7562, 3244, 213, 64, 64, 64
L 7562, 3244, 213, 7548, 3236, 190, 64, 64, 64
L 7548, 3236, 190, 7548, 3236, 157, 64, 64, 64
L 7548, 3236, 157, 7537, 3230, 127, 64, 64, 64
L 7537, 3230, 127, 7526, 3225, 0, 64, 64, 64
L 8161, 3108, 694, 8159, 3061, 703, 150, 0, 200
L 6012, 1724, 390, 6012, 1714, 389, 64, 64, 64
L 6012, 1714, 389, 5972, 1714, 386, 64, 64, 64
L 5972, 1714, 386, 5972, 1754, 382, 64, 64, 64
L 5972, 1754, 382, 6012, 1754, 386, 64, 64, 64
L 6012, 1754, 386, 6012, 1724, 390, 64, 64, 64
L 3749, 2367, 99, 3757, 2367, 99, 64, 64, 64
L 3757, 2367, 99, 3757, 2328, 99, 64, 64, 64
L 3757, 2328, 99, 3718, 2327, 98, 64, 64, 64
L 3718, 2327, 98, 3718, 2367, 100, 64, 64, 64
L 3718, 2367, 100, 3753, 2367, 99, 64, 64, 64
L 4593, 957, 181, 4593, 997, 180, 64, 64, 64
L 4593, 997, 180, 4553, 997, 178, 64, 64, 64
L 4553, 997, 178, 4553, 957, 179, 64, 64, 64
L 4553, 957, 179, 4593, 957, 181, 64, 64, 64
L 3142, 279, 8, 3260, 312, 22, 150, 100, 0
L 3260, 312, 22, 3511, 229, 55, 150, 100, 0
L 3511, 229, 55, 3635, 196, 71, 150, 100, 0
L 3635, 196, 71, 3949, 197, 120, 150, 100, 0
L 3949, 197, 120, 4146, 240, 144, 150, 100, 0
L 4146, 240, 144, 4276, 318, 173, 150, 100, 0
L 4276, 318, 173, 4417, 428, 174, 150, 100, 0
L 4417, 428, 174, 4494, 606, 184, 150, 100, 0
L 4494, 606, 184, 4614, 788, 185, 150, 100, 0
L 4614, 788, 185, 4638, 823, 186, 150, 100, 0
L 4638, 823, 186, 4611, 958, 182, 150, 100, 0
L 4611, 958, 182, 4610, 969, 182, 150, 100, 0
L 4610, 969, 182, 4603, 1002, 181, 150, 100, 0
L 4603, 1002, 181, 4602, 1003, 181, 150, 100, 0
L 4602, 1003, 181, 4600, 1004, 181, 150, 100, 0
L 4600, 1004, 181, 4548, 1024, 179, 150, 100, 0
L 4548, 1024, 179, 4419, 1077, 174, 150, 100, 0
L 4419, 1077, 174, 4409, 1083, 173, 150, 100, 0
L 4409, 1083, 173, 4200, 1217, 145, 150, 100, 0
L 4200, 1217, 145, 4196, 1220, 144, 150, 100, 0
L 4196, 1220, 144, 4196, 1223, 142, 150, 100, 0
L 4196, 1223, 142, 4195, 1225, 143, 150, 100, 0
L 4195, 1225, 143, 4191, 1230, 144, 150, 100, 0
L 4191, 1230, 144, 4188, 1236, 144, 150, 100, 0
L 4188, 1236, 144, 4183, 1296, 143, 150, 100, 0
L 4183, 1296, 143, 4168, 1417, 141, 150, 100, 0
L 4168, 1417, 141, 4167, 1566, 141, 150, 100, 0
L 4167, 1566, 141, 4168, 1628, 141, 150, 100, 0
L 4168, 1628, 141, 4168, 1652, 141, 150, 100, 0
L 4168, 1652, 141, 4152, 1722, 139, 150, 100, 0
L 4152, 1722, 139, 4151, 1734, 139, 150, 100, 0
L 4151, 1734, 139, 4150, 1737, 139, 150, 100, 0
L 4150, 1737, 139, 4150, 1738, 138, 150, 100, 0
L 4150, 1738, 138, 4144, 1741, 138, 150, 100, 0
L 4144, 1741, 138, 4125, 1754, 136, 150, 100, 0
L 4125, 1754, 136, 3944, 1890, 112, 150, 100, 0
L 3944, 1890, 112, 3844, 1981, 99, 150, 100, 0
L 3844, 1981, 99, 3802, 2096, 93, 150, 100, 0
L 3802, 2096, 93, 3795, 2234, 93, 150, 100, 0
L 3795, 2234, 93, 3838, 2298, 98, 150, 100, 0
L 3838, 2298, 98, 3838, 2442, 98, 150, 100, 0
L 3838, 2442, 98, 3911, 2577, 107, 150, 100, 0
L 3911, 2577, 107, 3972, 2622, 115, 150, 100, 0
L 3972, 2622, 115, 4062, 2656, 127, 150, 100, 0
L 4062, 2656, 127, 4151, 2665, 138, 150, 100, 0
L 4151, 2665, 138, 4212, 2781, 147, 150, 100, 0
L 4212, 2781, 147, 4247, 2917, 152, 150, 100, 0
L 4247, 2917, 152, 4239, 3007, 150, 150, 100, 0
L 4239, 3007, 150, 4241, 3123, 151, 150, 100, 0
L 4241, 3123, 151, 4255, 3163, 153, 150, 100, 0
L 4255, 3163, 153, 4303, 3219, 159, 150, 100, 0
L 4303, 3219, 159, 4422, 3239, 174, 150, 100, 0
L 4422, 3239, 174, 4457, 3247, 179, 150, 100, 0
L 4457, 3247, 179, 4696, 3288, 216, 150, 100, 0
L 4696, 3288, 216, 4715, 3289, 219, 150, 100, 0
L 4715, 3289, 219, 4750, 3297, 221, 150, 100, 0
L 4750, 3297, 221, 4779, 3300, 223, 150, 100, 0
L 4779, 3300, 223, 4789, 3303, 224, 150, 100, 0
L 4789, 3303, 224, 4804, 3305, 225, 150, 100, 0
L 4804, 3305, 225, 4853, 3314, 231, 150, 100, 0
L 4853, 3314, 231, 4866, 3315, 233, 150, 100, 0
L 4866, 3315, 233, 4900, 3321, 237, 150, 100, 0
L 4900, 3321, 237, 4919, 3323, 239, 150, 100, 0
L 4919, 3323, 239, 4931, 3319, 241, 150, 100, 0
L 4931, 3319, 241, 4940, 3313, 242, 150, 100, 0
L 4940, 3313, 242, 4945, 3310, 242, 150, 100, 0
L 4945, 3310, 242, 4954, 3305, 244, 150, 100, 0
L 4954, 3305, 244, 4970, 3297, 246, 150, 100, 0
L 4970, 3297, 246, 4988, 3287, 249, 150, 100, 0
L 4988, 3287, 249, 5021, 3261, 253, 150, 100, 0
L 5021, 3261, 253, 5036, 3248, 255, 150, 100, 0
L 5036, 3248, 255, 5087, 3202, 262, 150, 100, 0
L 5087, 3202, 262, 5094, 3194, 263, 150, 100, 0
L 5094, 3194, 263, 5106, 3170, 264, 150, 100, 0
L 5106, 3170, 264, 5108, 3168, 265, 150, 100, 0
L 5108, 3168, 265, 5131, 3136, 268, 150, 100, 0
L 5131, 3136, 268, 5140, 3123, 269, 150, 100, 0
L 5140, 3123, 269, 5142, 3120, 269, 150, 100, 0
L 5142, 3120, 269, 5149, 3107, 270, 150, 100, 0
L 5149, 3107, 270, 5152, 3101, 270, 150, 100, 0
L 5152, 3101, 270, 5158, 3083, 271, 150, 100, 0
L 5158, 3083, 271, 5161, 3070, 272, 150, 100, 0
L 5161, 3070, 272, 5164, 3060, 272, 150, 100, 0
L 5164, 3060, 272, 5167, 3052, 272, 150, 100, 0
L 5167, 3052, 272, 5174, 3026, 273, 150, 100, 0
L 5174, 3026, 273, 5175, 3012, 273, 150, 100, 0
L 5175, 3012, 273, 5174, 2964, 273, 150, 100, 0
L 5174, 2964, 273, 5176, 2937, 273, 150, 100, 0
L 5176, 2937, 273, 5175, 2915, 273, 150, 100, 0
L 5175, 2915, 273, 5177, 2885, 274, 150, 100, 0
L 5177, 2885, 274, 5180, 2856, 274, 150, 100, 0
L 5180, 2856, 274, 5191, 2832, 275, 150, 100, 0
L 5191, 2832, 275, 5201, 2806, 277, 150, 100, 0
L 5201, 2806, 277, 5208, 2780, 278, 150, 100, 0
L 5208, 2780, 278, 5211, 2764, 278, 150, 100, 0
L 5211, 2764, 278, 5214, 2753, 278, 150, 100, 0
L 5214, 2753, 278, 5217, 2733, 278, 150, 100, 0
L 5217, 2733, 278, 5232, 2697, 281, 150, 100, 0
L 5232, 2697, 281, 5244, 2654, 282, 150, 100, 0
L 5244, 2654, 282, 5271, 2542, 286, 150, 100, 0
L 5271, 2542, 286, 5322, 2499, 293, 150, 100, 0
L 5322, 2499, 293, 5339, 2484, 295, 150, 100, 0
L 5339, 2484, 295, 5352, 2473, 297, 150, 100, 0
L 5352, 2473, 297, 5376, 2448, 300, 150, 100, 0
L 5376, 2448, 300, 5383, 2436, 301, 150, 100, 0
L 5383, 2436, 301, 5398, 2415, 303, 150, 100, 0
L 5398, 2415, 303, 5403, 2406, 303, 150, 100, 0
L 5403, 2406, 303, 5409, 2392, 304, 150, 100, 0
L 5409, 2392, 304, 5420, 2360, 305, 150, 100, 0
L 5420, 2360, 305, 5432, 2327, 307, 150, 100, 0
L 5432, 2327, 307, 5437, 2314, 308, 150, 100, 0
L 5437, 2314, 308, 5441, 2302, 308, 150, 100, 0
L 5441, 2302, 308, 5444, 2291, 309, 150, 100, 0
L 5444, 2291, 309, 5453, 2266, 310, 150, 100, 0
L 5453, 2266, 310, 5470, 2202, 312, 150, 100, 0
L 5470, 2202, 312, 5475, 2178, 313, 150, 100, 0
L 5475, 2178, 313, 5481, 2141, 313, 150, 100, 0
L 5481, 2141, 313, 5486, 2114, 314, 150, 100, 0
L 5486, 2114, 314, 5498, 2067, 316, 150, 100, 0
L 5498, 2067, 316, 5502, 2055, 316, 150, 100, 0
L 5502, 2055, 316, 5506, 2046, 317, 150, 100, 0
L 5506, 2046, 317, 5512, 2034, 317, 150, 100, 0
L 5512, 2034, 317, 5518, 2029, 318, 150, 100, 0
L 5518, 2029, 318, 5535, 2018, 321, 150, 100, 0
L 5535, 2018, 321, 5579, 1985, 326, 150, 100, 0
L 5579, 1985, 326, 5635, 1940, 334, 150, 100, 0
L 5635, 1940, 334, 5652, 1929, 335, 150, 100, 0
L 5652, 1929, 335, 5791, 1884, 357, 150, 100, 0
L 5791, 1884, 357, 5801, 1881, 359, 150, 100, 0
L 5801, 1881, 359, 5808, 1880, 360, 150, 100, 0
L 5808, 1880, 360, 5905, 1854, 377, 150, 100, 0
L 5905, 1854, 377, 5908, 1852, 378, 150, 100, 0
L 5908, 1852, 378, 5911, 1733, 394, 150, 100, 0
L 5911, 1733, 394, 5911, 1730, 394, 150, 100, 0
L 5911, 1730, 394, 5920, 1701, 399, 150, 100, 0
L 5920, 1701, 399, 5921, 1697, 399, 150, 100, 0
L 6078, 1885, 392, 6083, 1820, 393, 150, 100, 0
L 6083, 1820, 393, 6082, 1803, 392, 150, 100, 0
L 6082, 1803, 392, 6083, 1776, 392, 150, 100, 0
L 6083, 1776, 392, 6093, 1765, 394, 150, 100, 0
L 6093, 1765, 394, 6131, 1767, 399, 150, 100, 0
L 6131, 1767, 399, 6148, 1770, 401, 150, 100, 0
L 6148, 1770, 401, 6190, 1778, 407, 150, 100, 0
L 6190, 1778, 407, 6201, 1780, 408, 150, 100, 0
L 6201, 1780, 408, 6222, 1799, 411, 150, 100, 0
L 6222, 1799, 411, 6268, 1836, 417, 150, 100, 0
L 6268, 1836, 417, 6287, 1852, 419, 150, 100, 0
L 6287, 1852, 419, 6301, 1864, 421, 150, 100, 0
L 6301, 1864, 421, 6349, 1911, 427, 150, 100, 0
L 6349, 1911, 427, 6356, 1921, 428, 150, 100, 0
L 6356, 1921, 428, 6363, 1937, 429, 150, 100, 0
L 6363, 1937, 429, 6380, 1962, 431, 150, 100, 0
L 6380, 1962, 431, 6424, 2031, 437, 150, 100, 0
L 6424, 2031, 437, 6442, 2063, 440, 150, 100, 0
L 6442, 2063, 440, 6447, 2074, 440, 150, 100, 0
L 6447, 2074, 440, 6447, 2108, 440, 150, 100, 0
L 6447, 2108, 440, 6449, 2141, 441, 150, 100, 0
L 6449, 2141, 441, 6450, 2155, 441, 150, 100, 0
L 6450, 2155, 441, 6448, 2182, 441, 150, 100, 0
L 6448, 2182, 441, 6445, 2194, 441, 150, 100, 0
L 6445, 2194, 441, 6432, 2217, 441, 150, 100, 0
L 6432, 2217, 441, 6399, 2295, 441, 150, 100, 0
L 6399, 2295, 441, 6368, 2386, 432, 150, 100, 0
L 6368, 2386, 432, 6359, 2409, 432, 150, 100, 0
L 6359, 2409, 432, 6330, 2456, 432, 150, 100, 0
L 6330, 2456, 432, 6263, 2650, 422, 150, 100, 0
L 6263, 2650, 422, 6249, 2708, 418, 150, 100, 0
L 6249, 2708, 418, 6246, 2763, 415, 150, 100, 0
L 6246, 2763, 415, 6246, 2777, 414, 150, 100, 0
L 6246, 2777, 414, 6247, 2792, 414, 150, 100, 0
L 6247, 2792, 414, 6248, 2821, 414, 150, 100, 0
L 6248, 2821, 414, 6250, 2833, 414, 150, 100, 0
L 6250, 2833, 414, 6255, 2852, 415, 150, 100, 0
L 6255, 2852, 415, 6259, 2863, 416, 150, 100, 0
L 6259, 2863, 416, 6280, 2907, 418, 150, 100, 0
L 6280, 2907, 418, 6301, 2946, 421, 150, 100, 0
L 6301, 2946, 421, 6315, 2968, 423, 150, 100, 0
L 6315, 2968, 423, 6322, 2978, 424, 150, 100, 0
L 6322, 2978, 424, 6336, 2992, 426, 150, 100, 0
L 6336, 2992, 426, 6370, 3019, 430, 150, 100, 0
L 6370, 3019, 430, 6395, 3035, 433, 150, 100, 0
L 6395, 3035, 433, 6442, 3067, 440, 150, 100, 0
L 6442, 3067, 440, 6453, 3074, 441, 150, 100, 0
L 6453, 3074, 441, 6468, 3082, 443, 150, 100, 0
L 6468, 3082, 443, 6480, 3087, 444, 150, 100, 0
L 6480, 3087, 444, 6583, 3086, 458, 150, 100, 0
L 6583, 3086, 458, 6641, 3076, 466, 150, 100, 0
L 6641, 3076, 466, 6656, 3072, 468, 150, 100, 0
L 6656, 3072, 468, 6667, 3068, 469, 150, 100, 0
L 6667, 3068, 469, 6692, 3057, 472, 150, 100, 0
L 6692, 3057, 472, 6704, 3050, 474, 150, 100, 0
L 6704, 3050, 474, 6714, 3043, 475, 150, 100, 0
L 6714, 3043, 475, 6723, 3034, 476, 150, 100, 0
L 6723, 3034, 476, 6742, 3014, 479, 150, 100, 0
L 6742, 3014, 479, 6764, 2995, 482, 150, 100, 0
L 6764, 2995, 482, 6778, 2985, 484, 150, 100, 0
L 6778, 2985, 484, 6790, 2978, 485, 150, 100, 0
L 6790, 2978, 485, 6811, 2971, 488, 150, 100, 0
L 6811, 2971, 488, 6828, 2973, 490, 150, 100, 0
L 6828, 2973, 490, 6840, 2974, 492, 150, 100, 0
L 6840, 2974, 492, 6864, 2974, 495, 150, 100, 0
L 6864, 2974, 495, 6883, 2975, 497, 150, 100, 0
L 6883, 2975, 497, 6895, 2977, 499, 150, 100, 0
L 6895, 2977, 499, 6905, 2979, 500, 150, 100, 0
L 6905, 2979, 500, 6929, 2987, 504, 150, 100, 0
L 6929, 2987, 504, 6940, 2991, 505, 150, 100, 0
L 6940, 2991, 505, 6954, 2992, 507, 150, 100, 0
L 6954, 2992, 507, 6967, 2996, 509, 150, 100, 0
L 6967, 2996, 509, 6978, 3002, 510, 150, 100, 0
L 6978, 3002, 510, 7040, 3058, 518, 150, 100, 0
L 7040, 3058, 518, 7056, 3092, 520, 150, 100, 0
L 7056, 3092, 520, 7058, 3096, 520, 150, 100, 0
L 7058, 3096, 520, 7094, 3144, 525, 150, 100, 0
L 7094, 3144, 525, 7104, 3155, 526, 150, 100, 0
L 7104, 3155, 526, 7121, 3166, 529, 150, 100, 0
L 7121, 3166, 529, 7135, 3173, 530, 150, 100, 0
L 7135, 3173, 530, 7186, 3170, 543, 150, 100, 0
L 7186, 3170, 543, 7238, 3164, 544, 150, 100, 0
L 7238, 3164, 544, 7260, 3162, 547, 150, 100, 0
L 7260, 3162, 547, 7271, 3160, 549, 150, 100, 0
L 7271, 3160, 549, 7284, 3158, 552, 150, 100, 0
L 7284, 3158, 552, 7313, 3138, 558, 150, 100, 0
L 7313, 3138, 558, 7376, 3107, 571, 150, 100, 0
L 7376, 3107, 571, 7402, 3115, 577, 150, 100, 0
L 7402, 3115, 577, 7427, 3128, 583, 150, 100, 0
L 7427, 3128, 583, 7453, 3136, 591, 150, 100, 0
L 7453, 3136, 591, 7467, 3135, 595, 150, 100, 0
L 7467, 3135, 595, 7481, 3132, 600, 150, 100, 0
L 7481, 3132, 600, 7496, 3125, 604, 150, 100, 0
L 7496, 3125, 604, 7520, 3114, 612, 150, 100, 0
L 7520, 3114, 612, 7535, 3114, 617, 150, 100, 0
L 7535, 3114, 617, 7553, 3127, 623, 150, 100, 0
L 7553, 3127, 623, 7566, 3137, 628, 150, 100, 0
L 7566, 3137, 628, 7576, 3147, 632, 150, 100, 0
L 7576, 3147, 632, 7591, 3172, 637, 150, 100, 0
L 7591, 3172, 637, 7608, 3200, 644, 150, 100, 0
L 7608, 3200, 644, 7644, 3236, 657, 150, 100, 0
L 7644, 3236, 657, 7646, 3238, 657, 150, 100, 0
L 218, 614, 3, 224, 643, 3, 150, 100, 0
L 224, 643, 3, 207, 656, 3, 150, 100, 0
L 631, 591, 28, 601, 604, 26, 150, 100, 0
L 601, 604, 26, 592, 622, 28, 150, 100, 0
L 592, 622, 28, 594, 639, 30, 150, 100, 0
L 594, 639, 30, 614, 646, 33, 150, 100, 0
L 108, 405, 3, 178, 444, 3, 150, 100, 0
L 178, 444, 3, 198, 449, 3, 150, 100, 0
L 198, 449, 3, 209, 435, 3, 150, 100, 0
L 209, 435, 3, 189, 404, 3, 150, 100, 0
L 189, 404, 3, 177, 389, 3, 150, 100, 0
L 224, 700, 1, 178, 676, 1, 64, 64, 64
L 178, 676, 1, 173, 685, 1, 64, 64, 64
L 173, 685, 1, 171, 684, 1, 64, 64, 64
L 171, 684, 1, 165, 694, 1, 64, 64, 64
L 165, 694, 1, 168, 696, 1, 64, 64, 64
L 168, 696, 1, 151, 727, 1, 64, 64, 64
L 151, 727, 1, 170, 738, 1, 64, 64, 64
L 170, 738, 1, 168, 741, 1, 64, 64, 64
L 168, 741, 1, 176, 746, 1, 64, 64, 64
L 176, 746, 1, 178, 742, 1, 64, 64, 64
L 178, 742, 1, 196, 752, 1, 64, 64, 64
L 196, 752, 1, 224, 700, 1, 64, 64, 64
L 169, 739, 4, 177, 743, 4, 64, 64, 64
L 168, 740, 2, 177, 745, 2, 64, 64, 64
L 154, 726, 6, 195, 748, 6, 64, 64, 64
L 195, 748, 6, 220, 701, 6, 64, 64, 64
L 220, 701, 6, 179, 679, 6, 64, 64, 64
L 179, 679, 6, 154, 726, 6, 64, 64, 64
L 182, 844, 5, 187, 842, 5, 64, 64, 64
L 187, 842, 5, 194, 858, 6, 64, 64, 64
L 194, 858, 6, 178, 865, 7, 64, 64, 64
L 178, 865, 7, 171, 849, 6, 64, 64, 64
L 171, 849, 6, 176, 847, 6, 64, 64, 64
L 175, 846, 6, 170, 848, 6, 64, 64, 64
L 170, 848, 6, 178, 867, 7, 64, 64, 64
L 178, 867, 7, 196, 858, 7, 64, 64, 64
L 196, 858, 6, 188, 840, 5, 64, 64, 64
L 188, 840, 5, 182, 843, 5, 64, 64, 64
L 182, 843, 5, 182, 844, 5, 64, 64, 64
L 176, 847, 6, 175, 846, 6, 64, 64, 64
L 144, 876, 8, 140, 840, 5, 64, 64, 64
L 140, 840, 5, 118, 843, 5, 64, 64, 64
L 118, 843, 5, 118, 837, 5, 64, 64, 64
L 118, 837, 5, 108, 838, 5, 64, 64, 64
L 108, 838, 5, 109, 844, 5, 64, 64, 64
L 109, 844, 5, 88, 847, 6, 64, 64, 64
L 88, 847, 6, 95, 905, 10, 64, 64, 64
L 95, 905, 10, 147, 898, 10, 64, 64, 64
L 144, 876, 8, 147, 876, 8, 64, 64, 64
L 147, 876, 8, 148, 888, 9, 64, 64, 64
L 148, 888, 9, 146, 888, 9, 64, 64, 64
L 146, 888, 9, 147, 898, 9, 64, 64, 64
L 118, 840, 8, 109, 841, 8, 64, 64, 64
L 118, 843, 11, 109, 844, 11, 64, 64, 64
L 118, 841, 10, 109, 843, 10, 64, 64, 64
L 118, 838, 7, 108, 840, 7, 64, 64, 64
L 144, 896, 12, 98, 902, 12, 64, 64, 64
L 98, 902, 12, 91, 849, 12, 64, 64, 64
L 91, 849, 12, 138, 843, 12, 64, 64, 64
L 138, 843, 12, 144, 896, 12, 64, 64, 64
L 18, 845, 5, 39, 852, 6, 64, 64, 64
L 39, 852, 6, 27, 887, 9, 64, 64, 64
L 27, 887, 9, 29, 887, 9, 64, 64, 64
L 29, 887, 9, 25, 899, 9, 64, 64, 64
L 25, 899, 9, 23, 898, 9, 64, 64, 64
L 23, 898, 9, 20, 908, 10, 64, 64, 64
L 20, 908, 10, -30, 891, 8, 64, 64, 64
L -30, 891, 8, -11, 835, 5, 64, 64, 64
L -11, 835, 5, 9, 842, 5, 64, 64, 64
L 9, 842, 5, 11, 838, 5, 64, 64, 64
L 20, 841, 5, 18, 845, 5, 64, 64, 64
L 20, 841, 6, 11, 838, 6, 64, 64, 64
L 19, 843, 7, 10, 840, 7, 64, 64, 64
L 18, 845, 10, 9, 842, 10, 64, 64, 64
L 19, 844, 9, 10, 841, 9, 64, 64, 64
L -9, 839, 11, -26, 889, 11, 64, 64, 64
L -26, 889, 11, 18, 904, 11, 64, 64, 64
L 18, 904, 11, 35, 854, 11, 64, 64, 64
L -9, 839, 11, 35, 854, 11, 64, 64, 64
L 58, 733, 1, 93, 755, 1, 64, 64, 64
L 96, 754, 1, 106, 736, 1, 64, 64, 64
L 106, 736, 1, 117, 720, 1, 64, 64, 64
L 116, 717, 1, 117, 718, 1, 64, 64, 64
L 116, 717, 1, 115, 718, 1, 64, 64, 64
L 115, 718, 1, 98, 708, 1, 64, 64, 64
L 100, 709, 1, 100, 708, 1, 64, 64, 64
L 100, 708, 1, 99, 707, 1, 64, 64, 64
L 99, 707, 1, 98, 708, 1, 64, 64, 64
L 98, 707, 1, 80, 696, 1, 64, 64, 64
L 80, 696, 1, 58, 731, 1, 64, 64, 64
L 59, 730, 1, 58, 732, 1, 64, 64, 64
L 60, 733, 1, 58, 732, 1, 64, 64, 64
L 59, 733, 1, 58, 733, 1, 64, 64, 64
L 59, 732, 1, 58, 731, 1, 64, 64, 64
L 92, 754, 1, 95, 756, 1, 64, 64, 64
L 97, 754, 1, 95, 756, 1, 64, 64, 64
L 96, 754, 1, 97, 754, 1, 64, 64, 64
L 105, 738, 1, 106, 739, 1, 64, 64, 64
L 106, 739, 1, 107, 737, 1, 64, 64, 64
L 107, 737, 1, 106, 736, 1, 64, 64, 64
L 117, 719, 1, 117, 718, 1, 64, 64, 64
L 115, 718, 1, 117, 720, 1, 64, 64, 64
L 115, 720, 1, 94, 753, 1, 64, 64, 64
L 96, 754, 1, 93, 752, 1, 64, 64, 64
L 93, 752, 1, 92, 754, 1, 64, 64, 64
L 93, 753, 1, 77, 743, 1, 64, 64, 64
L 77, 743, 1, 78, 742, 1, 64, 64, 64
L 78, 742, 1, 76, 741, 1, 64, 64, 64
L 76, 741, 1, 76, 742, 1, 64, 64, 64
L 60, 733, 1, 77, 743, 1, 64, 64, 64
L 60, 733, 1, 61, 732, 1, 64, 64, 64
L 61, 732, 1, 59, 730, 1, 64, 64, 64
L 60, 731, 1, 70, 715, 1, 64, 64, 64
L 70, 715, 1, 71, 716, 1, 64, 64, 64
L 71, 716, 1, 72, 714, 1, 64, 64, 64
L 72, 714, 1, 71, 714, 1, 64, 64, 64
L 70, 715, 1, 81, 698, 1, 64, 64, 64
L 81, 698, 1, 116, 721, 1, 64, 64, 64
L -101, 1719, 5, 48, 1826, 6, 150, 100, 0
L 48, 1826, 6, 66, 1877, 3, 150, 100, 0
L 66, 1877, 3, 64, 2081, 4, 150, 100, 0
L 64, 2081, 4, 35, 2194, 4, 150, 100, 0
L 35, 2194, 4, -82, 2276, 3, 150, 100, 0
L -82, 2276, 3, -121, 2289, 3, 150, 100, 0
L -121, 2289, 3, -119, 2265, 3, 150, 100, 0
L -119, 2265, 3, -20, 2182, 4, 150, 100, 0
L -20, 2182, 4, 17, 2129, 4, 150, 100, 0
L 17, 2129, 4, 17, 2028, 3, 150, 100, 0
L 17, 2028, 3, 10, 1996, 3, 150, 100, 0
L 10, 1996, 3, 14, 1972, 3, 150, 100, 0
L 14, 1972, 3, 22, 1884, 3, 150, 100, 0
L 22, 1884, 3, 4, 1841, 3, 150, 100, 0
L 4, 1841, 3, -54, 1796, 3, 150, 100, 0
L -54, 1796, 3, -84, 1774, 3, 150, 100, 0
L -84, 1774, 3, -108, 1752, 3, 150, 100, 0
L -108, 1752, 3, -122, 1732, 3, 150, 100, 0
L -122, 1732, 3, -101, 1719, 5, 150, 100, 0
L -186, 2342, 5, -253, 2416, 9, 150, 100, 0
L -253, 2416, 9, -308, 2459, 11, 150, 100, 0
L -308, 2459, 11, -404, 2527, 7, 150, 100, 0
L -404, 2527, 7, -456, 2573, 4, 150, 100, 0
L -456, 2573, 4, -498, 2591, 1, 150, 100, 0
L -498, 2591, 1, -517, 2613, -0, 150, 100, 0
L -517, 2613, -0, -466, 2655, 9, 150, 100, 0
L -466, 2655, 9, -440, 2679, 13, 150, 100, 0
L -440, 2679, 13, -403, 2704, 19, 150, 100, 0
L -403, 2704, 19, -376, 2730, 24, 150, 100, 0
L -376, 2730, 24, -342, 2742, 28, 150, 100, 0
L -342, 2742, 28, -207, 2746, 37, 150, 100, 0
L -207, 2746, 37, -141, 2743, 41, 150, 100, 0
L -141, 2743, 41, -99, 2747, 45, 150, 100, 0
L -99, 2747, 45, -67, 2742, 47, 150, 100, 0
L -67, 2742, 47, 56, 2742, 55, 150, 100, 0
L 56, 2742, 55, 157, 2747, 61, 150, 100, 0
L 157, 2747, 61, 207, 2742, 62, 150, 100, 0
L 207, 2742, 62, 226, 2752, 64, 150, 100, 0
L 226, 2752, 64, 264, 2755, 62, 150, 100, 0
L 264, 2755, 62, 329, 2755, 56, 150, 100, 0
L 329, 2755, 56, 396, 2753, 51, 150, 100, 0
L 396, 2753, 51, 476, 2792, 52, 150, 100, 0
L 476, 2792, 52, 540, 2858, 58, 150, 100, 0
L 540, 2858, 58, 564, 2884, 60, 150, 100, 0
L 564, 2884, 60, 585, 2920, 63, 150, 100, 0
L 585, 2920, 63, 637, 2947, 59, 150, 100, 0
L 637, 2947, 59, 701, 2993, 51, 150, 100, 0
L 701, 2993, 51, 812, 3075, 38, 150, 100, 0
L 812, 3075, 38, 908, 3153, 26, 150, 100, 0
L 908, 3153, 26, 972, 3219, 19, 150, 100, 0
L 972, 3219, 19, 1016, 3251, 17, 150, 100, 0
L 1016, 3251, 17, 1070, 3294, 15, 150, 100, 0
L 1070, 3294, 15, 1106, 3331, 13, 150, 100, 0
L 1106, 3331, 13, 1158, 3364, 11, 150, 100, 0
L 1158, 3364, 11, 1247, 3369, 7, 150, 100, 0
L 1247, 3369, 7, 1299, 3368, 5, 150, 100, 0
L 1299, 3368, 5, 1330, 3375, 3, 150, 100, 0
L 1330, 3375, 3, 1358, 3380, 3, 150, 100, 0
L 1358, 3380, 3, 1417, 3380, 3, 150, 100, 0
L 1417, 3380, 3, 1465, 3377, 3, 150, 100, 0
L 1465, 3377, 3, 1596, 3381, 3, 150, 100, 0
L 1596, 3381, 3, 1637, 3380, 3, 150, 100, 0
L 1637, 3380, 3, 1710, 3383, 3, 150, 100, 0
L 1710, 3383, 3, 1794, 3380, 3, 150, 100, 0
L 1794, 3380, 3, 1864, 3376, 3, 150, 100, 0
L 1864, 3376, 3, 1931, 3401, 3, 150, 100, 0
L 1931, 3401, 3, 1962, 3436, 3, 150, 100, 0
L 1962, 3436, 3, 2022, 3501, 3, 150, 100, 0
L 2022, 3501, 3, 2053, 3539, 3, 150, 100, 0
L 2053, 3539, 3, 2052, 3561, 3, 150, 100, 0
L 2052, 3561, 3, 2000, 3525, 3, 150, 100, 0
L 2000, 3525, 3, 1951, 3473, 3, 150, 100, 0
L 1951, 3473, 3, 1896, 3430, 3, 150, 100, 0
L 1896, 3430, 3, 1822, 3419, 3, 150, 100, 0
L 1822, 3419, 3, 1758, 3422, 3, 150, 100, 0
L 1758, 3422, 3, 1660, 3431, 3, 150, 100, 0
L 1660, 3431, 3, 1523, 3427, 3, 150, 100, 0
L 1523, 3427, 3, 1458, 3424, 3, 150, 100, 0
L 1458, 3424, 3, 1392, 3428, 3, 150, 100, 0
L 1392, 3428, 3, 1346, 3413, 3, 150, 100, 0
L 1346, 3413, 3, 1304, 3409, 4, 150, 100, 0
L 1304, 3409, 4, 1249, 3409, 7, 150, 100, 0
L 1249, 3409, 7, 1208, 3411, 9, 150, 100, 0
L 1208, 3411, 9, 1164, 3414, 10, 150, 100, 0
L 1164, 3414, 10, 1099, 3388, 12, 150, 100, 0
L 1099, 3388, 12, 1065, 3353, 14, 150, 100, 0
L 1065, 3353, 14, 1034, 3311, 16, 150, 100, 0
L 1034, 3311, 16, 1004, 3280, 17, 150, 100, 0
L 1004, 3280, 17, 984, 3246, 18, 150, 100, 0
L 984, 3246, 18, 966, 3218, 20, 150, 100, 0
L 966, 3218, 20, 903, 3195, 29, 150, 100, 0
L 903, 3195, 29, 865, 3171, 34, 150, 100, 0
L 865, 3171, 34, 800, 3116, 41, 150, 100, 0
L 800, 3116, 41, 754, 3080, 47, 150, 100, 0
L 754, 3080, 47, 687, 3043, 56, 150, 100, 0
L 687, 3043, 56, 639, 2998, 61, 150, 100, 0
L 639, 2998, 61, 601, 2951, 65, 150, 100, 0
L 601, 2951, 65, 569, 2920, 65, 150, 100, 0
L 569, 2920, 65, 518, 2892, 64, 150, 100, 0
L 518, 2892, 64, 477, 2853, 61, 150, 100, 0
L 477, 2853, 61, 444, 2819, 58, 150, 100, 0
L 444, 2819, 58, 397, 2795, 58, 150, 100, 0
L 397, 2795, 58, 321, 2790, 63, 150, 100, 0
L 321, 2790, 63, 243, 2795, 70, 150, 100, 0
L 243, 2795, 70, 212, 2790, 71, 150, 100, 0
L 212, 2790, 71, 164, 2782, 67, 150, 100, 0
L 164, 2782, 67, 83, 2785, 64, 150, 100, 0
L 83, 2785, 64, 63, 2807, 66, 150, 100, 0
L 63, 2807, 66, 64, 2855, 72, 150, 100, 0
L 64, 2855, 72, 63, 2890, 77, 150, 100, 0
L 63, 2890, 77, 52, 2925, 80, 150, 100, 0
L 52, 2925, 80, 52, 2953, 83, 150, 100, 0
L 52, 2953, 83, 49, 3013, 88, 150, 100, 0
L 49, 3013, 88, 51, 3051, 91, 150, 100, 0
L 51, 3051, 91, 16, 3120, 92, 150, 100, 0
L 16, 3120, 92, -41, 3159, 89, 150, 100, 0
L -41, 3159, 89, -100, 3193, 85, 150, 100, 0
L -100, 3193, 85, -138, 3193, 81, 150, 100, 0
L -138, 3193, 81, -106, 3154, 82, 150, 100, 0
L -106, 3154, 82, -36, 3101, 86, 150, 100, 0
L -36, 3101, 86, 0, 3049, 87, 150, 100, 0
L 0, 3049, 87, 2, 2990, 82, 150, 100, 0
L 2, 2990, 82, -2, 2954, 79, 150, 100, 0
L -2, 2954, 79, 14, 2923, 77, 150, 100, 0
L 14, 2923, 77, 16, 2861, 69, 150, 100, 0
L 16, 2861, 69, 16, 2809, 63, 150, 100, 0
L 16, 2809, 63, 0, 2790, 59, 150, 100, 0
L 0, 2790, 59, -31, 2784, 56, 150, 100, 0
L -31, 2784, 56, -160, 2785, 45, 150, 100, 0
L -160, 2785, 45, -208, 2787, 42, 150, 100, 0
L -208, 2787, 42, -239, 2785, 40, 150, 100, 0
L -239, 2785, 40, -302, 2784, 36, 150, 100, 0
L -302, 2784, 36, -357, 2776, 30, 150, 100, 0
L -357, 2776, 30, -422, 2743, 20, 150, 100, 0
L -422, 2743, 20, -463, 2713, 13, 150, 100, 0
L -463, 2713, 13, -509, 2661, 5, 150, 100, 0
L -509, 2661, 5, -533, 2612, -1, 150, 100, 0
L -533, 2612, -1, -515, 2561, -0, 150, 100, 0
L -515, 2561, -0, -432, 2484, 5, 150, 100, 0
L -432, 2484, 5, -362, 2438, 9, 150, 100, 0
L -362, 2438, 9, -317, 2406, 8, 150, 100, 0
L -317, 2406, 8, -275, 2371, 6, 150, 100, 0
L -275, 2371, 6, -244, 2341, 4, 150, 100, 0
L -244, 2341, 4, -205, 2329, 4, 150, 100, 0
L -205, 2329, 4, -186, 2342, 5, 150, 100, 0
L 2413, 3780, -45, 2417, 3800, -49, 100, 50, 0
L 2417, 3800, -49, 2437, 3796, -47, 100, 50, 0
L 2437, 3796, -46, 2433, 3775, -44, 100, 50, 0
L 2433, 3775, -44, 2413, 3780, -45, 100, 50, 0
L 2418, 3796, -44, 2418, 3798, -44, 100, 50, 0
L 2418, 3798, -44, 2436, 3795, -44, 100, 50, 0
L 2436, 3795, -44, 2432, 3777, -44, 100, 50, 0
L 2432, 3777, -44, 2415, 3781, -44, 100, 50, 0
L 2415, 3781, -44, 2415, 3784, -44, 100, 50, 0
L 2353, 3505, 1, 2373, 3511, 1, 100, 50, 0
L 2373, 3511, 1, 2385, 3472, 1, 100, 50, 0
L 2385, 3472, 1, 2365, 3466, 1, 100, 50, 0
L 2365, 3466, 1, 2353, 3505, 1, 100, 50, 0
L 2369, 3507, 1, 2372, 3508, 1, 100, 50, 0
L 2372, 3508, 1, 2383, 3474, 1, 100, 50, 0
L 2383, 3474, 1, 2366, 3468, 1, 100, 50, 0
L 2366, 3468, 1, 2355, 3503, 1, 100, 50, 0
L 2355, 3503, 1, 2358, 3504, 1, 100, 50, 0
L 2262, 3515, 1, 2275, 3499, 1, 100, 50, 0
L 2275, 3499, 1, 2242, 3474, 1, 100, 50, 0
L 2242, 3474, 1, 2230, 3490, 1, 100, 50, 0
L 2230, 3490, 1, 2262, 3515, 1, 100, 50, 0
L 2270, 3501, 1, 2272, 3498, 1, 100, 50, 0
L 2272, 3498, 1, 2243, 3476, 1, 100, 50, 0
L 2243, 3476, 1, 2232, 3490, 1, 100, 50, 0
L 2232, 3490, 1, 2261, 3513, 1, 100, 50, 0
L 2261, 3513, 1, 2263, 3510, 1, 100, 50, 0
L 2186, 3536, 1, 2145, 3531, 1, 100, 50, 0
L 2145, 3531, 1, 2143, 3552, 1, 100, 50, 0
L 2143, 3552, 1, 2183, 3557, 1, 100, 50, 0
L 2183, 3557, 1, 2186, 3536, 1, 100, 50, 0
L 2182, 3552, 1, 2181, 3555, 1, 100, 50, 0
L 2181, 3555, 1, 2145, 3550, 1, 100, 50, 0
L 2145, 3550, 1, 2147, 3533, 1, 100, 50, 0
L 2147, 3533, 1, 2183, 3537, 1, 100, 50, 0
L 2183, 3537, 1, 2183, 3540, 1, 100, 50, 0
L 2241, 3687, -25, 2221, 3681, -24, 100, 50, 0
L 2221, 3681, -25, 2215, 3700, -27, 100, 50, 0
L 2215, 3700, -28, 2234, 3707, -29, 100, 50, 0
L 2234, 3707, -29, 2241, 3687, -26, 100, 50, 0
L 2238, 3691, -24, 2239, 3688, -24, 100, 50, 0
L 2239, 3688, -24, 2222, 3682, -24, 100, 50, 0
L 2222, 3682, -24, 2216, 3699, -24, 100, 50, 0
L 2216, 3699, -24, 2233, 3705, -24, 100, 50, 0
L 2233, 3705, -24, 2234, 3702, -24, 100, 50, 0
L 2297, 3878, -69, 2278, 3879, -69, 100, 50, 0
L 2297, 3878, -68, 2298, 3939, -68, 100, 50, 0
L 2298, 3939, -68, 2279, 3939, -68, 100, 50, 0
L 2279, 3939, -68, 2278, 3879, -68, 100, 50, 0
L 2431, 3950, -62, 2431, 3947, -62, 100, 50, 0
L 2431, 3947, -62, 2449, 3946, -62, 100, 50, 0
L 2449, 3946, -62, 2450, 3964, -62, 100, 50, 0
L 2450, 3964, -62, 2432, 3964, -62, 100, 50, 0
L 2432, 3964, -62, 2432, 3961, -62, 100, 50, 0
L 2430, 3945, -61, 2451, 3945, -61, 100, 50, 0
L 2451, 3945, -61, 2451, 3966, -61, 100, 50, 0
L 2451, 3966, -61, 2430, 3966, -61, 100, 50, 0
L 2430, 3966, -61, 2430, 3945, -61, 100, 50, 0
L 2190, 3940, -56, 2191, 3920, -56, 100, 50, 0
L 2191, 3920, -56, 2170, 3919, -56, 100, 50, 0
L 2170, 3919, -56, 2169, 3939, -56, 100, 50, 0
L 2169, 3939, -56, 2190, 3940, -56, 100, 50, 0
L 2189, 3924, -57, 2189, 3921, -57, 100, 50, 0
L 2189, 3921, -57, 2172, 3920, -57, 100, 50, 0
L 2172, 3920, -57, 2171, 3938, -57, 100, 50, 0
L 2171, 3938, -57, 2189, 3939, -57, 100, 50, 0
L 2189, 3939, -57, 2189, 3936, -57, 100, 50, 0
P 2645.0000, -1228.0000, 0.0000,  0, 0, 0,  2,  Stace_(Merchant)
P 2677.0000, -1529.0000, 0.0000,  0, 0, 0,  2,  Tanrak_(Weapons)
P -212.0000, 24.0000, 0.0000,  0, 0, 0,  2,  Mile_Marker
P 79.0000, -14.0000, 0.0000,  0, 0, 0,  2,  Mile_Marker
P -839.0000, -5.0000, 0.0000,  0, 240, 0,  2,  to_Northern_Planes_of_Karana
P 194.0000, 732.0000, 0.0000,  0, 0, 0,  2,  Paulina_(Merchant)
P 99.0000, 856.0000, 0.0000,  0, 0, 0,  2,  Bradly_(Merchant)
P 12.0000, 886.0000, 0.0000,  0, 0, 0,  2,  Bryan_(Fletcher)
P -425.0000, -1300.0000, 0.0000,  255, 255, 255,  2,  Druid_Circle
P -865.0000, -15.0000, 0.0000,  255, 255, 255,  2,  Succor_Point
P 2503.0000, -1309.0000, 6.8220,  0, 0, 0,  3,  Silvia_(Tailor)
P 2634.0000, -1198.0000, 4.5530,  0, 0, 0,  3,  Sorn_(Merchant)
P 2757.0000, -1306.0000, 6.1440,  0, 0, 0,  3,  Lucetta_(Merchant)
P 2722.0000, -1328.0000, 6.1440,  0, 0, 0,  3,  Balthazar_(Merchant)
P 2267.7959, -3094.1780, 89.4590,  0, 240, 0,  3,  to_the_Gorge_of_King_Xorbb
P 137.0000, 891.0000, 11.1580,  0, 0, 0,  3,  Julie_(Merchant)
P 2399.0000, 3790.0000, -47.4980,  0, 0, 0,  3,  Sharna_(Merchant)
P 8016.4028, 3096.3721, 698.5140,  0, 240, 0,  3,  to_High_Hold_Pass