L -3740.8037, -984.9999, -52.6490,  -3740.8037, -982.9131, -52.6490,  100, 50, 0
L -3751.1975, -995.4033, -52.6490,  -3740.8037, -984.9999, -52.6490,  100, 50, 0
L -3765.9121, -995.4071, -52.6490,  -3751.1975, -995.4033, -52.6490,  100, 50, 0
L -3769.0964, -992.2239, -52.6489,  -3765.9121, -995.4071, -52.6490,  100, 50, 0
L -3776.3154, -985.0075, -52.6490,  -3773.9617, -987.3606, -52.6490,  100, 50, 0
L -3776.3193, -970.2988, -52.6490,  -3776.3154, -985.0075, -52.6490,  100, 50, 0
L -3765.9194, -959.8953, -52.6490,  -3776.3193, -970.2988, -52.6490,  100, 50, 0
L -3751.2087, -959.8916, -52.6490,  -3765.9194, -959.8953, -52.6490,  100, 50, 0
L -3740.8057, -970.2909, -52.6490,  -3751.2087, -959.8916, -52.6490,  100, 50, 0
L -3740.8057, -971.9672, -52.6490,  -3740.8057, -970.2909, -52.6490,  100, 50, 0
L -3674.9021, -1002.5367, -53.1494,  -3676.9302, -1002.5367, -53.1494,  100, 50, 0
L -3664.4219, -1013.0132, -53.1494,  -3674.9021, -1002.5367, -53.1494,  100, 50, 0
L -3664.4202, -1014.3749, -53.1494,  -3664.4219, -1013.0132, -53.1494,  100, 50, 0
L -3662.4072, -1012.8328, -53.1494,  -3662.4111, -1015.2346, -53.1494,  100, 50, 0
L -3652.0022, -1002.4391, -53.1494,  -3662.4072, -1012.8328, -53.1494,  100, 50, 0
L -3637.5566, -1002.4466, -53.1494,  -3652.0022, -1002.4391, -53.1494,  100, 50, 0
L -3634.1248, -1005.6186, -53.1494,  -3637.5566, -1002.4466, -53.1494,  100, 50, 0
L -3626.8958, -1012.8558, -53.1494,  -3629.2600, -1010.4888, -53.1494,  100, 50, 0
L -3626.9072, -1027.5648, -53.1494,  -3626.8958, -1012.8558, -53.1494,  100, 50, 0
L -3637.3123, -1037.9584, -53.1494,  -3626.9072, -1027.5648, -53.1494,  100, 50, 0
L -3651.8328, -1037.9508, -53.1494,  -3637.3123, -1037.9584, -53.1494,  100, 50, 0
L -3662.4187, -1027.5459, -53.1494,  -3651.8328, -1037.9508, -53.1494,  100, 50, 0
L -3662.4158, -1025.7430, -53.1494,  -3662.4187, -1027.5459, -53.1494,  100, 50, 0
L -3664.4287, -1027.5785, -53.1494,  -3664.4050, -1025.0905, -53.1494,  100, 50, 0
L -3667.6794, -1030.8306, -53.1494,  -3664.4287, -1027.5785, -53.1494,  100, 50, 0
L -3674.8945, -1038.0483, -53.1494,  -3672.5452, -1035.6980, -53.1494,  100, 50, 0
L -3677.5803, -1038.0490, -53.1494,  -3674.8945, -1038.0483, -53.1494,  100, 50, 0
L -3677.5884, -1031.0861, -53.1494,  -3677.5803, -1038.0490, -53.1494,  100, 50, 0
L -3688.3938, -1030.9210, -53.1494,  -3677.5884, -1031.0861, -53.1494,  100, 50, 0
L -3688.2847, -1033.9965, -53.1494,  -3688.3938, -1030.9210, -53.1494,  100, 50, 0
L -3680.7908, -1034.0278, -53.1494,  -3688.2847, -1033.9965, -53.1494,  100, 50, 0
L -3680.7908, -1038.0499, -53.1494,  -3680.7908, -1034.0278, -53.1494,  100, 50, 0
L -3689.6035, -1038.0522, -53.1494,  -3680.7908, -1038.0499, -53.1494,  100, 50, 0
L -3700.0339, -1027.6295, -53.1494,  -3689.6035, -1038.0522, -53.1494,  100, 50, 0
L -3700.0371, -1026.6215, -53.1494,  -3700.0339, -1027.6295, -53.1494,  100, 50, 0
L -3702.0442, -1027.8662, -53.1494,  -3702.0466, -1026.3617, -53.1494,  100, 50, 0
L -3712.4338, -1038.2750, -53.1494,  -3702.0442, -1027.8662, -53.1494,  100, 50, 0
L -3727.1470, -1038.2904, -53.1494,  -3712.4338, -1038.2750, -53.1494,  100, 50, 0
L -3730.3232, -1035.1198, -53.1493,  -3727.1470, -1038.2904, -53.1494,  100, 50, 0
L -3737.5559, -1027.9006, -53.1494,  -3735.1936, -1030.2584, -53.1494,  100, 50, 0
L -3737.5708, -1013.6026, -53.1494,  -3737.5559, -1027.9006, -53.1494,  100, 50, 0
L -3727.1814, -1002.7787, -53.1494,  -3737.5708, -1013.6026, -53.1494,  100, 50, 0
L -3712.4722, -1002.7634, -53.1494,  -3727.1814, -1002.7787, -53.1494,  100, 50, 0
L -3702.0593, -1013.1534, -53.1494,  -3712.4722, -1002.7634, -53.1494,  100, 50, 0
L -3702.0569, -1014.6893, -53.1494,  -3702.0593, -1013.1534, -53.1494,  100, 50, 0
L -3700.0488, -1012.9859, -53.1494,  -3700.1641, -1015.7456, -53.1494,  100, 50, 0
L -3689.6113, -1002.5405, -53.1494,  -3700.0488, -1012.9859, -53.1494,  100, 50, 0
L -3688.2217, -1002.5406, -53.1494,  -3689.6113, -1002.5405, -53.1494,  100, 50, 0
L -4755.1431, -227.6778, -52.2543,  -4755.3667, -230.4185, -51.9009,  100, 50, 0
L -4744.7441, -217.2749, -52.2543,  -4755.1431, -227.6778, -52.2543,  100, 50, 0
L -4730.0352, -217.2711, -52.2543,  -4744.7441, -217.2749, -52.2543,  100, 50, 0
L -4726.8511, -220.4543, -52.2543,  -4730.0352, -217.2711, -52.2543,  100, 50, 0
L -4721.9858, -225.3175, -52.2543,  -4721.8076, -226.4202, -52.2543,  100, 50, 0
L -4719.6318, -227.6704, -52.2543,  -4721.9858, -225.3175, -52.2543,  100, 50, 0
L -4719.6318, -229.2068, -52.2543,  -4719.6318, -227.6704, -52.2543,  100, 50, 0
L -4719.6284, -242.3797, -52.2543,  -4719.6318, -229.2068, -52.2543,  100, 50, 0
L -4730.0181, -252.7828, -52.2543,  -4719.6284, -242.3797, -52.2543,  100, 50, 0
L -4744.7388, -252.7866, -52.2543,  -4730.0181, -252.7828, -52.2543,  100, 50, 0
L -4755.1421, -242.3871, -52.2543,  -4744.7388, -252.7866, -52.2543,  100, 50, 0
L -4755.1411, -241.0259, -52.2543,  -4755.1421, -242.3871, -52.2543,  100, 50, 0
L -4890.0371, -275.5839, -52.2543,  -4890.0371, -273.8415, -52.2543,  100, 50, 0
L -4900.4287, -285.9871, -52.2543,  -4890.0371, -275.5839, -52.2543,  100, 50, 0
L -4915.1455, -285.9909, -52.2543,  -4900.4287, -285.9871, -52.2543,  100, 50, 0
L -4918.3296, -282.8078, -52.2543,  -4915.1455, -285.9909, -52.2543,  100, 50, 0
L -4925.5483, -275.5915, -52.2543,  -4923.1948, -277.9446, -52.2543,  100, 50, 0
L -4925.5522, -260.8829, -52.2543,  -4925.5483, -275.5915, -52.2543,  100, 50, 0
L -4915.1528, -250.4792, -52.2543,  -4925.5522, -260.8829, -52.2543,  100, 50, 0
L -4900.6055, -250.4754, -52.2543,  -4915.1528, -250.4792, -52.2543,  100, 50, 0
L -4890.0391, -260.8745, -52.2543,  -4900.6055, -250.4754, -52.2543,  100, 50, 0
L -4890.0391, -262.4714, -52.2543,  -4890.0391, -260.8745, -52.2543,  100, 50, 0
L -4834.9707, -298.0239, -51.7547,  -4836.5972, -298.0239, -51.7547,  100, 50, 0
L -4824.4907, -308.5005, -51.7547,  -4834.9707, -298.0239, -51.7547,  100, 50, 0
L -4824.4878, -310.4765, -51.7547,  -4824.4907, -308.5005, -51.7547,  100, 50, 0
L -4822.4756, -308.3198, -51.7547,  -4822.4795, -310.5016, -51.7547,  100, 50, 0
L -4812.0708, -297.9263, -51.7547,  -4822.4756, -308.3198, -51.7547,  100, 50, 0
L -4797.3613, -297.9340, -51.7547,  -4812.0708, -297.9263, -51.7547,  100, 50, 0
L -4794.1934, -301.1059, -51.7544,  -4797.3613, -297.9340, -51.7547,  100, 50, 0
L -4786.9644, -308.3434, -51.7547,  -4789.3286, -305.9758, -51.7547,  100, 50, 0
L -4786.9756, -322.4670, -51.7547,  -4786.9644, -308.3434, -51.7547,  100, 50, 0
L -4797.4688, -333.4456, -51.7547,  -4786.9756, -322.4670, -51.7547,  100, 50, 0
L -4812.0898, -333.4380, -51.7547,  -4797.4688, -333.4456, -51.7547,  100, 50, 0
L -4822.4873, -323.0330, -51.7547,  -4812.0898, -333.4380, -51.7547,  100, 50, 0
L -4822.4854, -321.7923, -51.7547,  -4822.4873, -323.0330, -51.7547,  100, 50, 0
L -4824.4976, -323.0661, -51.7547,  -4824.4941, -321.6764, -51.7547,  100, 50, 0
L -4827.7480, -326.3182, -51.7547,  -4824.4976, -323.0661, -51.7547,  100, 50, 0
L -4835.1133, -333.5357, -51.7547,  -4832.6138, -331.1853, -51.7547,  100, 50, 0
L -4835.4331, -326.3756, -51.7547,  -4835.1133, -333.5357, -51.7547,  100, 50, 0
L -4844.8125, -326.5685, -51.7547,  -4835.4331, -326.3756, -51.7547,  100, 50, 0
L -4844.9404, -329.7807, -51.7547,  -4844.8125, -326.5685, -51.7547,  100, 50, 0
L -4838.3237, -329.6995, -51.7547,  -4844.9404, -329.7807, -51.7547,  100, 50, 0
L -4838.3237, -333.5366, -51.7547,  -4838.3237, -329.6995, -51.7547,  100, 50, 0
L -4849.6724, -333.5395, -51.7547,  -4838.3237, -333.5366, -51.7547,  100, 50, 0
L -4860.1030, -323.1162, -51.7547,  -4849.6724, -333.5395, -51.7547,  100, 50, 0
L -4860.1079, -321.3282, -51.7547,  -4860.1030, -323.1162, -51.7547,  100, 50, 0
L -4862.1128, -323.3534, -51.7547,  -4862.1162, -321.1762, -51.7547,  100, 50, 0
L -4872.5024, -333.7624, -51.7547,  -4862.1128, -323.3534, -51.7547,  100, 50, 0
L -4887.2158, -333.7777, -51.7547,  -4872.5024, -333.7624, -51.7547,  100, 50, 0
L -4890.3921, -330.6071, -51.7547,  -4887.2158, -333.7777, -51.7547,  100, 50, 0
L -4897.6240, -323.3881, -51.7547,  -4895.2622, -325.7460, -51.7547,  100, 50, 0
L -4897.6401, -308.6783, -51.7547,  -4897.6240, -323.3881, -51.7547,  100, 50, 0
L -4887.2495, -298.2659, -51.7547,  -4897.6401, -308.6783, -51.7547,  100, 50, 0
L -4871.8579, -298.9325, -51.7547,  -4887.2495, -298.2659, -51.7547,  100, 50, 0
L -4862.1279, -308.6407, -51.7547,  -4871.8579, -298.9325, -51.7547,  100, 50, 0
L -4862.1265, -309.6518, -51.7547,  -4862.1279, -308.6407, -51.7547,  100, 50, 0
L -4860.1177, -308.4739, -51.7547,  -4860.1201, -310.7485, -51.7547,  100, 50, 0
L -4849.6797, -298.0278, -51.7547,  -4860.1177, -308.4739, -51.7547,  100, 50, 0
L -4848.4634, -298.0278, -51.7547,  -4849.6797, -298.0278, -51.7547,  100, 50, 0
L -4723.2935, 100.9788, -54.0043,  -4724.9023, 100.9788, -54.0043,  100, 50, 0
L -4712.8940, 111.3822, -54.0043,  -4723.2935, 100.9788, -54.0043,  100, 50, 0
L -4712.8975, 125.1391, -54.0043,  -4712.8940, 111.3822, -54.0043,  100, 50, 0
L -4723.2881, 136.4924, -54.0043,  -4712.8975, 125.1391, -54.0043,  100, 50, 0
L -4738.0088, 136.4886, -54.0043,  -4723.2881, 136.4924, -54.0043,  100, 50, 0
L -4740.3628, 134.1349, -54.0043,  -4738.0088, 136.4886, -54.0043,  100, 50, 0
L -4748.4097, 126.0849, -54.0043,  -4745.2261, 129.2701, -54.0043,  100, 50, 0
L -4748.4053, 111.3768, -54.0043,  -4748.4097, 126.0849, -54.0043,  100, 50, 0
L -4738.0024, 100.9768, -54.0043,  -4748.4053, 111.3768, -54.0043,  100, 50, 0
L -4736.3931, 100.9768, -54.0043,  -4738.0024, 100.9768, -54.0043,  100, 50, 0
L -4081.5320, -345.7466, -52.3990,  -4071.1289, -356.1464, -52.3990,  100, 50, 0
L -4081.5359, -331.0362, -52.3990,  -4081.5320, -345.7466, -52.3990,  100, 50, 0
L -4071.1367, -320.6328, -52.3990,  -4081.5359, -331.0362, -52.3990,  100, 50, 0
L -4069.2244, -320.6328, -52.3990,  -4071.1367, -320.6328, -52.3990,  100, 50, 0
L -4056.7205, -320.6308, -52.3990,  -4059.0024, -320.5862, -52.3990,  100, 50, 0
L -4046.0244, -331.0302, -52.3990,  -4056.7205, -320.6308, -52.3990,  100, 50, 0
L -4046.0205, -345.7388, -52.3990,  -4046.0244, -331.0302, -52.3990,  100, 50, 0
L -4049.2036, -348.9240, -52.3990,  -4046.0205, -345.7388, -52.3990,  100, 50, 0
L -4054.0671, -353.7888, -52.3990,  -4054.0671, -353.7888, -52.3990,  100, 50, 0
L -4054.7817, -354.5033, -52.3990,  -4054.0671, -353.7888, -52.3990,  100, 50, 0
L -4056.7996, -356.1426, -52.3990,  -4054.7817, -354.5033, -52.3990,  100, 50, 0
L -4071.1289, -356.1464, -52.3990,  -4056.7996, -356.1426, -52.3990,  100, 50, 0
L -1662.9125, 79.8670, -52.3990,  -1664.4963, 79.8670, -52.3990,  100, 50, 0
L -1652.5131, 90.2703, -52.3990,  -1662.9125, 79.8670, -52.3990,  100, 50, 0
L -1652.5168, 104.9809, -52.3990,  -1652.5131, 90.2703, -52.3990,  100, 50, 0
L -1662.7478, 115.2083, -52.3990,  -1652.5168, 104.9809, -52.3990,  100, 50, 0
L -1677.6289, 115.3768, -52.3990,  -1662.7478, 115.2083, -52.3990,  100, 50, 0
L -1679.9819, 113.0230, -52.3990,  -1677.6289, 115.3768, -52.3990,  100, 50, 0
L -1688.0287, 104.9734, -52.3990,  -1684.8453, 108.1579, -52.3990,  100, 50, 0
L -1688.0247, 90.2645, -52.3990,  -1688.0287, 104.9734, -52.3990,  100, 50, 0
L -1677.6215, 79.8650, -52.3990,  -1688.0247, 90.2645, -52.3990,  100, 50, 0
L -1676.1298, 79.8650, -52.3990,  -1677.6215, 79.8650, -52.3990,  100, 50, 0
L -1639.9343, 132.3916, -54.7177,  -1652.6708, 144.5280, -54.7177,  100, 50, 0
L -1643.3373, 128.8200, -54.7177,  -1639.9343, 132.3916, -54.7177,  100, 50, 0
L -1652.0701, 119.6545, -54.7177,  -1648.2850, 123.4329, -54.7177,  100, 50, 0
L -1664.8064, 131.7910, -54.7177,  -1652.0701, 119.6545, -54.7177,  100, 50, 0
L -1652.6708, 144.5280, -54.7177,  -1664.8064, 131.7910, -54.7177,  100, 50, 0
L -1007.5217, -645.2032, -52.3989,  -1007.5217, -643.0143, -52.3989,  100, 50, 0
L -1017.9213, -655.6066, -52.3989,  -1007.5217, -645.2032, -52.3989,  100, 50, 0
L -1032.6301, -655.6104, -52.3989,  -1017.9213, -655.6066, -52.3989,  100, 50, 0
L -1035.8146, -652.4271, -52.3989,  -1032.6301, -655.6104, -52.3989,  100, 50, 0
L -1043.0334, -645.2108, -52.3989,  -1040.6797, -647.5638, -52.3989,  100, 50, 0
L -1043.0374, -630.5020, -52.3989,  -1043.0334, -645.2108, -52.3989,  100, 50, 0
L -1032.6378, -620.0987, -52.3989,  -1043.0374, -630.5020, -52.3989,  100, 50, 0
L -1017.9270, -620.0948, -52.3989,  -1032.6378, -620.0987, -52.3989,  100, 50, 0
L -1007.5237, -630.4943, -52.3989,  -1017.9270, -620.0948, -52.3989,  100, 50, 0
L -1007.5237, -632.3602, -52.3989,  -1007.5237, -630.4943, -52.3989,  100, 50, 0
L -1012.4402, -574.9254, -54.7177,  -1023.2580, -561.0516, -54.7177,  100, 50, 0
L -1015.9937, -577.6965, -54.7177,  -1012.4402, -574.9254, -54.7177,  100, 50, 0
L -1026.3135, -585.7439, -54.7177,  -1023.3782, -583.4548, -54.7177,  100, 50, 0
L -1037.1312, -571.8701, -54.7177,  -1026.3135, -585.7439, -54.7177,  100, 50, 0
L -1023.2579, -561.0516, -54.7177,  -1037.1312, -571.8701, -54.7177,  100, 50, 0
L -1022.7617, -584.5369, -54.7177,  -1024.1787, -585.6422, -54.7177,  100, 50, 0
L -1010.7091, -575.1393, -54.7177,  -1015.4542, -578.8387, -54.7177,  100, 50, 0
L -1023.0442, -559.3218, -54.7177,  -1010.7091, -575.1393, -54.7177,  100, 50, 0
L -1038.8616, -571.6555, -54.7177,  -1023.0442, -559.3218, -54.7177,  100, 50, 0
L -1026.5271, -587.4736, -54.7177,  -1038.8616, -571.6555, -54.7177,  100, 50, 0
L -1025.8738, -586.9641, -54.7177,  -1025.8738, -586.9641, -54.7177,  100, 50, 0
L -1024.0706, -585.5578, -54.7177,  -1026.5271, -587.4736, -54.7177,  100, 50, 0
L -963.5179, -583.7008, -52.6489,  -965.1052, -583.7007, -52.6489,  100, 50, 0
L -953.1184, -573.2975, -52.6489,  -963.5179, -583.7008, -52.6489,  100, 50, 0
L -953.1223, -558.5867, -52.6489,  -953.1184, -573.2975, -52.6489,  100, 50, 0
L -963.5256, -548.1871, -52.6489,  -953.1223, -558.5867, -52.6489,  100, 50, 0
L -978.2338, -548.1910, -52.6489,  -963.5256, -548.1871, -52.6489,  100, 50, 0
L -980.5873, -550.5447, -52.6489,  -978.2338, -548.1910, -52.6489,  100, 50, 0
L -988.6340, -558.5943, -52.6489,  -985.4506, -555.4098, -52.6489,  100, 50, 0
L -988.6301, -573.3032, -52.6489,  -988.6340, -558.5943, -52.6489,  100, 50, 0
L -978.2267, -583.7028, -52.6489,  -988.6301, -573.3032, -52.6489,  100, 50, 0
L -976.1989, -583.7026, -52.6489,  -978.2267, -583.7028, -52.6489,  100, 50, 0
L -911.7198, -592.4299, -52.6489,  -910.6692, -592.4299, -52.6489,  100, 50, 0
L -912.5354, -592.4299, -52.6489,  -911.1720, -592.4299, -52.6489,  100, 50, 0
L -922.9387, -582.0303, -52.6489,  -912.5354, -592.4299, -52.6489,  100, 50, 0
L -922.9425, -567.3210, -52.6489,  -922.9387, -582.0303, -52.6489,  100, 50, 0
L -919.7593, -564.1371, -52.6489,  -922.9425, -567.3210, -52.6489,  100, 50, 0
L -914.8959, -559.2720, -52.6489,  -914.8959, -559.2720, -52.6489,  100, 50, 0
L -912.5430, -556.9182, -52.6489,  -914.8959, -559.2720, -52.6489,  100, 50, 0
L -897.8342, -556.9144, -52.6489,  -912.5430, -556.9182, -52.6489,  100, 50, 0
L -887.4307, -567.6310, -52.6489,  -897.8342, -556.9144, -52.6489,  100, 50, 0
L -887.4269, -582.0247, -52.6489,  -887.4307, -567.6310, -52.6489,  100, 50, 0
L -897.8264, -592.4280, -52.6489,  -887.4269, -582.0247, -52.6489,  100, 50, 0
L -899.0020, -592.4280, -52.6489,  -897.8264, -592.4280, -52.6489,  100, 50, 0
L 942.8269, -5.7931, -51.0546,  942.8269, -5.7931, -51.0546,  150, 150, 200
L 339.6439, -12.3680, -51.3115,  942.8269, -5.7931, -51.0546,  60, 40, 0
L -3792.1506, -456.9533, 3.3040,  -3792.1506, -456.9533, 3.3040,  64, 64, 64
L -3790.0996, -453.3766, 2.1804,  -3792.1506, -456.9533, 3.3040,  64, 64, 64
L -3810.7327, -453.0026, 2.2296,  -3790.0996, -453.3766, 2.1804,  64, 64, 64
L -3813.1350, -469.8328, 1.7976,  -3810.7327, -453.0026, 2.2296,  64, 64, 64
L -3792.2273, -469.4008, 1.5517,  -3813.1350, -469.8328, 1.7976,  64, 64, 64
L -3792.1504, -456.7824, 3.2750,  -3792.2273, -469.4008, 1.5517,  64, 64, 64
L -2789.9800, 984.0824, -36.4687,  -2794.3762, 990.5139, -35.9246,  64, 64, 64
L -2784.8621, 989.5790, -32.9383,  -2789.9800, 984.0824, -36.4687,  64, 64, 64
L -2789.7463, 995.2679, -32.8187,  -2784.8621, 989.5790, -32.9383,  64, 64, 64
L -2794.0225, 990.9035, -35.6957,  -2789.7463, 995.2679, -32.8187,  64, 64, 64
L -2836.2417, 989.9916, -38.6997,  -2836.2417, 989.9916, -38.6997,  64, 64, 64
L -2833.3850, 989.7346, -38.7817,  -2836.2417, 989.9916, -38.6997,  64, 64, 64
L -2834.8633, 998.5068, -35.9828,  -2833.3850, 989.7346, -38.7817,  64, 64, 64
L -2843.0259, 996.3558, -36.6691,  -2834.8633, 998.5068, -35.9828,  64, 64, 64
L -2841.2441, 989.2576, -38.9339,  -2843.0259, 996.3558, -36.6691,  64, 64, 64
L -2836.5349, 989.8939, -38.7309,  -2841.2441, 989.2576, -38.9339,  64, 64, 64
L -2821.6716, 994.8945, -37.1354,  -2821.6716, 994.8945, -37.1354,  64, 64, 64
L -2817.9099, 995.0781, -37.0768,  -2821.6716, 994.8945, -37.1354,  64, 64, 64
L -2818.9883, 1003.0419, -34.5359,  -2817.9099, 995.0781, -37.0768,  64, 64, 64
L -2826.6204, 1002.1552, -34.8188,  -2818.9883, 1003.0419, -34.5359,  64, 64, 64
L -2825.6733, 994.1245, -37.3811,  -2826.6204, 1002.1552, -34.8188,  64, 64, 64
L -2821.8511, 994.8347, -37.1545,  -2825.6733, 994.1245, -37.3811,  64, 64, 64
L -2813.3335, 967.5639, -45.8556,  -2813.3335, 967.5639, -45.8556,  64, 64, 64
L -2814.5337, 973.0096, -44.1180,  -2813.3335, 967.5639, -45.8556,  64, 64, 64
L -2830.7891, 969.4670, -45.2484,  -2814.5337, 973.0096, -44.1180,  64, 64, 64
L -2824.6716, 953.4322, -50.3645,  -2830.7891, 969.4670, -45.2484,  64, 64, 64
L -2810.1860, 957.6931, -49.0050,  -2824.6716, 953.4322, -50.3645,  64, 64, 64
L -2813.3989, 967.7637, -45.7918,  -2810.1860, 957.6931, -49.0050,  64, 64, 64
L -2794.9846, 966.2098, -43.9086,  -2795.0718, 966.0312, -43.9086,  64, 64, 64
L -2793.2957, 962.1306, -44.6237,  -2794.9846, 966.2098, -43.9086,  64, 64, 64
L -2786.6494, 963.7388, -41.8037,  -2793.2957, 962.1306, -44.6237,  64, 64, 64
L -2788.3765, 972.0750, -39.7432,  -2786.6494, 963.7388, -41.8037,  64, 64, 64
L -2795.7520, 969.8182, -43.0219,  -2788.3765, 972.0750, -39.7432,  64, 64, 64
L -2794.8867, 965.9088, -43.9706,  -2795.7520, 969.8182, -43.0219,  64, 64, 64
L -2805.2993, 942.8872, -53.7290,  -2805.2993, 942.8872, -53.7290,  64, 64, 64
L -2810.1677, 941.1351, -54.2880,  -2805.2993, 942.8872, -53.7290,  64, 64, 64
L -2807.9053, 933.1469, -53.5897,  -2810.1677, 941.1351, -54.2880,  64, 64, 64
L -2800.2275, 935.1780, -52.3914,  -2807.9053, 933.1469, -53.5897,  64, 64, 64
L -2801.9082, 943.5383, -52.7426,  -2800.2275, 935.1780, -52.3914,  64, 64, 64
L -2805.6794, 942.7615, -53.7691,  -2801.9082, 943.5383, -52.7426,  64, 64, 64
L -2823.5452, 936.7001, -54.2246,  -2823.5452, 936.7001, -54.2246,  64, 64, 64
L -2821.4199, 928.8152, -52.9803,  -2823.5452, 936.7001, -54.2246,  64, 64, 64
L -2813.2229, 930.5730, -53.2577,  -2821.4199, 928.8152, -52.9803,  64, 64, 64
L -2815.5859, 938.9596, -54.5812,  -2813.2229, 930.5730, -53.2577,  64, 64, 64
L -2823.1636, 936.8373, -54.2463,  -2815.5859, 938.9596, -54.5812,  64, 64, 64
L -2854.9363, 957.7596, -48.9837,  -2854.9363, 957.7596, -48.9837,  64, 64, 64
L -2852.0234, 958.1929, -48.8455,  -2854.9363, 957.7596, -48.9837,  64, 64, 64
L -2853.8308, 966.1434, -46.3088,  -2852.0234, 958.1929, -48.8455,  64, 64, 64
L -2862.6460, 963.7580, -47.0699,  -2853.8308, 966.1434, -46.3088,  64, 64, 64
L -2860.6267, 956.2946, -49.4512,  -2862.6460, 963.7580, -47.0699,  64, 64, 64
L -2854.9485, 957.7556, -48.9850,  -2860.6267, 956.2946, -49.4512,  64, 64, 64
L -2847.0544, 943.0858, -53.6656,  -2848.2605, 943.1013, -53.6607,  64, 64, 64
L -2849.5305, 951.0003, -51.1404,  -2847.0544, 943.0858, -53.6656,  64, 64, 64
L -2857.7715, 948.6703, -51.8838,  -2849.5305, 951.0003, -51.1404,  64, 64, 64
L -2855.4453, 941.3235, -54.2279,  -2857.7715, 948.6703, -51.8838,  64, 64, 64
L -2848.4773, 943.0291, -53.6837,  -2855.4453, 941.3235, -54.2279,  64, 64, 64
L 118.2830, 2422.1760, 0.6260,  82.4762, 2480.4939, 0.6260,  150, 0, 200
L -689.1682, -1378.1714, -17.7797,  -689.1682, -1378.1714, -17.7796,  0, 0, 0
L -611.5407, -1432.8809, -17.7690,  -689.1682, -1378.1714, -17.7797,  0, 125, 0
L -584.2558, -1526.5790, -17.4187,  -611.5407, -1432.8809, -17.7690,  0, 125, 0
L -595.0771, -1538.4254, -17.7802,  -584.2558, -1526.5790, -17.4187,  0, 125, 0
L -697.4672, -1411.4871, -17.7802,  -697.4672, -1411.4871, -17.7802,  0, 125, 0
L -648.2317, -1447.3743, -17.7802,  -697.4672, -1411.4871, -17.7802,  0, 125, 0
L -626.7897, -1524.0140, -17.7802,  -648.2317, -1447.3743, -17.7802,  0, 125, 0
L -595.8887, -1539.3269, -17.7802,  -626.7897, -1524.0140, -17.7802,  150, 0, 200
L -4961.8574, 1177.0652, 75.8505,  -4961.8574, 1177.0652, 75.8505,  150, 0, 200
L -4986.2939, 969.5398, -17.2146,  -4961.8574, 1177.0652, 75.8505,  150, 0, 200
L -5047.0996, -441.1006, -51.4677,  -4986.2939, 969.5398, -17.2146,  150, 0, 200
L 1520.7673, -576.7499, -50.7177,  1059.0355, -574.2486, -20.0257,  0, 125, 0
L 1059.0355, -574.2486, -20.0257,  944.8181, -594.4680, 28.8416,  0, 125, 0
L 944.8181, -594.4680, 28.8416,  826.0899, -736.2058, 61.4690,  0, 125, 0
L 826.0899, -736.2058, 61.4690,  508.0842, -968.9512, 55.6885,  0, 125, 0
L 508.0842, -968.9512, 55.6885,  300.1902, -1081.0853, 59.6365,  0, 125, 0
L 300.1902, -1081.0853, 59.6365,  -5.0375, -1163.6122, 89.6511,  0, 125, 0
L -5.0375, -1163.6122, 89.6511,  -254.3985, -1183.6731, 59.5226,  0, 125, 0
L -254.3985, -1183.6731, 59.5226,  -621.6634, -1181.5319, 55.1606,  0, 125, 0
L -621.6634, -1181.5319, 55.1606,  -739.6907, -1201.6729, 11.5010,  0, 125, 0
L -739.6907, -1201.6729, 11.5010,  -803.1730, -1288.3527, -17.3642,  0, 125, 0
L -803.1730, -1288.3527, -17.3642,  -802.8193, -1328.3823, -17.7790,  0, 125, 0
L -802.8193, -1328.3823, -17.7790,  -685.5323, -1379.6252, -17.7774,  0, 125, 0
L -685.5323, -1379.6252, -17.7774,  -685.5323, -1379.6252, -17.7773,  0, 0, 0
L -699.6194, -1409.9004, -17.7802,  -763.3250, -1390.8942, -17.7802,  0, 125, 0
L -763.3250, -1390.8942, -17.7802,  -872.5626, -1327.6046, -17.0148,  0, 125, 0
L -872.5626, -1327.6046, -17.0148,  -916.7491, -1252.8223, 8.5795,  0, 125, 0
L -916.7491, -1252.8223, 8.5795,  -927.7708, -1189.1823, 23.1544,  0, 125, 0
L -927.7708, -1189.1823, 23.1544,  -1004.0689, -1164.2859, 39.3396,  0, 125, 0
L -1004.0689, -1164.2859, 39.3396,  -1095.0370, -1200.6521, 58.8108,  0, 125, 0
L -1095.0370, -1200.6521, 58.8108,  -1318.8712, -1223.5425, 118.7353,  0, 125, 0
L -1318.8712, -1223.5425, 118.7353,  -1713.4232, -1220.6234, 97.0860,  0, 125, 0
L -1713.4232, -1220.6234, 97.0860,  -2252.8235, -1199.9680, 78.0365,  0, 125, 0
L -2252.8235, -1199.9680, 78.0365,  -2546.8958, -1206.3558, 161.1089,  0, 125, 0
L -2546.8958, -1206.3558, 161.1089,  -3095.6624, -1199.4358, 68.9546,  0, 125, 0
L -3095.6624, -1199.4358, 68.9546,  -3321.0903, -1152.6962, 83.6649,  0, 125, 0
L -3321.0903, -1152.6962, 83.6649,  -3932.7712, -1194.7454, 70.4204,  0, 125, 0
L -3932.7712, -1194.7454, 70.4204,  -4207.1460, -1197.5865, 76.2780,  0, 125, 0
L -4207.1460, -1197.5865, 76.2780,  -4727.9575, -1179.8835, 48.6359,  0, 125, 0
L -5044.9854, -446.4714, -51.4677,  -4940.2847, -1167.8210, 88.3733,  150, 0, 200
L -4940.2847, -1167.8210, 88.3733,  -4724.5645, -1181.0385, 47.3335,  0, 125, 0
L -4968.7803, 1177.0723, 74.8420,  -4168.7510, 1176.2611, 103.4113,  150, 100, 0
L -4168.7510, 1176.2611, 103.4113,  -3385.0391, 1159.6489, 95.6949,  150, 100, 0
L -3385.0391, 1159.6489, 95.6949,  -2850.9846, 1174.8688, 109.6209,  150, 100, 0
L -2850.9846, 1174.8688, 109.6209,  -2189.7507, 1174.2018, 116.6067,  150, 100, 0
L -2189.7507, 1174.2018, 116.6067,  -1882.3226, 1129.9856, 145.8854,  150, 100, 0
L -1882.3226, 1129.9856, 145.8854,  -1132.6736, 1173.0851, 111.5432,  150, 100, 0
L -1132.6736, 1173.0851, 111.5432,  -897.1238, 1160.7869, 65.9517,  150, 100, 0
L -897.1238, 1160.7869, 65.9517,  -897.1238, 1160.7869, 65.9517,  0, 0, 0
L -798.3647, 1157.7749, 75.1061,  -399.9702, 1131.4451, 78.7594,  150, 100, 0
L -399.9702, 1131.4451, 78.7594,  -146.0125, 1167.4868, 83.6648,  150, 100, 0
L -146.0125, 1167.4868, 83.6648,  367.5957, 1015.1747, 41.0294,  150, 100, 0
L 367.5957, 1015.1747, 41.0294,  530.1868, 978.0522, 55.4551,  150, 100, 0
L 530.1868, 978.0522, 55.4551,  557.8792, 901.8618, 82.8212,  150, 100, 0
L 557.8792, 901.8618, 82.8212,  659.4427, 795.1692, 92.6310,  150, 100, 0
L 659.4427, 795.1692, 92.6310,  697.2478, 740.3004, 150.7305,  150, 100, 0
L 697.2478, 740.3004, 150.7305,  786.2806, 566.2463, 84.0278,  150, 100, 0
L 786.2806, 566.2463, 84.0278,  947.0761, 562.4695, -14.6509,  150, 100, 0
L 947.0761, 562.4695, -14.6509,  1049.5458, 556.3467, -45.8166,  150, 100, 0
L 1049.5458, 556.3467, -45.8166,  1078.1035, 573.8032, -50.7177,  150, 100, 0
L 1078.1035, 573.8032, -50.7177,  1529.9788, 576.6014, -50.7177,  150, 100, 0
L 1529.9788, 576.6014, -50.7177,  1588.3724, 576.9611, -50.7177,  150, 0, 200
L 1588.3724, 576.9611, -50.7177,  1573.5413, -576.7499, -50.7177,  150, 0, 200
L 1573.5413, -576.7499, -50.7177,  1516.8215, -576.7499, -50.7177,  150, 0, 200
L 1516.8215, -576.7499, -50.7177,  1516.8215, -576.7499, -50.7177,  150, 0, 200
L 338.9064, -11.8625, -51.3115,  -365.9599, -14.4552, -51.5927,  60, 40, 0
L -365.9599, -14.4552, -51.5927,  -633.9960, 286.7495, -51.5927,  60, 40, 0
L -633.9960, 286.7495, -51.5927,  -1159.8669, 291.8462, -51.5927,  60, 40, 0
L -1159.8669, 291.8462, -51.5927,  -1236.4812, 183.0504, -51.5927,  60, 40, 0
L -1236.4812, 183.0504, -51.5927,  -1317.8988, 130.8938, -51.5927,  60, 40, 0
L -1317.8988, 130.8938, -51.5927,  -1380.9711, 65.3787, -51.5927,  60, 40, 0
L -1380.9711, 65.3787, -51.5927,  -1446.9305, -19.3141, -51.5927,  60, 40, 0
L -1446.9305, -19.3141, -51.5927,  -1863.0220, -10.4610, -51.5927,  60, 40, 0
L -1863.0220, -10.4610, -51.5927,  -1949.1832, 108.2992, -51.5927,  60, 40, 0
L -1949.1832, 108.2992, -51.5927,  -2047.9949, 174.2883, -51.5927,  60, 40, 0
L -2047.9949, 174.2883, -51.5927,  -2047.3986, 301.4023, -51.5927,  60, 40, 0
L -2047.3986, 301.4023, -51.5927,  -2132.0239, 386.9900, -51.5927,  60, 40, 0
L -2132.0239, 386.9900, -51.5927,  -2349.8206, 394.5680, -51.5927,  60, 40, 0
L -2349.8206, 394.5680, -51.5927,  -2444.9370, 281.9313, -49.6801,  60, 40, 0
L -2444.9370, 281.9313, -49.6801,  -2962.1726, 290.1518, -51.5927,  60, 40, 0
L -2962.1726, 290.1518, -51.5927,  -3047.7197, 209.5721, -51.9984,  60, 40, 0
L -3047.7197, 209.5721, -51.9984,  -3047.2886, -24.2185, -51.5927,  60, 40, 0
L -3047.2886, -24.2185, -51.5927,  -3138.9709, -107.4359, -51.5927,  60, 40, 0
L -3138.9709, -107.4359, -51.5927,  -3756.9189, -114.6700, -51.5927,  60, 40, 0
L -3756.9189, -114.6700, -51.5927,  -3834.0334, -10.3574, -51.5927,  60, 40, 0
L -3834.0334, -10.3574, -51.5927,  -4449.9556, -9.0940, -51.4999,  60, 40, 0
L -4449.9556, -9.0940, -51.4999,  -4895.2251, -9.8782, -65.2227,  60, 40, 0
L -4895.2251, -9.8782, -65.2227,  -5035.4204, -9.8782, -73.3452,  60, 40, 0
L -5035.4204, -9.8782, -73.3452,  -5035.4204, -9.8782, -73.3452,  150, 150, 200
L -4442.9229, -14.7149, -51.5043,  -4454.8267, -423.0764, -51.4968,  60, 40, 0
L -4454.8267, -423.0764, -51.4968,  -4160.5864, -711.0986, -51.5927,  60, 40, 0
L -4160.5864, -711.0986, -51.5927,  -4055.5630, -714.6747, -56.1368,  60, 40, 0
L -4055.5630, -714.6747, -56.1368,  -4055.5630, -714.6747, -56.1368,  150, 150, 200
L 333.5608, -14.3758, -51.3115,  248.6232, -93.2775, -51.3115,  60, 40, 0
L 248.6232, -93.2775, -51.3115,  250.6615, -411.7354, -46.9231,  60, 40, 0
L 250.6615, -411.7354, -46.9231,  51.0923, -617.2139, -51.3115,  60, 40, 0
L 51.0923, -617.2139, -51.3115,  -358.1302, -608.0792, -51.5927,  60, 40, 0
L -358.1302, -608.0792, -51.5927,  -451.4515, -698.6829, -51.5927,  60, 40, 0
L -451.4515, -698.6829, -51.5927,  -447.4368, -922.7234, -51.5927,  60, 40, 0
L -447.4368, -922.7234, -51.5927,  -539.8110, -1016.5776, -51.5927,  60, 40, 0
L -539.8110, -1016.5776, -51.5927,  -829.9465, -1015.1098, -39.7139,  60, 40, 0
L -829.9465, -1015.1098, -39.7139,  -857.3528, -1054.3458, -30.1270,  60, 40, 0
L -857.3528, -1054.3458, -30.1270,  -848.9365, -1121.2452, -29.5618,  60, 40, 0
L -848.9365, -1121.2452, -29.5618,  -848.9365, -1121.2452, -29.5618,  60, 40, 0
L -800.8184, 1155.4623, 1.5207,  -798.5394, 1247.4166, 3.7510,  150, 100, 0
L -798.5394, 1247.4166, 3.7510,  -728.1788, 1349.0417, 3.7510,  150, 100, 0
L -728.1788, 1349.0417, 3.7510,  -680.0312, 1511.3594, 3.7510,  150, 100, 0
L -680.0312, 1511.3594, 3.7510,  -679.8893, 1581.1333, 3.7510,  150, 100, 0
L -679.8893, 1581.1333, 3.7510,  -626.7143, 1647.9454, 3.7510,  150, 100, 0
L -626.7143, 1647.9454, 3.7510,  -439.7625, 1645.6169, 3.7510,  150, 100, 0
L -439.7625, 1645.6169, 3.7510,  -255.8463, 1622.6155, 3.7510,  150, 100, 0
L -255.8463, 1622.6155, 3.7510,  -70.9724, 1734.2588, 3.7510,  150, 100, 0
L -70.9724, 1734.2588, 3.7510,  -15.2693, 1742.2025, 3.7510,  150, 100, 0
L -15.2693, 1742.2025, 3.7510,  -12.7500, 1542.1366, 6.6953,  150, 100, 0
L -12.7500, 1542.1366, 6.6953,  186.1564, 1503.9343, 3.7510,  150, 100, 0
L 186.1564, 1503.9343, 3.7510,  319.4271, 1510.6100, 6.5595,  150, 100, 0
L 319.4271, 1510.6100, 6.5595,  421.8900, 1613.0682, 3.7510,  150, 100, 0
L 421.8900, 1613.0682, 3.7510,  415.7560, 1709.2228, 0.6260,  150, 100, 0
L 415.7560, 1709.2228, 0.6260,  411.1913, 1764.0370, 0.6260,  150, 100, 0
L 411.1913, 1764.0370, 0.6260,  407.0675, 1804.5266, 0.6260,  150, 100, 0
L 407.0675, 1804.5266, 0.6260,  328.2296, 1883.3339, 0.6260,  150, 100, 0
L 328.2296, 1883.3339, 0.6260,  219.4406, 1876.5317, 0.6260,  150, 100, 0
L 219.4406, 1876.5317, 0.6260,  199.4927, 1875.0089, 0.6260,  150, 100, 0
L 199.4927, 1875.0089, 0.6260,  143.4983, 1857.7656, 0.6260,  150, 100, 0
L 143.4983, 1857.7656, 0.6260,  92.7256, 1842.6707, 0.6260,  150, 100, 0
L 92.7256, 1842.6707, 0.6260,  53.0953, 1889.9064, 0.6260,  150, 100, 0
L 53.0953, 1889.9064, 0.6260,  23.8864, 2008.6410, 0.6260,  150, 100, 0
L 23.8864, 2008.6410, 0.6260,  16.6188, 2114.9473, 0.6260,  150, 100, 0
L 16.6188, 2114.9473, 0.6260,  -84.5265, 2279.6602, 0.6260,  150, 100, 0
L -84.5265, 2279.6602, 0.6260,  50.4097, 2412.5032, 0.6260,  150, 100, 0
L 50.4097, 2412.5032, 0.6260,  275.6495, 2442.9438, 0.6260,  150, 100, 0
L 275.6495, 2442.9438, 0.6260,  608.6967, 2387.2517, 0.6260,  150, 100, 0
L 608.6967, 2387.2517, 0.6260,  815.3423, 2403.1453, 0.6260,  150, 100, 0
L 815.3423, 2403.1453, 0.6260,  1007.3130, 2579.8420, 0.6260,  150, 100, 0
L 1007.3130, 2579.8420, 0.6260,  1078.8363, 2755.7681, 0.6260,  150, 100, 0
L 1078.8363, 2755.7681, 0.6260,  1094.7018, 2898.1121, 0.6260,  150, 100, 0
L 1094.7018, 2898.1121, 0.6260,  1150.2958, 3001.3447, 0.6260,  150, 100, 0
L 1150.2958, 3001.3447, 0.6260,  1256.0629, 3013.2153, 0.6260,  150, 100, 0
L 1256.0629, 3013.2153, 0.6260,  1296.2566, 3090.6387, 0.6260,  150, 100, 0
L 1296.2566, 3090.6387, 0.6260,  1353.6349, 3113.3628, 0.6260,  150, 100, 0
L 1353.6349, 3113.3628, 0.6260,  1490.6168, 3090.5225, 0.6260,  150, 100, 0
L 1490.6168, 3090.5225, 0.6260,  1745.4861, 3079.7295, -22.3862,  150, 100, 0
L 1689.6130, 3177.0000, 0.6260,  1689.6130, 3177.0000, 0.6260,  150, 100, 0
L 1689.6130, 3177.0000, 0.6260,  1343.1860, 3176.9998, 0.6260,  150, 100, 0
L 1343.1860, 3176.9998, 0.6260,  1246.5897, 3144.4897, 0.6260,  150, 100, 0
L 1246.5897, 3144.4897, 0.6260,  1194.7197, 3062.0078, 0.6260,  150, 100, 0
L 1194.7197, 3062.0078, 0.6260,  1087.1779, 3049.1846, 0.6260,  150, 100, 0
L 1087.1779, 3049.1846, 0.6260,  1038.2853, 2972.9678, 0.6260,  150, 100, 0
L 1038.2853, 2972.9678, 0.6260,  947.5344, 2614.3391, 0.6260,  150, 100, 0
L 947.5344, 2614.3391, 0.6260,  800.2286, 2474.7998, 0.6260,  150, 100, 0
L 800.2286, 2474.7998, 0.6260,  605.0745, 2458.7627, 0.6260,  150, 100, 0
L 605.0745, 2458.7627, 0.6260,  263.9773, 2514.0840, 0.6260,  150, 100, 0
L 263.9773, 2514.0840, 0.6260,  45.2526, 2472.7275, 0.6260,  150, 100, 0
L 45.2526, 2472.7275, 0.6260,  -47.5642, 2433.5247, 0.6260,  150, 100, 0
L -47.5642, 2433.5247, 0.6260,  -169.1548, 2306.8533, 0.6260,  150, 100, 0
L -169.1548, 2306.8533, 0.6260,  -46.3962, 1993.2330, 0.6260,  150, 100, 0
L -46.3962, 1993.2330, 0.6260,  -40.9168, 1879.0133, 0.6260,  150, 100, 0
L -40.9168, 1879.0133, 0.6260,  -102.9906, 1779.2288, 0.6260,  150, 100, 0
L -102.9906, 1779.2288, 0.6260,  -296.6236, 1692.1110, 0.6260,  150, 100, 0
L -296.6236, 1692.1110, 0.6260,  -479.5917, 1720.9028, 0.6260,  150, 100, 0
L -479.5917, 1720.9028, 0.6260,  -678.2177, 1698.8557, 0.6260,  150, 100, 0
L -678.2177, 1698.8557, 0.6260,  -773.2500, 1566.5139, 0.6260,  150, 100, 0
L -773.2500, 1566.5139, 0.6260,  -799.5941, 1385.1736, 0.6260,  150, 100, 0
L -799.5941, 1385.1736, 0.6260,  -901.0013, 1244.7823, 0.6176,  150, 100, 0
L -901.0013, 1244.7823, 0.6176,  -901.3616, 1160.0656, -1.6860,  150, 100, 0
L -901.3616, 1160.0656, -1.6860,  -901.3616, 1160.0656, -1.6860,  150, 100, 0
L 841.0378, 158.2102, -54.4365,  838.9675, 158.2102, -54.4365,  100, 50, 0
L 838.9675, 158.2102, -54.4365,  827.1746, 169.4415, -54.4365,  100, 50, 0
L 827.1746, 169.4415, -54.4365,  826.7609, 185.6326, -54.4365,  100, 50, 0
L 826.7609, 185.6326, -54.4365,  830.4375, 189.9475, -54.4365,  100, 50, 0
L 830.4375, 189.9475, -54.4365,  826.7872, 193.9416, -54.4365,  100, 50, 0
L 826.7872, 193.9416, -54.4365,  830.8321, 197.7374, -54.4365,  100, 50, 0
L 830.8321, 197.7374, -54.4365,  831.6138, 198.4152, -54.4365,  100, 50, 0
L 831.6138, 198.4152, -54.4365,  835.3066, 194.8176, -54.4365,  100, 50, 0
L 835.3066, 194.8176, -54.4365,  838.1982, 197.7094, -54.4365,  100, 50, 0
L 838.1982, 197.7094, -54.4365,  855.3465, 197.8800, -54.4365,  100, 50, 0
L 855.3465, 197.8800, -54.4365,  866.2839, 186.4287, -54.4362,  100, 50, 0
L 866.2839, 186.4287, -54.4362,  866.2637, 169.4884, -54.4365,  100, 50, 0
L 866.2637, 169.4884, -54.4365,  854.7692, 158.2186, -54.4365,  100, 50, 0
L 854.7692, 158.2186, -54.4365,  851.8406, 158.2102, -54.4365,  100, 50, 0
L 851.8406, 158.2102, -54.4365,  851.8406, 158.2102, -54.4365,  100, 50, 0
L 806.5897, 127.4994, -54.4365,  806.5897, 130.2352, -54.4365,  100, 50, 0
L 806.5897, 130.2352, -54.4365,  795.0317, 142.0581, -54.4365,  100, 50, 0
L 795.0317, 142.0581, -54.4365,  778.6721, 142.1000, -54.4365,  100, 50, 0
L 778.6721, 142.1000, -54.4365,  766.9046, 129.4478, -54.4365,  100, 50, 0
L 766.9046, 129.4478, -54.4365,  766.9061, 114.6122, -54.4365,  100, 50, 0
L 766.9061, 114.6122, -54.4365,  769.9843, 110.9647, -54.4365,  100, 50, 0
L 769.9843, 110.9647, -54.4365,  766.3846, 107.4286, -54.4365,  100, 50, 0
L 766.3846, 107.4286, -54.4365,  770.4098, 103.0449, -54.4365,  100, 50, 0
L 770.4098, 103.0449, -54.4365,  774.8541, 106.0957, -54.4342,  100, 50, 0
L 774.8541, 106.0957, -54.4342,  778.6281, 102.4256, -54.4365,  100, 50, 0
L 778.6281, 102.4256, -54.4365,  795.0528, 102.5096, -54.4365,  100, 50, 0
L 795.0528, 102.5096, -54.4365,  806.4293, 113.9045, -54.4365,  100, 50, 0
L 806.4293, 113.9045, -54.4365,  806.5880, 116.6967, -54.4365,  100, 50, 0
L 806.5880, 116.6967, -54.4365,  806.5880, 116.6967, -54.4365,  100, 50, 0
L 850.0422, -166.0001, -54.4365,  847.3550, -166.0001, -54.4365,  100, 50, 0
L 847.3550, -166.0001, -54.4365,  835.6117, -177.4237, -54.4365,  100, 50, 0
L 835.6117, -177.4237, -54.4365,  835.5974, -194.3146, -54.4365,  100, 50, 0
L 835.5974, -194.3146, -54.4365,  847.3041, -205.7780, -54.4365,  100, 50, 0
L 847.3041, -205.7780, -54.4365,  863.4818, -205.6616, -54.4365,  100, 50, 0
L 863.4818, -205.6616, -54.4365,  866.5751, -202.6096, -54.4365,  100, 50, 0
L 866.5751, -202.6096, -54.4365,  869.8696, -206.0427, -54.4365,  100, 50, 0
L 869.8696, -206.0427, -54.4365,  875.1564, -201.1874, -54.4365,  100, 50, 0
L 875.1564, -201.1874, -54.4365,  871.4446, -197.7392, -54.4340,  100, 50, 0
L 871.4446, -197.7392, -54.4340,  875.1218, -193.9377, -54.4365,  100, 50, 0
L 875.1218, -193.9377, -54.4365,  875.1694, -177.3105, -54.4365,  100, 50, 0
L 875.1694, -177.3105, -54.4365,  863.7528, -166.2760, -54.4365,  100, 50, 0
L 863.7528, -166.2760, -54.4365,  860.8449, -166.0001, -54.4365,  100, 50, 0
L 860.8449, -166.0001, -54.4365,  860.8449, -166.0001, -54.4365,  100, 50, 0
L -111.2758, 163.2836, -53.9294,  -108.5839, 163.2816, -53.9257,  100, 50, 0
L -108.5839, 163.2816, -53.9257,  -97.7025, 173.7614, -53.7314,  100, 50, 0
L -97.7025, 173.7614, -53.7314,  -87.0511, 163.2450, -54.2306,  100, 50, 0
L -87.0511, 163.2450, -54.2306,  -70.2147, 163.5939, -54.4365,  100, 50, 0
L -70.2147, 163.5939, -54.4365,  -59.3684, 174.6408, -54.4365,  100, 50, 0
L -59.3684, 174.6408, -54.4365,  -59.1839, 191.4328, -54.2194,  100, 50, 0
L -59.1839, 191.4328, -54.2194,  -62.2233, 194.4051, -54.0748,  100, 50, 0
L -62.2233, 194.4051, -54.0748,  -58.6703, 198.2922, -54.0667,  100, 50, 0
L -58.6703, 198.2922, -54.0667,  -63.7400, 203.1693, -53.8304,  100, 50, 0
L -63.7400, 203.1693, -53.8304,  -67.0840, 199.2578, -53.8428,  100, 50, 0
L -67.0840, 199.2578, -53.8428,  -71.6315, 203.0019, -53.6485,  100, 50, 0
L -71.6315, 203.0019, -53.6485,  -87.4340, 202.6879, -53.2893,  100, 50, 0
L -87.4340, 202.6879, -53.2893,  -97.6675, 192.4369, -53.2915,  100, 50, 0
L -97.6675, 192.4369, -53.2915,  -108.4733, 203.0143, -52.9911,  100, 50, 0
L -108.4733, 203.0143, -52.9911,  -124.7333, 202.9025, -53.0148,  100, 50, 0
L -124.7333, 202.9025, -53.0148,  -127.6902, 199.8843, -53.0813,  100, 50, 0
L -127.6902, 199.8843, -53.0813,  -130.9346, 203.2346, -53.0150,  100, 50, 0
L -130.9346, 203.2346, -53.0150,  -135.6028, 199.4382, -53.1095,  100, 50, 0
L -135.6028, 199.4382, -53.1095,  -132.5492, 195.0235, -53.2085,  100, 50, 0
L -132.5492, 195.0235, -53.2085,  -135.3202, 192.2514, -53.2739,  100, 50, 0
L -135.3202, 192.2514, -53.2739,  -145.7057, 202.6541, -53.2086,  100, 50, 0
L -145.7057, 202.6541, -53.2086,  -162.3873, 202.9783, -53.6268,  100, 50, 0
L -162.3873, 202.9783, -53.6268,  -173.7804, 191.6821, -53.9073,  100, 50, 0
L -173.7804, 191.6821, -53.9073,  -174.0028, 174.7899, -53.9130,  100, 50, 0
L -174.0028, 174.7899, -53.9130,  -171.0145, 171.8502, -53.8381,  100, 50, 0
L -171.0145, 171.8502, -53.8381,  -174.3331, 168.6368, -53.9213,  100, 50, 0
L -174.3331, 168.6368, -53.9213,  -170.2838, 163.6404, -54.0021,  100, 50, 0
L -170.2838, 163.6404, -54.0021,  -166.1595, 166.9886, -53.9172,  100, 50, 0
L -166.1595, 166.9886, -53.9172,  -162.6215, 163.4458, -53.9968,  100, 50, 0
L -162.6215, 163.4458, -53.9968,  -146.2788, 163.3001, -53.9780,  100, 50, 0
L -146.2788, 163.3001, -53.9780,  -135.3388, 173.9986, -53.7106,  100, 50, 0
L -135.3388, 173.9986, -53.7106,  -124.6205, 163.3126, -53.9474,  100, 50, 0
L -124.6205, 163.3126, -53.9474,  -121.3568, 163.2851, -53.5279,  100, 50, 0
L -121.3568, 163.2851, -53.5279,  -121.3568, 163.2851, -53.5279,  100, 50, 0
L -51.1315, 140.7128, -54.4365,  -51.0197, 143.3497, -54.4365,  100, 50, 0
L -51.0197, 143.3497, -54.4365,  -39.7416, 154.5561, -54.4365,  100, 50, 0
L -39.7416, 154.5561, -54.4365,  -23.1427, 154.7580, -54.4365,  100, 50, 0
L -23.1427, 154.7580, -54.4365,  -19.3981, 151.0791, -54.4365,  100, 50, 0
L -19.3981, 151.0791, -54.4365,  -15.6384, 154.6172, -54.4365,  100, 50, 0
L -15.6384, 154.6172, -54.4365,  -10.9208, 149.7486, -54.4365,  100, 50, 0
L -10.9208, 149.7486, -54.4365,  -14.5273, 146.2092, -54.4365,  100, 50, 0
L -14.5273, 146.2092, -54.4365,  -11.1237, 142.3091, -54.4365,  100, 50, 0
L -11.1237, 142.3091, -54.4365,  -11.4582, 127.0408, -54.4365,  100, 50, 0
L -11.4582, 127.0408, -54.4365,  -23.2022, 115.0888, -54.4365,  100, 50, 0
L -23.2022, 115.0888, -54.4365,  -39.4333, 115.1183, -54.4365,  100, 50, 0
L -39.4333, 115.1183, -54.4365,  -51.1281, 127.8212, -54.4365,  100, 50, 0
L -51.1281, 127.8212, -54.4365,  -51.1295, 129.9807, -54.4365,  100, 50, 0
L -51.1295, 129.9807, -54.4365,  -51.1295, 129.9807, -54.4365,  100, 50, 0
L -210.8524, 113.7847, -54.6022,  -210.8549, 111.2589, -54.6018,  100, 50, 0
L -210.8549, 111.2589, -54.6018,  -222.9253, 99.3358, -54.6168,  100, 50, 0
L -222.9253, 99.3358, -54.6168,  -238.8610, 99.5241, -54.6391,  100, 50, 0
L -238.8610, 99.5241, -54.6391,  -242.5861, 103.1829, -54.6442,  100, 50, 0
L -242.5861, 103.1829, -54.6442,  -246.1789, 99.7047, -54.6487,  100, 50, 0
L -246.1789, 99.7047, -54.6487,  -251.2326, 104.6223, -54.6550,  100, 50, 0
L -251.2326, 104.6223, -54.6550,  -247.4556, 108.0516, -54.6503,  100, 50, 0
L -247.4556, 108.0516, -54.6503,  -250.5366, 111.4007, -54.6541,  100, 50, 0
L -250.5366, 111.4007, -54.6541,  -250.4650, 127.6395, -54.6540,  100, 50, 0
L -250.4650, 127.6395, -54.6540,  -238.6496, 139.3790, -54.6393,  100, 50, 0
L -238.6496, 139.3790, -54.6393,  -222.4091, 139.1451, -54.6192,  100, 50, 0
L -222.4091, 139.1451, -54.6192,  -210.7975, 127.4747, -54.6042,  100, 50, 0
L -210.7975, 127.4747, -54.6042,  -210.8524, 124.5874, -54.6039,  100, 50, 0
L -210.8524, 124.5874, -54.6039,  -210.8524, 124.5874, -54.6039,  100, 50, 0
L -965.4406, -585.7192, -54.7177,  -961.8542, -585.3495, -54.7177,  100, 50, 0
L -961.8542, -585.3495, -54.7177,  -950.6178, -573.7156, -54.7177,  100, 50, 0
L -950.6178, -573.7156, -54.7177,  -950.8423, -557.9724, -54.7177,  100, 50, 0
L -950.8423, -557.9724, -54.7177,  -963.4550, -546.0358, -54.7177,  100, 50, 0
L -963.4550, -546.0358, -54.7177,  -978.5490, -546.0375, -54.7177,  100, 50, 0
L -978.5490, -546.0375, -54.7177,  -981.9744, -549.1127, -54.7177,  100, 50, 0
L -981.9744, -549.1127, -54.7177,  -985.5417, -545.4914, -54.7177,  100, 50, 0
L -985.5417, -545.4914, -54.7177,  -990.2375, -550.4843, -54.7173,  100, 50, 0
L -990.2375, -550.4843, -54.7173,  -986.8437, -553.9828, -54.7177,  100, 50, 0
L -986.8437, -553.9828, -54.7177,  -990.4655, -557.6199, -54.7177,  100, 50, 0
L -990.4655, -557.6199, -54.7177,  -990.3810, -574.4359, -54.7177,  100, 50, 0
L -990.3810, -574.4359, -54.7177,  -978.7010, -585.8159, -54.7177,  100, 50, 0
L -978.7010, -585.8159, -54.7177,  -976.2433, -585.7203, -54.7177,  100, 50, 0
L -976.2433, -585.7203, -54.7177,  -976.2433, -585.7203, -54.7177,  100, 50, 0
L -910.5519, -594.4476, -54.7177,  -912.9199, -594.4476, -54.7177,  100, 50, 0
L -912.9199, -594.4476, -54.7177,  -924.9992, -582.3842, -54.7177,  100, 50, 0
L -924.9992, -582.3842, -54.7177,  -924.6699, -566.1316, -54.7177,  100, 50, 0
L -924.6699, -566.1316, -54.7177,  -921.1523, -562.7101, -54.7177,  100, 50, 0
L -921.1523, -562.7101, -54.7177,  -924.8312, -558.4236, -54.7177,  100, 50, 0
L -924.8312, -558.4236, -54.7177,  -920.2757, -554.4524, -54.7177,  100, 50, 0
L -920.2757, -554.4524, -54.7177,  -916.2830, -557.8400, -54.7177,  100, 50, 0
L -916.2830, -557.8400, -54.7177,  -913.2145, -554.8015, -54.7177,  100, 50, 0
L -913.2145, -554.8015, -54.7177,  -896.4072, -554.9356, -54.7177,  100, 50, 0
L -896.4072, -554.9356, -54.7177,  -885.0839, -566.6605, -54.7177,  100, 50, 0
L -885.0839, -566.6605, -54.7177,  -885.2034, -583.1968, -54.7177,  100, 50, 0
L -885.2034, -583.1968, -54.7177,  -896.3977, -594.1011, -54.7177,  100, 50, 0
L -896.3977, -594.1011, -54.7177,  -899.7492, -594.4466, -54.7177,  100, 50, 0
L -899.7492, -594.4466, -54.7177,  -899.5809, -594.5211, -54.7177,  100, 50, 0
L -1005.5042, -632.4170, -54.7177,  -1005.8906, -628.3789, -54.7177,  100, 50, 0
L -1005.8906, -628.3789, -54.7177,  -1016.6588, -618.2556, -54.7177,  100, 50, 0
L -1016.6588, -618.2556, -54.7177,  -1033.6454, -617.8908, -54.7177,  100, 50, 0
L -1033.6454, -617.8908, -54.7177,  -1045.0068, -629.2571, -54.7177,  100, 50, 0
L -1045.0068, -629.2571, -54.7177,  -1045.1654, -645.8896, -54.7177,  100, 50, 0
L -1045.1654, -645.8896, -54.7177,  -1042.1096, -648.9518, -54.7177,  100, 50, 0
L -1042.1096, -648.9518, -54.7177,  -1045.7039, -652.4669, -54.7177,  100, 50, 0
L -1045.7039, -652.4669, -54.7177,  -1040.4899, -657.3587, -54.7177,  100, 50, 0
L -1040.4899, -657.3587, -54.7177,  -1037.2397, -653.8207, -54.7162,  100, 50, 0
L -1037.2397, -653.8207, -54.7162,  -1033.8344, -657.2258, -54.7177,  100, 50, 0
L -1033.8344, -657.2258, -54.7177,  -1016.6711, -657.2185, -54.7177,  100, 50, 0
L -1016.6711, -657.2185, -54.7177,  -1005.6037, -645.9509, -54.7177,  100, 50, 0
L -1005.6037, -645.9509, -54.7177,  -1005.5042, -643.2198, -54.7177,  100, 50, 0
L -1005.5042, -643.2198, -54.7177,  -1005.5042, -643.2198, -54.7177,  100, 50, 0
L -1661.6158, 136.9271, -54.7177,  -1652.6062, 146.1916, -54.7177,  100, 50, 0
L -1652.6062, 146.1916, -54.7177,  -1638.2954, 132.2114, -54.7177,  100, 50, 0
L -1638.2954, 132.2114, -54.7177,  -1642.7533, 127.6851, -54.7177,  100, 50, 0
L -1642.7533, 127.6851, -54.7177,  -1642.7533, 127.6851, -54.7177,  100, 50, 0
L -1647.4465, 122.9898, -54.7177,  -1651.7675, 118.1852, -54.7177,  100, 50, 0
L -1651.7675, 118.1852, -54.7177,  -1666.0255, 131.2500, -54.7177,  100, 50, 0
L -1666.0255, 131.2500, -54.7177,  -1660.7948, 137.7888, -54.7177,  100, 50, 0
L -1664.8351, 77.8474, -54.7177,  -1662.1826, 77.8474, -54.7177,  100, 50, 0
L -1662.1826, 77.8474, -54.7177,  -1650.1813, 89.5782, -54.7177,  100, 50, 0
L -1650.1813, 89.5782, -54.7177,  -1650.2345, 105.6234, -54.7177,  100, 50, 0
L -1650.2345, 105.6234, -54.7177,  -1662.6555, 117.5324, -54.7177,  100, 50, 0
L -1662.6555, 117.5324, -54.7177,  -1678.3397, 117.4713, -54.7177,  100, 50, 0
L -1678.3397, 117.4713, -54.7177,  -1681.3700, 114.4530, -54.7177,  100, 50, 0
L -1681.3700, 114.4530, -54.7177,  -1684.3726, 117.5853, -54.7177,  100, 50, 0
L -1684.3726, 117.5853, -54.7177,  -1689.8046, 113.1590, -54.7177,  100, 50, 0
L -1689.8046, 113.1590, -54.7177,  -1686.2390, 109.5832, -54.7168,  100, 50, 0
L -1686.2390, 109.5832, -54.7168,  -1689.9828, 105.6233, -54.7177,  100, 50, 0
L -1689.9828, 105.6233, -54.7177,  -1689.8966, 90.1392, -54.7177,  100, 50, 0
L -1689.8966, 90.1392, -54.7177,  -1677.9827, 77.7026, -54.7177,  100, 50, 0
L -1677.9827, 77.7026, -54.7177,  -1675.6379, 77.8474, -54.7177,  100, 50, 0
L -1675.6379, 77.8474, -54.7177,  -1675.6379, 77.8474, -54.7177,  100, 50, 0
L -3018.5913, 298.2671, -55.1642,  -3015.6426, 298.2637, -55.0857,  100, 50, 0
L -3015.6426, 298.2637, -55.0857,  -3004.9961, 308.7454, -54.8024,  100, 50, 0
L -3004.9961, 308.7454, -54.8024,  -2994.6541, 298.4212, -54.7177,  100, 50, 0
L -2994.6541, 298.4212, -54.7177,  -2978.2207, 298.2436, -54.7177,  100, 50, 0
L -2978.2207, 298.2436, -54.7177,  -2966.5496, 309.7399, -54.7177,  100, 50, 0
L -2966.5496, 309.7399, -54.7177,  -2966.4312, 325.9290, -54.7177,  100, 50, 0
L -2966.4312, 325.9290, -54.7177,  -2969.5129, 329.3844, -54.7177,  100, 50, 0
L -2969.5129, 329.3844, -54.7177,  -2966.0977, 333.3845, -54.7177,  100, 50, 0
L -2966.0977, 333.3845, -54.7177,  -2970.1147, 337.4344, -54.7177,  100, 50, 0
L -2970.1147, 337.4344, -54.7177,  -2974.3772, 334.2403, -54.7177,  100, 50, 0
L -2974.3772, 334.2403, -54.7177,  -2977.9604, 337.8170, -54.7177,  100, 50, 0
L -2977.9604, 337.8170, -54.7177,  -2993.8699, 337.9028, -54.7177,  100, 50, 0
L -2993.8699, 337.9028, -54.7177,  -3004.9619, 327.4189, -54.7950,  100, 50, 0
L -3004.9619, 327.4189, -54.7950,  -3015.5215, 337.9209, -55.3484,  100, 50, 0
L -3015.5215, 337.9209, -55.3484,  -3031.7517, 337.9352, -56.1462,  100, 50, 0
L -3031.7517, 337.9352, -56.1462,  -3034.9851, 334.8632, -56.2368,  100, 50, 0
L -3034.9851, 334.8632, -56.2368,  -3038.5127, 338.4135, -56.4913,  100, 50, 0
L -3038.5127, 338.4135, -56.4913,  -3043.1929, 334.1310, -56.6264,  100, 50, 0
L -3043.1929, 334.1310, -56.6264,  -3039.8394, 330.0075, -56.3676,  100, 50, 0
L -3039.8394, 330.0075, -56.3676,  -3042.6116, 327.2341, -56.4390,  100, 50, 0
L -3042.6116, 327.2341, -56.4390,  -3053.6575, 338.0382, -57.2322,  100, 50, 0
L -3053.6575, 338.0382, -57.2322,  -3069.6213, 337.9863, -58.0210,  100, 50, 0
L -3069.6213, 337.9863, -58.0210,  -3081.4927, 326.1302, -58.3371,  100, 50, 0
L -3081.4927, 326.1302, -58.3371,  -3081.3203, 309.7018, -57.9436,  100, 50, 0
L -3081.3203, 309.7018, -57.9436,  -3078.2896, 306.8204, -57.7273,  100, 50, 0
L -3078.2896, 306.8204, -57.7273,  -3081.9878, 303.0352, -57.8201,  100, 50, 0
L -3081.9878, 303.0352, -57.8201,  -3077.8225, 298.8833, -57.5183,  100, 50, 0
L -3077.8225, 298.8833, -57.5183,  -3073.4495, 301.9719, -57.3761,  100, 50, 0
L -3073.4495, 301.9719, -57.3761,  -3069.0056, 298.2985, -57.0719,  100, 50, 0
L -3069.0056, 298.2985, -57.0719,  -3053.0649, 298.4065, -56.2921,  100, 50, 0
L -3053.0649, 298.4065, -56.2921,  -3042.6326, 308.9814, -56.0279,  100, 50, 0
L -3042.6326, 308.9814, -56.0279,  -3031.9189, 298.2969, -55.5189,  100, 50, 0
L -3031.9189, 298.2969, -55.5189,  -3028.0735, 298.2672, -55.3587,  100, 50, 0
L -3028.0735, 298.2672, -55.3587,  -3028.0078, 298.1032, -55.3587,  100, 50, 0
L -3110.8892, 262.0697, -58.0458,  -3111.0674, 258.9456, -57.9768,  100, 50, 0
L -3111.0674, 258.9456, -57.9768,  -3122.4343, 247.5783, -57.9767,  100, 50, 0
L -3122.4343, 247.5783, -57.9767,  -3138.2734, 247.5206, -58.3466,  100, 50, 0
L -3138.2734, 247.5206, -58.3466,  -3142.6230, 251.2052, -58.5217,  100, 50, 0
L -3142.6230, 251.2052, -58.5217,  -3146.4814, 247.6674, -58.5424,  100, 50, 0
L -3146.4814, 247.6674, -58.5424,  -3151.1089, 252.6626, -58.7680,  100, 50, 0
L -3151.1089, 252.6626, -58.7680,  -3147.4932, 256.0748, -58.7632,  100, 50, 0
L -3147.4932, 256.0748, -58.7632,  -3150.4587, 259.0401, -58.9022,  100, 50, 0
L -3150.4587, 259.0401, -58.9022,  -3150.5627, 274.6137, -59.2642,  100, 50, 0
L -3150.5627, 274.6137, -59.2642,  -3139.1563, 286.9849, -59.2923,  100, 50, 0
L -3139.1563, 286.9849, -59.2923,  -3122.6150, 287.1659, -58.9088,  100, 50, 0
L -3122.6150, 287.1659, -58.9088,  -3111.0242, 275.6827, -58.3680,  100, 50, 0
L -3111.0242, 275.6827, -58.3680,  -3110.8911, 272.5056, -58.2904,  100, 50, 0
L -3110.8911, 272.5056, -58.2904,  -3110.8311, 272.6795, -58.2904,  100, 50, 0
L -3676.9272, -1000.5260, -54.7177,  -3674.5339, -1000.5253, -54.7177,  100, 50, 0
L -3674.5339, -1000.5253, -54.7177,  -3663.5063, -1011.2470, -54.7177,  100, 50, 0
L -3663.5063, -1011.2470, -54.7177,  -3653.2825, -1001.0371, -54.7177,  100, 50, 0
L -3653.2825, -1001.0371, -54.7177,  -3636.7446, -1000.5597, -54.7177,  100, 50, 0
L -3636.7446, -1000.5597, -54.7177,  -3632.6860, -1004.2363, -54.7177,  100, 50, 0
L -3632.6860, -1004.2363, -54.7177,  -3628.6909, -1000.4363, -54.7177,  100, 50, 0
L -3628.6909, -1000.4363, -54.7177,  -3624.1331, -1005.1064, -54.7177,  100, 50, 0
L -3624.1331, -1005.1064, -54.7177,  -3627.8333, -1009.0958, -54.7177,  100, 50, 0
L -3627.8333, -1009.0958, -54.7177,  -3624.7034, -1012.4274, -54.7177,  100, 50, 0
L -3624.7034, -1012.4274, -54.7177,  -3624.9187, -1029.2637, -54.7177,  100, 50, 0
L -3624.9187, -1029.2637, -54.7177,  -3636.7800, -1040.4622, -54.7177,  100, 50, 0
L -3636.7800, -1040.4622, -54.7177,  -3653.0859, -1040.1470, -54.7177,  100, 50, 0
L -3653.0859, -1040.1470, -54.7177,  -3663.5269, -1029.4993, -54.7176,  100, 50, 0
L -3663.5269, -1029.4993, -54.7176,  -3666.2993, -1032.2727, -54.7177,  100, 50, 0
L -3666.2993, -1032.2727, -54.7177,  -3662.7932, -1036.0361, -54.7177,  100, 50, 0
L -3662.7932, -1036.0361, -54.7177,  -3667.7043, -1040.7815, -54.7177,  100, 50, 0
L -3667.7043, -1040.7815, -54.7177,  -3671.1536, -1037.1287, -54.7177,  100, 50, 0
L -3671.1536, -1037.1287, -54.7177,  -3674.5974, -1040.3048, -54.7177,  100, 50, 0
L -3674.5974, -1040.3048, -54.7177,  -3690.4907, -1040.2046, -54.7177,  100, 50, 0
L -3690.4907, -1040.2046, -54.7177,  -3701.1797, -1029.6849, -54.7176,  100, 50, 0
L -3701.1797, -1029.6849, -54.7176,  -3711.7656, -1040.1803, -54.7177,  100, 50, 0
L -3711.7656, -1040.1803, -54.7177,  -3727.3616, -1040.1808, -54.7177,  100, 50, 0
L -3727.3616, -1040.1808, -54.7177,  -3731.7607, -1036.5048, -54.7177,  100, 50, 0
L -3731.7607, -1036.5048, -54.7177,  -3735.6392, -1040.0546, -54.7177,  100, 50, 0
L -3735.6392, -1040.0546, -54.7177,  -3740.2585, -1035.1685, -54.7177,  100, 50, 0
L -3740.2585, -1035.1685, -54.7177,  -3736.6204, -1031.6533, -54.7177,  100, 50, 0
L -3736.6204, -1031.6533, -54.7177,  -3739.7085, -1027.9530, -54.7177,  100, 50, 0
L -3739.7085, -1027.9530, -54.7177,  -3739.6863, -1012.0081, -54.7177,  100, 50, 0
L -3739.6863, -1012.0081, -54.7177,  -3727.8074, -1000.2619, -54.7177,  100, 50, 0
L -3727.8074, -1000.2619, -54.7177,  -3712.0703, -1000.4902, -54.7177,  100, 50, 0
L -3712.0703, -1000.4902, -54.7177,  -3701.1426, -1011.0074, -54.7175,  100, 50, 0
L -3701.1426, -1011.0074, -54.7175,  -3690.9924, -1000.8573, -54.7177,  100, 50, 0
L -3690.9924, -1000.8573, -54.7177,  -3687.6448, -1000.5289, -54.7153,  100, 50, 0
L -3687.6448, -1000.5289, -54.7153,  -3687.6448, -1000.5289, -54.7153,  100, 50, 0
L -3738.7861, -983.0159, -54.7177,  -3738.7861, -983.0159, -54.7177,  100, 50, 0
L -3738.7861, -983.0159, -54.7177,  -3738.7969, -986.0158, -54.7177,  100, 50, 0
L -3738.7969, -986.0158, -54.7177,  -3749.9917, -996.8542, -54.7177,  100, 50, 0
L -3749.9917, -996.8542, -54.7177,  -3766.5322, -997.2935, -54.7177,  100, 50, 0
L -3766.5322, -997.2935, -54.7177,  -3770.5234, -993.6167, -54.7177,  100, 50, 0
L -3770.5234, -993.6167, -54.7177,  -3774.0940, -997.0781, -54.7177,  100, 50, 0
L -3774.0940, -997.0781, -54.7177,  -3778.8181, -992.0315, -54.7177,  100, 50, 0
L -3778.8181, -992.0315, -54.7177,  -3775.3936, -988.7476, -54.7177,  100, 50, 0
L -3775.3936, -988.7476, -54.7177,  -3778.6814, -984.4236, -54.7177,  100, 50, 0
L -3778.6814, -984.4236, -54.7177,  -3778.4285, -968.5778, -54.7177,  100, 50, 0
L -3778.4285, -968.5778, -54.7177,  -3766.9810, -957.7471, -54.7177,  100, 50, 0
L -3766.9810, -957.7471, -54.7177,  -3750.9128, -957.5829, -54.7177,  100, 50, 0
L -3750.9128, -957.5829, -54.7177,  -3739.0916, -968.9030, -54.7177,  100, 50, 0
L -3739.0916, -968.9030, -54.7177,  -3738.7861, -972.2137, -54.7177,  100, 50, 0
L -3738.7861, -972.2137, -54.7177,  -3738.7861, -972.2137, -54.7177,  100, 50, 0
L -4725.1411, 98.9713, -54.5927,  -4722.3271, 98.9844, -54.5927,  100, 50, 0
L -4722.3271, 98.9844, -54.5927,  -4710.8125, 110.4340, -54.5927,  100, 50, 0
L -4710.8125, 110.4340, -54.5927,  -4710.6240, 126.1862, -54.5927,  100, 50, 0
L -4710.6240, 126.1862, -54.5927,  -4722.0083, 138.4039, -54.5927,  100, 50, 0
L -4722.0083, 138.4039, -54.5927,  -4738.5596, 138.6395, -54.5927,  100, 50, 0
L -4738.5596, 138.6395, -54.5927,  -4741.7466, 135.5730, -54.5927,  100, 50, 0
L -4741.7466, 135.5730, -54.5927,  -4744.8379, 138.7905, -54.5927,  100, 50, 0
L -4744.8379, 138.7905, -54.5927,  -4749.6758, 135.1277, -54.5927,  100, 50, 0
L -4749.6758, 135.1277, -54.5927,  -4746.6162, 130.7026, -54.5920,  100, 50, 0
L -4746.6162, 130.7026, -54.5920,  -4750.0176, 127.3009, -54.5927,  100, 50, 0
L -4750.0176, 127.3009, -54.5927,  -4750.3179, 110.7459, -54.5927,  100, 50, 0
L -4750.3179, 110.7459, -54.5927,  -4738.1479, 98.6112, -54.5927,  100, 50, 0
L -4738.1479, 98.6112, -54.5927,  -4735.0879, 98.9705, -54.5927,  100, 50, 0
L -4735.0879, 98.9705, -54.5927,  -4735.0879, 98.9705, -54.5927,  100, 50, 0
L -4888.0190, -262.7976, -54.5927,  -4888.0728, -259.6387, -54.5927,  100, 50, 0
L -4888.0728, -259.6387, -54.5927,  -4899.8804, -248.0276, -54.5927,  100, 50, 0
L -4899.8804, -248.0276, -54.5927,  -4916.4146, -248.3009, -54.5927,  100, 50, 0
L -4916.4146, -248.3009, -54.5927,  -4927.4746, -259.5898, -54.5927,  100, 50, 0
L -4927.4746, -259.5898, -54.5927,  -4927.7026, -276.1169, -54.5927,  100, 50, 0
L -4927.7026, -276.1169, -54.5927,  -4924.6245, -279.3325, -54.5927,  100, 50, 0
L -4924.6245, -279.3325, -54.5927,  -4928.1577, -282.7236, -54.5927,  100, 50, 0
L -4928.1577, -282.7236, -54.5927,  -4923.8945, -287.5641, -54.5927,  100, 50, 0
L -4923.8945, -287.5641, -54.5927,  -4919.7549, -284.2012, -54.5906,  100, 50, 0
L -4919.7549, -284.2012, -54.5906,  -4915.2959, -287.9392, -54.5927,  100, 50, 0
L -4915.2959, -287.9392, -54.5927,  -4900.1260, -287.8589, -54.5927,  100, 50, 0
L -4900.1260, -287.8589, -54.5927,  -4888.6353, -276.8486, -54.5927,  100, 50, 0
L -4888.6353, -276.8486, -54.5927,  -4888.0195, -273.6003, -54.5927,  100, 50, 0
L -4888.0195, -273.6003, -54.5927,  -4887.7637, -274.5680, -54.5927,  100, 50, 0
L -4847.7490, -296.0129, -54.5927,  -4850.1514, -296.0133, -54.5927,  100, 50, 0
L -4850.1514, -296.0133, -54.5927,  -4861.2109, -306.4833, -54.5913,  100, 50, 0
L -4861.2109, -306.4833, -54.5913,  -4871.5327, -296.1778, -54.5927,  100, 50, 0
L -4871.5327, -296.1778, -54.5927,  -4888.0752, -295.9816, -54.5927,  100, 50, 0
L -4888.0752, -295.9816, -54.5927,  -4899.8457, -307.6822, -54.5927,  100, 50, 0
L -4899.8457, -307.6822, -54.5927,  -4899.6157, -324.6514, -54.5927,  100, 50, 0
L -4899.6157, -324.6514, -54.5927,  -4896.6772, -327.1473, -54.5927,  100, 50, 0
L -4896.6772, -327.1473, -54.5927,  -4900.1655, -330.5593, -54.5927,  100, 50, 0
L -4900.1655, -330.5593, -54.5927,  -4894.0264, -335.8640, -54.5927,  100, 50, 0
L -4894.0264, -335.8640, -54.5927,  -4891.8276, -331.9887, -54.5927,  100, 50, 0
L -4891.8276, -331.9887, -54.5927,  -4888.2998, -335.5105, -54.5927,  100, 50, 0
L -4888.2998, -335.5105, -54.5927,  -4871.3335, -335.2688, -54.5927,  100, 50, 0
L -4871.3335, -335.2688, -54.5927,  -4861.2583, -325.1756, -54.5927,  100, 50, 0
L -4861.2583, -325.1756, -54.5927,  -4850.9243, -335.5104, -54.5921,  100, 50, 0
L -4850.9243, -335.5104, -54.5921,  -4834.9126, -335.6919, -54.5927,  100, 50, 0
L -4834.9126, -335.6919, -54.5927,  -4831.2202, -332.6084, -54.5927,  100, 50, 0
L -4831.2202, -332.6084, -54.5927,  -4827.2466, -335.9639, -54.5927,  100, 50, 0
L -4827.2466, -335.9639, -54.5927,  -4823.0732, -331.9371, -54.5927,  100, 50, 0
L -4823.0732, -331.9371, -54.5927,  -4826.3750, -327.7624, -54.5927,  100, 50, 0
L -4826.3750, -327.7624, -54.5927,  -4823.6045, -324.9903, -54.5927,  100, 50, 0
L -4823.6045, -324.9903, -54.5927,  -4812.3525, -335.7230, -54.5927,  100, 50, 0
L -4812.3525, -335.7230, -54.5927,  -4796.0581, -335.5135, -54.5927,  100, 50, 0
L -4796.0581, -335.5135, -54.5927,  -4785.3369, -324.6356, -54.5927,  100, 50, 0
L -4785.3369, -324.6356, -54.5927,  -4784.8091, -308.0025, -54.5927,  100, 50, 0
L -4784.8091, -308.0025, -54.5927,  -4787.9160, -304.5745, -54.5927,  100, 50, 0
L -4787.9160, -304.5745, -54.5927,  -4784.2637, -300.5018, -54.5927,  100, 50, 0
L -4784.2637, -300.5018, -54.5927,  -4788.6758, -296.3339, -54.5927,  100, 50, 0
L -4788.6758, -296.3339, -54.5927,  -4792.7588, -299.7248, -54.5924,  100, 50, 0
L -4792.7588, -299.7248, -54.5924,  -4796.9902, -295.9599, -54.5927,  100, 50, 0
L -4796.9902, -295.9599, -54.5927,  -4812.6567, -296.0419, -54.5927,  100, 50, 0
L -4812.6567, -296.0419, -54.5927,  -4823.5757, -306.7412, -54.5927,  100, 50, 0
L -4823.5757, -306.7412, -54.5927,  -4834.0859, -296.2295, -54.5927,  100, 50, 0
L -4834.0859, -296.2295, -54.5927,  -4836.9565, -296.0109, -54.5927,  100, 50, 0
L -4836.9565, -296.0109, -54.5927,  -4836.9565, -296.0109, -54.5927,  100, 50, 0
L -4757.1611, -240.4644, -54.5927,  -4756.6802, -244.2974, -54.5927,  100, 50, 0
L -4756.6802, -244.2974, -54.5927,  -4745.2451, -255.2792, -54.5927,  100, 50, 0
L -4745.2451, -255.2792, -54.5927,  -4729.1992, -255.0649, -54.5927,  100, 50, 0
L -4729.1992, -255.0649, -54.5927,  -4718.0068, -243.9726, -54.5927,  100, 50, 0
L -4718.0068, -243.9726, -54.5927,  -4717.5342, -226.9426, -54.5927,  100, 50, 0
L -4717.5342, -226.9426, -54.5927,  -4720.5562, -223.9296, -54.5927,  100, 50, 0
L -4720.5562, -223.9296, -54.5927,  -4716.9326, -220.2723, -54.5927,  100, 50, 0
L -4716.9326, -220.2723, -54.5927,  -4722.3730, -215.5066, -54.5927,  100, 50, 0
L -4722.3730, -215.5066, -54.5927,  -4725.4258, -219.0608, -54.5922,  100, 50, 0
L -4725.4258, -219.0608, -54.5922,  -4729.4790, -215.2248, -54.5927,  100, 50, 0
L -4729.4790, -215.2248, -54.5927,  -4744.8687, -215.4031, -54.5927,  100, 50, 0
L -4744.8687, -215.4031, -54.5927,  -4756.5303, -226.3985, -54.5927,  100, 50, 0
L -4756.5303, -226.3985, -54.5927,  -4757.1548, -229.6617, -54.5927,  100, 50, 0
L -4757.1548, -229.6617, -54.5927,  -4757.2300, -229.1019, -54.5927,  100, 50, 0
L -4069.2139, -318.6132, -54.7177,  -4072.7112, -318.7182, -54.7177,  100, 50, 0
L -4072.7112, -318.7182, -54.7177,  -4083.5410, -329.9334, -54.7177,  100, 50, 0
L -4083.5410, -329.9334, -54.7177,  -4083.8162, -345.8439, -54.7177,  100, 50, 0
L -4083.8162, -345.8439, -54.7177,  -4072.2581, -358.2256, -54.7176,  100, 50, 0
L -4072.2581, -358.2256, -54.7176,  -4056.4636, -358.2967, -54.7177,  100, 50, 0
L -4056.4636, -358.2967, -54.7177,  -4052.6792, -355.2188, -54.7177,  100, 50, 0
L -4052.6792, -355.2188, -54.7177,  -4049.6533, -358.3754, -54.7177,  100, 50, 0
L -4049.6533, -358.3754, -54.7177,  -4044.3269, -354.3575, -54.7177,  100, 50, 0
L -4044.3269, -354.3575, -54.7177,  -4047.8101, -350.3490, -54.7158,  100, 50, 0
L -4047.8101, -350.3490, -54.7158,  -4043.9006, -346.0493, -54.7177,  100, 50, 0
L -4043.9006, -346.0493, -54.7177,  -4044.1533, -330.2343, -54.7177,  100, 50, 0
L -4044.1533, -330.2343, -54.7177,  -4055.3108, -319.0816, -54.7177,  100, 50, 0
L -4055.3108, -319.0816, -54.7177,  -4058.4111, -318.6132, -54.7177,  100, 50, 0
L -4058.4111, -318.6132, -54.7177,  -4058.4111, -318.6132, -54.7177,  100, 50, 0
L -4656.9902, -936.9174, -54.5927,  -4670.1401, -933.2949, -54.5927,  100, 50, 0
L -4670.1401, -933.2949, -54.5927,  -4675.5962, -952.0057, -54.5925,  100, 50, 0
L -4675.5962, -952.0057, -54.5925,  -4656.8848, -958.1777, -54.5879,  100, 50, 0
L -4656.8848, -958.1777, -54.5879,  -4654.8267, -952.8192, -54.5927,  100, 50, 0
L -4654.8267, -952.8192, -54.5927,  -4654.8267, -952.8192, -54.5927,  100, 50, 0
L -4651.4180, -938.2504, -54.5927,  -4656.8198, -936.9644, -54.5927,  100, 50, 0
L -4656.8198, -936.9644, -54.5927,  -4656.8198, -936.9644, -54.5927,  100, 50, 0
L -4651.2725, -938.2065, -54.5927,  -4650.7710, -938.8220, -54.5927,  100, 50, 0
L -4650.7710, -938.8220, -54.5927,  -4651.9644, -943.3271, -54.5927,  100, 50, 0
L -4651.9644, -943.3271, -54.5927,  -4651.9644, -943.3271, -54.5927,  100, 50, 0
L -4673.0068, -997.6443, -54.5927,  -4658.4155, -1010.7032, -54.5857,  100, 50, 0
L -4658.4155, -1010.7032, -54.5857,  -4645.0737, -996.2241, -54.5927,  100, 50, 0
L -4645.0737, -996.2241, -54.5927,  -4648.5581, -992.3233, -54.5927,  100, 50, 0
L -4648.5581, -992.3233, -54.5927,  -4648.5581, -992.3233, -54.5927,  100, 50, 0
L -4656.4385, -986.8473, -54.5927,  -4661.2471, -983.3123, -54.5927,  100, 50, 0
L -4661.2471, -983.3123, -54.5927,  -4673.0415, -997.6870, -54.5923,  100, 50, 0
L -4673.0415, -997.6870, -54.5923,  -4673.0415, -997.6870, -54.5923,  100, 50, 0
L -4630.0562, -999.1664, -54.5819,  -4630.2251, -1016.3993, -54.5895,  100, 50, 0
L -4630.2251, -1016.3993, -54.5895,  -4610.4268, -1017.3950, -54.5927,  100, 50, 0
L -4610.4268, -1017.3950, -54.5927,  -4609.5371, -997.1591, -54.5927,  100, 50, 0
L -4609.5371, -997.1591, -54.5927,  -4614.7998, -996.8023, -54.5927,  100, 50, 0
L -4614.7998, -996.8023, -54.5927,  -4614.7998, -996.8023, -54.5927,  100, 50, 0
L -4630.0781, -999.5505, -54.5705,  -4629.8418, -995.7659, -54.5927,  100, 50, 0
L -4629.8418, -995.7659, -54.5927,  -4625.0195, -996.1474, -54.5927,  100, 50, 0
L -4625.0195, -996.1474, -54.5927,  -4625.0195, -996.1474, -54.5927,  100, 50, 0
L -2666.5591, -1018.8806, -54.7177,  -2663.8169, -1026.3593, -54.7177,  100, 50, 0
L -2663.8169, -1026.3593, -54.7177,  -2663.0139, -1029.6368, -54.7177,  100, 50, 0
L -2663.0139, -1029.6368, -54.7177,  -2669.5732, -1042.0930, -54.7177,  100, 50, 0
L -2669.5732, -1042.0930, -54.7177,  -2684.0984, -1047.0947, -54.1363,  100, 50, 0
L -2684.0984, -1047.0947, -54.1363,  -2698.5442, -1041.2255, -54.7177,  100, 50, 0
L -2698.5442, -1041.2255, -54.7177,  -2703.7148, -1026.2814, -54.7177,  100, 50, 0
L -2703.7148, -1026.2814, -54.7177,  -2697.1643, -1012.7859, -54.7177,  100, 50, 0
L -2697.1643, -1012.7859, -54.7177,  -2682.5049, -1007.4769, -54.7177,  100, 50, 0
L -2682.5049, -1007.4769, -54.7177,  -2679.3442, -1008.7932, -54.6684,  100, 50, 0
L -2679.3442, -1008.7932, -54.6684,  -2679.3442, -1008.7932, -54.6684,  100, 50, 0
L -2634.4670, -1035.4996, -54.5819,  -2624.3135, -1044.9189, -54.7177,  100, 50, 0
L -2624.3135, -1044.9189, -54.7177,  -2608.9788, -1044.7229, -54.7177,  100, 50, 0
L -2608.9788, -1044.7229, -54.7177,  -2598.1187, -1033.6140, -54.7177,  100, 50, 0
L -2598.1187, -1033.6140, -54.7177,  -2598.9255, -1018.9970, -54.7177,  100, 50, 0
L -2598.9255, -1018.9970, -54.7177,  -2609.6331, -1007.8245, -54.7177,  100, 50, 0
L -2609.6331, -1007.8245, -54.7177,  -2625.7644, -1008.5048, -54.7177,  100, 50, 0
L -2625.7644, -1008.5048, -54.7177,  -2627.5620, -1010.4512, -54.7177,  100, 50, 0
L -2627.5620, -1010.4512, -54.7177,  -2627.5620, -1010.4512, -54.7177,  100, 50, 0
L -2634.9492, -1017.6379, -54.7177,  -2636.2117, -1020.0786, -54.7177,  100, 50, 0
L -2636.2117, -1020.0786, -54.7177,  -2635.0334, -1035.4418, -54.7177,  100, 50, 0
L -2635.0334, -1035.4418, -54.7177,  -2635.0334, -1035.4418, -54.7177,  100, 50, 0
L -2604.3420, -991.4957, -54.7177,  -2597.6763, -996.3201, -54.7170,  100, 50, 0
L -2597.6763, -996.3201, -54.7170,  -2588.1384, -995.1884, -54.7177,  100, 50, 0
L -2588.1384, -995.1884, -54.7177,  -2582.3477, -987.3722, -54.7177,  100, 50, 0
L -2582.3477, -987.3722, -54.7177,  -2583.8325, -978.6239, -54.7177,  100, 50, 0
L -2583.8325, -978.6239, -54.7177,  -2592.0371, -972.4356, -54.7177,  100, 50, 0
L -2592.0371, -972.4356, -54.7177,  -2601.2195, -974.3429, -54.7177,  100, 50, 0
L -2601.2195, -974.3429, -54.7177,  -2605.7590, -981.0414, -54.7173,  100, 50, 0
L -2605.7590, -981.0414, -54.7173,  -2606.0034, -983.3926, -54.7127,  100, 50, 0
L -2606.0034, -983.3926, -54.7127,  -2606.0034, -983.3926, -54.7127,  100, 50, 0
L -2604.2793, -991.4245, -54.7130,  -2605.0740, -989.6563, -54.7156,  100, 50, 0
L -2605.0740, -989.6563, -54.7156,  -2605.0740, -989.6563, -54.7156,  100, 50, 0
L -3109.8052, 343.9516, -57.9599,  -3096.2595, 343.8045, -57.5047,  100, 50, 0
L -3096.2595, 343.8045, -57.5047,  -3096.0266, 321.9204, -57.0760,  100, 50, 0
L -3096.0266, 321.9204, -57.0760,  -3104.0042, 321.7506, -57.4079,  100, 50, 0
L -3111.2781, 321.6439, -57.5759,  -3116.3154, 321.6466, -57.6940,  100, 50, 0
L -3116.3154, 321.6466, -57.6940,  -3117.7112, 324.2252, -57.7903,  100, 50, 0
L -3117.7112, 324.2252, -57.7903,  -3117.5369, 343.1422, -58.2471,  100, 50, 0
L -3117.5369, 343.1422, -58.2471,  -3117.0090, 343.7198, -58.2133,  100, 50, 0
L -3117.0090, 343.7198, -58.2133,  -3108.9319, 343.9512, -57.9297,  100, 50, 0
L -3108.9319, 343.9512, -57.9297,  -3108.9319, 343.9512, -57.9297,  100, 50, 0
L 1070.7854, 573.7582, -48.8689,  978.8874, 492.7202, -45.9364,  150, 100, 0
L 978.8874, 492.7202, -45.9364,  984.8295, -495.7827, -49.7674,  150, 100, 0
L 984.8295, -495.7827, -49.7674,  1073.4622, -511.1535, -41.5970,  150, 100, 0
L 1073.4622, -511.1535, -41.5970,  1090.7781, -574.4436, -43.8990,  150, 100, 0
L 1090.7781, -574.4436, -43.8990,  1090.7781, -574.4436, -43.8990,  150, 100, 0
L 411.7258, 1013.1474, 52.1257,  243.4005, 1009.7256, -16.0305,  150, 100, 0
L 243.4005, 1009.7256, -16.0305,  21.0889, 783.5413, -31.3124,  150, 100, 0
L 21.0889, 783.5413, -31.3124,  -196.7614, 879.7206, -40.5447,  150, 100, 0
L -196.7614, 879.7206, -40.5447,  -242.4336, 710.2939, -12.3104,  150, 100, 0
L -242.4336, 710.2939, -12.3104,  -214.2597, 658.0674, -12.5400,  150, 100, 0
L -214.2597, 658.0674, -12.5400,  -270.3452, 475.6460, -31.4031,  150, 100, 0
L -270.3452, 475.6460, -31.4031,  -347.9608, 506.6714, -38.9920,  150, 100, 0
L -347.9608, 506.6714, -38.9920,  -442.3269, 694.1863, -21.5769,  150, 100, 0
L -442.3269, 694.1863, -21.5769,  -511.1818, 841.1611, -51.5927,  150, 100, 0
L -511.1818, 841.1611, -51.5927,  -512.8394, 882.6942, -51.5927,  150, 100, 0
L -512.8394, 882.6942, -51.5927,  -593.1063, 856.8309, -51.5927,  150, 100, 0
L -593.1063, 856.8309, -51.5927,  -716.0311, 848.9575, -51.5927,  150, 100, 0
L -716.0311, 848.9575, -51.5927,  -939.5090, 608.6956, -51.5927,  150, 100, 0
L -939.5090, 608.6956, -51.5927,  -1247.7054, 606.3756, -51.5927,  150, 100, 0
L -1247.7054, 606.3756, -51.5927,  -1339.2610, 678.5417, -49.7763,  150, 100, 0
L -1339.2610, 678.5417, -49.7763,  -1474.7241, 576.6304, -51.5927,  150, 100, 0
L -1474.7241, 576.6304, -51.5927,  -1562.9860, 399.3541, -51.5927,  150, 100, 0
L -1562.9860, 399.3541, -51.5927,  -1681.2948, 183.4500, -51.5927,  150, 100, 0
L -1681.2948, 183.4500, -51.5927,  -1906.7456, 199.8413, -51.5927,  150, 100, 0
L -1906.7456, 199.8413, -51.5927,  -1968.1807, 286.2487, -42.1821,  150, 100, 0
L -1968.1807, 286.2487, -42.1821,  -2067.7048, 518.4467, -49.2456,  150, 100, 0
L -2067.7048, 518.4467, -49.2456,  -2053.2793, 570.5793, -46.5892,  150, 100, 0
L -2053.2793, 570.5793, -46.5892,  -2153.4639, 679.4188, -51.5927,  150, 100, 0
L -2153.4639, 679.4188, -51.5927,  -2297.8655, 653.6859, -51.5927,  150, 100, 0
L -2297.8655, 653.6859, -51.5927,  -2391.9324, 573.9767, -51.5927,  150, 100, 0
L -2391.9324, 573.9767, -51.5927,  -2559.2878, 396.3437, -51.5927,  150, 100, 0
L -2559.2878, 396.3437, -51.5927,  -2713.5830, 545.8597, -51.5927,  150, 100, 0
L -2713.5830, 545.8597, -51.5927,  -2932.0710, 680.5923, -48.4423,  150, 100, 0
L -2932.0710, 680.5923, -48.4423,  -3115.2441, 594.6772, -51.5927,  150, 100, 0
L -3115.2441, 594.6772, -51.5927,  -3243.2827, 578.7363, -56.1359,  150, 100, 0
L -3243.2827, 578.7363, -56.1359,  -3631.7483, 593.2595, -108.0429,  150, 100, 0
L -3631.7483, 593.2595, -108.0429,  -3760.2219, 722.1446, -60.5780,  150, 100, 0
L -3760.2219, 722.1446, -60.5780,  -3887.8835, 837.8548, -48.2151,  150, 100, 0
L -3887.8835, 837.8548, -48.2151,  -4094.0613, 880.5611, -51.5927,  150, 100, 0
L -4094.0613, 880.5611, -51.5927,  -4515.0229, 892.2757, -51.4677,  150, 100, 0
L -4515.0229, 892.2757, -51.4677,  -4724.2319, 841.2933, -51.4677,  150, 100, 0
L -4724.2319, 841.2933, -51.4677,  -4883.0425, 682.4779, -51.4677,  150, 100, 0
L -4883.0425, 682.4779, -51.4677,  -5022.9839, 516.4803, -69.3466,  150, 100, 0
L -5022.9839, 516.4803, -69.3466,  -5022.9839, 516.4803, -69.3466,  150, 100, 0
L -3112.8972, 262.1011, -58.0484,  -3112.8972, 259.8192, -58.0401,  100, 50, 0
L -3112.8972, 259.8192, -58.0401,  -3123.2966, 249.4158, -58.0400,  100, 50, 0
L -3123.2966, 249.4158, -58.0400,  -3138.0056, 249.4119, -58.0484,  100, 50, 0
L -3138.0056, 249.4119, -58.0484,  -3141.1899, 252.5952, -58.0483,  100, 50, 0
L -3141.1899, 252.5952, -58.0483,  -3141.1899, 252.5952, -58.0484,  100, 50, 0
L -3146.0549, 257.4583, -58.0484,  -3148.4089, 259.8109, -58.0484,  100, 50, 0
L -3148.4089, 259.8109, -58.0484,  -3148.4124, 274.5206, -58.0484,  100, 50, 0
L -3148.4124, 274.5206, -58.0484,  -3138.0132, 284.9236, -58.0484,  100, 50, 0
L -3138.0132, 284.9236, -58.0484,  -3123.2961, 284.9275, -58.0484,  100, 50, 0
L -3123.2961, 284.9275, -58.0484,  -3112.8989, 274.5280, -58.0484,  100, 50, 0
L -3112.8989, 274.5280, -58.0484,  -3112.8992, 272.7249, -58.0484,  100, 50, 0
L -3112.8992, 272.7249, -58.0484,  -3112.8992, 272.7249, -58.0484,  100, 50, 0
L -3115.3467, 341.5957, -60.0828,  -3115.3542, 324.0023, -59.6020,  100, 50, 0
L -3115.3542, 324.0023, -59.6020,  -3111.0886, 324.0013, -59.5020,  100, 50, 0
L -3102.5835, 323.9980, -59.3026,  -3097.7615, 323.9963, -59.0855,  100, 50, 0
L -3097.7615, 323.9963, -59.0855,  -3097.7490, 341.5891, -59.4347,  100, 50, 0
L -3097.7490, 341.5891, -59.4347,  -3115.3467, 341.5956, -60.0828,  100, 50, 0
L -3079.2314, 325.2989, -54.7188,  -3079.2432, 310.5906, -54.7187,  100, 50, 0
L -3079.2432, 310.5906, -54.7187,  -3076.8789, 308.2233, -54.7188,  100, 50, 0
L -3072.0139, 303.3532, -54.7187,  -3068.8457, 300.1813, -54.7187,  100, 50, 0
L -3068.8457, 300.1813, -54.7187,  -3066.3376, 300.1951, -54.7188,  100, 50, 0
L -3054.1367, 300.1737, -54.7188,  -3068.8452, 300.1813, -54.7187,  100, 50, 0
L -3068.8452, 300.1813, -54.7187,  -3068.8447, 300.1813, -54.7188,  100, 50, 0
L -3054.1367, 300.1736, -54.7187,  -3043.7314, 310.5676, -54.7188,  100, 50, 0
L -3043.7314, 310.5676, -54.7188,  -3043.7280, 312.7242, -54.7188,  100, 50, 0
L -3079.2314, 325.2995, -54.7187,  -3068.8264, 335.6931, -54.7188,  100, 50, 0
L -3068.8264, 335.6931, -54.7188,  -3054.1160, 335.6854, -54.7188,  100, 50, 0
L -3054.1160, 335.6854, -54.7188,  -3043.7200, 325.2802, -54.7188,  100, 50, 0
L -3043.7200, 325.2802, -54.7188,  -3043.7239, 323.0061, -54.7188,  100, 50, 0
L -3041.7229, 313.0025, -54.7188,  -3041.7170, 310.7472, -54.7188,  100, 50, 0
L -3041.7170, 310.7472, -54.7188,  -3031.2366, 300.2712, -54.7187,  100, 50, 0
L -3031.2366, 300.2712, -54.7187,  -3028.8765, 300.2713, -54.7188,  100, 50, 0
L -3018.5784, 300.2752, -54.7188,  -3016.5276, 300.2754, -54.7188,  100, 50, 0
L -3016.5276, 300.2754, -54.7188,  -3006.0901, 310.7205, -54.7188,  100, 50, 0
L -3006.0901, 310.7205, -54.7188,  -3006.0876, 312.8604, -54.7188,  100, 50, 0
L -3006.1003, 323.7520, -54.7188,  -3006.1047, 325.3639, -54.7188,  100, 50, 0
L -3006.1047, 325.3639, -54.7188,  -3016.5313, 335.7869, -54.7188,  100, 50, 0
L -3016.5313, 335.7869, -54.7188,  -3024.8430, 335.7847, -54.7188,  100, 50, 0
L -3024.8430, 335.7847, -54.7188,  -3024.8430, 329.9841, -54.7188,  100, 50, 0
L -3024.8430, 329.9841, -54.7188,  -3020.0007, 329.7314, -54.7188,  100, 50, 0
L -3020.0007, 329.7314, -54.7188,  -3020.2136, 326.5342, -54.7188,  100, 50, 0
L -3020.2136, 326.5342, -54.7188,  -3027.8340, 326.9299, -54.7188,  100, 50, 0
L -3027.8340, 326.9299, -54.7188,  -3028.0500, 335.7838, -54.7187,  100, 50, 0
L -3028.0500, 335.7838, -54.7187,  -3031.2441, 335.7832, -54.7187,  100, 50, 0
L -3031.2441, 335.7832, -54.7187,  -3033.5938, 333.4326, -54.7187,  100, 50, 0
L -3038.4595, 328.5652, -54.7187,  -3041.7100, 325.3133, -54.7187,  100, 50, 0
L -3041.7100, 325.3133, -54.7187,  -3041.7151, 323.3507, -54.7188,  100, 50, 0
L -3004.0828, 312.9281, -54.7188,  -3004.0793, 310.8879, -54.7187,  100, 50, 0
L -3004.0793, 310.8879, -54.7187,  -2993.6665, 300.4978, -54.7177,  100, 50, 0
L -2993.6665, 300.4978, -54.7177,  -2978.8633, 300.6079, -54.7177,  100, 50, 0
L -2978.8633, 300.6079, -54.7177,  -2968.5676, 310.9261, -54.7177,  100, 50, 0
L -2968.5676, 310.9261, -54.7177,  -2968.5830, 325.6350, -54.7177,  100, 50, 0
L -2968.5830, 325.6350, -54.7177,  -2970.9453, 327.9931, -54.7177,  100, 50, 0
L -2975.8157, 332.8544, -54.7177,  -2978.9880, 336.0250, -54.7177,  100, 50, 0
L -2978.9880, 336.0250, -54.7177,  -2993.7048, 336.0097, -54.7177,  100, 50, 0
L -2993.7048, 336.0097, -54.7177,  -3004.0947, 325.6006, -54.7187,  100, 50, 0
L -3004.0947, 325.6006, -54.7187,  -3004.0918, 323.7427, -54.7188,  100, 50, 0
L 849.2858, -168.0196, -52.6009,  848.1194, -168.0196, -52.6009,  100, 50, 0
L 848.1194, -168.0196, -52.6009,  837.7200, -178.4229, -52.6009,  100, 50, 0
L 837.7200, -178.4229, -52.6009,  837.7238, -193.1338, -52.6009,  100, 50, 0
L 837.7238, -193.1338, -52.6009,  848.1269, -203.5332, -52.6009,  100, 50, 0
L 848.1269, -203.5332, -52.6009,  862.8360, -203.5294, -52.6009,  100, 50, 0
L 862.8360, -203.5294, -52.6009,  865.1889, -201.1757, -52.6009,  100, 50, 0
L 870.0522, -196.3105, -52.6008,  873.2355, -193.1260, -52.6009,  100, 50, 0
L 873.2355, -193.1260, -52.6009,  873.2316, -178.4172, -52.6009,  100, 50, 0
L 873.2316, -178.4172, -52.6009,  862.8283, -168.0177, -52.6009,  100, 50, 0
L 862.8283, -168.0177, -52.6009,  861.0641, -168.0177, -52.6009,  100, 50, 0
L 851.7374, 160.2297, -52.3509,  853.7632, 160.2297, -52.3509,  100, 50, 0
L 853.7632, 160.2297, -52.3509,  864.1627, 170.6328, -52.3509,  100, 50, 0
L 864.1627, 170.6328, -52.3509,  864.1590, 185.3438, -52.3509,  100, 50, 0
L 864.1590, 185.3438, -52.3509,  853.7556, 195.7433, -52.3509,  100, 50, 0
L 836.6938, 193.3857, -52.3509,  836.6938, 193.3857, -52.3509,  100, 50, 0
L 853.7556, 195.7433, -52.3509,  839.2916, 195.7396, -52.3509,  100, 50, 0
L 839.2916, 195.7396, -52.3509,  836.6938, 193.3857, -52.3509,  100, 50, 0
L 831.8305, 188.5206, -52.3509,  828.6472, 185.3362, -52.3509,  100, 50, 0
L 828.6472, 185.3362, -52.3509,  828.6511, 170.6273, -52.3509,  100, 50, 0
L 828.6511, 170.6273, -52.3509,  839.0544, 160.2278, -52.3509,  100, 50, 0
L 839.0544, 160.2278, -52.3509,  841.2136, 160.2278, -52.3509,  100, 50, 0
L 804.5701, 127.8772, -52.1009,  804.5702, 129.4222, -52.1009,  100, 50, 0
L 804.5702, 129.4222, -52.1009,  794.1669, 139.8217, -52.1009,  100, 50, 0
L 794.1669, 139.8217, -52.1009,  779.6552, 139.8179, -52.1009,  100, 50, 0
L 779.6552, 139.8179, -52.1009,  769.0565, 129.4145, -52.1009,  100, 50, 0
L 769.0565, 129.4145, -52.1009,  769.0603, 114.7057, -52.1009,  100, 50, 0
L 769.0603, 114.7057, -52.1009,  771.4141, 112.3527, -52.1009,  100, 50, 0
L 776.2792, 107.4894, -52.1009,  779.4636, 104.3061, -52.1009,  100, 50, 0
L 779.4636, 104.3061, -52.1009,  794.1725, 104.3099, -52.1009,  100, 50, 0
L 794.1725, 104.3099, -52.1009,  804.5721, 114.7128, -52.1009,  100, 50, 0
L 804.5721, 114.7128, -52.1009,  804.5721, 116.8531, -52.1009,  100, 50, 0
L -110.7900, 165.2930, -52.8880,  -109.2339, 165.2930, -52.8879,  100, 50, 0
L -109.2339, 165.2930, -52.8879,  -98.7963, 175.7383, -52.8880,  100, 50, 0
L -98.7963, 175.7383, -52.8880,  -98.7936, 177.9897, -52.8880,  100, 50, 0
L -96.7884, 177.5842, -52.8880,  -96.7858, 175.9059, -52.8879,  100, 50, 0
L -96.7858, 175.9059, -52.8879,  -86.3728, 165.5158, -52.8880,  100, 50, 0
L -86.3728, 165.5158, -52.8880,  -71.6639, 165.5311, -52.8879,  100, 50, 0
L -71.6639, 165.5311, -52.8879,  -61.2739, 175.9440, -52.8880,  100, 50, 0
L -61.2739, 175.9440, -52.8880,  -61.2892, 190.6530, -52.8880,  100, 50, 0
L -61.2892, 190.6530, -52.8880,  -63.6515, 193.0109, -52.8880,  100, 50, 0
L -68.5219, 197.8723, -52.8879,  -71.6981, 201.0429, -52.8880,  100, 50, 0
L -71.6981, 201.0429, -52.8880,  -86.4110, 201.0276, -52.8879,  100, 50, 0
L -86.4110, 201.0276, -52.8879,  -96.8009, 190.6186, -52.8879,  100, 50, 0
L -96.8009, 190.6186, -52.8879,  -96.7982, 188.8643, -52.8880,  100, 50, 0
L -98.8064, 188.7474, -52.8880,  -98.8108, 190.3817, -52.8880,  100, 50, 0
L -98.8108, 190.3817, -52.8880,  -109.2413, 200.8047, -52.8880,  100, 50, 0
L -109.2413, 200.8047, -52.8880,  -121.0180, 200.8017, -52.8880,  100, 50, 0
L -121.0180, 200.8017, -52.8880,  -121.0180, 196.7512, -52.8880,  100, 50, 0
L -121.0180, 196.7512, -52.8880,  -113.5576, 196.2446, -52.8880,  100, 50, 0
L -113.5576, 196.2446, -52.8880,  -114.1092, 193.5407, -52.8880,  100, 50, 0
L -114.1092, 193.5407, -52.8880,  -121.7514, 193.7472, -52.8880,  100, 50, 0
L -121.7514, 193.7472, -52.8880,  -124.2279, 194.1438, -52.8880,  100, 50, 0
L -124.2279, 194.1438, -52.8880,  -124.2283, 200.5229, -52.8879,  100, 50, 0
L -124.2283, 200.5229, -52.8879,  -126.3000, 198.4505, -52.8879,  100, 50, 0
L -131.1656, 193.5830, -52.8879,  -134.4165, 190.3309, -52.8879,  100, 50, 0
L -134.4165, 190.3309, -52.8879,  -134.4219, 188.1115, -52.8880,  100, 50, 0
L -136.4295, 188.3337, -52.8880,  -136.4264, 190.2982, -52.8880,  100, 50, 0
L -136.4264, 190.2982, -52.8880,  -146.8238, 200.7033, -52.8880,  100, 50, 0
L -146.8238, 200.7033, -52.8880,  -161.5327, 200.7109, -52.8880,  100, 50, 0
L -161.5327, 200.7109, -52.8880,  -171.9380, 190.3164, -52.8879,  100, 50, 0
L -171.9380, 190.3164, -52.8879,  -171.9495, 175.6083, -52.8879,  100, 50, 0
L -171.9495, 175.6083, -52.8879,  -169.5852, 173.2414, -52.8879,  100, 50, 0
L -169.5852, 173.2414, -52.8879,  -169.5852, 173.2414, -52.8879,  100, 50, 0
L -164.7202, 168.3711, -52.8879,  -161.5518, 165.1992, -52.8879,  100, 50, 0
L -161.5518, 165.1992, -52.8879,  -146.8430, 165.1915, -52.8880,  100, 50, 0
L -146.8430, 165.1915, -52.8880,  -136.4376, 175.5854, -52.8880,  100, 50, 0
L -136.4376, 175.5854, -52.8880,  -136.4194, 178.0879, -52.8880,  100, 50, 0
L -136.4194, 178.0879, -52.8880,  -136.4194, 178.0879, -52.8880,  100, 50, 0
L -134.4256, 177.5764, -52.8880,  -134.4232, 175.7655, -52.8879,  100, 50, 0
L -134.4232, 175.7655, -52.8879,  -123.9427, 165.2891, -52.8879,  100, 50, 0
L -123.9427, 165.2891, -52.8879,  -121.5534, 165.2891, -52.8880,  100, 50, 0
P 1558.6127, -13.5509, -50.7177,  0, 0, 0,  3,  to_West_Freeport
P -615.6914, -1483.6917, -17.7802,  0, 0, 0,  3,  to_Nektulos
P 20.3067, 2427.0945, 3.7510,  0, 0, 0,  3,  to_North_Ro
P -4952.3315, -9.0695, -70.6922,  0, 0, 0,  3,  to_West_Commonlands
P 6.0507, 1662.6854, 3.7510,  0, 0, 0,  3,  Rushka_(Spells)
P 132.4103, 1681.2939, 3.7510,  0, 0, 0,  3,  Shady_(Merchant)
P -3755.6426, -980.0028, -49.5240,  0, 0, 0,  3,  Joryd_(Fletcher)
P -4056.6707, -340.4851, -49.2740,  0, 0, 0,  3,  Romya_(Merchant)
P -4740.1753, -234.1754, -49.1293,  0, 0, 0,  3,  Katha_(Gems)
P -3064.7029, 315.4241, -51.5937,  0, 0, 0,  3,  Loric_(Tailor)
P -237.5206, 118.0719, -48.9186,  0, 0, 0,  3,  Parthar_(Brewer)
P -27.4852, 134.6940, -50.7259,  0, 0, 0,  3,  Merra_(Pottery)
P 853.1782, -185.0536, -49.4759,  0, 0, 0,  3,  Ponila_(Weapons)
P 789.3440, 121.0467, -49.6009,  0, 0, 0,  3,  Pardor_(Merchant)
P 846.7277, 183.9857, -49.8509,  0, 0, 0,  3,  Rinna_(GM_Cleric)
