L -2052, 2293, 0,  -2066, 2272, 0,  153, 153, 153
L -2066, 2272, 0,  -2092, 2272, 0,  153, 153, 153
L -2092, 2272, 0,  -2104, 2294, 0,  153, 153, 153
L -2104, 2294, 0,  -2091, 2317, 0,  153, 153, 153
L -2091, 2317, 0,  -2065, 2317, 0,  153, 153, 153
L -2065, 2317, 0,  -2052, 2294, 0,  153, 153, 153
L -2022, 2181, 0,  -2036, 2160, 0,  153, 153, 153
L -2036, 2160, 0,  -2025, 2136, 0,  153, 153, 153
L -2025, 2136, 0,  -2000, 2134, 0,  153, 153, 153
L -2000, 2134, 0,  -1984, 2155, 0,  153, 153, 153
L -1984, 2155, 0,  -1996, 2179, 0,  153, 153, 153
L -1996, 2179, 0,  -2023, 2181, 0,  153, 153, 153
L -1899, 2224, 0,  -1885, 2247, 0,  153, 153, 153
L -1885, 2247, 0,  -1859, 2246, 0,  153, 153, 153
L -1859, 2246, 0,  -1847, 2224, 0,  153, 153, 153
L -1847, 2224, 0,  -1860, 2201, 0,  153, 153, 153
L -1860, 2201, 0,  -1887, 2201, 0,  153, 153, 153
L -1887, 2201, 0,  -1899, 2224, 0,  153, 153, 153
L -1933, 2340, 0,  -1919, 2361, 0,  153, 153, 153
L -1919, 2361, 0,  -1930, 2384, 0,  153, 153, 153
L -1930, 2384, 0,  -1956, 2387, 0,  153, 153, 153
L -1956, 2387, 0,  -1971, 2363, 0,  153, 153, 153
L -1971, 2363, 0,  -1960, 2342, 0,  153, 153, 153
L -1960, 2342, 0,  -1934, 2339, 0,  153, 153, 153
L -1943, 2277, 0,  -2224, 2826, 0,  153, 153, 153
L -2278, 2776, 0,  -2030, 2288, 0,  153, 153, 153
L -2030, 2288, 0,  -1988, 2284, 0,  153, 153, 153
L -1988, 2284, 0,  -1970, 2272, 0,  153, 153, 153
L -1970, 2272, 0,  -1944, 2277, 0,  153, 153, 153
L -2118, 2633, 0,  -2017, 2857, 0,  0, 0, 153
L -2017, 2857, 0,  -1969, 2925, 0,  0, 0, 153
L -1969, 2925, 0,  -2005, 2958, 0,  0, 0, 153
L -2066, 2962, 0,  -1810, 2960, 0,  153, 153, 153
L -1810, 2960, 0,  -1821, 2864, 0,  153, 153, 153
L -1821, 2864, 0,  -1793, 2858, 0,  153, 153, 153
L -1793, 2858, 0,  -1794, 2792, 0,  153, 153, 153
L -1794, 2792, 0,  -2069, 2564, 0,  153, 153, 153
L -2069, 2564, 0,  -2046, 2534, 0,  153, 153, 153
L -2046, 2534, 0,  -1748, 2771, 0,  153, 153, 153
L -1748, 2771, 0,  -1702, 3228, 0,  153, 153, 153
L -1702, 3228, 0,  -1796, 3662, 0,  153, 153, 153
L -1796, 3662, 0,  -1842, 3653, 0,  153, 153, 153
L -1842, 3653, 0,  -1758, 3226, 0,  153, 153, 153
L -1758, 3226, 0,  -1766, 3113, 0,  153, 153, 153
L -1766, 3113, 0,  -1797, 3116, 0,  153, 153, 153
L -1797, 3116, 0,  -1809, 3003, 0,  153, 153, 153
L -1809, 3003, 0,  -2110, 3002, 0,  153, 153, 153
L -2053, 3005, 0,  -2116, 3057, 0,  0, 0, 153
L -2116, 3057, 0,  -2137, 3083, 0,  0, 0, 153
L -2137, 3083, 0,  -2191, 3104, 0,  0, 0, 153
L -2191, 3104, 0,  -2223, 3112, 0,  0, 0, 153
L -2223, 3112, 0,  -2303, 3122, 0,  0, 0, 153
L -2303, 3122, 0,  -2378, 3142, 0,  0, 0, 153
L -2378, 3142, 0,  -2397, 3185, 0,  0, 0, 153
L -2397, 3185, 0,  -2401, 3222, 0,  0, 0, 153
L -2401, 3222, 0,  -2386, 3263, 0,  0, 0, 153
L -2386, 3263, 0,  -2381, 3291, 0,  0, 0, 153
L -2381, 3291, 0,  -2360, 3345, 0,  0, 0, 153
L -2360, 3345, 0,  -2344, 3366, 0,  0, 0, 153
L -2344, 3366, 0,  -2262, 3397, 0,  0, 0, 153
L -2262, 3397, 0,  -2191, 3541, 0,  0, 0, 153
L -2191, 3541, 0,  -2167, 3613, 0,  0, 0, 153
L -2167, 3613, 0,  -2173, 3737, 0,  0, 0, 153
L -2173, 3737, 0,  -2240, 3915, 0,  0, 0, 153
L -2240, 3915, 0,  -2350, 3963, 0,  0, 0, 153
L -2392, 3869, 0,  -2273, 4156, 0,  153, 153, 153
L -2273, 4156, 0,  -2187, 4119, 0,  153, 153, 153
L -2187, 4119, 0,  -2169, 4144, 0,  153, 153, 153
L -2169, 4144, 0,  -1971, 4055, 0,  153, 153, 153
L -1971, 4055, 0,  -1922, 3965, 0,  153, 153, 153
L -1922, 3965, 0,  -1891, 3985, 0,  153, 153, 153
L -1891, 3985, 0,  -1949, 4092, 0,  153, 153, 153
L -1949, 4092, 0,  -2488, 4347, 0,  153, 153, 153
L -2488, 4347, 0,  -3028, 4351, 0,  153, 153, 153
L -3028, 4351, 0,  -3167, 4286, 0,  153, 153, 153
L -3167, 4286, 0,  -3466, 3771, 0,  153, 153, 153
L -3466, 3771, 0,  -3490, 3387, 0,  153, 153, 153
L -3490, 3387, 0,  -3399, 2889, 0,  153, 153, 153
L -3399, 2889, 0,  -2798, 2427, 0,  153, 153, 153
L -2798, 2427, 0,  -2172, 2476, 0,  153, 153, 153
L -2172, 2476, 0,  -2177, 2502, 0,  153, 153, 153
L -2177, 2502, 0,  -2766, 2465, 0,  153, 153, 153
L -2766, 2465, 0,  -2915, 2558, 0,  153, 153, 153
L -2915, 2558, 0,  -2903, 2581, 0,  153, 153, 153
L -2903, 2581, 0,  -2984, 2652, 0,  153, 153, 153
L -2984, 2652, 0,  -2837, 2888, 0,  153, 153, 153
L -2850, 2939, 0,  -3021, 2683, 0,  153, 153, 153
L -3021, 2683, 0,  -3096, 2738, 0,  153, 153, 153
L -3096, 2738, 0,  -3121, 2718, 0,  153, 153, 153
L -3121, 2718, 0,  -3364, 2903, 0,  153, 153, 153
L -3364, 2903, 0,  -3443, 3382, 0,  153, 153, 153
L -3443, 3382, 0,  -3442, 3437, 0,  153, 153, 153
L -3442, 3437, 0,  -3416, 3445, 0,  153, 153, 153
L -3416, 3445, 0,  -3401, 3556, 0,  153, 153, 153
L -3401, 3556, 0,  -3174, 3553, 0,  153, 153, 153
L -3152, 3593, 0,  -3399, 3601, 0,  153, 153, 153
L -3399, 3601, 0,  -3396, 3692, 0,  153, 153, 153
L -3396, 3692, 0,  -3427, 3701, 0,  153, 153, 153
L -3427, 3701, 0,  -3427, 3757, 0,  153, 153, 153
L -3427, 3757, 0,  -3157, 4228, 0,  153, 153, 153
L -3157, 4228, 0,  -3008, 4320, 0,  153, 153, 153
L -3008, 4320, 0,  -2520, 4310, 0,  153, 153, 153
L -2520, 4310, 0,  -2404, 4256, 0,  153, 153, 153
L -2404, 4256, 0,  -2411, 4232, 0,  153, 153, 153
L -2411, 4232, 0,  -2315, 4178, 0,  153, 153, 153
L -2315, 4178, 0,  -2432, 3877, 0,  153, 153, 153
L -2393, 3984, 0,  -2417, 4060, 0,  0, 0, 153
L -2417, 4060, 0,  -2500, 4127, 0,  0, 0, 153
L -2500, 4127, 0,  -2624, 4123, 0,  0, 0, 153
L -2624, 4123, 0,  -2712, 4022, 0,  0, 0, 153
L -2712, 4022, 0,  -2738, 3856, 0,  0, 0, 153
L -2738, 3856, 0,  -2745, 3749, 0,  0, 0, 153
L -2745, 3749, 0,  -2801, 3668, 0,  0, 0, 153
L -2801, 3668, 0,  -2848, 3633, 0,  0, 0, 153
L -2848, 3633, 0,  -2965, 3640, 0,  0, 0, 153
L -2965, 3640, 0,  -3209, 3682, 0,  0, 0, 153
L -3209, 3682, 0,  -3260, 3599, 0,  0, 0, 153
L -3252, 3551, 0,  -3237, 3444, 0,  0, 0, 153
L -3237, 3444, 0,  -3290, 3315, 0,  0, 0, 153
L -3290, 3315, 0,  -3279, 3212, 0,  0, 0, 153
L -3279, 3212, 0,  -3279, 3186, 0,  0, 0, 153
L -3279, 3186, 0,  -3267, 3107, 0,  0, 0, 153
L -3267, 3107, 0,  -3102, 2952, 0,  0, 0, 153
L -3102, 2952, 0,  -2894, 2880, 0,  0, 0, 153
L -2877, 2821, 0,  -2849, 2695, 0,  0, 0, 153
L -2849, 2695, 0,  -2806, 2564, 0,  0, 0, 153
L -2806, 2564, 0,  -2596, 2600, 0,  0, 0, 153
L -2596, 2600, 0,  -2432, 2595, 0,  0, 0, 153
L -2432, 2595, 0,  -2195, 2603, 0,  0, 0, 153
L -2187, 2592, 0,  -2119, 2628, 0,  0, 0, 153
L -2099, 2583, 0,  -2167, 2548, 0,  0, 0, 153
L -2152, 2518, 0,  -2084, 2551, 0,  0, 0, 153
L -2061, 2508, 0,  -2125, 2475, 0,  0, 0, 153
L -2517, 640, 0,  -2516, 160, 0,  0, 0, 153
L -2516, 160, 0,  -2513, 70, 0,  0, 0, 153
L -2513, 70, 0,  -2601, -27, 0,  0, 0, 153
L -2601, -27, 0,  -2685, -121, 0,  0, 0, 153
L -2685, -121, 0,  -2722, -195, 0,  0, 0, 153
L -2722, -195, 0,  -2711, -264, 0,  0, 0, 153
L -2711, -264, 0,  -2714, -718, 0,  0, 0, 153
L -2714, -718, 0,  -2777, -815, 0,  0, 0, 153
L -2777, -815, 0,  -2839, -880, 0,  0, 0, 153
L -2839, -880, 0,  -2902, -931, 0,  0, 0, 153
L -2902, -931, 0,  -2920, -969, 0,  0, 0, 153
L -2920, -969, 0,  -2915, -1089, 0,  0, 0, 153
L -2915, -1089, 0,  -2932, -1183, 0,  0, 0, 153
L -2932, -1183, 0,  -2979, -1214, 0,  0, 0, 153
L -2979, -1214, 0,  -3019, -1210, 0,  0, 0, 153
L -3019, -1210, 0,  -3043, -1205, 0,  0, 0, 153
L -3043, -1205, 0,  -3096, -1215, 0,  0, 0, 153
L -3096, -1215, 0,  -3144, -1209, 0,  0, 0, 153
L -3144, -1209, 0,  -3178, -1212, 0,  0, 0, 153
L -3178, -1212, 0,  -3220, -1254, 0,  0, 0, 153
L -3220, -1254, 0,  -3278, -1309, 0,  0, 0, 153
L -3278, -1309, 0,  -3359, -1314, 0,  0, 0, 153
L -3359, -1314, 0,  -3484, -1316, 0,  0, 0, 153
L -3484, -1316, 0,  -3513, -1314, 0,  0, 0, 153
L -2946, 3572, 0,  -2946, 3484, 0,  153, 0, 0
L -2946, 3484, 0,  -2755, 3489, 0,  153, 0, 0
L -2755, 3489, 0,  -2618, 3678, 0,  153, 0, 0
L -2615, 3818, 0,  -2615, 3394, 0,  153, 0, 0
L -2617, 3425, 0,  -2480, 3384, 0,  153, 0, 0
L -2616, 3438, 0,  -2416, 3427, 0,  153, 0, 0
L -2618, 3433, 0,  -2708, 3361, 0,  153, 0, 0
L -2708, 3361, 0,  -2829, 3206, 0,  153, 0, 0
L -2829, 3206, 0,  -2951, 3204, 0,  153, 0, 0
L -2951, 3204, 0,  -2992, 3168, 0,  153, 0, 0
L -2993, 3083, 0,  -2987, 3309, 0,  153, 0, 0
L -2991, 3266, 0,  -3060, 3268, 0,  153, 0, 0
L -2987, 3324, 0,  -3031, 3324, 0,  153, 0, 0
L -2983, 3446, 0,  -2984, 3305, 0,  153, 0, 0
L -2983, 3354, 0,  -2910, 3352, 0,  153, 0, 0
L -2985, 3408, 0,  -2950, 3408, 0,  153, 0, 0
L -2985, 3447, 0,  -2945, 3486, 0,  153, 0, 0
L -2945, 3530, 0,  -3039, 3550, 0,  153, 0, 0
L -2976, 3536, 0,  -3040, 3496, 0,  153, 0, 0
L -2878, 3487, 0,  -2878, 3422, 0,  153, 0, 0
L -2806, 3487, 0,  -2808, 3389, 0,  153, 0, 0
L -2617, 3723, 0,  -2531, 3775, 0,  153, 0, 0
L -2531, 3775, 0,  -2469, 3681, 0,  153, 0, 0
L -2469, 3681, 0,  -2386, 3679, 0,  153, 0, 0
L -2467, 3685, 0,  -2459, 3624, 0,  153, 0, 0
L -2459, 3624, 0,  -2426, 3625, 0,  153, 0, 0
L -2458, 3623, 0,  -2533, 3671, 0,  153, 0, 0
L -2533, 3671, 0,  -2533, 3671, 0,  153, 0, 0
L -2533, 3671, 0,  -2617, 3671, 0,  153, 0, 0
L -2469, 3625, 0,  -2468, 3433, 0,  153, 0, 0
L -2881, 3072, 0,  -2740, 3069, 0,  153, 0, 153
L -2740, 3069, 0,  -2741, 2980, 0,  153, 0, 153
L -2741, 2980, 0,  -3037, 2978, 0,  153, 0, 153
L -3037, 2978, 0,  -3047, 2968, 0,  153, 0, 153
L -3047, 2968, 0,  -3562, 2093, 0,  153, 0, 153
L -3562, 2093, 0,  -3569, 1896, 0,  153, 0, 153
L -3569, 1896, 0,  -3412, 1896, 0,  153, 0, 153
L -3414, 1906, 0,  -3547, 1907, 0,  153, 0, 153
L -3547, 1907, 0,  -3542, 2085, 0,  153, 0, 153
L -3542, 2085, 0,  -3032, 2965, 0,  153, 0, 153
L -3032, 2965, 0,  -2729, 2967, 0,  153, 0, 153
L -2729, 2967, 0,  -2730, 3081, 0,  153, 0, 153
L -2730, 3081, 0,  -2898, 3086, 0,  153, 0, 153
L -2098, 2422, 0,  -2142, 2375, 0,  153, 0, 0
L -2142, 2375, 0,  -2176, 2326, 0,  153, 0, 0
L -2176, 2326, 0,  -2226, 2262, 0,  153, 0, 0
L -2226, 2262, 0,  -2276, 2227, 0,  153, 0, 0
L -2276, 2227, 0,  -2365, 2226, 0,  153, 0, 0
L -2365, 2226, 0,  -2436, 2178, 0,  153, 0, 0
L -2436, 2178, 0,  -2478, 2125, 0,  153, 0, 0
L -2478, 2125, 0,  -2534, 2064, 0,  153, 0, 0
L -2534, 2064, 0,  -2545, 2003, 0,  153, 0, 0
L -2492, 2003, 0,  -2737, 2003, 0,  153, 153, 153
L -2737, 2003, 0,  -2740, 1952, 0,  153, 153, 153
L -2740, 1952, 0,  -2493, 1949, 0,  153, 153, 153
L -2477, 1815, 0,  -2733, 1815, 0,  153, 153, 153
L -2733, 1815, 0,  -2737, 1770, 0,  153, 153, 153
L -2737, 1770, 0,  -2498, 1766, 0,  153, 153, 153
L -2554, 1818, 0,  -2550, 1948, 0,  153, 0, 0
L -2373, 1713, 0,  -2373, 1732, 0,  153, 153, 153
L -2373, 1732, 0,  -2392, 1751, 0,  153, 153, 153
L -2392, 1751, 0,  -2393, 1773, 0,  153, 153, 153
L -2362, 1423, 0,  -2382, 1442, 0,  153, 153, 153
L -2382, 1442, 0,  -2404, 1420, 0,  153, 153, 153
L -2404, 1420, 0,  -2375, 1391, 0,  153, 153, 153
L -2536, 1764, 0,  -2533, 1714, 0,  153, 153, 153
L -2533, 1714, 0,  -2544, 1673, 0,  153, 153, 153
L -2544, 1673, 0,  -2552, 1614, 0,  153, 153, 153
L -2552, 1614, 0,  -2488, 1556, 0,  153, 153, 153
L -2488, 1556, 0,  -2461, 1499, 0,  153, 153, 153
L -2461, 1499, 0,  -2507, 1366, 0,  153, 153, 153
L -2507, 1366, 0,  -2500, 1248, 0,  153, 153, 153
L -2500, 1248, 0,  -2428, 1227, 0,  153, 153, 153
L -2428, 1227, 0,  -2369, 1175, 0,  153, 153, 153
L -2369, 1175, 0,  -2385, 1119, 0,  153, 153, 153
L -2385, 1119, 0,  -2418, 1066, 0,  153, 153, 153
L -2418, 1066, 0,  -2426, 1018, 0,  153, 153, 153
L -2426, 1018, 0,  -2395, 955, 0,  153, 153, 153
L -2395, 955, 0,  -2401, 940, 0,  153, 153, 153
L -2401, 940, 0,  -2413, 890, 0,  153, 153, 153
L -2413, 890, 0,  -2420, 821, 0,  153, 153, 153
L -2420, 821, 0,  -2388, 817, 0,  153, 153, 153
L -2388, 817, 0,  -2364, 758, 0,  153, 153, 153
L -2364, 758, 0,  -2466, 650, 0,  153, 153, 153
L -2466, 650, 0,  -2517, 632, 0,  153, 153, 153
L -2574, 647, 0,  -2594, 641, 0,  153, 153, 153
L -2594, 641, 0,  -2596, 730, 0,  153, 153, 153
L -2596, 730, 0,  -2605, 752, 0,  153, 153, 153
L -2605, 752, 0,  -2592, 833, 0,  153, 153, 153
L -2592, 833, 0,  -2673, 909, 0,  153, 153, 153
L -2673, 909, 0,  -2703, 921, 0,  153, 153, 153
L -2703, 921, 0,  -2774, 924, 0,  153, 153, 153
L -2774, 924, 0,  -2858, 878, 0,  153, 153, 153
L -2858, 878, 0,  -2864, 969, 0,  153, 153, 153
L -2864, 969, 0,  -2962, 974, 0,  153, 153, 153
L -2962, 974, 0,  -2934, 1048, 0,  153, 153, 153
L -2934, 1048, 0,  -2931, 1102, 0,  153, 153, 153
L -2931, 1102, 0,  -3024, 1107, 0,  153, 153, 153
L -3024, 1107, 0,  -3032, 1203, 0,  153, 153, 153
L -3032, 1203, 0,  -3073, 1207, 0,  153, 153, 153
L -3073, 1207, 0,  -3104, 1240, 0,  153, 153, 153
L -3104, 1240, 0,  -3110, 1339, 0,  153, 153, 153
L -3110, 1339, 0,  -3088, 1395, 0,  153, 153, 153
L -3088, 1395, 0,  -3048, 1440, 0,  153, 153, 153
L -3048, 1440, 0,  -3036, 1596, 0,  153, 153, 153
L -3036, 1596, 0,  -3070, 1603, 0,  153, 153, 153
L -3070, 1603, 0,  -3103, 1628, 0,  153, 153, 153
L -3103, 1628, 0,  -3196, 1633, 0,  153, 153, 153
L -3196, 1633, 0,  -3205, 1909, 0,  153, 153, 153
L -3205, 1909, 0,  -3213, 1946, 0,  153, 153, 153
L -3213, 1946, 0,  -3219, 2002, 0,  153, 153, 153
L -3219, 2002, 0,  -3216, 2028, 0,  153, 153, 153
L -3216, 2028, 0,  -3210, 2206, 0,  153, 153, 153
L -3210, 2206, 0,  -3261, 2228, 0,  153, 153, 153
L -3261, 2228, 0,  -3298, 2245, 0,  153, 153, 153
L -3298, 2245, 0,  -3314, 2293, 0,  153, 153, 153
L -3314, 2293, 0,  -3393, 2324, 0,  153, 153, 153
L -3393, 2324, 0,  -3430, 2495, 0,  153, 153, 153
L -3430, 2495, 0,  -3472, 2538, 0,  153, 153, 153
L -3472, 2538, 0,  -3457, 2677, 0,  153, 153, 153
L -3457, 2677, 0,  -3551, 2659, 0,  153, 153, 153
L -3551, 2659, 0,  -3621, 2690, 0,  153, 153, 153
L -3621, 2690, 0,  -3670, 2706, 0,  153, 153, 153
L -3685, 2716, 0,  -3687, 3194, 0,  153, 153, 153
L -2791, -4933, 88,  -2861, -4738, 67,  153, 153, 153
L -2861, -4738, 67,  -3216, -4676, 763,  153, 153, 153
L -3216, -4676, 763,  -3207, -4203, 197,  153, 153, 153
L -3207, -4203, 197,  -2617, -4075, -1134,  153, 153, 153
L -2617, -4075, -1134,  -2614, -3639, -1007,  153, 153, 153
L -2614, -3639, -1007,  -2689, -3583, -751,  153, 153, 153
L -2689, -3583, -751,  -2745, -3583, -686,  153, 153, 153
L -2745, -3583, -686,  -3016, -3581, -606,  153, 153, 153
L -3016, -3581, -606,  -3148, -3580, -615,  153, 153, 153
L -3148, -3580, -615,  -3211, -3533, -797,  153, 153, 153
L -3211, -3533, -797,  -3230, -3078, -769,  153, 153, 153
L -3230, -3078, -769,  -3379, -3042, -272,  153, 153, 153
L -3379, -3042, -272,  -3426, -3031, 141,  153, 153, 153
L -3426, -3031, 141,  -3784, -2649, 1589,  153, 153, 153
L -3784, -2649, 1589,  -3784, -2183, 1971,  153, 153, 153
L -3784, -2183, 1971,  -3784, -1879, 1865,  153, 153, 153
L -2086, 2431, -1242,  -2164, 2353, -1242,  0, 0, 0
L -2164, 2353, -1242,  -2184, 2305, -1239,  0, 0, 0
L -2184, 2305, -1239,  -2234, 2254, -1242,  0, 0, 0
L -2234, 2254, -1242,  -2285, 2223, -1242,  0, 0, 0
L -2285, 2223, -1242,  -2312, 2226, -1241,  0, 0, 0
L -2312, 2226, -1241,  -2385, 2227, -1242,  0, 0, 0
L -2385, 2227, -1242,  -2459, 2153, -1240,  0, 0, 0
L -2459, 2153, -1240,  -2485, 2113, -1240,  0, 0, 0
L -2485, 2113, -1240,  -2545, 2053, -1242,  0, 0, 0
L -2545, 2053, -1242,  -2545, 2002, -1242,  0, 0, 0
L -2545, 2002, -1242,  -2423, 2001, -1028,  0, 0, 0
L -2423, 2001, -1028,  -2738, 2001, -1031,  0, 0, 0
L -2738, 2001, -1031,  -2738, 1951, -1029,  0, 0, 0
L -2738, 1951, -1029,  -2371, 1951, -1028,  0, 0, 0
L -2371, 1951, -1028,  -2550, 1950, -1243,  0, 0, 0
L -2550, 1950, -1243,  -2549, 1817, -1242,  0, 0, 0
L -2549, 1817, -1242,  -2393, 1816, -1029,  0, 0, 0
L -2393, 1816, -1029,  -2739, 1816, -1034,  0, 0, 0
L -2739, 1816, -1034,  -2738, 1765, -1031,  0, 0, 0
L -2738, 1765, -1031,  -2410, 1766, -1028,  0, 0, 0
L -2410, 1766, -1028,  -2538, 1765, -1243,  0, 0, 0
L -2538, 1765, -1243,  -2532, 1754, -1242,  0, 0, 0
L -2532, 1754, -1242,  -2532, 1706, -1242,  0, 0, 0
L -2532, 1706, -1242,  -2551, 1654, -1242,  0, 0, 0
L -2551, 1654, -1242,  -2551, 1587, -1242,  0, 0, 0
L -2551, 1587, -1242,  -2483, 1556, -1242,  0, 0, 0
L -2483, 1556, -1242,  -2455, 1483, -1242,  0, 0, 0
L -2455, 1483, -1242,  -2465, 1454, -1241,  0, 0, 0
L -2465, 1454, -1241,  -2486, 1405, -1242,  0, 0, 0
L -2486, 1405, -1242,  -2514, 1353, -1242,  0, 0, 0
L -2514, 1353, -1242,  -2514, 1325, -1241,  0, 0, 0
L -2514, 1325, -1241,  -2498, 1254, -1241,  0, 0, 0
L -2498, 1254, -1241,  -2498, 1240, -1243,  0, 0, 0
L -2498, 1240, -1243,  -2486, 1241, -1242,  0, 0, 0
L -2486, 1241, -1242,  -2415, 1224, -1241,  0, 0, 0
L -2415, 1224, -1241,  -2385, 1201, -1241,  0, 0, 0
L -2385, 1201, -1241,  -2365, 1173, -1240,  0, 0, 0
L -2365, 1173, -1240,  -2367, 1154, -1242,  0, 0, 0
L -2367, 1154, -1242,  -2385, 1118, -1242,  0, 0, 0
L -2385, 1118, -1242,  -2425, 1054, -1241,  0, 0, 0
L -2425, 1054, -1241,  -2426, 1013, -1243,  0, 0, 0
L -2426, 1013, -1243,  -2393, 954, -1242,  0, 0, 0
L -2393, 954, -1242,  -2405, 934, -1243,  0, 0, 0
L -2405, 934, -1243,  -2420, 854, -1242,  0, 0, 0
L -2420, 854, -1242,  -2420, 818, -1242,  0, 0, 0
L -2420, 818, -1242,  -2385, 818, -1242,  0, 0, 0
L -2385, 818, -1242,  -2370, 769, -1241,  0, 0, 0
L -2370, 769, -1241,  -2363, 753, -1241,  0, 0, 0
L -2363, 753, -1241,  -2385, 736, -1243,  0, 0, 0
L -2385, 736, -1243,  -2465, 650, -1239,  0, 0, 0
L -2465, 650, -1239,  -2485, 643, -1233,  0, 0, 0
L -2485, 643, -1233,  -2488, 646, -1231,  0, 0, 0
L -2488, 646, -1231,  -2512, 649, -1224,  0, 0, 0
L -2512, 649, -1224,  -2557, 652, -1267,  0, 0, 0
L -2557, 652, -1267,  -2581, 647, -1238,  0, 0, 0
L -2581, 647, -1238,  -2586, 642, -1229,  0, 0, 0
L -2586, 642, -1229,  -2592, 641, -1227,  0, 0, 0
L -2592, 641, -1227,  -2598, 648, -1231,  0, 0, 0
L -2598, 648, -1231,  -2596, 742, -1241,  0, 0, 0
L -2596, 742, -1241,  -2607, 753, -1242,  0, 0, 0
L -2607, 753, -1242,  -2588, 851, -1242,  0, 0, 0
L -2588, 851, -1242,  -2685, 915, -1242,  0, 0, 0
L -2685, 915, -1242,  -2715, 924, -1244,  0, 0, 0
L -2715, 924, -1244,  -2785, 923, -1241,  0, 0, 0
L -2785, 923, -1241,  -2865, 873, -1241,  0, 0, 0
L -2865, 873, -1241,  -2865, 973, -1242,  0, 0, 0
L -2865, 973, -1242,  -2965, 974, -1242,  0, 0, 0
L -2965, 974, -1242,  -2932, 1053, -1242,  0, 0, 0
L -2932, 1053, -1242,  -2932, 1106, -1242,  0, 0, 0
L -2932, 1106, -1242,  -3032, 1107, -1242,  0, 0, 0
L -3032, 1107, -1242,  -3032, 1206, -1242,  0, 0, 0
L -3032, 1206, -1242,  -3085, 1206, -1242,  0, 0, 0
L -3085, 1206, -1242,  -3103, 1236, -1240,  0, 0, 0
L -3103, 1236, -1240,  -3110, 1253, -1241,  0, 0, 0
L -3110, 1253, -1241,  -3110, 1353, -1241,  0, 0, 0
L -3110, 1353, -1241,  -3085, 1404, -1241,  0, 0, 0
L -3085, 1404, -1241,  -3036, 1453, -1242,  0, 0, 0
L -3036, 1453, -1242,  -3036, 1602, -1242,  0, 0, 0
L -3036, 1602, -1242,  -3085, 1602, -1242,  0, 0, 0
L -3085, 1602, -1242,  -3105, 1633, -1242,  0, 0, 0
L -3105, 1633, -1242,  -3205, 1633, -1242,  0, 0, 0
L -3205, 1633, -1242,  -3205, 1933, -1243,  0, 0, 0
L -3205, 1933, -1243,  -3219, 1953, -1241,  0, 0, 0
L -3219, 1953, -1241,  -3219, 2019, -1242,  0, 0, 0
L -3219, 2019, -1242,  -3210, 2054, -1242,  0, 0, 0
L -3210, 2054, -1242,  -3210, 2228, -1240,  0, 0, 0
L -3210, 2228, -1240,  -3285, 2229, -1243,  0, 0, 0
L -3285, 2229, -1243,  -3294, 2244, -1244,  0, 0, 0
L -3294, 2244, -1244,  -3313, 2253, -1239,  0, 0, 0
L -3313, 2253, -1239,  -3314, 2324, -1242,  0, 0, 0
L -3314, 2324, -1242,  -3413, 2324, -1241,  0, 0, 0
L -3413, 2324, -1241,  -3419, 2420, -1241,  0, 0, 0
L -3419, 2420, -1241,  -3427, 2453, -1242,  0, 0, 0
L -3427, 2453, -1242,  -3431, 2507, -1241,  0, 0, 0
L -3431, 2507, -1241,  -3484, 2546, -1241,  0, 0, 0
L -3484, 2546, -1241,  -3487, 2553, -1235,  0, 0, 0
L -3487, 2553, -1235,  -3485, 2574, -1243,  0, 0, 0
L -3485, 2574, -1243,  -3461, 2654, -1241,  0, 0, 0
L -3461, 2654, -1241,  -3457, 2682, -1242,  0, 0, 0
L -3457, 2682, -1242,  -3485, 2678, -1242,  0, 0, 0
L -3485, 2678, -1242,  -3564, 2653, -1240,  0, 0, 0
L -3564, 2653, -1240,  -3592, 2653, -1241,  0, 0, 0
L -3592, 2653, -1241,  -3634, 2704, -1242,  0, 0, 0
L -3634, 2704, -1242,  -3685, 2708, -1242,  0, 0, 0
L -3685, 2708, -1242,  -3686, 2708, -1234,  0, 0, 0
L -3686, 2708, -1234,  -3689, 1038, 711,  0, 0, 0
L -3689, 1038, 711,  -3622, 139, 1541,  0, 0, 0
L -3512, -1209, 2570,  -3387, -1146, 2360,  153, 153, 153
L -3387, -1146, 2360,  -3403, -1047, 2446,  153, 153, 153
L -3403, -1047, 2446,  -3600, -868, 3562,  153, 153, 153
L -3600, -868, 3562,  -3768, -588, 2155,  153, 153, 153
L -3768, -588, 2155,  -3643, 23, 1123,  153, 153, 153
L -3643, 23, 1123,  -3622, 139, 1533,  153, 153, 153
L -6006, -289, -793,  -6029, -273, -793,  153, 153, 153
L -6029, -273, -793,  -6041, -255, -794,  153, 153, 153
L -6041, -255, -794,  -6021, -229, -781,  153, 153, 153
L -6021, -229, -781,  -5884, -211, -579,  153, 153, 153
L -5884, -211, -579,  -5804, -219, -646,  153, 153, 153
L -5804, -219, -646,  -5779, -288, -646,  153, 153, 153
L -5779, -288, -646,  -5726, -301, -646,  153, 153, 153
L -5726, -301, -646,  -5674, -246, -607,  153, 153, 153
L -5674, -246, -607,  -5667, -216, -636,  153, 153, 153
L -5667, -216, -636,  -5599, -224, -494,  153, 153, 153
L -5599, -224, -494,  -5539, -210, -486,  153, 153, 153
L -5539, -210, -486,  -5515, -224, -498,  153, 153, 153
L -5515, -224, -498,  -5510, -253, -499,  153, 153, 153
L -5510, -253, -499,  -5507, -356, -499,  153, 153, 153
L -5507, -356, -499,  -5513, -453, -458,  153, 153, 153
L -5513, -453, -458,  -5508, -487, -473,  153, 153, 153
L -5508, -487, -473,  -5515, -550, -497,  153, 153, 153
L -5515, -550, -497,  -5466, -595, -499,  153, 153, 153
L -5466, -595, -499,  -5431, -597, -500,  153, 153, 153
L -5431, -597, -500,  -5401, -592, -500,  153, 153, 153
L -5401, -592, -500,  -5372, -605, -499,  153, 153, 153
L -5372, -605, -499,  -5301, -588, -466,  153, 153, 153
L -5301, -588, -466,  -5236, -595, -498,  153, 153, 153
L -5236, -595, -498,  -5153, -496, -500,  153, 153, 153
L -5153, -496, -500,  -4957, -475, -666,  153, 153, 153
L -4957, -475, -666,  -4885, -485, -664,  153, 153, 153
L -4885, -485, -664,  -4834, -472, -639,  153, 153, 153
L -4834, -472, -639,  -4697, -489, -428,  153, 153, 153
L -4697, -489, -428,  -4625, -478, -428,  153, 153, 153
L -4625, -478, -428,  -4573, -486, -457,  153, 153, 153
L -4573, -486, -457,  -4454, -479, -230,  153, 153, 153
L -4454, -479, -230,  -4382, -484, -136,  153, 153, 153
L -4382, -484, -136,  -4348, -552, -54,  153, 153, 153
L -4348, -552, -54,  -4296, -565, -58,  153, 153, 153
L -4296, -565, -58,  -4246, -517, -58,  153, 153, 153
L -4246, -517, -58,  -4238, -480, -72,  153, 153, 153
L -4238, -480, -72,  -4207, -473, 8,  153, 153, 153
L -4207, -473, 8,  -4184, -473, 19,  153, 153, 153
L -4184, -473, 19,  -4159, -485, 34,  153, 153, 153
L -4159, -485, 34,  -4105, -471, 35,  153, 153, 153
L -4105, -471, 35,  -4072, -474, 35,  153, 153, 153
L -4072, -474, 35,  -4023, -477, 11,  153, 153, 153
L -4023, -477, 11,  -3988, -438, 9,  153, 153, 153
L -3988, -438, 9,  -3983, -381, 9,  153, 153, 153
L -3983, -381, 9,  -3971, -344, 9,  153, 153, 153
L -3971, -344, 9,  -3985, -285, 8,  153, 153, 153
L -3985, -285, 8,  -3981, -196, 10,  153, 153, 153
L -3981, -196, 10,  -4070, -133, 9,  153, 153, 153
L -4070, -133, 9,  -4081, -116, 9,  153, 153, 153
L -4081, -116, 9,  -4069, -59, 9,  153, 153, 153
L -4069, -59, 9,  -4087, 13, 7,  153, 153, 153
L -4087, 13, 7,  -4079, 83, 7,  153, 153, 153
L -4079, 83, 7,  -4037, 90, 9,  153, 153, 153
L -4037, 90, 9,  -3957, 91, 128,  153, 153, 153
L -3957, 91, 128,  -3876, 84, 299,  153, 153, 153
L -3876, 84, 299,  -3804, 174, 467,  153, 153, 153
L -3804, 174, 467,  -3591, 183, 952,  153, 153, 153
L -3496, -1361, 2210,  -3275, -1362, 2177,  153, 153, 153
L -3275, -1362, 2177,  -3096, -1449, 2405,  153, 153, 153
L -3096, -1449, 2405,  -3180, -1645, 2248,  153, 153, 153
L -3180, -1645, 2248,  -3537, -1707, 3127,  153, 153, 153
L -3537, -1707, 3127,  -3784, -1749, 2463,  153, 153, 153
L -3784, -1749, 2463,  -3784, -1870, 1867,  153, 153, 153
L -3784, -1870, 1867,  -3784, -1879, 1865,  153, 153, 153
L -2484, -4934, 83,  -2442, -4781, 425,  153, 153, 153
L -2442, -4781, 425,  -2521, -4659, 586,  153, 153, 153
L -2521, -4659, 586,  -2519, -4486, 106,  153, 153, 153
L -2519, -4486, 106,  -2279, -4428, 239,  153, 153, 153
L -2279, -4428, 239,  -2124, -4151, -69,  153, 153, 153
L -2124, -4151, -69,  -2075, -3847, -713,  153, 153, 153
L -2075, -3847, -713,  -2186, -3471, 30,  153, 153, 153
L -2186, -3471, 30,  -2514, -3268, 307,  153, 153, 153
L -2514, -3268, 307,  -2576, -3085, 404,  153, 153, 153
L -2576, -3085, 404,  -2555, -2903, 266,  153, 153, 153
L -2555, -2903, 266,  -1491, -3019, 2775,  153, 153, 153
L -1491, -3019, 2775,  -1419, -3520, 2743,  153, 153, 153
L -1419, -3520, 2743,  -1393, -3703, 1468,  153, 153, 153
L -1393, -3703, 1468,  -765, -3815, 2277,  153, 153, 153
L -765, -3815, 2277,  -541, -4094, 2184,  153, 153, 153
L -541, -4094, 2184,  -427, -4092, 2398,  153, 153, 153
L -427, -4092, 2398,  -92, -4085, 2486,  153, 153, 153
L -92, -4085, 2486,  237, -4078, 2294,  153, 153, 153
L 237, -4078, 2294,  424, -4074, 1239,  153, 153, 153
L 424, -4074, 1239,  481, -4072, 1486,  153, 153, 153
L 481, -4072, 1486,  1363, -4054, -283,  153, 153, 153
L 1363, -4054, -283,  1566, -2961, 888,  153, 153, 153
L 1566, -2961, 888,  1585, -2992, 1048,  153, 153, 153
L 1585, -2992, 1048,  1814, -3417, 907,  153, 153, 153
L 1814, -3417, 907,  2081, -3561, -476,  153, 153, 153
L 2081, -3561, -476,  2096, -3946, 256,  153, 153, 153
L 2096, -3946, 256,  1999, -4121, 83,  153, 153, 153
L 1999, -4121, 83,  1989, -4580, 349,  153, 153, 153
L 1989, -4580, 349,  2075, -4736, 206,  153, 153, 153
L 2075, -4736, 206,  2105, -4997, 27,  153, 153, 153
L 2208, -4997, -60,  2247, -4858, 113,  153, 153, 153
L 2247, -4858, 113,  2361, -4826, 695,  153, 153, 153
L 2361, -4826, 695,  2481, -4871, 906,  153, 153, 153
L 2481, -4871, 906,  2596, -4994, 245,  153, 153, 153
L 2707, -4995, 17,  2718, -4745, 885,  153, 153, 153
L 2718, -4745, 885,  2544, -4672, 630,  153, 153, 153
L 2544, -4672, 630,  2427, -4581, 127,  153, 153, 153
L 2427, -4581, 127,  2431, -4380, 20,  153, 153, 153
L 2431, -4380, 20,  2829, -4162, 49,  153, 153, 153
L 2829, -4162, 49,  2821, -3675, 34,  153, 153, 153
L 2821, -3675, 34,  2590, -3351, -550,  153, 153, 153
L 2590, -3351, -550,  2526, -3212, -113,  153, 153, 153
L 2526, -3212, -113,  2518, -2920, 30,  153, 153, 153
L 2518, -2920, 30,  2557, -2912, 123,  153, 153, 153
L 2557, -2912, 123,  2673, -2886, 571,  153, 153, 153
L 2673, -2886, 571,  2684, -2884, 646,  153, 153, 153
L 2684, -2884, 646,  3074, -2799, 2423,  153, 153, 153
L 3074, -2799, 2423,  3325, -2546, 1840,  153, 153, 153
L 3325, -2546, 1840,  3396, -2474, 2322,  153, 153, 153
L 3396, -2474, 2322,  3283, -2247, 1782,  153, 153, 153
L 3283, -2247, 1782,  3107, -1894, 2928,  153, 153, 153
L 3107, -1894, 2928,  2889, -1669, 2078,  153, 153, 153
L 2889, -1669, 2078,  2395, -1159, 2747,  153, 153, 153
L 2395, -1159, 2747,  2373, -1137, 2697,  153, 153, 153
L 2373, -1137, 2697,  2079, -809, 2145,  153, 153, 153
L 2079, -809, 2145,  2071, -749, 2363,  153, 153, 153
L 2071, -749, 2363,  2071, -749, 2363,  153, 153, 153
L 2078, -547, 2744,  2096, -533, 2893,  153, 153, 153
L 2096, -533, 2893,  2095, -483, 2581,  153, 153, 153
L 2095, -483, 2581,  2314, -44, 2722,  153, 153, 153
L 2314, -44, 2722,  2411, 648, 4026,  153, 153, 153
L 2411, 648, 4026,  2723, 886, 3127,  153, 153, 153
L 2723, 886, 3127,  2810, 953, 2681,  153, 153, 153
L 2810, 953, 2681,  3113, 987, 3568,  153, 153, 153
L 3113, 987, 3568,  3711, 1052, 3608,  153, 153, 153
L 3711, 1052, 3608,  3700, 2013, 2429,  153, 153, 153
L -1340, 4486, -653,  -723, 4479, -630,  0, 255, 255
L -723, 4479, -630,  -222, 4745, -630,  0, 255, 255
L -222, 4745, -630,  -5, 4960, -630,  0, 255, 255
L -5, 4960, -630,  172, 5213, -630,  0, 255, 255
L 172, 5213, -630,  355, 5554, -630,  0, 255, 255
L 355, 5554, -630,  440, 5753, -630,  0, 255, 255
L 440, 5753, -630,  546, 6000, -630,  0, 255, 255
L 546, 6000, -630,  639, 6215, -630,  0, 255, 255
L 639, 6215, -630,  785, 6559, -630,  0, 255, 255
L 785, 6559, -630,  878, 6777, -630,  0, 255, 255
L 878, 6777, -630,  1065, 7209, -630,  0, 255, 255
L 1065, 7209, -630,  1234, 7605, -630,  0, 255, 255
L 1234, 7605, -630,  1307, 7774, -630,  0, 255, 255
L 1307, 7774, -630,  1456, 8125, -630,  0, 255, 255
L 1456, 8125, -630,  1543, 8322, -630,  0, 255, 255
L 1543, 8322, -630,  1686, 8656, -630,  0, 255, 255
L 1686, 8656, -630,  1686, 8656, -630,  0, 255, 255
L -4452, 5634, -664,  -4307, 5464, -664,  0, 255, 255
L -4307, 5464, -664,  -4122, 5272, -664,  0, 255, 255
L -4122, 5272, -664,  -3901, 5056, -664,  0, 255, 255
L -3901, 5056, -664,  -3689, 4909, -664,  0, 255, 255
L -3689, 4909, -664,  -3438, 4772, -664,  0, 255, 255
L -3438, 4772, -664,  -3106, 4628, -664,  0, 255, 255
L -3106, 4628, -664,  -2848, 4550, -664,  0, 255, 255
L -2848, 4550, -664,  -2634, 4491, -664,  0, 255, 255
L -2634, 4491, -664,  -2291, 4433, -664,  0, 255, 255
L -2291, 4433, -664,  -2060, 4434, -664,  0, 255, 255
L -2060, 4434, -664,  -1820, 4435, -664,  0, 255, 255
L -1820, 4435, -664,  -1581, 4441, -664,  0, 255, 255
L -1581, 4441, -664,  -1293, 4433, -664,  0, 255, 255
L -1248, 2654, -35,  -1248, 2654, -35,  153, 153, 153
L -1248, 2654, -35,  -1225, 2606, -65,  153, 153, 153
L -1225, 2606, -65,  -1189, 2594, -26,  153, 153, 153
L -1189, 2594, -26,  -1095, 2592, -24,  153, 153, 153
L -1095, 2592, -24,  -1052, 2558, -20,  153, 153, 153
L -1052, 2558, -20,  -1024, 2506, -61,  153, 153, 153
L -1024, 2506, -61,  -992, 2493, -27,  153, 153, 153
L -992, 2493, -27,  -790, 2491, -20,  153, 153, 153
L -790, 2491, -20,  -749, 2453, -20,  153, 153, 153
L -749, 2453, -20,  -732, 2414, -54,  153, 153, 153
L -732, 2414, -54,  -691, 2394, -24,  153, 153, 153
L -691, 2394, -24,  -490, 2394, -24,  153, 153, 153
L -490, 2394, -24,  -444, 2415, -59,  153, 153, 153
L -444, 2415, -59,  -427, 2453, -25,  153, 153, 153
L -427, 2453, -25,  -390, 2494, -20,  153, 153, 153
L -390, 2494, -20,  -347, 2516, -57,  153, 153, 153
L -347, 2516, -57,  -327, 2554, -24,  153, 153, 153
L -327, 2554, -24,  -295, 2592, -23,  153, 153, 153
L -295, 2592, -23,  -257, 2560, -24,  153, 153, 153
L -257, 2560, -24,  -251, 2454, -21,  153, 153, 153
L -251, 2454, -21,  -229, 2407, -60,  153, 153, 153
L -229, 2407, -60,  -186, 2395, -25,  153, 153, 153
L -186, 2395, -25,  -103, 2391, -26,  153, 153, 153
L -103, 2391, -26,  -51, 2356, -20,  153, 153, 153
L -51, 2356, -20,  -18, 2297, -45,  153, 153, 153
L -18, 2297, -45,  12, 2293, -17,  153, 153, 153
L 12, 2293, -17,  210, 2293, -21,  153, 153, 153
L 210, 2293, -21,  250, 2310, -44,  153, 153, 153
L 250, 2310, -44,  272, 2354, -25,  153, 153, 153
L 272, 2354, -25,  311, 2397, -18,  153, 153, 153
L 311, 2397, -18,  359, 2415, -58,  153, 153, 153
L 359, 2415, -58,  375, 2453, -26,  153, 153, 153
L 375, 2453, -26,  404, 2487, -23,  153, 153, 153
L 404, 2487, -23,  445, 2456, -24,  153, 153, 153
L 445, 2456, -24,  450, 2346, -11,  153, 153, 153
L 450, 2346, -11,  471, 2304, -45,  153, 153, 153
L 471, 2304, -45,  500, 2295, -34,  153, 153, 153
L 500, 2295, -34,  557, 2317, -58,  153, 153, 153
L 557, 2317, -58,  574, 2353, -25,  153, 153, 153
L 574, 2353, -25,  604, 2388, -24,  153, 153, 153
L 604, 2388, -24,  664, 2390, -25,  153, 153, 153
L 664, 2390, -25,  739, 2360, -22,  153, 153, 153
L 739, 2360, -22,  774, 2303, -59,  153, 153, 153
L 774, 2303, -59,  799, 2291, -26,  153, 153, 153
L 799, 2291, -26,  902, 2290, -21,  153, 153, 153
L 902, 2290, -21,  960, 2314, -62,  153, 153, 153
L 960, 2314, -62,  974, 2352, -26,  153, 153, 153
L 974, 2352, -26,  1016, 2392, -20,  153, 153, 153
L 1016, 2392, -20,  1049, 2408, -48,  153, 153, 153
L 1049, 2408, -48,  1080, 2458, -11,  153, 153, 153
L 1080, 2458, -11,  1116, 2494, -23,  153, 153, 153
L 1116, 2494, -23,  1165, 2526, -56,  153, 153, 153
L 1165, 2526, -56,  1173, 2551, -28,  153, 153, 153
L 1173, 2551, -28,  1213, 2594, -20,  153, 153, 153
L 1213, 2594, -20,  1259, 2616, -58,  153, 153, 153
L 1259, 2616, -58,  1273, 2655, -25,  153, 153, 153
L 1273, 2655, -25,  1306, 2693, -23,  153, 153, 153
L 1306, 2693, -23,  1360, 2720, -62,  153, 153, 153
L 1360, 2720, -62,  1373, 2752, -29,  153, 153, 153
L 1373, 2752, -29,  1410, 2793, -21,  153, 153, 153
L 1410, 2793, -21,  1449, 2813, -50,  153, 153, 153
L 1449, 2813, -50,  1472, 2855, -25,  153, 153, 153
L 1472, 2855, -25,  1505, 2891, -23,  153, 153, 153
L 1505, 2891, -23,  1702, 2896, -24,  153, 153, 153
L 1702, 2896, -24,  1754, 2918, -58,  153, 153, 153
L 1754, 2918, -58,  1776, 2958, -25,  153, 153, 153
L 1776, 2958, -25,  1812, 2996, -18,  153, 153, 153
L 1812, 2996, -18,  1858, 3018, -57,  153, 153, 153
L 1858, 3018, -57,  1879, 3060, -24,  153, 153, 153
L 1879, 3060, -24,  1906, 3091, -23,  153, 153, 153
L 1906, 3091, -23,  1948, 3060, -24,  153, 153, 153
L 1948, 3060, -24,  1954, 2952, -25,  153, 153, 153
L 1954, 2952, -25,  1969, 2914, -53,  153, 153, 153
L 1969, 2914, -53,  2012, 2896, -22,  153, 153, 153
L 2012, 2896, -22,  2109, 2895, -25,  153, 153, 153
L 2109, 2895, -25,  2150, 2858, -20,  153, 153, 153
L 2150, 2858, -20,  2175, 2804, -61,  153, 153, 153
L 2175, 2804, -61,  2210, 2793, -25,  153, 153, 153
L 2210, 2793, -25,  2399, 2795, -24,  153, 153, 153
L 2399, 2795, -24,  2457, 2817, -58,  153, 153, 153
L 2457, 2817, -58,  2477, 2860, -24,  153, 153, 153
L 2477, 2860, -24,  2513, 2893, -21,  153, 153, 153
L 2513, 2893, -21,  2557, 2913, -52,  153, 153, 153
L 2557, 2913, -52,  2576, 2955, -28,  153, 153, 153
L 2576, 2955, -28,  2601, 2985, -23,  153, 153, 153
L 2601, 2985, -23,  2643, 2954, -21,  153, 153, 153
L 2643, 2954, -21,  2650, 2873, -22,  153, 153, 153
L 2650, 2873, -22,  2675, 2805, -59,  153, 153, 153
L 2675, 2805, -59,  2715, 2794, -22,  153, 153, 153
L 2715, 2794, -22,  2750, 2810, -46,  153, 153, 153
L 2750, 2810, -46,  2779, 2859, -24,  153, 153, 153
L 2779, 2859, -24,  2804, 2887, -24,  153, 153, 153
L 2804, 2887, -24,  2910, 2889, -25,  153, 153, 153
L 2910, 2889, -25,  2952, 2856, -20,  153, 153, 153
L 2952, 2856, -20,  2971, 2809, -56,  153, 153, 153
L 2971, 2809, -56,  3012, 2792, -23,  153, 153, 153
L 3012, 2792, -23,  3218, 2792, -23,  153, 153, 153
L 3218, 2792, -23,  3261, 2817, -61,  153, 153, 153
L 3261, 2817, -61,  3274, 2854, -25,  153, 153, 153
L 3274, 2854, -25,  3310, 2891, -24,  153, 153, 153
L 3310, 2891, -24,  3398, 2892, -27,  153, 153, 153
L 3398, 2892, -27,  3689, 2895, -25,  153, 153, 153
L 3689, 2895, -25,  3699, 2011, 2467,  153, 153, 153
L 2194, -626, 1742,  2194, -626, 1739,  153, 153, 153
L 2194, -626, 1739,  2193, -620, 1734,  153, 153, 153
L 2193, -620, 1734,  2145, -647, 1730,  153, 153, 153
L 2145, -647, 1730,  2191, -676, 1737,  153, 153, 153
L 2191, -676, 1737,  2194, -666, 1734,  153, 153, 153
L 2194, -666, 1734,  2211, -666, 1735,  153, 153, 153
L 2211, -666, 1735,  2214, -628, 1739,  153, 153, 153
L 2214, -628, 1739,  2194, -626, 1734,  153, 153, 153
L 2696, -665, 1734,  2696, -665, 1734,  153, 153, 153
L 2696, -665, 1734,  2696, -675, 1734,  153, 153, 153
L 2696, -675, 1734,  2745, -650, 1731,  153, 153, 153
L 2745, -650, 1731,  2698, -620, 1737,  153, 153, 153
L 2698, -620, 1737,  2696, -630, 1740,  153, 153, 153
L 2696, -630, 1740,  2676, -629, 1735,  153, 153, 153
L 2676, -629, 1735,  2677, -666, 1737,  153, 153, 153
L 2677, -666, 1737,  2696, -665, 1737,  153, 153, 153
L 2071, -750, 2369,  2071, -750, 2370,  153, 153, 153
L 2071, -750, 2370,  1996, -749, 1541,  153, 153, 153
L 1996, -749, 1541,  1995, -738, 1532,  153, 153, 153
L 1995, -738, 1532,  1970, -731, 1524,  153, 153, 153
L 1970, -731, 1524,  1973, -724, 1528,  153, 153, 153
L 1973, -724, 1528,  1994, -723, 1532,  153, 153, 153
L 1994, -723, 1532,  1995, -717, 1532,  153, 153, 153
L 1995, -717, 1532,  2004, -717, 1554,  153, 153, 153
L 2004, -717, 1554,  2004, -698, 1560,  153, 153, 153
L 2004, -698, 1560,  2011, -694, 1579,  153, 153, 153
L 2011, -694, 1579,  2014, -678, 1579,  153, 153, 153
L 2014, -678, 1579,  2089, -677, 1738,  153, 153, 153
L 2089, -677, 1738,  2098, -696, 1735,  153, 153, 153
L 2098, -696, 1735,  2196, -696, 1734,  153, 153, 153
L 2196, -696, 1734,  2199, -716, 1734,  153, 153, 153
L 2199, -716, 1734,  2212, -716, 1734,  153, 153, 153
L 2212, -716, 1734,  2211, -699, 1734,  153, 153, 153
L 2211, -699, 1734,  2227, -695, 1734,  153, 153, 153
L 2227, -695, 1734,  2230, -716, 1734,  153, 153, 153
L 2230, -716, 1734,  2244, -716, 1734,  153, 153, 153
L 2244, -716, 1734,  2245, -697, 1736,  153, 153, 153
L 2245, -697, 1736,  2350, -699, 1738,  153, 153, 153
L 2350, -699, 1738,  2349, -716, 1734,  153, 153, 153
L 2349, -716, 1734,  2394, -716, 1734,  153, 153, 153
L 2394, -716, 1734,  2395, -696, 1734,  153, 153, 153
L 2395, -696, 1734,  2499, -697, 1740,  153, 153, 153
L 2499, -697, 1740,  2499, -716, 1734,  153, 153, 153
L 2499, -716, 1734,  2518, -716, 1734,  153, 153, 153
L 2518, -716, 1734,  2518, -698, 1734,  153, 153, 153
L 2518, -698, 1734,  2534, -695, 1737,  153, 153, 153
L 2534, -695, 1737,  2536, -716, 1734,  153, 153, 153
L 2536, -716, 1734,  2544, -716, 1734,  153, 153, 153
L 2544, -716, 1734,  2544, -697, 1734,  153, 153, 153
L 2544, -697, 1734,  2648, -696, 1735,  153, 153, 153
L 2648, -696, 1735,  2649, -716, 1734,  153, 153, 153
L 2649, -716, 1734,  2664, -716, 1734,  153, 153, 153
L 2664, -716, 1734,  2664, -699, 1734,  153, 153, 153
L 2664, -699, 1734,  2681, -696, 1736,  153, 153, 153
L 2681, -696, 1736,  2683, -716, 1734,  153, 153, 153
L 2683, -716, 1734,  2694, -716, 1734,  153, 153, 153
L 2694, -716, 1734,  2694, -697, 1739,  153, 153, 153
L 2694, -697, 1739,  2795, -696, 1736,  153, 153, 153
L 2795, -696, 1736,  2819, -676, 1731,  153, 153, 153
L 2819, -676, 1731,  2879, -677, 1683,  153, 153, 153
L 2879, -677, 1683,  2879, -696, 1666,  153, 153, 153
L 2879, -696, 1666,  2888, -696, 1619,  153, 153, 153
L 2888, -696, 1619,  2889, -716, 1598,  153, 153, 153
L 2889, -716, 1598,  2897, -716, 1588,  153, 153, 153
L 2897, -716, 1588,  2899, -748, 1571,  153, 153, 153
L 2899, -748, 1571,  2819, -750, 2452,  153, 153, 153
L 2819, -750, 2452,  2800, -829, 2759,  153, 153, 153
L 2800, -829, 2759,  2797, -863, 2794,  153, 153, 153
L 2797, -863, 2794,  2874, -1018, 2918,  153, 153, 153
L 2874, -1018, 2918,  3007, -1137, 3380,  153, 153, 153
L 3007, -1137, 3380,  3117, -1234, 3417,  153, 153, 153
L 3117, -1234, 3417,  3243, -1383, 3824,  153, 153, 153
L 3243, -1383, 3824,  3341, -1488, 3936,  153, 153, 153
L 3341, -1488, 3936,  3470, -1495, 3963,  153, 153, 153
L 3470, -1495, 3963,  3603, -1501, 4015,  153, 153, 153
L 3603, -1501, 4015,  3735, -1444, 4335,  153, 153, 153
L 3735, -1444, 4335,  3815, -1402, 4714,  153, 153, 153
L 3815, -1402, 4714,  3815, -964, 4642,  153, 153, 153
L 3815, -964, 4642,  3815, -532, 5240,  153, 153, 153
L 3815, -532, 5240,  3815, -206, 5145,  153, 153, 153
L 3815, -206, 5145,  3794, -71, 5056,  153, 153, 153
L 3794, -71, 5056,  3757, 16, 4656,  153, 153, 153
L 3757, 16, 4656,  3686, 188, 4568,  153, 153, 153
L 3686, 188, 4568,  3596, 405, 4389,  153, 153, 153
L 3596, 405, 4389,  3580, 444, 4132,  153, 153, 153
L 3580, 444, 4132,  3565, 479, 3922,  153, 153, 153
L 3565, 479, 3922,  3516, 509, 3531,  153, 153, 153
L 3516, 509, 3531,  3408, 512, 3046,  153, 153, 153
L 3408, 512, 3046,  3300, 438, 2173,  153, 153, 153
L 3300, 438, 2173,  3228, 339, 1713,  153, 153, 153
L 3228, 339, 1713,  3164, 251, 1809,  153, 153, 153
L 3164, 251, 1809,  3072, 124, 2243,  153, 153, 153
L 3072, 124, 2243,  2912, -96, 3234,  153, 153, 153
L 2912, -96, 3234,  2798, -255, 3535,  153, 153, 153
L 2798, -255, 3535,  2760, -336, 3515,  153, 153, 153
L 2760, -336, 3515,  2811, -546, 3326,  153, 153, 153
L 2811, -546, 3326,  2897, -546, 1548,  153, 153, 153
L 2897, -546, 1548,  2899, -577, 1532,  153, 153, 153
L 2899, -577, 1532,  2889, -579, 1554,  153, 153, 153
L 2889, -579, 1554,  2889, -598, 1559,  153, 153, 153
L 2889, -598, 1559,  2879, -600, 1576,  153, 153, 153
L 2879, -600, 1576,  2879, -618, 1578,  153, 153, 153
L 2879, -618, 1578,  2807, -620, 1737,  153, 153, 153
L 2807, -620, 1737,  2795, -600, 1735,  153, 153, 153
L 2795, -600, 1735,  2697, -600, 1736,  153, 153, 153
L 2697, -600, 1736,  2694, -580, 1734,  153, 153, 153
L 2694, -580, 1734,  2676, -580, 1734,  153, 153, 153
L 2676, -580, 1734,  2677, -599, 1734,  153, 153, 153
L 2677, -599, 1734,  2659, -602, 1734,  153, 153, 153
L 2659, -602, 1734,  2657, -580, 1734,  153, 153, 153
L 2657, -580, 1734,  2649, -580, 1734,  153, 153, 153
L 2649, -580, 1734,  2647, -602, 1736,  153, 153, 153
L 2647, -602, 1736,  2546, -600, 1735,  153, 153, 153
L 2546, -600, 1735,  2544, -580, 1734,  153, 153, 153
L 2544, -580, 1734,  2533, -580, 1734,  153, 153, 153
L 2533, -580, 1734,  2533, -599, 1737,  153, 153, 153
L 2533, -599, 1737,  2515, -601, 1734,  153, 153, 153
L 2515, -601, 1734,  2515, -580, 1734,  153, 153, 153
L 2515, -580, 1734,  2499, -580, 1734,  153, 153, 153
L 2499, -580, 1734,  2499, -598, 1734,  153, 153, 153
L 2499, -598, 1734,  2396, -600, 1734,  153, 153, 153
L 2396, -600, 1734,  2394, -580, 1734,  153, 153, 153
L 2394, -580, 1734,  2380, -580, 1734,  153, 153, 153
L 2380, -580, 1734,  2382, -597, 1734,  153, 153, 153
L 2382, -597, 1734,  2366, -601, 1735,  153, 153, 153
L 2366, -601, 1735,  2362, -580, 1734,  153, 153, 153
L 2362, -580, 1734,  2349, -580, 1734,  153, 153, 153
L 2349, -580, 1734,  2345, -602, 1735,  153, 153, 153
L 2345, -602, 1735,  2245, -600, 1738,  153, 153, 153
L 2245, -600, 1738,  2244, -580, 1734,  153, 153, 153
L 2244, -580, 1734,  2234, -580, 1734,  153, 153, 153
L 2234, -580, 1734,  2234, -600, 1736,  153, 153, 153
L 2234, -600, 1736,  2219, -601, 1734,  153, 153, 153
L 2219, -601, 1734,  2215, -580, 1734,  153, 153, 153
L 2215, -580, 1734,  2199, -580, 1734,  153, 153, 153
L 2199, -580, 1734,  2199, -598, 1734,  153, 153, 153
L 2199, -598, 1734,  2098, -600, 1735,  153, 153, 153
L 2098, -600, 1735,  2088, -620, 1734,  153, 153, 153
L 2088, -620, 1734,  2018, -620, 1631,  153, 153, 153
L 2018, -620, 1631,  2014, -600, 1583,  153, 153, 153
L 2014, -600, 1583,  2006, -600, 1572,  153, 153, 153
L 2006, -600, 1572,  2004, -580, 1554,  153, 153, 153
L 2004, -580, 1554,  1996, -580, 1556,  153, 153, 153
L 1996, -580, 1556,  1994, -576, 1540,  153, 153, 153
L 1994, -576, 1540,  1976, -574, 1527,  153, 153, 153
L 1976, -574, 1527,  1977, -558, 1531,  153, 153, 153
L 1977, -558, 1531,  1996, -558, 1535,  153, 153, 153
L 1996, -558, 1535,  1997, -549, 1537,  153, 153, 153
L 1997, -549, 1537,  2079, -546, 2868,  153, 153, 153
L -3589, 215, 975,  -3589, 215, 971,  153, 153, 153
L -3589, 215, 971,  -3609, 209, 953,  153, 153, 153
L -3609, 209, 953,  -3618, 203, 942,  153, 153, 153
L -3618, 203, 942,  -3643, 203, 878,  153, 153, 153
L -3643, 203, 878,  -3669, 215, 777,  153, 153, 153
L -3669, 215, 777,  -3688, 208, 732,  153, 153, 153
L -3688, 208, 732,  -3721, 201, 674,  153, 153, 153
L -3721, 201, 674,  -3788, 208, 556,  153, 153, 153
L -3788, 208, 556,  -3832, 176, 443,  153, 153, 153
L -3832, 176, 443,  -3888, 109, 296,  153, 153, 153
L -3888, 109, 296,  -3888, 109, 293,  153, 153, 153
L -3888, 109, 293,  -3960, 115, 137,  153, 153, 153
L -3960, 115, 137,  -3997, 107, 54,  153, 153, 153
L -3997, 107, 54,  -4052, 116, 26,  153, 153, 153
L -4052, 116, 26,  -4076, 108, 26,  153, 153, 153
L -4076, 108, 26,  -4081, 126, 25,  153, 153, 153
L -4081, 126, 25,  -4088, 140, 32,  153, 153, 153
L -4088, 140, 32,  -4088, 164, 50,  153, 153, 153
L -4088, 164, 50,  -4090, 182, 40,  153, 153, 153
L -4090, 182, 40,  -4083, 215, 51,  153, 153, 153
L -4083, 215, 51,  -4087, 234, 80,  153, 153, 153
L -4087, 234, 80,  -4089, 265, 50,  153, 153, 153
L -4089, 265, 50,  -4083, 292, 30,  153, 153, 153
L -4083, 292, 30,  -4088, 339, -76,  153, 153, 153
L -4088, 339, -76,  -4083, 404, -160,  153, 153, 153
L -4083, 404, -160,  -4086, 432, -179,  153, 153, 153
L -4086, 432, -179,  -4084, 511, -184,  153, 153, 153
L -4084, 511, -184,  -4107, 549, -183,  153, 153, 153
L -4107, 549, -183,  -4158, 576, -152,  153, 153, 153
L -4158, 576, -152,  -4200, 568, -110,  153, 153, 153
L -4200, 568, -110,  -4214, 574, -111,  153, 153, 153
L -4214, 574, -111,  -4243, 575, -101,  153, 153, 153
L -4243, 575, -101,  -4276, 568, -50,  153, 153, 153
L -4276, 568, -50,  -4341, 573, -14,  153, 153, 153
L -4341, 573, -14,  -4356, 572, -21,  153, 153, 153
L -4356, 572, -21,  -4404, 525, -24,  153, 153, 153
L -4404, 525, -24,  -4424, 498, -18,  153, 153, 153
L -4424, 498, -18,  -4428, 489, -24,  153, 153, 153
L -4428, 489, -24,  -4449, 471, -56,  153, 153, 153
L -4449, 471, -56,  -4518, 479, 107,  153, 153, 153
L -4518, 479, 107,  -4568, 464, 179,  153, 153, 153
L -4568, 464, 179,  -4611, 477, 182,  153, 153, 153
L -4611, 477, 182,  -4635, 469, 148,  153, 153, 153
L -4635, 469, 148,  -4651, 473, 154,  153, 153, 153
L -4651, 473, 154,  -4661, 526, 151,  153, 153, 153
L -4661, 526, 151,  -4713, 553, 155,  153, 153, 153
L -4713, 553, 155,  -4741, 550, 156,  153, 153, 153
L -4741, 550, 156,  -4775, 499, 165,  153, 153, 153
L -4775, 499, 165,  -4783, 463, 165,  153, 153, 153
L -4783, 463, 165,  -4783, 436, 167,  153, 153, 153
L -4783, 436, 167,  -4759, 372, 165,  153, 153, 153
L -4759, 372, 165,  -4710, 359, 230,  153, 153, 153
L -4710, 359, 230,  -4654, 413, 166,  153, 153, 153
L -4654, 413, 166,  -4651, 434, 185,  153, 153, 153
L -4651, 434, 185,  -4617, 453, 179,  153, 153, 153
L -4617, 453, 179,  -4593, 451, 182,  153, 153, 153
L -4593, 451, 182,  -4568, 440, 179,  153, 153, 153
L -4568, 440, 179,  -4532, 450, 155,  153, 153, 153
L -4532, 450, 155,  -4518, 454, 137,  153, 153, 153
L -4518, 454, 137,  -4498, 454, 70,  153, 153, 153
L -4498, 454, 70,  -4467, 447, -26,  153, 153, 153
L -4467, 447, -26,  -4440, 450, -44,  153, 153, 153
L -4440, 450, -44,  -4417, 460, -22,  153, 153, 153
L -4417, 460, -22,  -4402, 484, -21,  153, 153, 153
L -4402, 484, -21,  -4388, 506, -22,  153, 153, 153
L -4388, 506, -22,  -4366, 539, -22,  153, 153, 153
L -4366, 539, -22,  -4354, 547, -23,  153, 153, 153
L -4354, 547, -23,  -4289, 541, -1,  153, 153, 153
L -4289, 541, -1,  -4270, 547, -49,  153, 153, 153
L -4270, 547, -49,  -4232, 555, -100,  153, 153, 153
L -4232, 555, -100,  -4199, 543, -110,  153, 153, 153
L -4199, 543, -110,  -4169, 550, -146,  153, 153, 153
L -4169, 550, -146,  -4169, 550, -146,  153, 153, 153
L -4169, 550, -146,  -4129, 534, -178,  153, 153, 153
L -4129, 534, -178,  -4112, 524, -176,  153, 153, 153
L -4112, 524, -176,  -4113, 476, -183,  153, 153, 153
L -4113, 476, -183,  -4110, 422, -170,  153, 153, 153
L -4110, 422, -170,  -4104, 379, -148,  153, 153, 153
L -4104, 379, -148,  -4113, 359, -128,  153, 153, 153
L -4113, 359, -128,  -4107, 323, -32,  153, 153, 153
L -4107, 323, -32,  -4108, 292, 27,  153, 153, 153
L -4108, 292, 27,  -4113, 258, 48,  153, 153, 153
L -4113, 258, 48,  -4100, 192, 53,  153, 153, 153
L -4100, 192, 53,  -4102, 179, 54,  153, 153, 153
L -4102, 179, 54,  -4111, 161, 47,  153, 153, 153
L -4111, 161, 47,  -4105, 122, 22,  153, 153, 153
L -4105, 122, 22,  -4117, 112, 13,  153, 153, 153
L -4117, 112, 13,  -4130, 121, 20,  153, 153, 153
L -4130, 121, 20,  -4144, 120, 52,  153, 153, 153
L -4144, 120, 52,  -4180, 115, 7,  153, 153, 153
L -4180, 115, 7,  -4211, 107, -19,  153, 153, 153
L -4211, 107, -19,  -4228, 111, -39,  153, 153, 153
L -4228, 111, -39,  -4274, 113, -162,  153, 153, 153
L -4274, 113, -162,  -4280, 108, -164,  153, 153, 153
L -4280, 108, -164,  -4301, 82, -166,  153, 153, 153
L -4301, 82, -166,  -4316, 65, -168,  153, 153, 153
L -4316, 65, -168,  -4320, 47, -165,  153, 153, 153
L -4320, 47, -165,  -4303, 17, -166,  153, 153, 153
L -4303, 17, -166,  -4258, -10, -167,  153, 153, 153
L -4258, -10, -167,  -4234, -28, -164,  153, 153, 153
L -4234, -28, -164,  -4222, -43, -169,  153, 153, 153
L -4222, -43, -169,  -4230, -60, -163,  153, 153, 153
L -4230, -60, -163,  -4240, -74, -166,  153, 153, 153
L -4240, -74, -166,  -4260, -78, -224,  153, 153, 153
L -4260, -78, -224,  -4277, -84, -288,  153, 153, 153
L -4277, -84, -288,  -4289, -81, -326,  153, 153, 153
L -4289, -81, -326,  -4337, -83, -475,  153, 153, 153
L -4337, -83, -475,  -4375, -92, -606,  153, 153, 153
L -4375, -92, -606,  -4406, -80, -802,  153, 153, 153
L -4406, -80, -802,  -4440, -86, -944,  153, 153, 153
L -4440, -86, -944,  -4491, -93, -1147,  153, 153, 153
L -4491, -93, -1147,  -4515, -90, -1250,  153, 153, 153
L -4515, -90, -1250,  -4529, -80, -1293,  153, 153, 153
L -4529, -80, -1293,  -4539, -81, -1298,  153, 153, 153
L -4539, -81, -1298,  -4549, -85, -1315,  153, 153, 153
L -4549, -85, -1315,  -4588, -92, -1406,  153, 153, 153
L -4588, -92, -1406,  -4626, -91, -1465,  153, 153, 153
L -4626, -91, -1465,  -4659, -86, -1444,  153, 153, 153
L -4659, -86, -1444,  -4667, -65, -1453,  153, 153, 153
L -4667, -65, -1453,  -4670, -27, -1454,  153, 153, 153
L -4670, -27, -1454,  -4708, -2, -1447,  153, 153, 153
L -4708, -2, -1447,  -4747, -5, -1448,  153, 153, 153
L -4747, -5, -1448,  -4783, -55, -1444,  153, 153, 153
L -4783, -55, -1444,  -4788, -74, -1441,  153, 153, 153
L -4788, -74, -1441,  -4822, -103, -1409,  153, 153, 153
L -4822, -103, -1409,  -4839, -128, -1440,  153, 153, 153
L -4839, -128, -1440,  -4856, -154, -1442,  153, 153, 153
L -4856, -154, -1442,  -4876, -179, -1440,  153, 153, 153
L -4876, -179, -1440,  -4893, -191, -1442,  153, 153, 153
L -4893, -191, -1442,  -4919, -190, -1459,  153, 153, 153
L -4919, -190, -1459,  -4952, -184, -1432,  153, 153, 153
L -4952, -184, -1432,  -5015, -199, -1314,  153, 153, 153
L -5015, -199, -1314,  -5025, -199, -1307,  153, 153, 153
L -5025, -199, -1307,  -5055, -187, -1157,  153, 153, 153
L -5055, -187, -1157,  -5087, -195, -1088,  153, 153, 153
L -5087, -195, -1088,  -5111, -193, -968,  153, 153, 153
L -5111, -193, -968,  -5131, -202, -910,  153, 153, 153
L -5131, -202, -910,  -5154, -200, -775,  153, 153, 153
L -5154, -200, -775,  -5168, -189, -726,  153, 153, 153
L -5168, -189, -726,  -5202, -197, -561,  153, 153, 153
L -5202, -197, -561,  -5239, -204, -430,  153, 153, 153
L -5239, -204, -430,  -5266, -201, -315,  153, 153, 153
L -5266, -201, -315,  -5294, -198, -249,  153, 153, 153
L -5294, -198, -249,  -5354, -188, -355,  153, 153, 153
L -5354, -188, -355,  -5415, -203, -462,  153, 153, 153
L -5415, -203, -462,  -5415, -203, -462,  153, 153, 153
L -5415, -203, -462,  -5446, -190, -483,  153, 153, 153
L -5446, -190, -483,  -5464, -194, -451,  153, 153, 153
L -5464, -194, -451,  -5478, -197, -485,  153, 153, 153
L -5478, -197, -485,  -5486, -197, -482,  153, 153, 153
L -5486, -197, -482,  -5507, -155, -463,  153, 153, 153
L -5507, -155, -463,  -5514, -178, -482,  153, 153, 153
L -5514, -178, -482,  -5515, -196, -484,  153, 153, 153
L -5515, -196, -484,  -5527, -192, -497,  153, 153, 153
L -5527, -192, -497,  -5541, -184, -483,  153, 153, 153
L -5541, -184, -483,  -5572, -192, -484,  153, 153, 153
L -5572, -192, -484,  -5598, -198, -493,  153, 153, 153
L -5598, -198, -493,  -5644, -193, -578,  153, 153, 153
L -5644, -193, -578,  -5668, -190, -625,  153, 153, 153
L -5668, -190, -625,  -5677, -168, -639,  153, 153, 153
L -5677, -168, -639,  -5680, -132, -640,  153, 153, 153
L -5680, -132, -640,  -5720, -106, -633,  153, 153, 153
L -5720, -106, -633,  -5753, -109, -638,  153, 153, 153
L -5753, -109, -638,  -5791, -155, -636,  153, 153, 153
L -5791, -155, -636,  -5802, -194, -628,  153, 153, 153
L -5802, -194, -628,  -5815, -195, -627,  153, 153, 153
L -5815, -195, -627,  -5824, -199, -640,  153, 153, 153
L -5824, -199, -640,  -5834, -199, -643,  153, 153, 153
L -5834, -199, -643,  -5853, -187, -618,  153, 153, 153
L -5853, -187, -618,  -5886, -186, -576,  153, 153, 153
L -5886, -186, -576,  -5886, -186, -576,  153, 153, 153
L -5886, -186, -576,  -5896, -190, -570,  153, 153, 153
L -5896, -190, -570,  -5918, -194, -601,  153, 153, 153
L -5918, -194, -601,  -5940, -197, -601,  153, 153, 153
L -5940, -197, -601,  -5955, -200, -608,  153, 153, 153
L -5955, -200, -608,  -5992, -193, -693,  153, 153, 153
L -5992, -193, -693,  -6015, -193, -744,  153, 153, 153
L -6015, -193, -744,  -6025, -198, -757,  153, 153, 153
L -6025, -198, -757,  -6038, -210, -779,  153, 153, 153
L -6038, -210, -779,  -6049, -228, -778,  153, 153, 153
L -6049, -228, -778,  -6062, -243, -781,  153, 153, 153
L -6062, -243, -781,  -6066, -264, -758,  153, 153, 153
L -6066, -264, -758,  -6054, -286, -778,  153, 153, 153
L -6054, -286, -778,  -6033, -298, -779,  153, 153, 153
L -6033, -298, -779,  -6030, -300, -776,  153, 153, 153
L -5442, -216, -456,  -5442, -216, -456,  153, 153, 153
L -5442, -216, -456,  -5467, -215, -486,  153, 153, 153
L -5467, -215, -486,  -5489, -224, -483,  153, 153, 153
L -5489, -224, -483,  -5490, -244, -485,  153, 153, 153
L -5490, -244, -485,  -5483, -261, -485,  153, 153, 153
L -5483, -261, -485,  -5496, -296, -485,  153, 153, 153
L -5496, -296, -485,  -5489, -329, -462,  153, 153, 153
L -5489, -329, -462,  -5482, -370, -485,  153, 153, 153
L -5482, -370, -485,  -5489, -416, -484,  153, 153, 153
L -5489, -416, -484,  -5482, -483, -473,  153, 153, 153
L -5482, -483, -473,  -5490, -541, -482,  153, 153, 153
L -5490, -541, -482,  -5482, -550, -484,  153, 153, 153
L -5482, -550, -484,  -5471, -558, -486,  153, 153, 153
L -5471, -558, -486,  -5406, -565, -486,  153, 153, 153
L -5406, -565, -486,  -5383, -578, -487,  153, 153, 153
L -5383, -578, -487,  -5344, -571, -486,  153, 153, 153
L -5344, -571, -486,  -5298, -566, -486,  153, 153, 153
L -5298, -566, -486,  -5259, -572, -486,  153, 153, 153
L -5259, -572, -486,  -5234, -559, -485,  153, 153, 153
L -5234, -559, -485,  -5216, -533, -486,  153, 153, 153
L -5216, -533, -486,  -5178, -479, -484,  153, 153, 153
L -5178, -479, -484,  -5112, -475, -486,  153, 153, 153
L -5112, -475, -486,  -5061, -472, -539,  153, 153, 153
L -5061, -472, -539,  -5019, -471, -689,  153, 153, 153
L -5019, -471, -689,  -4976, -455, -666,  153, 153, 153
L -4976, -455, -666,  -4899, -458, -651,  153, 153, 153
L -4899, -458, -651,  -4830, -446, -622,  153, 153, 153
L -4830, -446, -622,  -4814, -455, -614,  153, 153, 153
L -4814, -455, -614,  -4756, -454, -472,  153, 153, 153
L -4756, -454, -472,  -4740, -455, -452,  153, 153, 153
L -4740, -455, -452,  -4664, -459, -414,  153, 153, 153
L -4664, -459, -414,  -4625, -452, -414,  153, 153, 153
L -4625, -452, -414,  -4606, -464, -415,  153, 153, 153
L -4606, -464, -415,  -4559, -462, -400,  153, 153, 153
L -4559, -462, -400,  -4523, -468, -318,  153, 153, 153
L -4523, -468, -318,  -4471, -460, -245,  153, 153, 153
L -4471, -460, -245,  -4427, -465, -186,  153, 153, 153
L -4427, -465, -186,  -4400, -465, -153,  153, 153, 153
L -4400, -465, -153,  -4381, -459, -132,  153, 153, 153
L -4381, -459, -132,  -4368, -444, -84,  153, 153, 153
L -4368, -444, -84,  -4361, -419, -47,  153, 153, 153
L -4361, -419, -47,  -4328, -372, -45,  153, 153, 153
L -4328, -372, -45,  -4292, -370, -46,  153, 153, 153
L -4292, -370, -46,  -4267, -382, -46,  153, 153, 153
L -4267, -382, -46,  -4247, -433, -55,  153, 153, 153
L -4247, -433, -55,  -4239, -453, -71,  153, 153, 153
L -4239, -453, -71,  -4191, -447, 16,  153, 153, 153
L -4191, -447, 16,  -4159, -460, 34,  153, 153, 153
L -4159, -460, 34,  -4136, -453, 35,  153, 153, 153
L -4136, -453, 35,  -4088, -445, 35,  153, 153, 153
L -4088, -445, 35,  -4048, -452, 33,  153, 153, 153
L -4048, -452, 33,  -4020, -441, 22,  153, 153, 153
L -4020, -441, 22,  -3999, -412, 18,  153, 153, 153
L -3999, -412, 18,  -4001, -404, 22,  153, 153, 153
L -4001, -404, 22,  -4009, -367, 22,  153, 153, 153
L -4009, -367, 22,  -4000, -325, 22,  153, 153, 153
L -4000, -325, 22,  -4005, -293, 21,  153, 153, 153
L -4005, -293, 21,  -4004, -235, 22,  153, 153, 153
L -4004, -235, 22,  -4017, -194, 19,  153, 153, 153
L -4017, -194, 19,  -4041, -179, 24,  153, 153, 153
L -4041, -179, 24,  -4070, -162, 23,  153, 153, 153
L -4070, -162, 23,  -4094, -146, 24,  153, 153, 153
L -4094, -146, 24,  -4094, -146, 24,  153, 153, 153
L -4094, -146, 24,  -4104, -106, 31,  153, 153, 153
L -4104, -106, 31,  -4104, -38, 23,  153, 153, 153
L -4104, -38, 23,  -4109, -23, 23,  153, 153, 153
L -4109, -23, 23,  -4098, 42, 21,  153, 153, 153
L -4098, 42, 21,  -4103, 63, 15,  153, 153, 153
L -4103, 63, 15,  -4128, 96, 29,  153, 153, 153
L -4128, 96, 29,  -4149, 93, 54,  153, 153, 153
L -4149, 93, 54,  -4194, 82, 23,  153, 153, 153
L -4194, 82, 23,  -4237, 89, -59,  153, 153, 153
L -4237, 89, -59,  -4258, 90, -113,  153, 153, 153
L -4258, 90, -113,  -4288, 56, -166,  153, 153, 153
L -4288, 56, -166,  -4283, 31, -170,  153, 153, 153
L -4283, 31, -170,  -4281, 30, -171,  153, 153, 153
L -4281, 30, -171,  -4236, 2, -167,  153, 153, 153
L -4236, 2, -167,  -4227, -6, -168,  153, 153, 153
L -4227, -6, -168,  -4196, -39, -166,  153, 153, 153
L -4196, -39, -166,  -4195, -47, -168,  153, 153, 153
L -4195, -47, -168,  -4218, -83, -168,  153, 153, 153
L -4218, -83, -168,  -4241, -111, -168,  153, 153, 153
L -4241, -111, -168,  -4288, -106, -315,  153, 153, 153
L -4288, -106, -315,  -4357, -110, -574,  153, 153, 153
L -4357, -110, -574,  -4370, -114, -655,  153, 153, 153
L -4370, -114, -655,  -4403, -105, -776,  153, 153, 153
L -4403, -105, -776,  -4454, -111, -1018,  153, 153, 153
L -4454, -111, -1018,  -4507, -117, -1203,  153, 153, 153
L -4507, -117, -1203,  -4529, -105, -1308,  153, 153, 153
L -4529, -105, -1308,  -4567, -113, -1398,  153, 153, 153
L -4567, -113, -1398,  -4613, -118, -1466,  153, 153, 153
L -4613, -118, -1466,  -4657, -111, -1449,  153, 153, 153
L -4657, -111, -1449,  -4664, -146, -1444,  153, 153, 153
L -4664, -146, -1444,  -4717, -197, -1443,  153, 153, 153
L -4717, -197, -1443,  -4768, -184, -1443,  153, 153, 153
L -4768, -184, -1443,  -4787, -132, -1436,  153, 153, 153
L -4787, -132, -1436,  -4799, -120, -1442,  153, 153, 153
L -4799, -120, -1442,  -4809, -126, -1440,  153, 153, 153
L -4809, -126, -1440,  -4823, -147, -1440,  153, 153, 153
L -4823, -147, -1440,  -4839, -171, -1440,  153, 153, 153
L -4839, -171, -1440,  -4857, -189, -1438,  153, 153, 153
L -4857, -189, -1438,  -4877, -212, -1439,  153, 153, 153
L -4877, -212, -1439,  -4915, -215, -1442,  153, 153, 153
L -4915, -215, -1442,  -4945, -209, -1438,  153, 153, 153
L -4945, -209, -1438,  -4978, -215, -1409,  153, 153, 153
L -4978, -215, -1409,  -5014, -223, -1304,  153, 153, 153
L -5014, -223, -1304,  -5054, -211, -1179,  153, 153, 153
L -5054, -211, -1179,  -5084, -219, -1100,  153, 153, 153
L -5084, -219, -1100,  -5114, -219, -954,  153, 153, 153
L -5114, -219, -954,  -5141, -226, -851,  153, 153, 153
L -5141, -226, -851,  -5190, -219, -635,  153, 153, 153
L -5190, -219, -635,  -5206, -222, -544,  153, 153, 153
L -5206, -222, -544,  -5245, -229, -399,  153, 153, 153
L -5245, -229, -399,  -5323, -217, -304,  153, 153, 153
L -5323, -217, -304,  -5354, -213, -365,  153, 153, 153
L -5354, -213, -365,  -5397, -221, -435,  153, 153, 153
L -5397, -221, -435,  -5442, -216, -458,  153, 153, 153
L -2647, 3306, -750,  -2647, 3306, -761,  153, 153, 153
L -2647, 3306, -761,  -2641, 3299, -761,  153, 153, 153
L -2641, 3299, -761,  -2616, 3306, -759,  153, 153, 153
L -2616, 3306, -759,  -2618, 3306, -756,  153, 153, 153
L -2618, 3306, -756,  -2603, 3306, -759,  153, 153, 153
L -2603, 3306, -759,  -2601, 3323, -755,  153, 153, 153
L -2601, 3323, -755,  -2618, 3324, -756,  153, 153, 153
L -2618, 3324, -756,  -2647, 3325, -761,  153, 153, 153
L -2647, 3325, -761,  -2647, 3325, -761,  153, 153, 153
L -2647, 3325, -761,  -2647, 3325, -761,  153, 153, 153
L -2647, 3325, -761,  -2654, 3332, -761,  153, 153, 153
L -2654, 3332, -761,  -2655, 3298, -758,  153, 153, 153
L -2655, 3298, -758,  -2655, 3298, -758,  153, 153, 153
L -2655, 3298, -758,  -2655, 3298, -758,  153, 153, 153
L -2655, 3298, -758,  -2655, 3298, -758,  153, 153, 153
L -2655, 3298, -758,  -2655, 3298, -758,  153, 153, 153
L -2655, 3298, -758,  -2647, 3306, -761,  153, 153, 153
L -3329, 3410, -1012,  -3329, 3410, -1012,  153, 153, 153
L -3329, 3410, -1012,  -3336, 3386, -1012,  153, 153, 153
L -3336, 3386, -1012,  -3336, 3386, -1012,  153, 153, 153
L -3336, 3386, -1012,  -3327, 3379, -1010,  153, 153, 153
L -3327, 3379, -1010,  -3304, 3387, -1010,  153, 153, 153
L -3304, 3387, -1010,  -3304, 3387, -1010,  153, 153, 153
L -3304, 3387, -1010,  -3303, 3400, -1012,  153, 153, 153
L -3303, 3400, -1012,  -3310, 3410, -1012,  153, 153, 153
L -3310, 3410, -1012,  -3303, 3418, -1012,  153, 153, 153
L -3303, 3418, -1012,  -3302, 3430, -1010,  153, 153, 153
L -3302, 3430, -1010,  -3311, 3439, -1012,  153, 153, 153
L -3311, 3439, -1012,  -3311, 3454, -971,  153, 153, 153
L -3311, 3454, -971,  -3328, 3454, -977,  153, 153, 153
L -3328, 3454, -977,  -3328, 3439, -1012,  153, 153, 153
L -3328, 3439, -1012,  -3337, 3420, -1011,  153, 153, 153
L -3337, 3420, -1011,  -3337, 3419, -1006,  153, 153, 153
L -3337, 3419, -1006,  -3329, 3410, -1012,  153, 153, 153
L -2545, 2776, -765,  -2545, 2776, -769,  153, 153, 153
L -2545, 2776, -769,  -2557, 2776, -772,  153, 153, 153
L -2557, 2776, -772,  -2568, 2761, -774,  153, 153, 153
L -2568, 2761, -774,  -2561, 2744, -774,  153, 153, 153
L -2561, 2744, -774,  -2556, 2742, -774,  153, 153, 153
L -2556, 2742, -774,  -2546, 2741, -765,  153, 153, 153
L -2546, 2741, -765,  -2535, 2751, -774,  153, 153, 153
L -2535, 2751, -774,  -2534, 2764, -771,  153, 153, 153
L -2534, 2764, -771,  -2545, 2776, -769,  153, 153, 153
L -2426, 3618, -760,  -2426, 3618, -760,  153, 153, 153
L -2426, 3618, -760,  -2418, 3608, -761,  153, 153, 153
L -2418, 3608, -761,  -2397, 3612, -761,  153, 153, 153
L -2397, 3612, -761,  -2394, 3614, -759,  153, 153, 153
L -2394, 3614, -759,  -2392, 3628, -761,  153, 153, 153
L -2392, 3628, -761,  -2400, 3639, -761,  153, 153, 153
L -2400, 3639, -761,  -2414, 3641, -748,  153, 153, 153
L -2414, 3641, -748,  -2425, 3632, -760,  153, 153, 153
L -2425, 3632, -760,  -2426, 3618, -761,  153, 153, 153
L -1673, 3847, -1030,  -1673, 3847, -1030,  153, 153, 153
L -1673, 3847, -1030,  -1685, 3835, -1030,  153, 153, 153
L -1685, 3835, -1030,  -1684, 3813, -1030,  153, 153, 153
L -1684, 3813, -1030,  -1669, 3801, -1030,  153, 153, 153
L -1669, 3801, -1030,  -1667, 3777, -1030,  153, 153, 153
L -1667, 3777, -1030,  -1644, 3777, -994,  153, 153, 153
L -1644, 3777, -994,  -1641, 3803, -1030,  153, 153, 153
L -1641, 3803, -1030,  -1628, 3816, -1030,  153, 153, 153
L -1628, 3816, -1030,  -1629, 3835, -1030,  153, 153, 153
L -1629, 3835, -1030,  -1643, 3849, -1030,  153, 153, 153
L -1643, 3849, -1030,  -1631, 3861, -1030,  153, 153, 153
L -1631, 3861, -1030,  -1632, 3881, -1030,  153, 153, 153
L -1632, 3881, -1030,  -1655, 3896, -1030,  153, 153, 153
L -1655, 3896, -1030,  -1664, 3896, -1030,  153, 153, 153
L -1664, 3896, -1030,  -1666, 3896, -1030,  153, 153, 153
L -1666, 3896, -1030,  -1688, 3879, -1030,  153, 153, 153
L -1688, 3879, -1030,  -1687, 3859, -1030,  153, 153, 153
L -1687, 3859, -1030,  -1673, 3847, -1030,  153, 153, 153
L -2274, 3817, -1022,  -2274, 3817, -1022,  153, 153, 153
L -2274, 3817, -1022,  -1980, 3899, -1030,  153, 153, 153
L -1980, 3899, -1030,  -1978, 3996, -1062,  153, 153, 153
L -1978, 3996, -1062,  -1952, 4015, -1025,  153, 153, 153
L -1922, 4048, -1029,  -1922, 4048, -1025,  153, 153, 153
L -1922, 4048, -1025,  -1913, 4051, -1027,  153, 153, 153
L -1913, 4051, -1027,  -1720, 3984, -1029,  153, 153, 153
L -1720, 3984, -1029,  -1720, 3984, -1029,  153, 153, 153
L -1720, 3984, -1029,  -1573, 3985, -1025,  153, 153, 153
L -1573, 3985, -1025,  -1588, 4004, -973,  153, 153, 153
L -1588, 4004, -973,  -1586, 4058, -980,  153, 153, 153
L -1586, 4058, -980,  -1575, 4071, -980,  153, 153, 153
L -1575, 4071, -980,  -1555, 4072, -977,  153, 153, 153
L -1555, 4072, -977,  -1543, 4059, -975,  153, 153, 153
L -1543, 4059, -975,  -1542, 4001, -976,  153, 153, 153
L -1542, 4001, -976,  -1556, 3987, -974,  153, 153, 153
L -1556, 3987, -974,  -1500, 3985, -1026,  153, 153, 153
L -1500, 3985, -1026,  -1441, 4047, -1027,  153, 153, 153
L -1441, 4047, -1027,  -1440, 4409, -974,  153, 153, 153
L -1440, 4409, -974,  -1367, 4410, -1026,  153, 153, 153
L -1367, 4410, -1026,  -1366, 4044, -1029,  153, 153, 153
L -1366, 4044, -1029,  -1308, 3985, -1026,  153, 153, 153
L -1308, 3985, -1026,  -1306, 3965, -995,  153, 153, 153
L -1306, 3965, -995,  -1285, 3989, -994,  153, 153, 153
L -1285, 3989, -994,  -1196, 3990, -994,  153, 153, 153
L -1196, 3990, -994,  -1172, 3965, -992,  153, 153, 153
L -1172, 3965, -992,  -1174, 3930, -990,  153, 153, 153
L -1174, 3930, -990,  -1194, 3908, -994,  153, 153, 153
L -1194, 3908, -994,  -1286, 3908, -994,  153, 153, 153
L -1286, 3908, -994,  -1305, 3933, -994,  153, 153, 153
L -1305, 3933, -994,  -1312, 3903, -1029,  153, 153, 153
L -1312, 3903, -1029,  -1369, 3851, -1029,  153, 153, 153
L -1369, 3851, -1029,  -1394, 3852, -1028,  153, 153, 153
L -1394, 3852, -1028,  -1376, 3833, -998,  153, 153, 153
L -1376, 3833, -998,  -1377, 3817, -994,  153, 153, 153
L -1377, 3817, -994,  -1385, 3809, -998,  153, 153, 153
L -1385, 3809, -998,  -1411, 3805, -992,  153, 153, 153
L -1411, 3805, -992,  -1422, 3817, -998,  153, 153, 153
L -1422, 3817, -998,  -1421, 3835, -1011,  153, 153, 153
L -1421, 3835, -1011,  -1406, 3852, -1000,  153, 153, 153
L -1406, 3852, -1000,  -1430, 3853, -1029,  153, 153, 153
L -1430, 3853, -1029,  -1502, 3910, -1024,  153, 153, 153
L -1502, 3910, -1024,  -1651, 3911, -1029,  153, 153, 153
L -1651, 3911, -1029,  -1619, 3880, -1004,  153, 153, 153
L -1619, 3880, -1004,  -1623, 3797, -991,  153, 153, 153
L -1623, 3797, -991,  -1648, 3774, -994,  153, 153, 153
L -1648, 3774, -994,  -1681, 3775, -992,  153, 153, 153
L -1681, 3775, -992,  -1704, 3796, -994,  153, 153, 153
L -1704, 3796, -994,  -1704, 3882, -993,  153, 153, 153
L -1704, 3882, -993,  -1681, 3905, -994,  153, 153, 153
L -1681, 3905, -994,  -1761, 3908, -1021,  153, 153, 153
L -1761, 3908, -1021,  -1826, 3838, -1029,  153, 153, 153
L -1826, 3838, -1029,  -1925, 3836, -1030,  153, 153, 153
L -1925, 3836, -1030,  -2246, 3747, -1026,  153, 153, 153
L -2283, 3236, -1018,  -2283, 3236, -1013,  153, 153, 153
L -2283, 3236, -1013,  -2260, 3225, -1015,  153, 153, 153
L -2260, 3225, -1015,  -2259, 3225, -1018,  153, 153, 153
L -2259, 3225, -1018,  -2249, 3235, -1018,  153, 153, 153
L -2249, 3235, -1018,  -2249, 3247, -1018,  153, 153, 153
L -2249, 3247, -1018,  -2258, 3258, -1018,  153, 153, 153
L -2258, 3258, -1018,  -2272, 3259, -1018,  153, 153, 153
L -2272, 3259, -1018,  -2282, 3250, -1018,  153, 153, 153
L -2282, 3250, -1018,  -2283, 3237, -1018,  153, 153, 153
L -3002, 2990, -773,  -3002, 2990, -765,  153, 153, 153
L -3002, 2990, -765,  -3015, 2957, -770,  153, 153, 153
L -3015, 2957, -770,  -3015, 2957, -770,  153, 153, 153
L -3015, 2957, -770,  -3000, 2944, -772,  153, 153, 153
L -3000, 2944, -772,  -3000, 2920, -773,  153, 153, 153
L -3000, 2920, -773,  -2973, 2920, -767,  153, 153, 153
L -2973, 2920, -767,  -2963, 2952, -773,  153, 153, 153
L -2963, 2952, -773,  -2958, 2957, -773,  153, 153, 153
L -2958, 2957, -773,  -2958, 2977, -772,  153, 153, 153
L -2958, 2977, -772,  -2972, 2990, -773,  153, 153, 153
L -2972, 2990, -773,  -2958, 3017, -761,  153, 153, 153
L -2958, 3017, -761,  -2958, 3022, -772,  153, 153, 153
L -2958, 3022, -772,  -2974, 3037, -773,  153, 153, 153
L -2974, 3037, -773,  -2997, 3037, -771,  153, 153, 153
L -2997, 3037, -771,  -3014, 3023, -772,  153, 153, 153
L -3014, 3023, -772,  -3015, 3003, -773,  153, 153, 153
L -3015, 3003, -773,  -3002, 2990, -773,  153, 153, 153
P -2661, 3287, 0, 255, 255, 255, 2, Bank
P -3337, 3374, 0, 255, 255, 255, 2, Fletching
P -2563, 2737, 0, 255, 255, 255, 2, Food & water
P -2425, 3605, 0, 255, 255, 255, 2, Gems
P -1672, 3773, 0, 255, 255, 255, 2, Alchemy
P -1471, 4557, 0, 255, 255, 255, 2, Boat
P -2283, 3222, 0, 255, 255, 255, 2, Potions
P -3000, 2907, 0, 255, 255, 255, 2, Alcohol
P 2200, -4675, 0, 255, 255, 0, 2, Swamp of no Hope
P -2700, -4675, 0, 255, 255, 0, 2, Swamp of no Hope
P -6000, 50, 0, 255, 255, 0, 2, Dreadlands
P 1220, 8400, 0, 255, 255, 0, 2, Timorous Deep
P -1440, 2392, 0, 255, 255, 255, 2, Succor Point
