L 4613, 268, 1570, 3810, 389, 965, 190, 190, 190
L 3810, 389, 965, 3730, 165, 348, 190, 190, 190
L 3730, 165, 348, 3733, -3313, 6250, 190, 190, 190
L 3733, -3313, 6250, 3652, -3760, 7634, 190, 190, 190
L 3652, -3760, 7634, 3163, -3760, 3857, 190, 190, 190
L 3163, -3760, 3857, 3022, -3760, 4066, 190, 190, 190
L 3022, -3760, 4066, 2949, -3758, 4255, 190, 190, 190
L 2949, -3758, 4255, 983, -3713, 2780, 190, 190, 190
L 983, -3713, 2780, -829, -3845, 5380, 190, 190, 190
L -829, -3845, 5380, -1045, -3854, 4972, 190, 190, 190
L -1045, -3854, 4972, -1199, -4141, 5070, 190, 190, 190
L -1199, -4141, 5070, -1171, -5073, 5052, 190, 190, 190
L -1171, -5073, 5052, -1171, -5078, 5053, 190, 190, 190
L -1171, -5078, 5053, -1188, -5748, 5386, 190, 190, 190
L -1188, -5748, 5386, -1230, -5935, 4615, 190, 190, 190
L -1230, -5935, 4615, -1238, -5972, 4434, 190, 190, 190
L -3738, 2667, 0, -3739, 2681, 0, 190, 190, 190
L -3739, 2681, 0, -3737, 2772, 0, 190, 190, 190
L -3737, 2772, 0, -3744, 2835, 0, 190, 190, 190
L -3744, 2835, 0, -3744, 2869, 0, 190, 190, 190
L -3744, 2869, 0, -3745, 2917, 0, 190, 190, 190
L -3745, 2917, 0, -3741, 3015, 0, 190, 190, 190
L -3741, 3015, 0, -3720, 3050, 0, 190, 190, 190
L -3720, 3050, 0, -3658, 3129, 0, 190, 190, 190
L -3658, 3129, 0, -3638, 3156, 0, 190, 190, 190
L -3638, 3156, 0, -3615, 3224, 0, 190, 190, 190
L -3615, 3224, 0, -3619, 3383, 0, 190, 190, 190
L -3619, 3383, 0, -3607, 3418, 0, 190, 190, 190
L -3607, 3418, 0, -3553, 3523, 0, 190, 190, 190
L -3553, 3523, 0, -3515, 3556, 0, 190, 190, 190
L -3515, 3556, 0, -3434, 3598, 0, 190, 190, 190
L -3434, 3598, 0, -3309, 3630, 0, 190, 190, 190
L -3309, 3630, 0, -3180, 3636, 0, 190, 190, 190
L -3180, 3636, 0, -3054, 3599, 0, 190, 190, 190
L -3054, 3599, 0, -2938, 3643, 0, 190, 190, 190
L -2938, 3643, 0, -2903, 3646, 0, 190, 190, 190
L -2903, 3646, 0, -2830, 3741, 0, 190, 190, 190
L -2830, 3741, 0, -2793, 3757, 0, 190, 190, 190
L -2793, 3757, 0, -2706, 3764, 0, 190, 190, 190
L -2706, 3764, 0, -1432, 3764, 0, 190, 190, 190
L -1432, 3764, 0, -1384, 3763, 0, 190, 190, 190
L -1384, 3763, 0, -1299, 3763, 0, 190, 190, 190
L -1299, 3763, 0, -1254, 3764, 0, 190, 190, 190
L -1254, 3764, 0, -1202, 3764, 0, 190, 190, 190
L -1202, 3764, 0, -1137, 3757, 0, 190, 190, 190
L -1137, 3757, 0, -1122, 3752, 0, 190, 190, 190
L -1122, 3752, 0, -1107, 3743, 0, 190, 190, 190
L -1107, 3743, 0, -1096, 3732, 0, 190, 190, 190
L -1096, 3732, 0, -1090, 3718, 0, 190, 190, 190
L -1090, 3718, 0, -1087, 3703, 0, 190, 190, 190
L -1087, 3703, 0, -1088, 3688, 0, 190, 190, 190
L -1088, 3688, 0, -1091, 3666, 0, 190, 190, 190
L -1091, 3666, 0, -1092, 3650, 0, 190, 190, 190
L -1092, 3650, 0, -1091, 3640, 0, 190, 190, 190
L -1091, 3640, 0, -1077, 3599, 0, 190, 190, 190
L -1077, 3599, 0, -1068, 3585, 0, 190, 190, 190
L -1068, 3585, 0, -1057, 3571, 0, 190, 190, 190
L -1057, 3571, 0, -859, 3658, 0, 190, 190, 190
L -859, 3658, 0, -830, 3669, 0, 190, 190, 190
L -830, 3669, 0, -786, 3684, 0, 190, 190, 190
L -786, 3684, 0, -740, 3696, 0, 190, 190, 190
L -740, 3696, 0, -717, 3703, 0, 190, 190, 190
L -717, 3703, 0, -658, 3723, 0, 190, 190, 190
L -658, 3723, 0, -642, 3727, 0, 190, 190, 190
L -642, 3727, 0, -624, 3728, 0, 190, 190, 190
L -624, 3728, 0, -602, 3726, 0, 190, 190, 190
L -602, 3726, 0, -586, 3724, 0, 190, 190, 190
L -586, 3724, 0, -564, 3722, 0, 190, 190, 190
L -564, 3722, 0, -521, 3714, 0, 190, 190, 190
L -521, 3714, 0, -484, 3699, 0, 190, 190, 190
L -484, 3699, 0, -469, 3697, 0, 190, 190, 190
L -469, 3697, 0, -415, 3692, 0, 190, 190, 190
L -415, 3692, 0, -400, 3696, 0, 190, 190, 190
L -400, 3696, 0, -386, 3702, 0, 190, 190, 190
L -386, 3702, 0, -293, 3732, 0, 190, 190, 190
L -293, 3732, 0, -247, 3748, 0, 190, 190, 190
L -247, 3748, 0, -200, 3763, 0, 190, 190, 190
L -200, 3763, 0, -156, 3764, 0, 190, 190, 190
L -156, 3764, 0, 208, 3764, 0, 190, 190, 190
L 208, 3764, 0, 222, 3763, 0, 190, 190, 190
L 222, 3763, 0, 261, 3763, 0, 190, 190, 190
L 261, 3763, 0, 354, 3761, 0, 190, 190, 190
L 354, 3761, 0, 404, 3761, 0, 190, 190, 190
L 404, 3761, 0, 496, 3759, 0, 190, 190, 190
L 496, 3759, 0, 536, 3759, 0, 190, 190, 190
L 536, 3759, 0, 616, 3757, 0, 190, 190, 190
L 616, 3757, 0, 649, 3757, 0, 190, 190, 190
L 649, 3757, 0, 665, 3756, 0, 190, 190, 190
L 665, 3756, 0, 677, 3752, 0, 190, 190, 190
L 677, 3752, 0, 702, 3740, 0, 190, 190, 190
L 702, 3740, 0, 743, 3719, 0, 190, 190, 190
L 743, 3719, 0, 759, 3716, 0, 190, 190, 190
L 759, 3716, 0, 776, 3715, 0, 190, 190, 190
L 776, 3715, 0, 792, 3717, 0, 190, 190, 190
L 792, 3717, 0, 807, 3721, 0, 190, 190, 190
L 807, 3721, 0, 826, 3727, 0, 190, 190, 190
L 826, 3727, 0, 876, 3740, 0, 190, 190, 190
L 876, 3740, 0, 920, 3753, 0, 190, 190, 190
L 920, 3753, 0, 948, 3752, 0, 190, 190, 190
L 948, 3752, 0, 976, 3752, 0, 190, 190, 190
L 976, 3752, 0, 1013, 3751, 0, 190, 190, 190
L 1013, 3751, 0, 1061, 3751, 0, 190, 190, 190
L 1061, 3751, 0, 1151, 3749, 0, 190, 190, 190
L 1151, 3749, 0, 1200, 3749, 0, 190, 190, 190
L 1200, 3749, 0, 1292, 3747, 0, 190, 190, 190
L 1292, 3747, 0, 1313, 3747, 0, 190, 190, 190
L 1532, 3737, 0, 1544, 3738, 0, 190, 190, 190
L 1544, 3738, 0, 1581, 3737, 0, 190, 190, 190
L 1581, 3737, 0, 1617, 3741, 0, 190, 190, 190
L 1617, 3741, 0, 1660, 3742, 0, 190, 190, 190
L 1660, 3742, 0, 1684, 3741, 0, 190, 190, 190
L 1684, 3741, 0, 1716, 3741, 0, 190, 190, 190
L 1716, 3741, 0, 2091, 3735, 0, 190, 190, 190
L 2091, 3735, 0, 2375, 3733, 0, 190, 190, 190
L 2375, 3733, 0, 2423, 3732, 0, 190, 190, 190
L 2423, 3732, 0, 2471, 3732, 0, 190, 190, 190
L 2471, 3732, 0, 2519, 3731, 0, 190, 190, 190
L 2519, 3731, 0, 2669, 3730, 0, 190, 190, 190
L 2669, 3730, 0, 2721, 3727, 0, 190, 190, 190
L 2721, 3727, 0, 2768, 3709, 0, 190, 190, 190
L 2768, 3709, 0, 2808, 3683, 0, 190, 190, 190
L 2808, 3683, 0, 2823, 3656, 0, 190, 190, 190
L 2823, 3656, 0, 2841, 3499, 0, 190, 190, 190
L 2841, 3499, 0, 2892, 3442, 0, 190, 190, 190
L 2892, 3442, 0, 2924, 3441, 0, 190, 190, 190
L 2924, 3441, 0, 2940, 3441, 0, 190, 190, 190
L 2940, 3441, 0, 3007, 3454, 0, 190, 190, 190
L 3007, 3454, 0, 3007, 3482, 0, 190, 190, 190
L 3007, 3482, 0, 3017, 3509, 0, 190, 190, 190
L 3017, 3509, 0, 3033, 3547, 0, 190, 190, 190
L 3033, 3547, 0, 3033, 3604, 0, 190, 190, 190
L 3033, 3604, 0, 3037, 3634, 0, 190, 190, 190
L 3037, 3634, 0, 3067, 3677, 0, 190, 190, 190
L 3067, 3677, 0, 3102, 3716, 0, 190, 190, 190
L 3102, 3716, 0, 3122, 3726, 0, 190, 190, 190
L 3122, 3726, 0, 3151, 3725, 0, 190, 190, 190
L 3151, 3725, 0, 3178, 3725, 0, 190, 190, 190
L 3178, 3725, 0, 3349, 3710, 0, 190, 190, 190
L 3349, 3710, 0, 3443, 3670, 0, 190, 190, 190
L 3443, 3670, 0, 3455, 3663, 0, 190, 190, 190
L 3455, 3663, 0, 3507, 3573, 0, 190, 190, 190
L 3507, 3573, 0, 3516, 3559, 0, 190, 190, 190
L 3516, 3559, 0, 3525, 3546, 0, 190, 190, 190
L 3525, 3546, 0, 3548, 3511, 0, 190, 190, 190
L 3548, 3511, 0, 3605, 3445, 0, 190, 190, 190
L 3605, 3445, 0, 3641, 3400, 0, 190, 190, 190
L 3641, 3400, 0, 3685, 3297, 0, 190, 190, 190
L 3685, 3297, 0, 3688, 3202, 0, 190, 190, 190
L 3688, 3202, 0, 3695, 2900, 0, 190, 190, 190
L 3695, 2900, 0, 3692, 2863, 0, 190, 190, 190
L 3692, 2863, 0, 3698, 2787, 0, 190, 190, 190
L 3698, 2787, 0, 3688, 2529, 0, 190, 190, 190
L 3688, 2529, 0, 3688, 2210, 0, 190, 190, 190
L 3688, 2210, 0, 3714, 2023, 0, 190, 190, 190
L 3714, 2023, 0, 3714, 1981, 0, 190, 190, 190
L 3714, 1981, 0, 3722, 1823, 0, 190, 190, 190
L 3722, 1823, 0, 3734, 1337, 0, 190, 190, 190
L 3734, 1337, 0, 3734, 1248, 0, 190, 190, 190
L 3734, 1248, 0, 3726, 846, 0, 190, 190, 190
L 3726, 846, 0, 3768, 779, 0, 190, 190, 190
L 3768, 779, 0, 3836, 746, 0, 190, 190, 190
L 3836, 746, 0, 3870, 750, 0, 190, 190, 190
L 3870, 750, 0, 3976, 744, 0, 190, 190, 190
L 3976, 744, 0, 4064, 707, 0, 190, 190, 190
L 4064, 707, 0, 4165, 666, 0, 190, 190, 190
L 4165, 666, 0, 4273, 609, 0, 190, 190, 190
L 4273, 609, 0, 4522, 473, 0, 190, 190, 190
L -4321, 2313, 0, -4353, 2285, 0, 190, 190, 190
L -4353, 2285, 0, -4362, 2273, 0, 190, 190, 190
L -4362, 2273, 0, -4369, 2259, 0, 190, 190, 190
L -4369, 2259, 0, -4370, 2243, 0, 190, 190, 190
L -4370, 2243, 0, -4349, 2188, 0, 190, 190, 190
L -4349, 2188, 0, -4333, 2179, 0, 190, 190, 190
L -4333, 2179, 0, -4303, 2183, 0, 190, 190, 190
L -4303, 2183, 0, -4268, 2191, 0, 190, 190, 190
L -4268, 2191, 0, -4241, 2196, 0, 190, 190, 190
L -4241, 2196, 0, -4233, 2194, 0, 190, 190, 190
L -4233, 2194, 0, -4209, 2193, 0, 190, 190, 190
L -4209, 2193, 0, -4195, 2191, 0, 190, 190, 190
L -4195, 2191, 0, -4161, 2187, 0, 190, 190, 190
L -4161, 2187, 0, -4135, 2188, 0, 190, 190, 190
L -4135, 2188, 0, -4123, 2196, 0, 190, 190, 190
L -4123, 2196, 0, -4091, 2239, 0, 190, 190, 190
L -4091, 2239, 0, -4088, 2252, 0, 190, 190, 190
L -4088, 2252, 0, -4089, 2264, 0, 190, 190, 190
L -4089, 2264, 0, -4116, 2289, 0, 190, 190, 190
L -4116, 2289, 0, -4146, 2304, 0, 190, 190, 190
L -4146, 2304, 0, -4157, 2319, 0, 190, 190, 190
L -4157, 2319, 0, -4179, 2333, 0, 190, 190, 190
L -4179, 2333, 0, -4187, 2346, 0, 190, 190, 190
L -4187, 2346, 0, -4170, 2373, 0, 190, 190, 190
L -4170, 2373, 0, -4163, 2380, 0, 190, 190, 190
L -4163, 2380, 0, -4153, 2387, 0, 190, 190, 190
L -4153, 2387, 0, -4119, 2385, 0, 190, 190, 190
L -4119, 2385, 0, -4088, 2378, 0, 190, 190, 190
L -4088, 2378, 0, -4066, 2387, 0, 190, 190, 190
L -4066, 2387, 0, -4038, 2390, 0, 190, 190, 190
L -4038, 2390, 0, -4005, 2383, 0, 190, 190, 190
L -4005, 2383, 0, -3961, 2400, 0, 190, 190, 190
L -3961, 2400, 0, -3946, 2420, 0, 190, 190, 190
L -3946, 2420, 0, -3936, 2429, 0, 190, 190, 190
L -3936, 2429, 0, -3932, 2441, 0, 190, 190, 190
L -3932, 2441, 0, -3932, 2462, 0, 190, 190, 190
L -3932, 2462, 0, -3954, 2480, 0, 190, 190, 190
L -3954, 2480, 0, -3962, 2490, 0, 190, 190, 190
L -3962, 2490, 0, -3972, 2499, 0, 190, 190, 190
L -3972, 2499, 0, -3982, 2506, 0, 190, 190, 190
L -3982, 2506, 0, -4006, 2521, 0, 190, 190, 190
L -4006, 2521, 0, -4016, 2528, 0, 190, 190, 190
L -4016, 2528, 0, -4032, 2549, 0, 190, 190, 190
L -4032, 2549, 0, -4020, 2571, 0, 190, 190, 190
L -4020, 2571, 0, -3977, 2585, 0, 190, 190, 190
L -3977, 2585, 0, -3926, 2574, 0, 190, 190, 190
L -3926, 2574, 0, -3910, 2575, 0, 190, 190, 190
L -3910, 2575, 0, -3890, 2573, 0, 190, 190, 190
L -3890, 2573, 0, -3843, 2577, 0, 190, 190, 190
L -3843, 2577, 0, -3760, 2567, 0, 190, 190, 190
L -3738, 2559, 0, -3664, 2513, 0, 190, 190, 190
L -3664, 2513, 0, -3723, 2370, 0, 190, 190, 190
L -3723, 2370, 0, -3729, 2291, 0, 190, 190, 190
L -3729, 2291, 0, -3746, 2218, 0, 190, 190, 190
L -3746, 2218, 0, -3767, 1876, 0, 190, 190, 190
L -3767, 1876, 0, -3784, 1738, 0, 190, 190, 190
L -3784, 1738, 0, -3772, 1690, 0, 190, 190, 190
L -3772, 1690, 0, -3756, 1593, 0, 190, 190, 190
L -3756, 1593, 0, -3729, 1490, 0, 190, 190, 190
L -3729, 1490, 0, -3690, 1441, 0, 190, 190, 190
L -3690, 1441, 0, -3664, 1395, 0, 190, 190, 190
L -3664, 1395, 0, -3669, 1214, 0, 190, 190, 190
L -3669, 1214, 0, -3704, 1165, 0, 190, 190, 190
L -3704, 1165, 0, -3757, 1077, 0, 190, 190, 190
L -3757, 1077, 0, -3794, 1007, 0, 190, 190, 190
L -3794, 1007, 0, -3822, 926, 0, 190, 190, 190
L -3822, 926, 0, -3794, 851, 0, 190, 190, 190
L -3794, 851, 0, -3755, 797, 0, 190, 190, 190
L -3755, 797, 0, -3720, 757, 0, 190, 190, 190
L -3720, 757, 0, -3628, 705, 0, 190, 190, 190
L -3628, 705, 0, -3622, 638, 0, 190, 190, 190
L -3622, 638, 0, -3626, 546, 0, 190, 190, 190
L -3626, 546, 0, -3643, 482, 0, 190, 190, 190
L -3643, 482, 0, -3657, 443, 0, 190, 190, 190
L -3657, 443, 0, -3673, 412, 0, 190, 190, 190
L -3673, 412, 0, -3700, 367, 0, 190, 190, 190
L -3700, 367, 0, -3739, 334, 0, 190, 190, 190
L -3739, 334, 0, -3777, 272, 0, 190, 190, 190
L -3777, 272, 0, -3809, 225, 0, 190, 190, 190
L -3809, 225, 0, -3844, 172, 0, 190, 190, 190
L -3844, 172, 0, -3854, 142, 0, 190, 190, 190
L -3854, 142, 0, -3867, 49, 0, 190, 190, 190
L -3867, 49, 0, -3877, -44, 0, 190, 190, 190
L -3877, -44, 0, -3878, -108, 0, 190, 190, 190
L -3878, -108, 0, -3886, -193, 0, 190, 190, 190
L -3886, -193, 0, -3885, -292, 0, 190, 190, 190
L -3885, -292, 0, -3883, -339, 0, 190, 190, 190
L -3883, -339, 0, -3869, -371, 0, 190, 190, 190
L -3869, -371, 0, -3839, -427, 0, 190, 190, 190
L -3839, -427, 0, -3820, -466, 0, 190, 190, 190
L -3820, -466, 0, -3795, -549, 0, 190, 190, 190
L -3795, -549, 0, -3807, -595, 0, 190, 190, 190
L -3807, -595, 0, -3810, -635, 0, 190, 190, 190
L -3810, -635, 0, -3814, -667, 0, 190, 190, 190
L -3814, -667, 0, -3821, -682, 0, 190, 190, 190
L -3821, -682, 0, -3836, -711, 0, 190, 190, 190
L -3836, -711, 0, -3850, -814, 0, 190, 190, 190
L -3850, -814, 0, -3854, -876, 0, 190, 190, 190
L -3854, -876, 0, -3862, -934, 0, 190, 190, 190
L -3862, -934, 0, -3880, -1039, 0, 190, 190, 190
L -3880, -1039, 0, -3870, -1123, 0, 190, 190, 190
L -3870, -1123, 0, -3864, -1152, 0, 190, 190, 190
L -3864, -1152, 0, -3847, -1218, 0, 190, 190, 190
L -3847, -1218, 0, -3840, -1277, 0, 190, 190, 190
L -3840, -1277, 0, -3827, -1322, 0, 190, 190, 190
L -3827, -1322, 0, -3809, -1379, 0, 190, 190, 190
L -3809, -1379, 0, -3800, -1431, 0, 190, 190, 190
L -3800, -1431, 0, -3798, -1499, 0, 190, 190, 190
L -3798, -1499, 0, -3794, -1543, 0, 190, 190, 190
L -3794, -1543, 0, -3753, -1596, 0, 190, 190, 190
L -3753, -1596, 0, -3732, -1626, 0, 190, 190, 190
L -3732, -1626, 0, -3709, -1663, 0, 190, 190, 190
L -3709, -1663, 0, -3624, -1804, 0, 190, 190, 190
L -3624, -1804, 0, -3605, -1850, 0, 190, 190, 190
L -3605, -1850, 0, -3591, -1913, 0, 190, 190, 190
L -3591, -1913, 0, -3584, -1965, 0, 190, 190, 190
L -3584, -1965, 0, -3564, -2037, 0, 190, 190, 190
L -3564, -2037, 0, -3574, -2161, 0, 190, 190, 190
L -3574, -2161, 0, -3608, -2210, 0, 190, 190, 190
L -3608, -2210, 0, -3650, -2243, 0, 190, 190, 190
L -3650, -2243, 0, -3740, -2339, 0, 190, 190, 190
L -3740, -2339, 0, -3742, -2394, 0, 190, 190, 190
L -3742, -2394, 0, -3733, -2445, 0, 190, 190, 190
L -3733, -2445, 0, -3708, -2483, 0, 190, 190, 190
L -3708, -2483, 0, -3665, -2529, 0, 190, 190, 190
L -3665, -2529, 0, -3639, -2571, 0, 190, 190, 190
L -3639, -2571, 0, -3643, -2648, 0, 190, 190, 190
L -3643, -2648, 0, -3659, -2786, 0, 190, 190, 190
L -3659, -2786, 0, -3657, -2842, 0, 190, 190, 190
L -3657, -2842, 0, -3658, -2930, 0, 190, 190, 190
L -3658, -2930, 0, -3671, -2976, 0, 190, 190, 190
L -3671, -2976, 0, -3704, -3067, 0, 190, 190, 190
L -3704, -3067, 0, -3724, -3126, 0, 190, 190, 190
L -3724, -3126, 0, -3710, -3155, 0, 190, 190, 190
L -3710, -3155, 0, -3599, -3309, 0, 190, 190, 190
L -3599, -3309, 0, -3571, -3354, 0, 190, 190, 190
L -3571, -3354, 0, -3536, -3446, 0, 190, 190, 190
L -3536, -3446, 0, -3454, -3467, 0, 190, 190, 190
L -3454, -3467, 0, -3366, -3506, 0, 190, 190, 190
L -3366, -3506, 0, -3316, -3552, 0, 190, 190, 190
L -3316, -3552, 0, -3223, -3601, 0, 190, 190, 190
L -3223, -3601, 0, -3057, -3650, 0, 190, 190, 190
L -2878, -3324, 0, -2871, -3331, 0, 190, 190, 190
L -2871, -3331, 0, -2864, -3445, 0, 190, 190, 190
L -2893, -3439, 0, -2894, -3334, 0, 190, 190, 190
L -2894, -3334, 0, -2907, -3323, 0, 190, 190, 190
L -3057, -3662, 0, -2939, -3737, 0, 190, 190, 190
L -2939, -3737, 0, -2755, -3767, 0, 190, 190, 190
L -2755, -3767, 0, -2636, -3814, 0, 190, 190, 190
L -2636, -3814, 0, -2449, -3845, 0, 190, 190, 190
L -2449, -3845, 0, -2341, -3836, 0, 190, 190, 190
L -2341, -3836, 0, -2218, -3811, 0, 190, 190, 190
L -2218, -3811, 0, -2115, -3775, 0, 190, 190, 190
L -2115, -3775, 0, -2067, -3782, 0, 190, 190, 190
L -2067, -3782, 0, -2003, -3784, 0, 190, 190, 190
L -2003, -3784, 0, -1924, -3816, 0, 190, 190, 190
L -1924, -3816, 0, -1858, -3830, 0, 190, 190, 190
L -1858, -3830, 0, -1793, -3838, 0, 190, 190, 190
L -1793, -3838, 0, -1710, -3871, 0, 190, 190, 190
L -1710, -3871, 0, -1669, -3910, 0, 190, 190, 190
L -1669, -3910, 0, -1632, -3960, 0, 190, 190, 190
L -1632, -3960, 0, -1602, -3996, 0, 190, 190, 190
L -1602, -3996, 0, -1586, -4070, 0, 190, 190, 190
L -1586, -4070, 0, -1588, -4165, 0, 190, 190, 190
L -1588, -4165, 0, -1587, -4214, 0, 190, 190, 190
L -1587, -4214, 0, -1583, -4264, 0, 190, 190, 190
L -1583, -4264, 0, -1568, -4333, 0, 190, 190, 190
L -1568, -4333, 0, -1563, -4395, 0, 190, 190, 190
L -1563, -4395, 0, -1559, -4456, 0, 190, 190, 190
L -1559, -4456, 0, -1594, -4526, 0, 190, 190, 190
L -1594, -4526, 0, -1607, -4582, 0, 190, 190, 190
L -1607, -4582, 0, -1612, -4651, 0, 190, 190, 190
L -1612, -4651, 0, -1612, -4676, 0, 190, 190, 190
L -1612, -4676, 0, -1610, -4773, 0, 190, 190, 190
L -1610, -4773, 0, -1607, -4867, 0, 190, 190, 190
L -1607, -4867, 0, -1604, -5009, 0, 190, 190, 190
L -1604, -5009, 0, -1600, -5073, 0, 190, 190, 190
L -1600, -5073, 0, -1588, -5133, 0, 190, 190, 190
L -1588, -5133, 0, -1574, -5244, 0, 190, 190, 190
L -1574, -5244, 0, -1566, -5287, 0, 190, 190, 190
L -1566, -5287, 0, -1550, -5382, 0, 190, 190, 190
L -1550, -5382, 0, -1555, -5429, 0, 190, 190, 190
L -1555, -5429, 0, -1566, -5512, 0, 190, 190, 190
L -1566, -5512, 0, -1572, -5748, 0, 190, 190, 190
L -1572, -5748, 0, -1572, -5778, 0, 190, 190, 190
L -1572, -5778, 0, -1578, -5946, 0, 190, 190, 190
L 750, 788, -1152, 673, 666, 33, 190, 190, 190
L 673, 666, 33, 579, 455, 878, 190, 190, 190
L 579, 455, 878, 574, 271, 601, 190, 190, 190
L 574, 271, 601, 646, 76, 17, 190, 190, 190
L 646, 76, 17, 755, -108, -946, 190, 190, 190
L 755, -108, -946, 786, -105, -1023, 190, 190, 190
L 786, -105, -1023, 818, -141, -1046, 190, 190, 190
L 818, -141, -1046, 863, -139, -1247, 190, 190, 190
L 863, -139, -1247, 864, -114, -1246, 190, 190, 190
L 864, -114, -1246, 924, -105, -1280, 190, 190, 190
L 924, -105, -1280, 924, -142, -1277, 190, 190, 190
L 924, -142, -1277, 971, -139, -1267, 190, 190, 190
L 971, -139, -1267, 970, -106, -1270, 190, 190, 190
L 970, -106, -1270, 1107, -105, -1252, 190, 190, 190
L 1107, -105, -1252, 1107, -123, -1243, 190, 190, 190
L 1107, -123, -1243, 1152, -139, -1230, 190, 190, 190
L 1152, -139, -1230, 1153, -127, -1234, 190, 190, 190
L 1153, -127, -1234, 1254, -105, -1261, 190, 190, 190
L 1254, -105, -1261, 1272, -132, -1267, 190, 190, 190
L 1272, -132, -1267, 1302, -139, -1263, 190, 190, 190
L 1302, -139, -1263, 1321, -136, -1260, 190, 190, 190
L 1321, -136, -1260, 1477, -104, -1282, 190, 190, 190
L 1477, -104, -1282, 1474, -80, -1279, 190, 190, 190
L 1474, -80, -1279, 1509, -79, -1274, 190, 190, 190
L 1509, -79, -1274, 1507, -29, -1276, 190, 190, 190
L 1507, -29, -1276, 1475, -34, -1276, 190, 190, 190
L 1475, -34, -1276, 1473, -8, -1277, 190, 190, 190
L 1473, -8, -1277, 1438, -11, -1277, 190, 190, 190
L 1442, 68, -1279, 1473, 68, -1279, 190, 190, 190
L 1473, 68, -1279, 1475, 94, -1280, 190, 190, 190
L 1475, 94, -1280, 1502, 98, -1285, 190, 190, 190
L 1502, 98, -1285, 1508, 139, -1286, 190, 190, 190
L 1508, 139, -1286, 1475, 144, -1280, 190, 190, 190
L 1475, 144, -1280, 1476, 280, -1283, 190, 190, 190
L 1476, 280, -1283, 1508, 281, -1280, 190, 190, 190
L 1508, 281, -1280, 1508, 307, -1280, 190, 190, 190
L 1508, 307, -1280, 1476, 326, -1284, 190, 190, 190
L 1476, 326, -1284, 1477, 437, -1298, 190, 190, 190
L 1477, 437, -1298, 1505, 443, -1348, 190, 190, 190
L 1505, 443, -1348, 1508, 487, -1323, 190, 190, 190
L 1508, 487, -1323, 1477, 489, -1294, 190, 190, 190
L 1477, 489, -1294, 1476, 564, -1288, 190, 190, 190
L 1476, 564, -1288, 1506, 604, -1286, 190, 190, 190
L 1506, 604, -1286, 1508, 645, -1285, 190, 190, 190
L 1508, 645, -1285, 1480, 650, -1286, 190, 190, 190
L 1480, 650, -1286, 1477, 762, -1281, 190, 190, 190
L 1477, 762, -1281, 1356, 793, -1294, 190, 190, 190
L 1356, 793, -1294, 1320, 824, -1297, 190, 190, 190
L 1320, 824, -1297, 1297, 825, -1298, 190, 190, 190
L 1297, 825, -1298, 1271, 795, -1296, 190, 190, 190
L 1271, 795, -1296, 1019, 793, -1287, 190, 190, 190
L 1019, 793, -1287, 983, 815, -1288, 190, 190, 190
L 983, 815, -1288, 943, 825, -1287, 190, 190, 190
L 943, 825, -1287, 937, 793, -1284, 190, 190, 190
L 937, 793, -1284, 863, 793, -1279, 190, 190, 190
L 863, 793, -1279, 863, 824, -1282, 190, 190, 190
L 863, 824, -1282, 818, 825, -1279, 190, 190, 190
L 818, 825, -1279, 817, 822, -1279, 190, 190, 190
L 817, 822, -1279, 756, 792, -1188, 190, 190, 190
L 1456, -11, -1277, 1437, -59, -1272, 190, 190, 190
L 1437, -59, -1272, 790, -67, -1176, 190, 190, 190
L 790, -67, -1176, 689, 86, -330, 190, 190, 190
L 689, 86, -330, 621, 260, 181, 190, 190, 190
L 621, 260, 181, 622, 445, 320, 190, 190, 190
L 622, 445, 320, 692, 620, -103, 190, 190, 190
L 692, 620, -103, 771, 734, -1226, 190, 190, 190
L 771, 734, -1226, 1436, 762, -1289, 190, 190, 190
L 1436, 762, -1289, 1438, 70, -1278, 190, 190, 190
L 723, 285, -1244, 631, 281, -1246, 165, 42, 42
L 631, 281, -1246, 416, 274, -1256, 165, 42, 42
L 416, 274, -1256, 226, 378, -1546, 165, 42, 42
L 226, 378, -1546, 156, 377, -1675, 165, 42, 42
L 156, 377, -1675, 61, 391, -1863, 165, 42, 42
L 61, 391, -1863, -74, 293, -2113, 165, 42, 42
L -74, 293, -2113, -125, 184, -2232, 165, 42, 42
L -125, 184, -2232, -167, 48, -2343, 165, 42, 42
L -167, 48, -2343, -188, -40, -2428, 165, 42, 42
L -188, -40, -2428, -182, -221, -2845, 165, 42, 42
L -182, -221, -2845, -180, -333, -3103, 165, 42, 42
L -180, -333, -3103, -180, -436, -3125, 165, 42, 42
L -180, -436, -3125, -202, -439, -3125, 165, 42, 42
L -202, -439, -3125, -254, -439, -3125, 165, 42, 42
L -254, -439, -3125, -343, -437, -3125, 165, 42, 42
L -343, -437, -3125, -473, -443, -3125, 165, 42, 42
L -473, -443, -3125, -518, -406, -3122, 165, 42, 42
L -518, -406, -3122, -519, -386, -3125, 165, 42, 42
L -519, -386, -3125, -495, -316, -3125, 165, 42, 42
L -495, -316, -3125, -422, -315, -3125, 165, 42, 42
L -422, -315, -3125, -389, -315, -3125, 165, 42, 42
L -389, -315, -3125, -317, -314, -3124, 165, 42, 42
L -317, -314, -3124, -317, -13, -2403, 165, 42, 42
L -317, -13, -2403, -281, 125, -2310, 165, 42, 42
L -281, 125, -2310, -258, 213, -2252, 165, 42, 42
L -258, 213, -2252, -229, 327, -2175, 165, 42, 42
L -229, 327, -2175, -192, 371, -2125, 165, 42, 42
L -192, 371, -2125, 0, 530, -1898, 165, 42, 42
L 0, 530, -1898, 51, 528, -1827, 165, 42, 42
L 51, 528, -1827, 264, 515, -1536, 165, 42, 42
L 264, 515, -1536, 285, 502, -1497, 165, 42, 42
L 285, 502, -1497, 393, 440, -1305, 165, 42, 42
L 393, 440, -1305, 514, 424, -1252, 165, 42, 42
L 514, 424, -1252, 588, 424, -1248, 165, 42, 42
L 588, 424, -1248, 653, 425, -1245, 165, 42, 42
L 653, 425, -1245, 721, 425, -1244, 165, 42, 42
L -1222, -5898, 4785, -1206, -5828, 5108, 190, 190, 190
L -1206, -5828, 5108, -1185, -5705, 5653, 190, 190, 190
L -1185, -5705, 5653, -1176, -5607, 5699, 190, 190, 190
L -1176, -5607, 5699, -1161, -5445, 5015, 190, 190, 190
L -1161, -5445, 5015, -1164, -5328, 5036, 190, 190, 190
L -1164, -5328, 5036, -1167, -5205, 5010, 190, 190, 190
L -1167, -5205, 5010, -1170, -5116, 5009, 190, 190, 190
L -1170, -5116, 5009, -1173, -5012, 5127, 190, 190, 190
L -1173, -5012, 5127, -1177, -4901, 5727, 190, 190, 190
L -1177, -4901, 5727, -1180, -4791, 5907, 190, 190, 190
L -1180, -4791, 5907, -1183, -4681, 5731, 190, 190, 190
L -1183, -4681, 5731, -1186, -4569, 6096, 190, 190, 190
L -1186, -4569, 6096, -1189, -4495, 5810, 190, 190, 190
L -1189, -4495, 5810, -1191, -4420, 5361, 190, 190, 190
L -1191, -4420, 5361, -1193, -4339, 5019, 190, 190, 190
L -1193, -4339, 5019, -1195, -4265, 5005, 190, 190, 190
L -1195, -4265, 5005, -1199, -4142, 5054, 190, 190, 190
L -1199, -4142, 5054, -1163, -4071, 5777, 190, 190, 190
L -1163, -4071, 5777, -1133, -4016, 5862, 190, 190, 190
L -1133, -4016, 5862, -1125, -4000, 5830, 190, 190, 190
L -1125, -4000, 5830, -1112, -3977, 5771, 190, 190, 190
L -1112, -3977, 5771, -1097, -3948, 5694, 190, 190, 190
L -1097, -3948, 5694, -1076, -3910, 5394, 190, 190, 190
L -1076, -3910, 5394, -1056, -3874, 5069, 190, 190, 190
L -1056, -3874, 5069, -990, -3852, 5215, 190, 190, 190
L -990, -3852, 5215, -950, -3850, 5305, 190, 190, 190
L -950, -3850, 5305, -863, -3846, 5374, 190, 190, 190
L -863, -3846, 5374, -755, -3841, 5014, 190, 190, 190
L -755, -3841, 5014, -687, -3838, 4513, 190, 190, 190
L -687, -3838, 4513, -563, -3833, 3447, 190, 190, 190
L -563, -3833, 3447, -481, -3829, 3117, 190, 190, 190
L -481, -3829, 3117, -348, -3823, 3089, 190, 190, 190
L -348, -3823, 3089, -61, -3805, 4003, 190, 190, 190
L -61, -3805, 4003, 98, -3791, 4137, 190, 190, 190
L 98, -3791, 4137, 312, -3772, 4045, 190, 190, 190
L 312, -3772, 4045, 357, -3768, 3924, 190, 190, 190
L 357, -3768, 3924, 647, -3743, 3303, 190, 190, 190
L 647, -3743, 3303, 958, -3715, 2823, 190, 190, 190
L 958, -3715, 2823, 1175, -3717, 3525, 190, 190, 190
L 1175, -3717, 3525, 1353, -3712, 4734, 190, 190, 190
L 1353, -3712, 4734, 1453, -3723, 6055, 190, 190, 190
L 1453, -3723, 6055, 1654, -3728, 6832, 190, 190, 190
L 1654, -3728, 6832, 1721, -3730, 6446, 190, 190, 190
L 1721, -3730, 6446, 1806, -3732, 5730, 190, 190, 190
L 1806, -3732, 5730, 1942, -3735, 4183, 190, 190, 190
L 1942, -3735, 4183, 2115, -3739, 3305, 190, 190, 190
L 2115, -3739, 3305, 2410, -3746, 3384, 190, 190, 190
L 2410, -3746, 3384, 2812, -3755, 3904, 190, 190, 190
L 2812, -3755, 3904, 3425, -3760, 7252, 190, 190, 190
L 3425, -3760, 7252, 3656, -3734, 7202, 190, 190, 190
L 3656, -3734, 7202, 3661, -3706, 6788, 190, 190, 190
L 3661, -3706, 6788, 3691, -3543, 7847, 190, 190, 190
L 3691, -3543, 7847, 3718, -3397, 7388, 190, 190, 190
L 3718, -3397, 7388, 3734, -3292, 6063, 190, 190, 190
L 3734, -3292, 6063, 3742, -2916, 5515, 190, 190, 190
L 3742, -2916, 5515, 3747, -2691, 5099, 190, 190, 190
L 3747, -2691, 5099, 3754, -2379, 5129, 190, 190, 190
L 3754, -2379, 5129, 3720, -1459, 2200, 190, 190, 190
L 3720, -1459, 2200, 3701, -1179, 2352, 190, 190, 190
L 3701, -1179, 2352, 3685, -940, 1068, 190, 190, 190
L 3685, -940, 1068, 3684, -687, 1437, 190, 190, 190
L 3684, -687, 1437, 3694, -499, 697, 190, 190, 190
L 3694, -499, 697, 3708, -238, 871, 190, 190, 190
L 3708, -238, 871, 3722, 16, 1102, 190, 190, 190
L 3722, 16, 1102, 3737, 187, 345, 190, 190, 190
L 3737, 187, 345, 3788, 329, 973, 190, 190, 190
L 3788, 329, 973, 3802, 367, 1102, 190, 190, 190
L 3802, 367, 1102, 3856, 423, 1598, 190, 190, 190
L 3856, 423, 1598, 3963, 414, 2595, 190, 190, 190
L 3963, 414, 2595, 4061, 351, 3460, 190, 190, 190
L 4061, 351, 3460, 4154, 337, 3614, 190, 190, 190
L 4154, 337, 3614, 4254, 322, 3236, 190, 190, 190
L 4254, 322, 3236, 4354, 307, 2693, 190, 190, 190
L 4354, 307, 2693, 4456, 292, 2330, 190, 190, 190
L 4456, 292, 2330, 4557, 277, 1807, 190, 190, 190
L 4557, 277, 1807, 4625, 266, 1525, 190, 190, 190
L -2892, -3447, 3407, -2893, -3337, 3439, 165, 42, 42
L -2893, -3337, 3439, -2910, -3320, 3439, 165, 42, 42
L -2910, -3320, 3439, -2956, -3320, 3439, 165, 42, 42
L -2956, -3320, 3439, -2973, -3303, 3439, 165, 42, 42
L -2973, -3303, 3439, -2973, -3280, 3439, 165, 42, 42
L -4299, 2296, -4522, -4317, 2283, -4580, 190, 190, 190
L -4317, 2283, -4580, -4319, 2279, -4581, 190, 190, 190
L -4319, 2279, -4581, -4338, 2262, -4623, 190, 190, 190
L -4338, 2262, -4623, -4342, 2245, -4672, 190, 190, 190
L -4342, 2245, -4672, -4337, 2230, -4687, 190, 190, 190
L -4337, 2230, -4687, -4334, 2217, -4692, 190, 190, 190
L -4334, 2217, -4692, -4323, 2207, -4694, 190, 190, 190
L -4323, 2207, -4694, -4306, 2210, -4672, 190, 190, 190
L -4306, 2210, -4672, -4280, 2217, -4601, 190, 190, 190
L -4280, 2217, -4601, -4217, 2222, -4627, 190, 190, 190
L -4217, 2222, -4627, -4203, 2218, -4659, 190, 190, 190
L -4203, 2218, -4659, -4186, 2216, -4678, 190, 190, 190
L -4186, 2216, -4678, -4151, 2212, -4745, 190, 190, 190
L -4151, 2212, -4745, -4132, 2225, -4693, 190, 190, 190
L -4132, 2225, -4693, -4128, 2236, -4692, 190, 190, 190
L -4128, 2236, -4692, -4121, 2244, -4691, 190, 190, 190
L -4121, 2244, -4691, -4120, 2257, -4692, 190, 190, 190
L -4120, 2257, -4692, -4136, 2271, -4692, 190, 190, 190
L -4136, 2271, -4692, -4149, 2282, -4691, 190, 190, 190
L -4149, 2282, -4691, -4162, 2289, -4692, 190, 190, 190
L -4162, 2289, -4692, -4181, 2305, -4692, 190, 190, 190
L -4181, 2305, -4692, -4201, 2317, -4691, 190, 190, 190
L -4201, 2317, -4691, -4209, 2327, -4691, 190, 190, 190
L -4209, 2327, -4691, -4214, 2346, -4692, 190, 190, 190
L -4214, 2346, -4692, -4212, 2359, -4692, 190, 190, 190
L -4212, 2359, -4692, -4201, 2374, -4691, 190, 190, 190
L -4201, 2374, -4691, -4185, 2398, -4691, 190, 190, 190
L -4185, 2398, -4691, -4177, 2405, -4689, 190, 190, 190
L -4177, 2405, -4689, -4135, 2412, -4601, 190, 190, 190
L -4135, 2412, -4601, -4125, 2410, -4592, 190, 190, 190
L -4125, 2410, -4592, -4115, 2409, -4579, 190, 190, 190
L -4115, 2409, -4579, -4105, 2406, -4550, 190, 190, 190
L -4105, 2406, -4550, -4075, 2411, -4510, 190, 190, 190
L -4075, 2411, -4510, -4063, 2417, -4495, 190, 190, 190
L -4063, 2417, -4495, -4043, 2417, -4523, 190, 190, 190
L -4043, 2417, -4523, -4023, 2414, -4574, 190, 190, 190
L -4023, 2414, -4574, -4007, 2410, -4594, 190, 190, 190
L -4007, 2410, -4594, -3995, 2409, -4626, 190, 190, 190
L -3995, 2409, -4626, -3978, 2419, -4674, 190, 190, 190
L -3978, 2419, -4674, -3975, 2424, -4682, 190, 190, 190
L -3975, 2424, -4682, -3957, 2448, -4692, 190, 190, 190
L -3957, 2448, -4692, -3957, 2451, -4699, 190, 190, 190
L -3957, 2451, -4699, -3981, 2470, -4691, 190, 190, 190
L -3981, 2470, -4691, -4004, 2487, -4692, 190, 190, 190
L -4004, 2487, -4692, -4035, 2509, -4691, 190, 190, 190
L -4035, 2509, -4691, -4055, 2530, -4691, 190, 190, 190
L -4055, 2530, -4691, -4057, 2542, -4690, 190, 190, 190
L -4057, 2542, -4690, -4055, 2556, -4692, 190, 190, 190
L -4055, 2556, -4692, -4041, 2574, -4691, 190, 190, 190
L -4041, 2574, -4691, -4029, 2593, -4691, 190, 190, 190
L -4029, 2593, -4691, -4026, 2598, -4690, 190, 190, 190
L -4026, 2598, -4690, -4010, 2609, -4691, 190, 190, 190
L -4010, 2609, -4691, -3986, 2609, -4721, 190, 190, 190
L -3986, 2609, -4721, -3952, 2605, -4684, 190, 190, 190
L -3952, 2605, -4684, -3940, 2604, -4670, 190, 190, 190
L -3940, 2604, -4670, -3918, 2602, -4614, 190, 190, 190
L -3918, 2602, -4614, -3877, 2603, -4567, 190, 190, 190
L -3877, 2603, -4567, -3821, 2604, -4457, 190, 190, 190
L -3821, 2604, -4457, -3770, 2614, -4511, 190, 190, 190
L -3770, 2614, -4511, -3739, 2665, -4705, 190, 190, 190
L -3761, 2567, -4511, -3737, 2556, -4625, 190, 190, 190
L 1348, 3746, -3157, 1567, 3739, -1391, 190, 190, 190
L 1387, 3746, -2751, 1298, 3747, -3477, 190, 190, 190
L -2864, -3338, 3439, -2895, -3306, 3439, 165, 42, 42
L -2895, -3306, 3439, -2947, -3306, 3439, 165, 42, 42
L -2947, -3306, 3439, -2959, -3290, 3439, 165, 42, 42
L -2959, -3290, 3439, -2960, -3275, 3439, 165, 42, 42
L 3314, 3680, -3279, 3314, 3714, -3281, 165, 42, 42
L 3314, 3714, -3281, 3308, 3726, -3273, 165, 42, 42
L 3308, 3726, -3273, 3307, 3739, -3290, 165, 42, 42
L 3307, 3739, -3290, 3311, 3751, -3328, 165, 42, 42
L 3311, 3751, -3328, 3314, 3768, -3357, 165, 42, 42
L 3314, 3768, -3357, 3315, 3782, -3374, 165, 42, 42
L 3315, 3782, -3374, 3310, 3802, -3437, 165, 42, 42
L 3310, 3802, -3437, 3294, 3814, -3464, 165, 42, 42
L 3294, 3814, -3464, 3284, 3822, -3467, 165, 42, 42
L 3284, 3822, -3467, 3269, 3823, -3469, 165, 42, 42
L 3269, 3823, -3469, 3252, 3807, -3474, 165, 42, 42
L 3252, 3807, -3474, 3252, 3799, -3467, 165, 42, 42
L 3252, 3799, -3467, 3245, 3794, -3467, 165, 42, 42
L 641, 2820, -4835, 641, 2753, -4958, 165, 42, 42
L 641, 2753, -4958, 615, 2720, -4977, 165, 42, 42
L 615, 2720, -4977, 576, 2715, -4977, 165, 42, 42
L 576, 2715, -4977, 545, 2698, -4977, 165, 42, 42
L 545, 2698, -4977, 544, 2694, -4977, 165, 42, 42
L 531, 2693, -4965, 532, 2714, -4976, 165, 42, 42
L 532, 2714, -4976, 546, 2728, -4977, 165, 42, 42
L 546, 2728, -4977, 594, 2728, -4977, 165, 42, 42
L 594, 2728, -4977, 611, 2745, -4968, 165, 42, 42
L 611, 2745, -4968, 611, 2791, -4868, 165, 42, 42
L 611, 2791, -4868, 606, 2830, -4803, 165, 42, 42
L 3222, 3808, -3453, 3232, 3817, -3453, 165, 42, 42
L 3232, 3817, -3453, 3244, 3837, -3454, 165, 42, 42
L 3244, 3837, -3454, 3254, 3845, -3433, 165, 42, 42
L 3254, 3845, -3433, 3278, 3854, -3454, 165, 42, 42
L 3278, 3854, -3454, 3295, 3849, -3454, 165, 42, 42
L 3295, 3849, -3454, 3307, 3836, -3454, 165, 42, 42
L 3307, 3836, -3454, 3325, 3826, -3443, 165, 42, 42
L 3325, 3826, -3443, 3330, 3821, -3452, 165, 42, 42
L 3330, 3821, -3452, 3340, 3808, -3450, 165, 42, 42
L 3340, 3808, -3450, 3342, 3798, -3425, 165, 42, 42
L 3342, 3798, -3425, 3341, 3778, -3368, 165, 42, 42
L 3341, 3778, -3368, 3337, 3760, -3349, 165, 42, 42
L 3337, 3760, -3349, 3336, 3748, -3323, 165, 42, 42
L 3336, 3748, -3323, 3334, 3741, -3303, 165, 42, 42
L 3334, 3741, -3303, 3336, 3735, -3284, 165, 42, 42
L 3336, 3735, -3284, 3339, 3717, -3276, 165, 42, 42
L 3339, 3717, -3276, 3340, 3711, -3281, 165, 42, 42
L 3340, 3711, -3281, 3340, 3674, -3281, 165, 42, 42
L 1259, 2513, -4744, 1289, 2479, -4710, 190, 190, 190
L 1289, 2479, -4710, 1302, 2489, -4720, 190, 190, 190
L 1302, 2489, -4720, 1307, 2484, -4715, 190, 190, 190
L 1307, 2484, -4715, 1289, 2467, -4699, 190, 190, 190
L 1289, 2467, -4699, 1247, 2514, -4744, 190, 190, 190
L 1247, 2514, -4744, 1264, 2529, -4759, 190, 190, 190
L 1264, 2529, -4759, 1269, 2523, -4753, 190, 190, 190
L 1269, 2523, -4753, 1259, 2513, -4744, 190, 190, 190
L 1324, 2509, -4740, 1315, 2521, -4751, 190, 190, 190
L 1315, 2521, -4751, 1319, 2526, -4756, 190, 190, 190
L 1319, 2526, -4756, 1335, 2510, -4740, 190, 190, 190
L 1335, 2510, -4740, 1319, 2493, -4724, 190, 190, 190
L 1319, 2493, -4724, 1313, 2499, -4730, 190, 190, 190
L 1313, 2499, -4730, 1324, 2509, -4739, 190, 190, 190
L 1293, 2544, -4774, 1283, 2535, -4765, 190, 190, 190
L 1283, 2535, -4765, 1278, 2542, -4772, 190, 190, 190
L 1278, 2542, -4772, 1294, 2555, -4784, 190, 190, 190
L 1294, 2555, -4784, 1309, 2539, -4769, 190, 190, 190
L 1309, 2539, -4769, 1303, 2533, -4763, 190, 190, 190
L 1303, 2533, -4763, 1293, 2544, -4772, 190, 190, 190
L 2110, 1735, 697, 2089, 1730, 719, 190, 190, 190
L 2089, 1730, 719, 2086, 1732, 719, 190, 190, 190
L 2086, 1732, 719, 2087, 1739, 711, 190, 190, 190
L 2087, 1739, 711, 2089, 1740, 709, 190, 190, 190
L 2089, 1740, 709, 2107, 1747, 691, 190, 190, 190
L 2107, 1747, 691, 2110, 1735, 698, 190, 190, 190
L 2168, 1759, 778, 2164, 1784, 802, 190, 190, 190
L 2164, 1784, 802, 2173, 1785, 797, 190, 190, 190
L 2173, 1785, 797, 2172, 1768, 783, 190, 190, 190
L 2172, 1768, 783, 2165, 1759, 780, 190, 190, 190
L 2191, 1798, 753, 2186, 1830, 755, 190, 190, 190
L 2186, 1830, 755, 2174, 1835, 711, 190, 190, 190
L 2174, 1835, 711, 2186, 1825, 757, 190, 190, 190
L 1096, 32, -1248, 1084, 33, -1248, 190, 190, 190
L 1084, 33, -1248, 1085, 40, -1248, 190, 190, 190
L 1085, 40, -1248, 1098, 41, -1248, 190, 190, 190
L 1098, 41, -1248, 1113, 28, -1248, 190, 190, 190
L 1113, 28, -1248, 1115, -2, -1248, 190, 190, 190
L 1115, -2, -1248, 1102, -17, -1248, 190, 190, 190
L 1102, -17, -1248, 1055, -20, -1248, 190, 190, 190
L 1055, -20, -1248, 1039, -5, -1248, 190, 190, 190
L 1039, -5, -1248, 1038, 24, -1248, 190, 190, 190
L 1038, 24, -1248, 1056, 40, -1248, 190, 190, 190
L 1056, 40, -1248, 1067, 40, -1248, 190, 190, 190
L 1067, 40, -1248, 1067, 31, -1248, 190, 190, 190
L 1067, 31, -1248, 1057, 31, -1248, 190, 190, 190
L 1057, 31, -1248, 1046, 21, -1248, 190, 190, 190
L 1046, 21, -1248, 1047, 0, -1248, 190, 190, 190
L 1047, 0, -1248, 1058, -11, -1248, 190, 190, 190
L 1058, -11, -1248, 1097, -10, -1248, 190, 190, 190
L 1097, -10, -1248, 1106, 0, -1248, 190, 190, 190
L 1106, 0, -1248, 1106, 23, -1248, 190, 190, 190
L 1106, 23, -1248, 1096, 32, -1248, 190, 190, 190
L 853, 15, -1248, 851, -7, -1248, 190, 190, 190
L 851, -7, -1248, 860, -19, -1248, 190, 190, 190
L 860, -19, -1248, 900, -22, -1248, 190, 190, 190
L 900, -22, -1248, 910, -12, -1248, 190, 190, 190
L 910, -12, -1248, 912, 10, -1248, 190, 190, 190
L 912, 10, -1248, 904, 20, -1248, 190, 190, 190
L 904, 20, -1248, 890, 22, -1248, 190, 190, 190
L 890, 22, -1248, 892, 28, -1248, 190, 190, 190
L 892, 28, -1248, 907, 28, -1248, 190, 190, 190
L 907, 28, -1248, 920, 13, -1248, 190, 190, 190
L 920, 13, -1248, 918, -16, -1248, 190, 190, 190
L 918, -16, -1248, 903, -30, -1248, 190, 190, 190
L 903, -30, -1248, 856, -26, -1248, 190, 190, 190
L 856, -26, -1248, 842, -9, -1248, 190, 190, 190
L 842, -9, -1248, 846, 21, -1248, 190, 190, 190
L 846, 21, -1248, 862, 32, -1248, 190, 190, 190
L 862, 32, -1248, 876, 30, -1248, 190, 190, 190
L 876, 30, -1248, 875, 23, -1248, 190, 190, 190
L 875, 23, -1248, 864, 23, -1248, 190, 190, 190
L 864, 23, -1248, 853, 15, -1248, 190, 190, 190
L 799, 173, -1259, 802, 180, -1259, 190, 190, 190
L 802, 180, -1259, 809, 176, -1259, 190, 190, 190
L 809, 176, -1259, 806, 171, -1258, 190, 190, 190
L 806, 171, -1258, 799, 174, -1259, 190, 190, 190
L 813, 199, -1259, 899, 232, -1259, 190, 190, 190
L 899, 232, -1259, 944, 302, -1260, 190, 190, 190
L 944, 302, -1260, 940, 406, -1253, 190, 190, 190
L 940, 406, -1253, 895, 483, -1253, 190, 190, 190
L 895, 483, -1253, 892, 485, -1250, 190, 190, 190
L 892, 485, -1250, 892, 470, -1250, 190, 190, 190
L 892, 470, -1250, 848, 469, -1250, 190, 190, 190
L 848, 469, -1250, 847, 514, -1259, 190, 190, 190
L 847, 514, -1259, 892, 514, -1260, 190, 190, 190
L 892, 514, -1260, 892, 476, -1250, 190, 190, 190
L 846, 512, -1259, 813, 527, -1258, 165, 42, 42
L 813, 527, -1258, 811, 199, -1259, 165, 42, 42
L 879, 275, -1250, 881, 305, -1250, 190, 190, 190
L 881, 305, -1250, 906, 303, -1250, 190, 190, 190
L 906, 303, -1250, 903, 273, -1250, 190, 190, 190
L 903, 273, -1250, 878, 278, -1250, 190, 190, 190
L 846, 238, -1250, 841, 231, -1250, 190, 190, 190
L 841, 231, -1250, 834, 235, -1250, 190, 190, 190
L 834, 235, -1250, 840, 243, -1250, 190, 190, 190
L 840, 243, -1250, 845, 238, -1250, 190, 190, 190
L 775, 279, -1259, 776, 307, -1259, 190, 190, 190
L 776, 307, -1259, 749, 308, -1229, 190, 190, 190
L 749, 308, -1229, 749, 283, -1229, 190, 190, 190
L 749, 283, -1229, 775, 279, -1259, 190, 190, 190
L 748, 424, -1229, 747, 400, -1229, 190, 190, 190
L 747, 400, -1229, 720, 402, -1229, 190, 190, 190
L 720, 402, -1229, 721, 424, -1229, 190, 190, 190
L 721, 424, -1229, 748, 424, -1229, 190, 190, 190
L 850, 396, -1250, 852, 425, -1250, 190, 190, 190
L 852, 425, -1250, 877, 424, -1250, 190, 190, 190
L 877, 424, -1250, 876, 395, -1250, 190, 190, 190
L 876, 395, -1250, 850, 396, -1250, 190, 190, 190
L 837, 458, -1250, 834, 466, -1250, 190, 190, 190
L 834, 466, -1250, 828, 463, -1250, 190, 190, 190
L 828, 463, -1250, 831, 456, -1250, 190, 190, 190
L 831, 456, -1250, 837, 457, -1250, 190, 190, 190
L 806, 521, -1258, 804, 528, -1258, 190, 190, 190
L 804, 528, -1258, 811, 531, -1258, 190, 190, 190
L 811, 531, -1258, 814, 523, -1254, 190, 190, 190
L 814, 523, -1254, 807, 521, -1258, 190, 190, 190
L 866, 521, -1259, 868, 531, -1259, 190, 190, 190
L 868, 531, -1259, 874, 523, -1259, 190, 190, 190
L 874, 523, -1259, 864, 522, -1259, 190, 190, 190
L 839, 496, -1250, 840, 488, -1250, 190, 190, 190
L 840, 488, -1250, 829, 491, -1250, 190, 190, 190
L 829, 491, -1250, 839, 497, -1250, 190, 190, 190
L 865, 461, -1250, 873, 463, -1250, 190, 190, 190
L 873, 463, -1250, 869, 452, -1250, 190, 190, 190
L 869, 452, -1250, 865, 460, -1250, 190, 190, 190
L 901, 487, -1260, 901, 496, -1260, 190, 190, 190
L 901, 496, -1260, 908, 492, -1251, 190, 190, 190
L 908, 492, -1251, 900, 487, -1260, 190, 190, 190
L 953, 423, -1260, 978, 422, -1260, 190, 190, 190
L 978, 422, -1260, 977, 392, -1260, 190, 190, 190
L 977, 392, -1260, 951, 394, -1260, 190, 190, 190
L 951, 394, -1260, 953, 422, -1260, 190, 190, 190
L 974, 302, -1260, 1000, 300, -1260, 190, 190, 190
L 1000, 300, -1260, 999, 272, -1260, 190, 190, 190
L 999, 272, -1260, 972, 274, -1260, 190, 190, 190
L 972, 274, -1260, 975, 303, -1260, 190, 190, 190
L 800, -47, -1253, 870, -48, -1248, 190, 190, 190
L 870, -48, -1248, 868, -68, -1246, 190, 190, 190
L 868, -68, -1246, 1267, -64, -1248, 190, 190, 190
L 1267, -64, -1248, 1268, 40, -1261, 190, 190, 190
L 1268, 40, -1261, 1199, 41, -1250, 190, 190, 190
L 1199, 41, -1250, 1152, 84, -1261, 190, 190, 190
L 1152, 84, -1261, 1049, 82, -1260, 190, 190, 190
L 1049, 82, -1260, 1008, 53, -1248, 190, 190, 190
L 1008, 53, -1248, 942, 56, -1260, 190, 190, 190
L 942, 56, -1260, 914, 82, -1260, 190, 190, 190
L 914, 82, -1260, 847, 81, -1260, 190, 190, 190
L 847, 81, -1260, 801, 31, -1260, 190, 190, 190
L 801, 31, -1260, 801, -48, -1248, 190, 190, 190
L 959, 644, -1234, 965, 650, -1234, 190, 190, 190
L 965, 650, -1234, 961, 688, -1234, 190, 190, 190
L 961, 688, -1234, 953, 692, -1234, 190, 190, 190
L 953, 692, -1234, 833, 679, -1234, 190, 190, 190
L 833, 679, -1234, 827, 673, -1234, 190, 190, 190
L 827, 673, -1234, 832, 635, -1234, 190, 190, 190
L 832, 635, -1234, 840, 631, -1234, 190, 190, 190
L 840, 631, -1234, 887, 637, -1234, 190, 190, 190
L 887, 637, -1234, 889, 629, -1234, 190, 190, 190
L 889, 629, -1234, 837, 623, -1234, 190, 190, 190
L 837, 623, -1234, 826, 630, -1234, 190, 190, 190
L 826, 630, -1234, 820, 677, -1234, 190, 190, 190
L 820, 677, -1234, 829, 686, -1234, 190, 190, 190
L 829, 686, -1234, 954, 700, -1234, 190, 190, 190
L 954, 700, -1234, 968, 693, -1234, 190, 190, 190
L 968, 693, -1234, 973, 647, -1234, 190, 190, 190
L 973, 647, -1234, 962, 637, -1234, 190, 190, 190
L 962, 637, -1234, 908, 631, -1234, 190, 190, 190
L 908, 631, -1234, 908, 639, -1234, 190, 190, 190
L 908, 639, -1234, 959, 644, -1234, 190, 190, 190
L 1127, 688, -1234, 1138, 698, -1234, 190, 190, 190
L 1138, 698, -1234, 1138, 720, -1234, 190, 190, 190
L 1138, 720, -1234, 1128, 731, -1234, 190, 190, 190
L 1128, 731, -1234, 1088, 732, -1234, 190, 190, 190
L 1088, 732, -1234, 1079, 721, -1234, 190, 190, 190
L 1079, 721, -1234, 1079, 698, -1234, 190, 190, 190
L 1079, 698, -1234, 1087, 689, -1234, 190, 190, 190
L 1087, 689, -1234, 1101, 687, -1234, 190, 190, 190
L 1101, 687, -1234, 1099, 680, -1234, 190, 190, 190
L 1099, 680, -1234, 1084, 681, -1234, 190, 190, 190
L 1084, 681, -1234, 1070, 695, -1234, 190, 190, 190
L 1070, 695, -1234, 1070, 724, -1234, 190, 190, 190
L 1070, 724, -1234, 1083, 739, -1234, 190, 190, 190
L 1083, 739, -1234, 1131, 740, -1234, 190, 190, 190
L 1131, 740, -1234, 1147, 724, -1234, 190, 190, 190
L 1147, 724, -1234, 1147, 695, -1234, 190, 190, 190
L 1147, 695, -1234, 1132, 681, -1234, 190, 190, 190
L 1132, 681, -1234, 1117, 680, -1234, 190, 190, 190
L 1117, 680, -1234, 1116, 687, -1234, 190, 190, 190
L 1116, 687, -1234, 1127, 688, -1234, 190, 190, 190
L 1326, 690, -1234, 1372, 691, -1234, 190, 190, 190
L 1372, 691, -1234, 1389, 675, -1234, 190, 190, 190
L 1389, 675, -1234, 1389, 644, -1234, 190, 190, 190
L 1389, 644, -1234, 1373, 630, -1234, 190, 190, 190
L 1373, 630, -1234, 1359, 631, -1234, 190, 190, 190
L 1359, 631, -1234, 1360, 638, -1234, 190, 190, 190
L 1360, 638, -1234, 1371, 639, -1234, 190, 190, 190
L 1371, 639, -1234, 1381, 649, -1234, 190, 190, 190
L 1381, 649, -1234, 1381, 671, -1234, 190, 190, 190
L 1381, 671, -1234, 1370, 682, -1234, 190, 190, 190
L 1370, 682, -1234, 1330, 681, -1234, 190, 190, 190
L 1330, 681, -1234, 1321, 670, -1234, 190, 190, 190
L 1321, 670, -1234, 1322, 648, -1234, 190, 190, 190
L 1322, 648, -1234, 1331, 638, -1234, 190, 190, 190
L 1331, 638, -1234, 1344, 638, -1234, 190, 190, 190
L 1344, 638, -1234, 1344, 632, -1234, 190, 190, 190
L 1344, 632, -1234, 1328, 630, -1234, 190, 190, 190
L 1328, 630, -1234, 1314, 643, -1234, 190, 190, 190
L 1314, 643, -1234, 1313, 672, -1234, 190, 190, 190
L 1313, 672, -1234, 1327, 690, -1234, 190, 190, 190
L 1419, 630, -1266, 1411, 757, -1234, 190, 190, 190
L 1411, 757, -1234, 789, 757, -1234, 190, 190, 190
L 789, 757, -1234, 786, 653, -1248, 190, 190, 190
L 786, 653, -1248, 876, 598, -1258, 190, 190, 190
L 876, 598, -1258, 938, 596, -1260, 190, 190, 190
L 938, 596, -1260, 967, 617, -1234, 190, 190, 190
L 967, 617, -1234, 1047, 622, -1261, 190, 190, 190
L 1047, 622, -1261, 1109, 592, -1262, 190, 190, 190
L 1109, 592, -1262, 1166, 593, -1238, 190, 190, 190
L 1166, 593, -1238, 1220, 609, -1262, 190, 190, 190
L 1220, 609, -1262, 1276, 609, -1262, 190, 190, 190
L 1276, 609, -1262, 1309, 583, -1261, 190, 190, 190
L 1309, 583, -1261, 1356, 582, -1261, 190, 190, 190
L 1356, 582, -1261, 1416, 630, -1265, 190, 190, 190
L 1153, 516, -1261, 1046, 471, -1261, 190, 190, 190
L 1046, 471, -1261, 998, 354, -1260, 190, 190, 190
L 998, 354, -1260, 1045, 241, -1260, 190, 190, 190
L 1045, 241, -1260, 1159, 196, -1249, 190, 190, 190
L 1159, 196, -1249, 1277, 240, -1261, 190, 190, 190
L 1277, 240, -1261, 1321, 356, -1261, 190, 190, 190
L 1321, 356, -1261, 1274, 469, -1262, 190, 190, 190
L 1274, 469, -1262, 1159, 517, -1261, 190, 190, 190
L -101, 3076, -5310, -131, 3053, -5332, 190, 190, 190
L -131, 3053, -5332, -135, 3022, -5302, 190, 190, 190
L -135, 3022, -5302, -136, 3016, -5296, 190, 190, 190
L -136, 3016, -5296, -113, 2986, -5267, 190, 190, 190
L -113, 2986, -5267, -95, 2983, -5264, 190, 190, 190
L -95, 2983, -5264, -96, 2975, -5257, 190, 190, 190
L -96, 2975, -5257, -116, 2978, -5259, 190, 190, 190
L -116, 2978, -5259, -145, 3014, -5295, 190, 190, 190
L -145, 3014, -5295, -135, 3061, -5318, 190, 190, 190
L -135, 3061, -5318, -101, 3085, -5296, 190, 190, 190
L -101, 3085, -5296, -82, 3081, -5306, 190, 190, 190
L -82, 3081, -5306, -82, 3075, -5311, 190, 190, 190
L -82, 3075, -5311, -101, 3076, -5310, 190, 190, 190
L -101, 3076, -5310, -101, 3076, -5311, 190, 190, 190
L -29, 3001, -5282, -25, 3012, -5293, 190, 190, 190
L -25, 3012, -5293, -21, 3011, -5292, 190, 190, 190
L -21, 3011, -5292, -21, 2997, -5278, 190, 190, 190
L -21, 2997, -5278, -56, 2970, -5252, 190, 190, 190
L -56, 2970, -5252, -81, 2974, -5255, 190, 190, 190
L -81, 2974, -5255, -80, 2981, -5263, 190, 190, 190
L -80, 2981, -5263, -59, 2978, -5260, 190, 190, 190
L -59, 2978, -5260, -29, 3001, -5282, 190, 190, 190
L -24, 3039, -5319, -46, 3069, -5318, 190, 190, 190
L -46, 3069, -5318, -67, 3074, -5313, 190, 190, 190
L -67, 3074, -5313, -66, 3079, -5308, 190, 190, 190
L -66, 3079, -5308, -40, 3075, -5312, 190, 190, 190
L -40, 3075, -5312, -15, 3040, -5320, 190, 190, 190
L -15, 3040, -5320, -18, 3026, -5307, 190, 190, 190
L -18, 3026, -5307, -24, 3028, -5308, 190, 190, 190
L -24, 3028, -5308, -24, 3039, -5318, 190, 190, 190
L -24, 3039, -5318, -46, 3069, -5318, 190, 190, 190
L 22, 3071, -5330, 41, 3073, -5330, 190, 190, 190
L 41, 3073, -5330, 43, 3051, -5330, 190, 190, 190
L 43, 3051, -5330, 24, 3049, -5329, 190, 190, 190
L 24, 3049, -5329, 22, 3071, -5330, 190, 190, 190
L 137, 3078, -5330, 138, 3098, -5330, 190, 190, 190
L 138, 3098, -5330, 158, 3098, -5330, 190, 190, 190
L 158, 3098, -5330, 158, 3077, -5330, 190, 190, 190
L 158, 3077, -5330, 137, 3078, -5330, 190, 190, 190
L 182, 2949, -5185, 184, 2927, -5170, 190, 190, 190
L 184, 2927, -5170, 166, 2925, -5153, 190, 190, 190
L 166, 2925, -5153, 163, 2946, -5185, 190, 190, 190
L 163, 2946, -5185, 182, 2949, -5185, 190, 190, 190
L 55, 2912, -5098, 37, 2911, -5077, 190, 190, 190
L 37, 2911, -5077, 34, 2931, -5113, 190, 190, 190
L 34, 2931, -5113, 53, 2934, -5114, 190, 190, 190
L 53, 2934, -5114, 55, 2913, -5101, 190, 190, 190
L -1300, 2233, -4065, -1301, 2253, -4067, 190, 190, 190
L -1301, 2253, -4067, -1280, 2252, -4046, 190, 190, 190
L -1280, 2252, -4046, -1279, 2234, -4045, 190, 190, 190
L -1279, 2234, -4045, -1299, 2232, -4064, 190, 190, 190
L -1274, 2195, -4060, -1264, 2178, -4063, 190, 190, 190
L -1264, 2178, -4063, -1284, 2167, -4063, 190, 190, 190
L -1284, 2167, -4063, -1292, 2185, -4061, 190, 190, 190
L -1292, 2185, -4061, -1273, 2195, -4060, 190, 190, 190
L -1203, 2233, -4032, -1188, 2239, -4022, 190, 190, 190
L -1188, 2239, -4022, -1183, 2227, -4044, 190, 190, 190
L -1183, 2227, -4044, -1198, 2221, -4057, 190, 190, 190
L -1198, 2221, -4057, -1203, 2233, -4033, 190, 190, 190
L -1222, 2266, -3997, -1223, 2280, -4004, 190, 190, 190
L -1223, 2280, -4004, -1206, 2279, -3988, 190, 190, 190
L -1206, 2279, -3988, -1206, 2267, -3988, 190, 190, 190
L -1206, 2267, -3988, -1223, 2266, -3997, 190, 190, 190
L -1337, 2242, -4092, -1332, 2226, -4091, 190, 190, 190
L -1332, 2226, -4091, -1326, 2228, -4090, 190, 190, 190
L -1326, 2228, -4090, -1334, 2250, -4092, 190, 190, 190
L -1334, 2250, -4092, -1391, 2232, -4091, 190, 190, 190
L -1391, 2232, -4091, -1437, 2259, -4111, 190, 190, 190
L -1437, 2259, -4111, -1449, 2255, -4116, 190, 190, 190
L -1449, 2255, -4116, -1448, 2251, -4110, 190, 190, 190
L -1448, 2251, -4110, -1437, 2252, -4100, 190, 190, 190
L -1437, 2252, -4100, -1392, 2225, -4091, 190, 190, 190
L -1392, 2225, -4091, -1387, 2211, -4090, 190, 190, 190
L -1387, 2211, -4090, -1380, 2214, -4090, 190, 190, 190
L -1380, 2214, -4090, -1384, 2227, -4091, 190, 190, 190
L -1384, 2227, -4091, -1337, 2242, -4092, 190, 190, 190
L -1322, 2192, -4084, -1326, 2208, -4090, 190, 190, 190
L -1326, 2208, -4090, -1321, 2210, -4084, 190, 190, 190
L -1321, 2210, -4084, -1315, 2190, -4077, 190, 190, 190
L -1315, 2190, -4077, -1373, 2171, -4088, 190, 190, 190
L -1373, 2171, -4088, -1395, 2122, -3978, 190, 190, 190
L -1395, 2122, -3978, -1436, 2110, -3954, 190, 190, 190
L -1436, 2110, -3954, -1444, 2114, -3984, 190, 190, 190
L -1444, 2114, -3984, -1442, 2120, -4000, 190, 190, 190
L -1442, 2120, -4000, -1435, 2116, -3974, 190, 190, 190
L -1435, 2116, -3974, -1399, 2127, -3997, 190, 190, 190
L -1399, 2127, -3997, -1377, 2176, -4089, 190, 190, 190
L -1377, 2176, -4089, -1381, 2194, -4090, 190, 190, 190
L -1381, 2194, -4090, -1374, 2194, -4090, 190, 190, 190
L -1374, 2194, -4090, -1369, 2178, -4089, 190, 190, 190
L -1369, 2178, -4089, -1322, 2192, -4084, 190, 190, 190
L -1481, 2138, -4065, -1466, 2129, -4051, 190, 190, 190
L -1466, 2129, -4051, -1463, 2134, -4059, 190, 190, 190
L -1463, 2134, -4059, -1479, 2145, -4075, 190, 190, 190
L -1479, 2145, -4075, -1486, 2164, -4088, 190, 190, 190
L -1486, 2164, -4088, -1494, 2154, -4088, 190, 190, 190
L -1494, 2154, -4088, -1487, 2143, -4072, 190, 190, 190
L -1487, 2143, -4072, -1503, 2137, -4033, 190, 190, 190
L -1503, 2137, -4033, -1502, 2131, -4054, 190, 190, 190
L -1502, 2131, -4054, -1481, 2138, -4064, 190, 190, 190
L -1535, 2129, -4043, -1521, 2132, -4056, 190, 190, 190
L -1521, 2132, -4056, -1522, 2126, -4046, 190, 190, 190
L -1522, 2126, -4046, -1539, 2121, -4027, 190, 190, 190
L -1539, 2121, -4027, -1546, 2143, -4053, 190, 190, 190
L -1546, 2143, -4053, -1541, 2145, -4062, 190, 190, 190
L -1541, 2145, -4062, -1535, 2129, -4043, 190, 190, 190
L -1549, 2177, -4089, -1545, 2161, -4078, 190, 190, 190
L -1545, 2161, -4078, -1550, 2159, -4071, 190, 190, 190
L -1550, 2159, -4071, -1558, 2181, -4086, 190, 190, 190
L -1558, 2181, -4086, -1500, 2200, -4108, 190, 190, 190
L -1500, 2200, -4108, -1478, 2246, -4135, 190, 190, 190
L -1478, 2246, -4135, -1464, 2250, -4125, 190, 190, 190
L -1464, 2250, -4125, -1463, 2245, -4119, 190, 190, 190
L -1463, 2245, -4119, -1472, 2241, -4124, 190, 190, 190
L -1472, 2241, -4124, -1494, 2195, -4098, 190, 190, 190
L -1494, 2195, -4098, -1492, 2175, -4089, 190, 190, 190
L -1492, 2175, -4089, -1496, 2176, -4089, 190, 190, 190
L -1496, 2176, -4089, -1502, 2191, -4099, 190, 190, 190
L -1502, 2191, -4099, -1549, 2177, -4089, 190, 190, 190
L -2165, 1866, -3814, -2165, 1879, -3834, 190, 190, 190
L -2165, 1879, -3834, -2151, 1879, -3847, 190, 190, 190
L -2151, 1879, -3847, -2153, 1866, -3826, 190, 190, 190
L -2153, 1866, -3826, -2164, 1866, -3816, 190, 190, 190
L -2174, 1913, -3877, -2174, 1927, -3898, 190, 190, 190
L -2174, 1927, -3898, -2163, 1928, -3909, 190, 190, 190
L -2163, 1928, -3909, -2162, 1914, -3889, 190, 190, 190
L -2162, 1914, -3889, -2175, 1914, -3877, 190, 190, 190
L -2137, 1915, -3915, -2137, 1927, -3933, 190, 190, 190
L -2137, 1927, -3933, -2126, 1929, -3944, 190, 190, 190
L -2126, 1929, -3944, -2124, 1915, -3917, 190, 190, 190
L -2124, 1915, -3917, -2136, 1914, -3915, 190, 190, 190
L -2124, 1880, -3863, -2111, 1880, -3805, 190, 190, 190
L -2111, 1880, -3805, -2112, 1866, -3789, 190, 190, 190
L -2112, 1866, -3789, -2124, 1866, -3842, 190, 190, 190
L -2124, 1866, -3842, -2124, 1880, -3863, 190, 190, 190
L -2109, 1882, -3834, -2081, 1883, -3790, 165, 42, 42
L -2081, 1883, -3790, -2064, 1883, -3762, 165, 42, 42
L -2064, 1883, -3762, -1981, 1890, -3762, 165, 42, 42
L -1981, 1890, -3762, -1949, 1898, -3762, 165, 42, 42
L -1949, 1898, -3762, -1924, 1846, -3762, 165, 42, 42
L -1924, 1846, -3762, -1920, 1785, -3762, 165, 42, 42
L -1920, 1785, -3762, -1929, 1711, -3762, 165, 42, 42
L -1929, 1711, -3762, -1963, 1666, -3762, 165, 42, 42
L -1963, 1666, -3762, -1985, 1630, -3762, 165, 42, 42
L -1985, 1630, -3762, -2058, 1575, -3762, 165, 42, 42
L -2058, 1575, -3762, -2034, 1523, -3762, 165, 42, 42
L -2034, 1523, -3762, -1959, 1531, -3762, 165, 42, 42
L -1959, 1531, -3762, -1929, 1603, -3762, 165, 42, 42
L -1929, 1603, -3762, -1943, 1664, -3762, 165, 42, 42
L -1943, 1664, -3762, -1916, 1707, -3762, 165, 42, 42
L -1916, 1707, -3762, -1903, 1780, -3762, 165, 42, 42
L -1903, 1780, -3762, -1908, 1851, -3762, 165, 42, 42
L -1908, 1851, -3762, -1935, 1905, -3762, 165, 42, 42
L -1935, 1905, -3762, -1930, 1951, -3762, 165, 42, 42
L -1930, 1951, -3762, -1893, 1968, -3903, 165, 42, 42
L -1893, 1968, -3903, -1801, 1967, -3909, 165, 42, 42
L -1801, 1967, -3909, -1788, 1914, -3762, 165, 42, 42
L -1788, 1914, -3762, -1809, 1871, -3762, 165, 42, 42
L -1809, 1871, -3762, -1806, 1816, -3762, 165, 42, 42
L -1806, 1816, -3762, -1756, 1766, -3762, 165, 42, 42
L -1756, 1766, -3762, -1693, 1775, -3762, 165, 42, 42
L -1693, 1775, -3762, -1664, 1882, -3762, 165, 42, 42
L -1664, 1882, -3762, -1721, 1917, -3762, 165, 42, 42
L -1721, 1917, -3762, -1778, 1923, -3762, 165, 42, 42
L -1778, 1923, -3762, -1790, 1973, -3906, 165, 42, 42
L -1790, 1973, -3906, -1730, 2020, -4163, 165, 42, 42
L -1730, 2020, -4163, -1705, 2058, -4338, 165, 42, 42
L -1705, 2058, -4338, -1661, 2076, -4345, 165, 42, 42
L -1661, 2076, -4345, -1646, 2088, -4345, 165, 42, 42
L -1646, 2088, -4345, -1624, 2120, -4345, 165, 42, 42
L -1624, 2120, -4345, -1627, 2163, -4345, 165, 42, 42
L -1627, 2163, -4345, -1654, 2202, -4345, 165, 42, 42
L -1654, 2202, -4345, -1700, 2216, -4345, 165, 42, 42
L -1700, 2216, -4345, -1733, 2201, -4345, 165, 42, 42
L -1733, 2201, -4345, -1749, 2136, -4345, 165, 42, 42
L -1749, 2136, -4345, -1725, 2093, -4345, 165, 42, 42
L -1725, 2093, -4345, -1739, 2029, -4168, 165, 42, 42
L -1739, 2029, -4168, -1794, 1993, -3912, 165, 42, 42
L -1794, 1993, -3912, -1845, 1976, -3909, 165, 42, 42
L -1845, 1976, -3909, -1887, 1982, -3909, 165, 42, 42
L -1887, 1982, -3909, -1938, 1972, -3762, 165, 42, 42
L -1938, 1972, -3762, -1953, 1934, -3762, 165, 42, 42
L -1953, 1934, -3762, -1980, 1911, -3762, 165, 42, 42
L -1980, 1911, -3762, -2088, 1910, -3799, 165, 42, 42
L -2088, 1910, -3799, -2113, 1909, -3841, 165, 42, 42
L -1431, 285, 2965, -1438, 301, 2937, 190, 190, 190
L -1438, 301, 2937, -1421, 310, 2895, 190, 190, 190
L -1421, 310, 2895, -1414, 291, 2932, 190, 190, 190
L -1414, 291, 2932, -1432, 285, 2966, 190, 190, 190
L -1401, 324, 2863, -1370, 335, 2790, 190, 190, 190
L -1370, 335, 2790, -1359, 308, 2793, 190, 190, 190
L -1359, 308, 2793, -1373, 301, 2830, 190, 190, 190
L -1373, 301, 2830, -1366, 285, 2835, 190, 190, 190
L -1366, 285, 2835, -1352, 290, 2798, 190, 190, 190
L -1352, 290, 2798, -1343, 266, 2893, 190, 190, 190
L -1343, 266, 2893, -1371, 256, 2909, 190, 190, 190
L -1371, 256, 2909, -1381, 277, 2874, 190, 190, 190
L -1381, 277, 2874, -1404, 267, 2933, 190, 190, 190
L -1404, 267, 2933, -1415, 288, 2938, 190, 190, 190
L -1415, 288, 2938, -1390, 299, 2877, 190, 190, 190
L -1390, 299, 2877, -1401, 323, 2863, 190, 190, 190
L -1418, 255, 2963, -1402, 262, 2933, 190, 190, 190
L -1402, 262, 2933, -1395, 244, 2925, 190, 190, 190
L -1395, 244, 2925, -1412, 238, 2938, 190, 190, 190
L -1412, 238, 2938, -1418, 255, 2962, 190, 190, 190
L -2865, -3339, 3454, -2865, -3444, 3453, 165, 42, 42
L 1682, -2040, 1557, 1639, -2056, 1599, 190, 190, 190
L 1639, -2056, 1599, 1622, -2013, 1542, 190, 190, 190
L 1622, -2013, 1542, 1637, -2006, 1523, 190, 190, 190
L 1637, -2006, 1523, 1633, -2000, 1516, 190, 190, 190
L 1633, -2000, 1516, 1612, -2010, 1540, 190, 190, 190
L 1612, -2010, 1540, 1633, -2066, 1617, 190, 190, 190
L 1633, -2066, 1617, 1692, -2045, 1565, 190, 190, 190
L 1692, -2045, 1565, 1685, -2023, 1532, 190, 190, 190
L 1685, -2023, 1532, 1677, -2027, 1538, 190, 190, 190
L 1677, -2027, 1538, 1682, -2040, 1557, 190, 190, 190
L 1665, -1997, 1498, 1652, -2001, 1509, 190, 190, 190
L 1652, -2001, 1509, 1649, -1994, 1499, 190, 190, 190
L 1649, -1994, 1499, 1672, -1987, 1478, 190, 190, 190
L 1672, -1987, 1478, 1678, -2007, 1508, 190, 190, 190
L 1678, -2007, 1508, 1670, -2008, 1511, 190, 190, 190
L 1670, -2008, 1511, 1665, -1997, 1498, 190, 190, 190
L 2764, -785, 187, 2705, -785, 41, 165, 42, 42
L 2705, -785, 41, 2630, -774, -94, 165, 42, 42
L 2630, -774, -94, 2554, -740, -222, 165, 42, 42
L 2554, -740, -222, 2473, -669, -465, 165, 42, 42
L 2473, -669, -465, 2356, -654, -593, 165, 42, 42
L 2356, -654, -593, 2262, -576, -697, 165, 42, 42
L 2262, -576, -697, 2188, -474, -754, 165, 42, 42
L 2188, -474, -754, 2142, -384, -799, 165, 42, 42
L 2142, -384, -799, 2052, -377, -799, 165, 42, 42
L 2052, -377, -799, 2015, -450, -799, 165, 42, 42
L 2015, -450, -799, 2074, -537, -799, 165, 42, 42
L 2074, -537, -799, 2139, -528, -798, 165, 42, 42
L 2139, -528, -798, 2183, -549, -754, 165, 42, 42
L 2183, -549, -754, 2330, -669, -594, 165, 42, 42
L 2330, -669, -594, 2465, -702, -460, 165, 42, 42
L 2465, -702, -460, 2501, -766, -347, 165, 42, 42
L 2501, -766, -347, 2505, -821, -336, 165, 42, 42
L 2505, -821, -336, 2428, -875, -341, 165, 42, 42
L 2428, -875, -341, 2344, -895, -341, 165, 42, 42
L 2344, -895, -341, 2318, -879, -341, 165, 42, 42
L 2318, -879, -341, 2239, -810, -341, 165, 42, 42
L 2239, -810, -341, 2174, -854, -341, 165, 42, 42
L 2174, -854, -341, 2160, -896, -341, 165, 42, 42
L 2160, -896, -341, 2215, -972, -341, 165, 42, 42
L 2215, -972, -341, 2292, -976, -341, 165, 42, 42
L 2292, -976, -341, 2356, -936, -341, 165, 42, 42
L 2356, -936, -341, 2427, -915, -341, 165, 42, 42
L 2427, -915, -341, 2497, -876, -341, 165, 42, 42
L 2497, -876, -341, 2545, -834, -233, 165, 42, 42
L 2545, -834, -233, 2601, -813, -125, 165, 42, 42
L 2601, -813, -125, 2759, -814, 194, 165, 42, 42
L 2791, -814, 68, 2792, -827, 41, 190, 190, 190
L 2792, -827, 41, 2780, -829, 73, 190, 190, 190
L 2780, -829, 73, 2778, -816, 101, 190, 190, 190
L 2778, -816, 101, 2792, -816, 64, 190, 190, 190
L 2816, -814, 7, 2828, -812, -15, 190, 190, 190
L 2828, -812, -15, 2829, -826, -30, 190, 190, 190
L 2829, -826, -30, 2818, -827, -9, 190, 190, 190
L 2818, -827, -9, 2816, -815, 6, 190, 190, 190
L 2806, -780, 91, 2804, -768, 122, 190, 190, 190
L 2804, -768, 122, 2817, -765, 89, 190, 190, 190
L 2817, -765, 89, 2816, -780, 63, 190, 190, 190
L 2816, -780, 63, 2805, -780, 93, 190, 190, 190
L 2777, -781, 176, 2764, -778, 254, 190, 190, 190
L 2764, -778, 254, 2764, -767, 269, 190, 190, 190
L 2764, -767, 269, 2776, -767, 205, 190, 190, 190
L 2776, -767, 205, 2777, -781, 175, 190, 190, 190
P 3332.0000, 3638.0000, 0.0000,  255, 255, 0,  2,  Dreadlands
P 3675.0000, 606.0000, 0.0000,  255, 255, 0,  2,  Lake_of_Ill_Omen
P -1550.0000, -5000.0000, 0.0000,  255, 255, 0,  2,  The_Overthere
P -4300.0000, 2300.0000, 0.0000,  255, 255, 0,  2,  Burning_Wood
P 500.0000, 2950.0000, 0.0000,  255, 255, 0,  2,  Mines_of_Nurga
P -3050.0000, -3400.0000, 0.0000,  255, 255, 0,  2,  Temple_of_Droga
P 4262.0000, 633.0000, 0.0000,  255, 255, 255,  2,  Succor_Point