L -34, -2251, 0,  -32, -2002, 0,  102, 99, 0
L -32, -2002, 0,  116, -1990, 0,  102, 99, 0
L 116, -1990, 0,  158, -2001, 0,  102, 99, 0
L 113, -1990, 0,  171, -1932, 0,  102, 99, 0
L 171, -1932, 0,  167, -1874, 0,  102, 99, 0
L -32, -2002, 0,  -108, -2001, 0,  102, 99, 0
L -108, -2001, 0,  -143, -1956, 0,  102, 99, 0
L -143, -1956, 0,  -167, -1950, 0,  102, 99, 0
L -167, -1950, 0,  -175, -1914, 0,  102, 99, 0
L -175, -1914, 0,  -237, -1872, 0,  102, 99, 0
L -237, -1872, 0,  -232, -1800, 0,  102, 99, 0
L -232, -1800, 0,  -160, -1798, 0,  102, 99, 0
L -160, -1798, 0,  -105, -1728, 0,  102, 99, 0
L -105, -1728, 0,  -43, -1732, 0,  102, 99, 0
L -235, -1800, 0,  -292, -1799, 0,  102, 99, 0
L -101, -1521, 0,  -100, -1457, 0,  102, 99, 0
L -100, -1457, 0,  -142, -1422, 0,  102, 99, 0
L -142, -1422, 0,  -150, -1393, 0,  102, 99, 0
L -150, -1393, 0,  -182, -1392, 0,  102, 99, 0
L -182, -1392, 0,  -202, -1363, 0,  102, 99, 0
L -202, -1363, 0,  -233, -1342, 0,  102, 99, 0
L -233, -1342, 0,  -236, -1076, 0,  102, 99, 0
L -151, -132, 0,  -106, -129, 0,  102, 99, 0
L -106, -129, 0,  -92, -134, 0,  102, 99, 0
L -92, -134, 0,  83, -132, 0,  102, 99, 0
L 179, -65, 0,  240, -66, 0,  102, 99, 0
L 240, -66, 0,  289, 2, 0,  102, 99, 0
L 289, 2, 0,  502, 0, 0,  102, 99, 0
L 502, 0, 0,  549, 57, 0,  102, 99, 0
L 549, 57, 0,  579, 64, 0,  102, 99, 0
L 579, 64, 0,  616, 122, 0,  102, 99, 0
L 616, 122, 0,  646, 130, 0,  102, 99, 0
L 646, 130, 0,  659, 159, 0,  102, 99, 0
L 659, 159, 0,  702, 195, 0,  102, 99, 0
L 702, 195, 0,  697, 673, 0,  102, 99, 0
L 697, 673, 0,  727, 698, 0,  102, 99, 0
L 727, 698, 0,  755, 735, 0,  102, 99, 0
L 755, 735, 0,  838, 733, 0,  102, 99, 0
L 838, 733, 0,  882, 790, 0,  102, 99, 0
L 882, 790, 0,  911, 796, 0,  102, 99, 0
L 911, 796, 0,  953, 857, 0,  102, 99, 0
L 953, 857, 0,  979, 862, 0,  102, 99, 0
L 979, 862, 0,  1017, 925, 0,  102, 99, 0
L 1017, 925, 0,  1047, 931, 0,  102, 99, 0
L 1047, 931, 0,  1090, 1002, 0,  102, 99, 0
L 1090, 1002, 0,  1377, 1000, 0,  102, 99, 0
L 1377, 1000, 0,  1419, 1060, 0,  102, 99, 0
L 1419, 1060, 0,  1449, 1064, 0,  102, 99, 0
L 1449, 1064, 0,  1496, 1136, 0,  102, 99, 0
L 1496, 1136, 0,  1901, 1133, 0,  102, 99, 0
L 1901, 1133, 0,  1901, 876, 0,  102, 99, 0
L 1900, 1131, 0,  2045, 1135, 0,  102, 99, 0
L 2045, 1135, 0,  2069, 1168, 0,  102, 99, 0
L 2069, 1168, 0,  2103, 1195, 0,  102, 99, 0
L 2103, 1195, 0,  2099, 1868, 0,  102, 99, 0
L 2099, 1868, 0,  2182, 1865, 0,  102, 99, 0
L 2182, 1865, 0,  2288, 1868, 0,  102, 99, 0
L 2288, 1868, 0,  2304, 1925, 0,  102, 99, 0
L 2102, 1864, 0,  2046, 1867, 0,  102, 99, 0
L 2046, 1867, 0,  2030, 1924, 0,  102, 99, 0
L 2030, 1924, 0,  2037, 1940, 0,  102, 99, 0
L 2037, 1940, 0,  2028, 1990, 0,  102, 99, 0
L 2028, 1990, 0,  2037, 2010, 0,  102, 99, 0
L 2037, 2010, 0,  2033, 2076, 0,  102, 99, 0
L 2033, 2076, 0,  1992, 2111, 0,  102, 99, 0
L 1992, 2111, 0,  1962, 2119, 0,  102, 99, 0
L 1962, 2119, 0,  1958, 2150, 0,  102, 99, 0
L 1958, 2150, 0,  1912, 2199, 0,  102, 99, 0
L 1912, 2199, 0,  1862, 2202, 0,  102, 99, 0
L 1862, 2202, 0,  1694, 2197, 0,  102, 99, 0
L 1694, 2197, 0,  1641, 2271, 0,  102, 99, 0
L 1641, 2271, 0,  1157, 2266, 0,  102, 99, 0
L 1157, 2266, 0,  1110, 2333, 0,  102, 99, 0
L 1110, 2333, 0,  1036, 2335, 0,  102, 99, 0
L 1036, 2335, 0,  1035, 2390, 0,  102, 99, 0
L 1036, 2333, 0,  959, 2334, 0,  102, 99, 0
L 959, 2334, 0,  913, 2277, 0,  102, 99, 0
L 913, 2277, 0,  901, 2244, 0,  102, 99, 0
L 901, 2244, 0,  861, 2231, 0,  102, 99, 0
L 861, 2231, 0,  850, 2196, 0,  102, 99, 0
L 850, 2196, 0,  820, 2191, 0,  102, 99, 0
L 820, 2191, 0,  794, 2162, 0,  102, 99, 0
L 794, 2162, 0,  784, 2132, 0,  102, 99, 0
L 784, 2132, 0,  772, 2130, 0,  102, 99, 0
L 772, 2130, 0,  709, 2067, 0,  102, 99, 0
L 709, 2067, 0,  428, 2069, 0,  102, 99, 0
L 428, 2069, 0,  373, 1997, 0,  102, 99, 0
L 373, 1997, 0,  24, 2003, 0,  102, 99, 0
L 24, 2003, 0,  -21, 1933, 0,  102, 99, 0
L -21, 1933, 0,  -373, 1932, 0,  102, 99, 0
L -373, 1932, 0,  -425, 2002, 0,  102, 99, 0
L -425, 2002, 0,  -775, 2002, 0,  102, 99, 0
L -775, 2002, 0,  -807, 1960, 0,  102, 99, 0
L -807, 1960, 0,  -816, 1930, 0,  102, 99, 0
L -816, 1930, 0,  -845, 1926, 0,  102, 99, 0
L -845, 1926, 0,  -889, 1869, 0,  102, 99, 0
L -889, 1869, 0,  -961, 1866, 0,  102, 99, 0
L -961, 1866, 0,  -975, 1537, 0,  102, 99, 0
L -975, 1537, 0,  -997, 1534, 0,  102, 99, 0
L -997, 1534, 0,  -1044, 1534, 0,  102, 99, 0
L -1044, 1534, 0,  -1073, 1494, 0,  102, 99, 0
L -1073, 1494, 0,  -1083, 1461, 0,  102, 99, 0
L -1083, 1461, 0,  -1114, 1458, 0,  102, 99, 0
L -1114, 1458, 0,  -1155, 1399, 0,  102, 99, 0
L -1155, 1399, 0,  -1221, 1399, 0,  102, 99, 0
L -967, 1871, 0,  -1374, 1869, 0,  102, 99, 0
L -1374, 1869, 0,  -1423, 1798, 0,  102, 99, 0
L -1423, 1798, 0,  -1911, 1798, 0,  102, 99, 0
L -1911, 1798, 0,  -1938, 1762, 0,  102, 99, 0
L -1938, 1762, 0,  -1950, 1728, 0,  102, 99, 0
L -1950, 1728, 0,  -1981, 1727, 0,  102, 99, 0
L -1981, 1727, 0,  -1991, 1712, 0,  102, 99, 0
L -1991, 1712, 0,  -2016, 1663, 0,  102, 99, 0
L -2016, 1663, 0,  -2049, 1659, 0,  102, 99, 0
L -2049, 1659, 0,  -2090, 1598, 0,  102, 99, 0
L -2090, 1598, 0,  -2240, 1604, 0,  102, 99, 0
L -2240, 1604, 0,  -2293, 1529, 0,  102, 99, 0
L -2293, 1529, 0,  -2354, 1531, 0,  102, 99, 0
L -2646, 1650, 0,  -2619, 1632, 0,  0, 153, 153
L -2619, 1632, 0,  -2632, 1602, 0,  0, 153, 153
L -2632, 1602, 0,  -2621, 1573, 0,  0, 153, 153
L -2621, 1573, 0,  -2607, 1581, 0,  0, 153, 153
L -2607, 1581, 0,  -2497, 1616, 0,  0, 153, 153
L -2497, 1616, 0,  -2473, 2209, 0,  0, 153, 153
L -2473, 2209, 0,  -2465, 2421, 0,  0, 153, 153
L -2465, 2421, 0,  958, 2464, 0,  0, 153, 153
L 958, 2464, 0,  1027, 2577, 0,  0, 153, 153
L 1027, 2577, 0,  1099, 2608, 0,  0, 153, 153
L 1099, 2608, 0,  1099, 2620, 0,  0, 153, 153
L 1126, 2618, 0,  1125, 2602, 0,  0, 153, 153
L 1125, 2602, 0,  1051, 2564, 0,  0, 153, 153
L 1051, 2564, 0,  1045, 2533, 0,  0, 153, 153
L 1045, 2533, 0,  1196, 2462, 0,  0, 153, 153
L 1196, 2462, 0,  2341, 2433, 0,  0, 153, 153
L 2341, 2433, 0,  2389, 2432, 0,  0, 153, 153
L 2389, 2432, 0,  2388, 2164, 0,  0, 153, 153
L 2388, 2164, 0,  2363, 2162, 0,  0, 153, 153
L 2363, 2162, 0,  2368, 2012, 0,  0, 153, 153
L 2368, 2012, 0,  2355, 2010, 0,  0, 153, 153
L 2355, 2010, 0,  2357, 2004, 0,  0, 153, 153
L 2357, 2004, 0,  2399, 2005, 0,  0, 153, 153
L 2399, 2005, 0,  2400, 2024, 0,  0, 153, 153
L 2400, 2024, 0,  2510, 2013, 0,  0, 153, 153
L 2510, 2013, 0,  2607, 2012, 0,  0, 153, 153
L 2607, 2012, 0,  2607, 1943, 0,  0, 153, 153
L 2607, 1943, 0,  2630, 1943, 0,  0, 153, 153
L 2630, 1918, 0,  2582, 1918, 0,  0, 153, 153
L 2582, 1918, 0,  2582, 1987, 0,  0, 153, 153
L 2582, 1987, 0,  2509, 1988, 0,  0, 153, 153
L 2509, 1988, 0,  2402, 1975, 0,  0, 153, 153
L 2402, 1975, 0,  2402, 1975, 0,  0, 153, 153
L 2402, 1975, 0,  2401, 1996, 0,  0, 153, 153
L 2401, 1996, 0,  2401, 1996, 0,  0, 153, 153
L 2401, 1996, 0,  2357, 1994, 0,  0, 153, 153
L 2357, 1994, 0,  2357, 1986, 0,  0, 153, 153
L 2357, 1986, 0,  2369, 1986, 0,  0, 153, 153
L 2369, 1986, 0,  2370, 1972, 0,  0, 153, 153
L 2370, 1972, 0,  2378, 1839, 0,  0, 153, 153
L 2378, 1839, 0,  2385, 1839, 0,  0, 153, 153
L 2385, 1839, 0,  2405, -2460, 0,  0, 153, 153
L 2405, -2460, 0,  799, -2424, 0,  0, 153, 153
L 799, -2424, 0,  0, -2407, 0,  0, 153, 153
L 0, -2407, 0,  -4, -2507, 0,  0, 153, 153
L -4, -2507, 0,  72, -2508, 0,  0, 153, 153
L 72, -2508, 0,  72, -2607, 0,  0, 153, 153
L 31, -2607, 0,  31, -2557, 0,  0, 153, 153
L 31, -2557, 0,  -39, -2556, 0,  0, 153, 153
L -39, -2556, 0,  -65, -2368, 0,  0, 153, 153
L -65, -2368, 0,  -66, -2413, 0,  0, 153, 153
L -66, -2413, 0,  -1030, -2423, 0,  0, 153, 153
L -1030, -2423, 0,  -2475, -2438, 0,  0, 153, 153
L -2475, -2438, 0,  -2503, 1469, 0,  0, 153, 153
L -2503, 1469, 0,  -2644, 1564, 0,  0, 153, 153
L -2644, 1564, 0,  -2660, 1599, 0,  0, 153, 153
L -2660, 1599, 0,  -2643, 1624, 0,  0, 153, 153
L -2643, 1624, 0,  -2677, 1636, 0,  0, 153, 153
L -213, -147, -1,  -242, -148, -7,  153, 153, 153
L -242, -148, -7,  -241, -126, -7,  153, 153, 153
L -241, -126, -7,  -211, -127, -7,  153, 153, 153
L -211, -127, -7,  -213, -147, -2,  153, 153, 153
L -271, -106, 770,  -315, -63, 770,  153, 153, 153
L -315, -63, 770,  -380, -62, 770,  153, 153, 153
L -380, -62, 770,  -426, -110, 770,  153, 153, 153
L -426, -110, 770,  -426, -169, 770,  153, 153, 153
L -426, -169, 770,  -381, -215, 770,  153, 153, 153
L -381, -215, 770,  -317, -215, 770,  153, 153, 153
L -317, -215, 770,  -272, -171, 770,  153, 153, 153
L -272, -171, 770,  -273, -105, 770,  153, 153, 153
L -286, -90, 770,  -168, 26, 770,  153, 153, 153
L -181, 36, 770,  -297, -78, 770,  153, 153, 153
L -152, 8, 770,  -88, 8, 770,  153, 153, 153
L -88, 8, 770,  -44, 52, 770,  153, 153, 153
L -44, 52, 770,  -43, 115, 770,  153, 153, 153
L -43, 115, 770,  -86, 160, 770,  153, 153, 153
L -86, 160, 770,  -149, 162, 770,  153, 153, 153
L -149, 162, 770,  -195, 119, 770,  153, 153, 153
L -195, 119, 770,  -199, 91, 770,  153, 153, 153
L -199, 91, 770,  -213, 104, 770,  153, 153, 153
L -213, 104, 770,  -266, 106, 770,  153, 153, 153
L -266, 106, 770,  -282, 92, 770,  153, 153, 153
L -282, 92, 770,  -282, 75, 770,  153, 153, 153
L -282, 75, 770,  -272, 64, 770,  153, 153, 153
L -272, 64, 770,  -216, 62, 770,  153, 153, 153
L -216, 62, 770,  -201, 75, 770,  153, 153, 153
L -201, 75, 770,  -196, 54, 770,  153, 153, 153
L -196, 54, 770,  -154, 10, 770,  153, 153, 153
L -159, 155, 770,  -215, 211, 763,  153, 153, 153
L -228, 202, 770,  -172, 147, 764,  153, 153, 153
L -217, 215, 770,  -213, 220, 770,  153, 153, 153
L -213, 220, 770,  -210, 250, 770,  153, 153, 153
L -210, 250, 770,  -270, 311, 770,  153, 153, 153
L -270, 311, 770,  -302, 311, 770,  153, 153, 153
L -302, 311, 770,  -325, 290, 770,  153, 153, 153
L -325, 290, 770,  -328, 261, 770,  153, 153, 153
L -328, 261, 770,  -266, 197, 770,  153, 153, 153
L -266, 197, 770,  -237, 198, 770,  153, 153, 153
L -237, 198, 770,  -215, 217, 770,  153, 153, 153
L -44, 81, 770,  54, 81, 765,  153, 153, 153
L 57, 98, 770,  -40, 98, 765,  153, 153, 153
L 59, 57, 770,  102, 11, 770,  153, 153, 153
L 102, 11, 770,  165, 9, 770,  153, 153, 153
L 165, 9, 770,  212, 54, 770,  153, 153, 153
L 212, 54, 770,  228, 42, 757,  153, 153, 153
L 228, 42, 757,  245, 42, 757,  153, 153, 153
L 245, 42, 757,  258, 54, 757,  153, 153, 153
L 258, 54, 757,  258, 71, 757,  153, 153, 153
L 258, 71, 757,  246, 84, 757,  153, 153, 153
L 246, 84, 757,  228, 83, 757,  153, 153, 153
L 228, 83, 757,  214, 71, 769,  153, 153, 153
L 214, 71, 769,  212, 98, 770,  153, 153, 153
L 212, 98, 770,  227, 89, 757,  153, 153, 153
L 227, 89, 757,  244, 88, 757,  153, 153, 153
L 244, 88, 757,  256, 98, 757,  153, 153, 153
L 256, 98, 757,  258, 115, 757,  153, 153, 153
L 258, 115, 757,  246, 129, 757,  153, 153, 153
L 246, 129, 757,  229, 130, 757,  153, 153, 153
L 229, 130, 757,  215, 118, 757,  153, 153, 153
L 215, 118, 757,  168, 161, 770,  153, 153, 153
L 168, 161, 770,  108, 162, 770,  153, 153, 153
L 108, 162, 770,  62, 122, 770,  153, 153, 153
L 62, 122, 770,  58, 60, 770,  153, 153, 153
L 120, 81, 770,  125, 99, 770,  153, 153, 153
L 125, 99, 770,  145, 100, 770,  153, 153, 153
L 145, 100, 770,  152, 82, 770,  153, 153, 153
L 152, 82, 770,  137, 70, 770,  153, 153, 153
L 137, 70, 770,  120, 81, 770,  153, 153, 153
L -103, 93, 770,  -109, 74, 770,  153, 153, 153
L -109, 74, 770,  -129, 71, 770,  153, 153, 153
L -129, 71, 770,  -137, 91, 770,  153, 153, 153
L -137, 91, 770,  -123, 103, 770,  153, 153, 153
L -123, 103, 770,  -105, 93, 770,  153, 153, 153
L -336, -124, 770,  -331, -142, 770,  153, 153, 153
L -331, -142, 770,  -348, -154, 770,  153, 153, 153
L -348, -154, 770,  -363, -142, 770,  153, 153, 153
L -363, -142, 770,  -357, -124, 770,  153, 153, 153
L -357, -124, 770,  -337, -125, 770,  153, 153, 153
L 80, 137, 770,  0, 220, 1164,  153, 153, 153
L -16, 211, 1175,  65, 129, 776,  153, 153, 153
L 5, 233, 1175,  5, 290, 1175,  153, 153, 153
L 5, 290, 1175,  -32, 333, 1175,  153, 153, 153
L -32, 333, 1175,  -90, 336, 1175,  153, 153, 153
L -90, 336, 1175,  -106, 326, 1175,  153, 153, 153
L -106, 326, 1175,  -110, 342, 1175,  153, 153, 153
L -110, 342, 1175,  -147, 383, 1175,  153, 153, 153
L -147, 383, 1175,  -167, 383, 1175,  153, 153, 153
L -167, 383, 1175,  -179, 371, 1175,  153, 153, 153
L -179, 371, 1175,  -180, 355, 1175,  153, 153, 153
L -180, 355, 1175,  -138, 314, 1175,  153, 153, 153
L -138, 314, 1175,  -123, 314, 1175,  153, 153, 153
L -123, 314, 1175,  -133, 296, 1175,  153, 153, 153
L -133, 296, 1175,  -136, 238, 1175,  153, 153, 153
L -136, 238, 1175,  -123, 220, 1175,  153, 153, 153
L -123, 220, 1175,  -141, 217, 1175,  153, 153, 153
L -141, 217, 1175,  -153, 207, 1175,  153, 153, 153
L -153, 207, 1175,  -155, 190, 1175,  153, 153, 153
L -155, 190, 1175,  -145, 177, 1175,  153, 153, 153
L -145, 177, 1175,  -126, 175, 1175,  153, 153, 153
L -126, 175, 1175,  -114, 186, 1175,  153, 153, 153
L -114, 186, 1175,  -113, 205, 1175,  153, 153, 153
L -113, 205, 1175,  -96, 195, 1175,  153, 153, 153
L -96, 195, 1175,  -38, 193, 1175,  153, 153, 153
L -38, 193, 1175,  2, 231, 1175,  153, 153, 153
L -51, 258, 1175,  -67, 248, 1175,  153, 153, 153
L -67, 248, 1175,  -82, 259, 1175,  153, 153, 153
L -82, 259, 1175,  -78, 277, 1175,  153, 153, 153
L -78, 277, 1175,  -59, 278, 1175,  153, 153, 153
L -59, 278, 1175,  -52, 260, 1175,  153, 153, 153
L -57, 334, 1175,  -56, 425, 1605,  153, 153, 153
L -74, 426, 1610,  -74, 338, 1180,  153, 153, 153
L -43, 427, 1610,  -8, 460, 1610,  153, 153, 153
L -8, 460, 1610,  -6, 507, 1610,  153, 153, 153
L -6, 507, 1610,  -38, 544, 1610,  153, 153, 153
L -38, 544, 1610,  -51, 546, 1610,  153, 153, 153
L -51, 546, 1610,  -41, 562, 1610,  153, 153, 153
L -41, 562, 1610,  -41, 578, 1610,  153, 153, 153
L -41, 578, 1610,  -52, 591, 1610,  153, 153, 153
L -52, 591, 1610,  -70, 593, 1610,  153, 153, 153
L -70, 593, 1610,  -84, 580, 1610,  153, 153, 153
L -84, 580, 1610,  -83, 563, 1610,  153, 153, 153
L -83, 563, 1610,  -70, 550, 1610,  153, 153, 153
L -70, 550, 1610,  -86, 545, 1610,  153, 153, 153
L -86, 545, 1610,  -122, 512, 1610,  153, 153, 153
L -122, 512, 1610,  -124, 497, 1610,  153, 153, 153
L -124, 497, 1610,  -139, 506, 1610,  153, 153, 153
L -139, 506, 1610,  -157, 506, 1610,  153, 153, 153
L -157, 506, 1610,  -169, 495, 1610,  153, 153, 153
L -169, 495, 1610,  -171, 479, 1610,  153, 153, 153
L -171, 479, 1610,  -160, 466, 1610,  153, 153, 153
L -160, 466, 1610,  -142, 464, 1610,  153, 153, 153
L -142, 464, 1610,  -128, 475, 1610,  153, 153, 153
L -128, 475, 1610,  -125, 465, 1610,  153, 153, 153
L -125, 465, 1610,  -93, 432, 1610,  153, 153, 153
L -93, 432, 1610,  -47, 428, 1610,  153, 153, 153
L -57, 473, 1610,  -74, 472, 1610,  153, 153, 153
L -74, 472, 1610,  -82, 487, 1610,  153, 153, 153
L -82, 487, 1610,  -71, 500, 1610,  153, 153, 153
L -71, 500, 1610,  -54, 493, 1610,  153, 153, 153
L -54, 493, 1610,  -56, 476, 1610,  153, 153, 153
L 140, 163, 770,  141, 264, 770,  153, 153, 153
L 125, 265, 770,  124, 165, 769,  153, 153, 153
L 163, 267, 770,  209, 310, 770,  153, 153, 153
L 209, 310, 770,  210, 373, 770,  153, 153, 153
L 210, 373, 770,  163, 419, 770,  153, 153, 153
L 163, 419, 770,  103, 420, 770,  153, 153, 153
L 103, 420, 770,  58, 376, 770,  153, 153, 153
L 58, 376, 770,  55, 347, 770,  153, 153, 153
L 55, 347, 770,  41, 359, 770,  153, 153, 153
L 41, 359, 770,  23, 360, 770,  153, 153, 153
L 23, 360, 770,  11, 348, 770,  153, 153, 153
L 11, 348, 770,  10, 329, 770,  153, 153, 153
L 10, 329, 770,  22, 318, 770,  153, 153, 153
L 22, 318, 770,  40, 318, 772,  153, 153, 153
L 40, 318, 772,  53, 329, 770,  153, 153, 153
L 53, 329, 770,  57, 314, 770,  153, 153, 153
L 57, 314, 770,  100, 267, 770,  153, 153, 153
L 100, 267, 770,  162, 266, 770,  153, 153, 153
L 146, 331, 770,  126, 329, 770,  153, 153, 153
L 126, 329, 770,  117, 346, 770,  153, 153, 153
L 117, 346, 770,  132, 360, 770,  153, 153, 153
L 132, 360, 770,  148, 352, 770,  153, 153, 153
L 148, 352, 770,  145, 332, 770,  153, 153, 153
L 184, 285, 770,  241, 228, 768,  153, 153, 153
L 254, 238, 771,  197, 295, 770,  153, 153, 153
L 243, 226, 771,  242, 210, 771,  153, 153, 153
L 242, 210, 771,  281, 169, 771,  153, 153, 153
L 281, 169, 771,  300, 168, 771,  153, 153, 153
L 300, 168, 771,  313, 181, 784,  153, 153, 153
L 313, 181, 784,  313, 198, 771,  153, 153, 153
L 313, 198, 771,  274, 238, 771,  153, 153, 153
L 274, 238, 771,  253, 238, 771,  153, 153, 153
L 253, 238, 771,  243, 226, 771,  153, 153, 153
L 208, 332, 770,  329, 331, 1175,  153, 153, 153
L 329, 350, 1175,  211, 349, 772,  153, 153, 153
L 330, 316, 1175,  343, 302, 1175,  153, 153, 153
L 343, 302, 1175,  324, 300, 1175,  153, 153, 153
L 324, 300, 1175,  311, 287, 1175,  153, 153, 153
L 311, 287, 1175,  312, 269, 1175,  153, 153, 153
L 312, 269, 1175,  323, 257, 1175,  153, 153, 153
L 323, 257, 1175,  341, 256, 1175,  153, 153, 153
L 341, 256, 1175,  353, 269, 1175,  153, 153, 153
L 353, 269, 1175,  354, 286, 1175,  153, 153, 153
L 354, 286, 1175,  371, 276, 1175,  153, 153, 153
L 371, 276, 1175,  413, 273, 1175,  153, 153, 153
L 413, 273, 1175,  401, 257, 1175,  153, 153, 153
L 401, 257, 1175,  400, 203, 1175,  153, 153, 153
L 400, 203, 1175,  413, 188, 1175,  153, 153, 153
L 413, 188, 1175,  432, 189, 1175,  153, 153, 153
L 432, 189, 1175,  442, 201, 1175,  153, 153, 153
L 442, 201, 1175,  444, 256, 1175,  153, 153, 153
L 444, 256, 1175,  431, 271, 1175,  153, 153, 153
L 431, 271, 1175,  473, 315, 1175,  153, 153, 153
L 473, 315, 1175,  474, 374, 1175,  153, 153, 153
L 474, 374, 1175,  433, 417, 1175,  153, 153, 153
L 433, 417, 1175,  373, 418, 1175,  153, 153, 153
L 373, 418, 1175,  332, 378, 1175,  153, 153, 153
L 332, 378, 1175,  330, 317, 1175,  153, 153, 153
L 384, 341, 1175,  390, 359, 1175,  153, 153, 153
L 390, 359, 1175,  409, 359, 1175,  153, 153, 153
L 409, 359, 1175,  415, 342, 1175,  153, 153, 153
L 415, 342, 1175,  399, 330, 1175,  153, 153, 153
L 399, 330, 1175,  384, 341, 1175,  153, 153, 153
L 446, 289, 1175,  511, 225, 1611,  153, 153, 153
L 525, 236, 1610,  458, 302, 1175,  153, 153, 153
L 506, 215, 1610,  504, 167, 1610,  153, 153, 153
L 504, 167, 1610,  536, 133, 1610,  153, 153, 153
L 536, 133, 1610,  552, 130, 1610,  153, 153, 153
L 552, 130, 1610,  541, 113, 1610,  153, 153, 153
L 541, 113, 1610,  542, 96, 1610,  153, 153, 153
L 542, 96, 1610,  555, 85, 1610,  153, 153, 153
L 555, 85, 1610,  572, 83, 1610,  153, 153, 153
L 572, 83, 1610,  584, 95, 1610,  153, 153, 153
L 584, 95, 1610,  584, 113, 1610,  153, 153, 153
L 584, 113, 1610,  571, 128, 1610,  153, 153, 153
L 571, 128, 1610,  589, 128, 1609,  153, 153, 153
L 589, 128, 1609,  621, 163, 1610,  153, 153, 153
L 621, 163, 1610,  621, 211, 1610,  153, 153, 153
L 621, 211, 1610,  588, 247, 1610,  153, 153, 153
L 588, 247, 1610,  541, 247, 1610,  153, 153, 153
L 541, 247, 1610,  505, 214, 1610,  153, 153, 153
L 545, 189, 1610,  558, 202, 1610,  153, 153, 153
L 558, 202, 1610,  574, 194, 1610,  153, 153, 153
L 574, 194, 1610,  572, 178, 1610,  153, 153, 153
L 572, 178, 1610,  555, 173, 1610,  153, 153, 153
L 555, 173, 1610,  546, 189, 1610,  153, 153, 153
L 569, 250, 1619,  569, 370, 1610,  153, 153, 153
L 552, 369, 1617,  552, 250, 1608,  153, 153, 153
L 583, 371, 1610,  596, 380, 1610,  153, 153, 153
L 596, 380, 1610,  596, 361, 1610,  153, 153, 153
L 596, 361, 1610,  607, 348, 1610,  153, 153, 153
L 607, 348, 1610,  624, 347, 1610,  153, 153, 153
L 624, 347, 1610,  638, 360, 1610,  153, 153, 153
L 638, 360, 1610,  638, 377, 1610,  153, 153, 153
L 638, 377, 1610,  626, 389, 1610,  153, 153, 153
L 626, 389, 1610,  608, 390, 1610,  153, 153, 153
L 608, 390, 1610,  618, 406, 1610,  153, 153, 153
L 618, 406, 1610,  618, 453, 1610,  153, 153, 153
L 618, 453, 1610,  586, 487, 1610,  153, 153, 153
L 586, 487, 1610,  565, 490, 1610,  153, 153, 153
L 565, 490, 1610,  577, 505, 1610,  153, 153, 153
L 577, 505, 1610,  578, 561, 1610,  153, 153, 153
L 578, 561, 1610,  566, 574, 1610,  153, 153, 153
L 566, 574, 1610,  549, 575, 1610,  153, 153, 153
L 549, 575, 1610,  536, 562, 1610,  153, 153, 153
L 536, 562, 1610,  535, 506, 1610,  153, 153, 153
L 535, 506, 1610,  549, 491, 1610,  153, 153, 153
L 549, 491, 1610,  537, 488, 1610,  153, 153, 153
L 537, 488, 1610,  501, 455, 1610,  153, 153, 153
L 501, 455, 1610,  501, 406, 1610,  153, 153, 153
L 501, 406, 1610,  533, 373, 1610,  153, 153, 153
L 533, 373, 1610,  582, 371, 1610,  153, 153, 153
L 567, 417, 1610,  550, 415, 1610,  153, 153, 153
L 550, 415, 1610,  542, 430, 1610,  153, 153, 153
L 542, 430, 1610,  555, 444, 1610,  153, 153, 153
L 555, 444, 1610,  570, 436, 1610,  153, 153, 153
L 570, 436, 1610,  568, 418, 1610,  153, 153, 153
L 500, 441, 1610,  340, 441, 1608,  153, 153, 153
L 337, 425, 1610,  499, 425, 1613,  153, 153, 153
L 337, 454, 1610,  304, 488, 1610,  153, 153, 153
L 304, 488, 1610,  257, 489, 1610,  153, 153, 153
L 257, 489, 1610,  247, 484, 1610,  153, 153, 153
L 247, 484, 1610,  246, 516, 1610,  153, 153, 153
L 246, 516, 1610,  185, 579, 1610,  153, 153, 153
L 185, 579, 1610,  153, 577, 1610,  153, 153, 153
L 153, 577, 1610,  131, 555, 1610,  153, 153, 153
L 131, 555, 1610,  129, 526, 1610,  153, 153, 153
L 129, 526, 1610,  190, 463, 1610,  153, 153, 153
L 190, 463, 1610,  223, 463, 1643,  153, 153, 153
L 223, 463, 1643,  219, 455, 1610,  153, 153, 153
L 219, 455, 1610,  219, 408, 1610,  153, 153, 153
L 219, 408, 1610,  252, 372, 1610,  153, 153, 153
L 252, 372, 1610,  302, 371, 1610,  153, 153, 153
L 302, 371, 1610,  313, 381, 1610,  153, 153, 153
L 313, 381, 1610,  315, 363, 1610,  153, 153, 153
L 315, 363, 1610,  326, 350, 1610,  153, 153, 153
L 326, 350, 1610,  344, 348, 1610,  153, 153, 153
L 344, 348, 1610,  358, 361, 1610,  153, 153, 153
L 358, 361, 1610,  358, 378, 1610,  153, 153, 153
L 358, 378, 1610,  346, 391, 1610,  153, 153, 153
L 346, 391, 1610,  327, 392, 1610,  153, 153, 153
L 327, 392, 1610,  335, 404, 1610,  153, 153, 153
L 335, 404, 1610,  337, 453, 1610,  153, 153, 153
L 290, 435, 1610,  287, 418, 1610,  153, 153, 153
L 287, 418, 1610,  268, 416, 1610,  153, 153, 153
L 268, 416, 1610,  261, 432, 1610,  153, 153, 153
L 261, 432, 1610,  273, 444, 1610,  153, 153, 153
L 273, 444, 1610,  290, 434, 1610,  153, 153, 153
L 141, 421, 770,  141, 470, 765,  153, 153, 153
L 125, 473, 770,  125, 421, 770,  153, 153, 153
L 141, 473, 770,  153, 485, 770,  153, 153, 153
L 153, 485, 770,  154, 502, 770,  153, 153, 153
L 154, 502, 770,  142, 516, 770,  153, 153, 153
L 142, 516, 770,  125, 515, 770,  153, 153, 153
L 125, 515, 770,  112, 504, 770,  153, 153, 153
L 112, 504, 770,  111, 487, 770,  153, 153, 153
L 111, 487, 770,  125, 472, 770,  153, 153, 153
L 125, 472, 770,  141, 472, 770,  153, 153, 153
L -425, -109, 771,  -546, -109, 773,  153, 153, 153
L -548, -126, 770,  -427, -126, 774,  153, 153, 153
L -549, -106, 770,  -592, -62, 770,  153, 153, 153
L -592, -62, 770,  -654, -60, 770,  153, 153, 153
L -654, -60, 770,  -701, -104, 770,  153, 153, 153
L -701, -104, 770,  -702, -168, 770,  153, 153, 153
L -702, -168, 770,  -659, -213, 770,  153, 153, 153
L -659, -213, 770,  -617, -216, 770,  153, 153, 153
L -617, -216, 770,  -632, -230, 770,  153, 153, 153
L -632, -230, 770,  -630, -248, 770,  153, 153, 153
L -630, -248, 770,  -620, -260, 770,  153, 153, 153
L -620, -260, 770,  -602, -259, 770,  153, 153, 153
L -602, -259, 770,  -590, -247, 770,  153, 153, 153
L -590, -247, 770,  -589, -232, 770,  153, 153, 153
L -589, -232, 770,  -602, -217, 770,  153, 153, 153
L -602, -217, 770,  -596, -214, 770,  153, 153, 153
L -596, -214, 770,  -549, -171, 770,  153, 153, 153
L -549, -171, 770,  -548, -106, 770,  153, 153, 153
L -608, -134, 770,  -618, -152, 770,  153, 153, 153
L -618, -152, 770,  -636, -149, 770,  153, 153, 153
L -636, -149, 770,  -639, -130, 770,  153, 153, 153
L -639, -130, 770,  -622, -121, 770,  153, 153, 153
L -622, -121, 770,  -608, -134, 770,  153, 153, 153
L -611, -61, 770,  -611, 18, 1176,  153, 153, 153
L -629, 16, 1167,  -629, -61, 770,  153, 153, 153
L -586, 19, 1175,  -545, 62, 1175,  153, 153, 153
L -545, 62, 1175,  -546, 122, 1175,  153, 153, 153
L -546, 122, 1175,  -587, 162, 1175,  153, 153, 153
L -587, 162, 1175,  -613, 165, 1175,  153, 153, 153
L -613, 165, 1175,  -600, 180, 1175,  153, 153, 153
L -600, 180, 1175,  -600, 197, 1175,  153, 153, 153
L -600, 197, 1175,  -611, 209, 1175,  153, 153, 153
L -611, 209, 1175,  -630, 210, 1175,  153, 153, 153
L -630, 210, 1175,  -640, 196, 1175,  153, 153, 153
L -640, 196, 1175,  -642, 180, 1175,  153, 153, 153
L -642, 180, 1175,  -629, 168, 1175,  153, 153, 153
L -629, 168, 1175,  -645, 162, 1175,  153, 153, 153
L -645, 162, 1175,  -663, 149, 1175,  153, 153, 153
L -663, 149, 1175,  -665, 169, 1175,  153, 153, 153
L -665, 169, 1175,  -703, 208, 1175,  153, 153, 153
L -703, 208, 1175,  -721, 209, 1175,  153, 153, 153
L -721, 209, 1175,  -734, 197, 1175,  153, 153, 153
L -734, 197, 1175,  -735, 181, 1175,  153, 153, 153
L -735, 181, 1175,  -695, 138, 1175,  153, 153, 153
L -695, 138, 1175,  -677, 139, 1203,  153, 153, 153
L -677, 139, 1203,  -688, 120, 1175,  153, 153, 153
L -688, 120, 1175,  -689, 64, 1175,  153, 153, 153
L -689, 64, 1175,  -648, 21, 1175,  153, 153, 153
L -648, 21, 1175,  -589, 20, 1175,  153, 153, 153
L -620, 73, 1175,  -635, 87, 1175,  153, 153, 153
L -635, 87, 1175,  -629, 106, 1175,  153, 153, 153
L -629, 106, 1175,  -611, 106, 1175,  153, 153, 153
L -611, 106, 1175,  -605, 87, 1175,  153, 153, 153
L -605, 87, 1175,  -620, 76, 1175,  153, 153, 153
L -546, 85, 1175,  -459, 85, 1610,  153, 153, 153
L -460, 103, 1610,  -546, 103, 1175,  153, 153, 153
L -459, 64, 1610,  -425, 32, 1610,  153, 153, 153
L -425, 32, 1610,  -411, 29, 1610,  153, 153, 153
L -411, 29, 1610,  -424, 15, 1610,  153, 153, 153
L -424, 15, 1610,  -426, -2, 1610,  153, 153, 153
L -426, -2, 1610,  -413, -14, 1610,  153, 153, 153
L -413, -14, 1610,  -396, -15, 1610,  153, 153, 153
L -396, -15, 1610,  -384, -3, 1610,  153, 153, 153
L -384, -3, 1610,  -383, 14, 1610,  153, 153, 153
L -383, 14, 1610,  -396, 27, 1610,  153, 153, 153
L -396, 27, 1610,  -376, 31, 1610,  153, 153, 153
L -376, 31, 1610,  -341, 65, 1610,  153, 153, 153
L -341, 65, 1610,  -342, 112, 1610,  153, 153, 153
L -342, 112, 1610,  -373, 146, 1610,  153, 153, 153
L -373, 146, 1610,  -423, 147, 1610,  153, 153, 153
L -423, 147, 1610,  -457, 113, 1610,  153, 153, 153
L -457, 113, 1610,  -458, 66, 1610,  153, 153, 153
L -417, 91, 1610,  -405, 103, 1610,  153, 153, 153
L -405, 103, 1610,  -389, 95, 1610,  153, 153, 153
L -389, 95, 1610,  -391, 77, 1610,  153, 153, 153
L -391, 77, 1610,  -409, 75, 1610,  153, 153, 153
L -409, 75, 1610,  -417, 91, 1610,  153, 153, 153
L -339, 79, 1625,  -178, 79, 1610,  153, 153, 153
L -179, 95, 1610,  -341, 97, 1610,  153, 153, 153
L -177, 63, 1610,  -143, 30, 1610,  153, 153, 153
L -143, 30, 1610,  -127, 27, 1610,  153, 153, 153
L -127, 27, 1610,  -141, 12, 1610,  153, 153, 153
L -141, 12, 1610,  -140, -42, 1610,  153, 153, 153
L -140, -42, 1610,  -128, -55, 1610,  153, 153, 153
L -128, -55, 1610,  -111, -56, 1610,  153, 153, 153
L -111, -56, 1610,  -98, -43, 1610,  153, 153, 153
L -98, -43, 1610,  -98, 12, 1610,  153, 153, 153
L -98, 12, 1610,  -111, 25, 1610,  153, 153, 153
L -111, 25, 1610,  -94, 29, 1610,  153, 153, 153
L -94, 29, 1610,  -61, 62, 1610,  153, 153, 153
L -61, 62, 1610,  -60, 111, 1610,  153, 153, 153
L -60, 111, 1610,  -94, 145, 1610,  153, 153, 153
L -94, 145, 1610,  -140, 145, 1610,  153, 153, 153
L -140, 145, 1610,  -176, 113, 1610,  153, 153, 153
L -176, 113, 1610,  -177, 65, 1610,  153, 153, 153
L -128, 71, 1610,  -135, 88, 1610,  153, 153, 153
L -135, 88, 1610,  -122, 101, 1610,  153, 153, 153
L -122, 101, 1610,  -107, 93, 1610,  153, 153, 153
L -107, 93, 1610,  -109, 76, 1610,  153, 153, 153
L -109, 76, 1610,  -126, 72, 1610,  153, 153, 153
L -391, 150, 1610,  -390, 267, 1175,  153, 153, 153
L -408, 268, 1175,  -409, 150, 1610,  153, 153, 153
L -367, 267, 1175,  -327, 309, 1175,  153, 153, 153
L -327, 309, 1175,  -327, 367, 1175,  153, 153, 153
L -327, 367, 1175,  -366, 409, 1175,  153, 153, 153
L -366, 409, 1175,  -428, 411, 1175,  153, 153, 153
L -428, 411, 1175,  -441, 398, 1175,  153, 153, 153
L -441, 398, 1175,  -441, 432, 1175,  153, 153, 153
L -441, 432, 1175,  -503, 493, 1175,  153, 153, 153
L -503, 493, 1175,  -535, 493, 1175,  153, 153, 153
L -535, 493, 1175,  -556, 471, 1175,  153, 153, 153
L -556, 471, 1175,  -559, 441, 1175,  153, 153, 153
L -559, 441, 1175,  -496, 377, 1175,  153, 153, 153
L -496, 377, 1175,  -465, 380, 1175,  153, 153, 153
L -465, 380, 1175,  -467, 369, 1175,  153, 153, 153
L -467, 369, 1175,  -469, 311, 1175,  153, 153, 153
L -469, 311, 1175,  -457, 297, 1175,  153, 153, 153
L -457, 297, 1175,  -479, 294, 1175,  153, 153, 153
L -479, 294, 1175,  -488, 284, 1175,  153, 153, 153
L -488, 284, 1175,  -491, 267, 1175,  153, 153, 153
L -491, 267, 1175,  -479, 253, 1175,  153, 153, 153
L -479, 253, 1175,  -461, 252, 1175,  153, 153, 153
L -461, 252, 1175,  -449, 264, 1175,  153, 153, 153
L -449, 264, 1175,  -448, 282, 1175,  153, 153, 153
L -448, 282, 1175,  -429, 269, 1175,  153, 153, 153
L -429, 269, 1175,  -371, 268, 1175,  153, 153, 153
L -399, 321, 1175,  -416, 335, 1175,  153, 153, 153
L -416, 335, 1175,  -411, 352, 1175,  153, 153, 153
L -411, 352, 1175,  -391, 353, 1175,  153, 153, 153
L -391, 353, 1175,  -385, 335, 1175,  153, 153, 153
L -385, 335, 1175,  -400, 324, 1175,  153, 153, 153
L -341, 385, 1175,  -275, 451, 770,  153, 153, 153
L -287, 464, 770,  -352, 399, 1169,  153, 153, 153
L -259, 436, 770,  -196, 436, 770,  153, 153, 153
L -196, 436, 770,  -151, 481, 770,  153, 153, 153
L -151, 481, 770,  -150, 543, 770,  153, 153, 153
L -150, 543, 770,  -195, 589, 770,  153, 153, 153
L -195, 589, 770,  -212, 590, 770,  153, 153, 153
L -212, 590, 770,  -185, 615, 770,  153, 153, 153
L -185, 615, 770,  -186, 701, 770,  153, 153, 153
L -186, 701, 770,  -207, 721, 770,  153, 153, 153
L -207, 721, 770,  -240, 723, 770,  153, 153, 153
L -240, 723, 770,  -264, 703, 770,  153, 153, 153
L -264, 703, 770,  -264, 615, 770,  153, 153, 153
L -264, 615, 770,  -241, 594, 770,  153, 153, 153
L -241, 594, 770,  -258, 590, 770,  153, 153, 153
L -258, 590, 770,  -300, 547, 770,  153, 153, 153
L -300, 547, 770,  -303, 484, 770,  153, 153, 153
L -303, 484, 770,  -261, 438, 770,  153, 153, 153
L -227, 497, 770,  -242, 508, 770,  153, 153, 153
L -242, 508, 770,  -236, 527, 770,  153, 153, 153
L -236, 527, 770,  -217, 528, 770,  153, 153, 153
L -217, 528, 770,  -210, 509, 770,  153, 153, 153
L -210, 509, 770,  -225, 497, 770,  153, 153, 153
L -274, 575, 770,  -332, 632, 771,  153, 153, 153
L -345, 621, 771,  -288, 565, 768,  153, 153, 153
L -332, 631, 769,  -332, 652, 771,  153, 153, 153
L -332, 652, 771,  -373, 692, 771,  153, 153, 153
L -373, 692, 771,  -403, 680, 771,  153, 153, 153
L -403, 680, 771,  -403, 661, 771,  153, 153, 153
L -403, 661, 771,  -364, 622, 771,  153, 153, 153
L -364, 622, 771,  -344, 621, 771,  153, 153, 153
L -344, 621, 771,  -333, 632, 771,  153, 153, 153
L -704, -124, 770,  -753, -124, 770,  153, 153, 153
L -755, -140, 770,  -704, -139, 768,  153, 153, 153
L -756, -123, 770,  -767, -112, 770,  153, 153, 153
L -767, -112, 770,  -824, -110, 770,  153, 153, 153
L -824, -110, 770,  -837, -122, 770,  153, 153, 153
L -837, -122, 770,  -838, -140, 770,  153, 153, 153
L -838, -140, 770,  -826, -153, 770,  153, 153, 153
L -826, -153, 770,  -770, -154, 770,  153, 153, 153
L -770, -154, 770,  -755, -140, 770,  153, 153, 153
L -755, -140, 770,  -755, -124, 770,  153, 153, 153
L -656, -213, 770,  -655, -335, 1168,  153, 153, 153
L -637, -338, 1175,  -637, -214, 770,  153, 153, 153
L -656, -338, 1175,  -698, -381, 1175,  153, 153, 153
L -698, -381, 1175,  -697, -438, 1175,  153, 153, 153
L -697, -438, 1175,  -683, -455, 1175,  153, 153, 153
L -683, -455, 1175,  -701, -459, 1175,  153, 153, 153
L -701, -459, 1175,  -714, -470, 1175,  153, 153, 153
L -714, -470, 1175,  -715, -488, 1175,  153, 153, 153
L -715, -488, 1175,  -703, -500, 1175,  153, 153, 153
L -703, -500, 1175,  -685, -501, 1175,  153, 153, 153
L -685, -501, 1175,  -673, -490, 1175,  153, 153, 153
L -673, -490, 1175,  -671, -469, 1175,  153, 153, 153
L -671, -469, 1175,  -655, -482, 1175,  153, 153, 153
L -655, -482, 1175,  -598, -481, 1175,  153, 153, 153
L -598, -481, 1175,  -556, -442, 1175,  153, 153, 153
L -556, -442, 1175,  -554, -384, 1175,  153, 153, 153
L -554, -384, 1175,  -594, -341, 1175,  153, 153, 153
L -594, -341, 1175,  -653, -338, 1175,  153, 153, 153
L -637, -394, 1175,  -619, -396, 1175,  153, 153, 153
L -619, -396, 1175,  -613, -414, 1175,  153, 153, 153
L -613, -414, 1175,  -628, -426, 1175,  153, 153, 153
L -628, -426, 1175,  -644, -414, 1175,  153, 153, 153
L -644, -414, 1175,  -636, -396, 1175,  153, 153, 153
L -555, -419, 1175,  -410, -420, 1609,  153, 153, 153
L -408, -400, 1610,  -554, -401, 1175,  153, 153, 153
L -408, -437, 1610,  -375, -469, 1610,  153, 153, 153
L -375, -469, 1610,  -326, -471, 1610,  153, 153, 153
L -326, -471, 1610,  -291, -438, 1610,  153, 153, 153
L -291, -438, 1610,  -288, -418, 1610,  153, 153, 153
L -288, -418, 1610,  -273, -432, 1610,  153, 153, 153
L -273, -432, 1610,  -217, -432, 1610,  153, 153, 153
L -217, -432, 1610,  -204, -418, 1610,  153, 153, 153
L -204, -418, 1610,  -206, -401, 1610,  153, 153, 153
L -206, -401, 1610,  -215, -390, 1610,  153, 153, 153
L -215, -390, 1610,  -272, -389, 1610,  153, 153, 153
L -272, -389, 1610,  -287, -402, 1610,  153, 153, 153
L -287, -402, 1610,  -290, -387, 1610,  153, 153, 153
L -290, -387, 1610,  -323, -354, 1610,  153, 153, 153
L -323, -354, 1610,  -340, -352, 1610,  153, 153, 153
L -340, -352, 1610,  -329, -336, 1610,  153, 153, 153
L -329, -336, 1610,  -327, -320, 1610,  153, 153, 153
L -327, -320, 1610,  -339, -308, 1610,  153, 153, 153
L -339, -308, 1610,  -356, -306, 1610,  153, 153, 153
L -356, -306, 1610,  -369, -320, 1610,  153, 153, 153
L -369, -320, 1610,  -370, -336, 1610,  153, 153, 153
L -370, -336, 1610,  -358, -349, 1610,  153, 153, 153
L -358, -349, 1610,  -371, -354, 1610,  153, 153, 153
L -371, -354, 1610,  -405, -386, 1610,  153, 153, 153
L -405, -386, 1610,  -407, -433, 1610,  153, 153, 153
L -360, -427, 1610,  -366, -412, 1610,  153, 153, 153
L -366, -412, 1610,  -354, -398, 1610,  153, 153, 153
L -354, -398, 1610,  -337, -406, 1610,  153, 153, 153
L -337, -406, 1610,  -339, -424, 1610,  153, 153, 153
L -339, -424, 1610,  -357, -427, 1610,  153, 153, 153
L -407, -401, 1610,  -552, -401, 1175,  153, 153, 153
L -396, -450, 1610,  -509, -562, 1606,  153, 153, 153
L -499, -576, 1610,  -384, -461, 1612,  153, 153, 153
L -531, -544, 1610,  -579, -542, 1610,  153, 153, 153
L -579, -542, 1610,  -614, -576, 1610,  153, 153, 153
L -614, -576, 1610,  -617, -597, 1610,  153, 153, 153
L -617, -597, 1610,  -632, -583, 1610,  153, 153, 153
L -632, -583, 1610,  -687, -582, 1610,  153, 153, 153
L -687, -582, 1610,  -700, -594, 1610,  153, 153, 153
L -700, -594, 1610,  -700, -611, 1610,  153, 153, 153
L -700, -611, 1610,  -689, -624, 1610,  153, 153, 153
L -689, -624, 1610,  -633, -625, 1610,  153, 153, 153
L -633, -625, 1610,  -618, -612, 1610,  153, 153, 153
L -618, -612, 1610,  -615, -625, 1610,  153, 153, 153
L -615, -625, 1610,  -582, -660, 1610,  153, 153, 153
L -582, -660, 1610,  -533, -661, 1610,  153, 153, 153
L -533, -661, 1610,  -499, -628, 1610,  153, 153, 153
L -499, -628, 1610,  -497, -579, 1610,  153, 153, 153
L -497, -579, 1610,  -529, -546, 1610,  153, 153, 153
L -550, -588, 1610,  -542, -603, 1610,  153, 153, 153
L -542, -603, 1610,  -552, -619, 1610,  153, 153, 153
L -552, -619, 1610,  -569, -613, 1610,  153, 153, 153
L -569, -613, 1610,  -569, -596, 1610,  153, 153, 153
L -569, -596, 1610,  -552, -590, 1610,  153, 153, 153
L -367, -471, 1610,  -366, -522, 1608,  153, 153, 153
L -351, -525, 1610,  -350, -472, 1610,  153, 153, 153
L -391, -525, 1610,  -426, -558, 1610,  153, 153, 153
L -426, -558, 1610,  -428, -609, 1610,  153, 153, 153
L -428, -609, 1610,  -448, -612, 1610,  153, 153, 153
L -448, -612, 1610,  -488, -650, 1610,  153, 153, 153
L -488, -650, 1610,  -489, -667, 1610,  153, 153, 153
L -489, -667, 1610,  -478, -679, 1610,  153, 153, 153
L -478, -679, 1610,  -460, -681, 1610,  153, 153, 153
L -460, -681, 1610,  -419, -642, 1610,  153, 153, 153
L -419, -642, 1610,  -418, -622, 1610,  153, 153, 153
L -418, -622, 1610,  -394, -641, 1610,  153, 153, 153
L -394, -641, 1610,  -346, -642, 1610,  153, 153, 153
L -346, -642, 1610,  -311, -609, 1610,  153, 153, 153
L -311, -609, 1610,  -308, -591, 1610,  153, 153, 153
L -308, -591, 1610,  -294, -603, 1610,  153, 153, 153
L -294, -603, 1610,  -278, -604, 1610,  153, 153, 153
L -278, -604, 1610,  -263, -592, 1610,  153, 153, 153
L -263, -592, 1610,  -263, -575, 1610,  153, 153, 153
L -263, -575, 1610,  -274, -563, 1610,  153, 153, 153
L -274, -563, 1610,  -293, -561, 1610,  153, 153, 153
L -293, -561, 1610,  -305, -574, 1610,  153, 153, 153
L -305, -574, 1610,  -310, -560, 1610,  153, 153, 153
L -310, -560, 1610,  -343, -525, 1610,  153, 153, 153
L -343, -525, 1610,  -391, -524, 1610,  153, 153, 153
L -380, -576, 1610,  -364, -571, 1610,  153, 153, 153
L -364, -571, 1610,  -354, -587, 1610,  153, 153, 153
L -354, -587, 1610,  -364, -600, 1610,  153, 153, 153
L -364, -600, 1610,  -381, -595, 1610,  153, 153, 153
L -381, -595, 1610,  -380, -576, 1610,  153, 153, 153
L -356, -216, 770,  -356, -334, 766,  153, 153, 153
L -340, -338, 770,  -340, -216, 770,  153, 153, 153
L -380, -338, 770,  -424, -380, 770,  153, 153, 153
L -424, -380, 770,  -428, -406, 770,  153, 153, 153
L -428, -406, 770,  -444, -393, 770,  153, 153, 153
L -444, -393, 770,  -461, -392, 770,  153, 153, 153
L -461, -392, 770,  -473, -403, 770,  153, 153, 153
L -473, -403, 770,  -474, -420, 770,  153, 153, 153
L -474, -420, 770,  -462, -434, 770,  153, 153, 153
L -462, -434, 770,  -445, -435, 770,  153, 153, 153
L -445, -435, 770,  -430, -421, 770,  153, 153, 153
L -430, -421, 770,  -427, -445, 770,  153, 153, 153
L -427, -445, 770,  -384, -489, 770,  153, 153, 153
L -384, -489, 770,  -319, -490, 770,  153, 153, 153
L -319, -490, 770,  -276, -448, 770,  153, 153, 153
L -276, -448, 770,  -274, -385, 770,  153, 153, 153
L -274, -385, 770,  -289, -367, 770,  153, 153, 153
L -289, -367, 770,  -268, -365, 770,  153, 153, 153
L -268, -365, 770,  -229, -327, 770,  153, 153, 153
L -229, -327, 770,  -228, -308, 770,  153, 153, 153
L -228, -308, 770,  -239, -296, 770,  153, 153, 153
L -239, -296, 770,  -258, -295, 770,  153, 153, 153
L -258, -295, 770,  -298, -335, 770,  153, 153, 153
L -298, -335, 770,  -298, -354, 770,  153, 153, 153
L -298, -354, 770,  -319, -338, 770,  153, 153, 153
L -319, -338, 770,  -379, -337, 770,  153, 153, 153
L -354, -395, 770,  -335, -406, 770,  153, 153, 153
L -335, -406, 770,  -338, -425, 770,  153, 153, 153
L -338, -425, 770,  -359, -428, 770,  153, 153, 153
L -359, -428, 770,  -366, -409, 770,  153, 153, 153
L -366, -409, 770,  -352, -396, 770,  153, 153, 153
L -339, -493, 770,  -339, -655, 770,  153, 153, 153
L -322, -654, 770,  -322, -491, 770,  153, 153, 153
L -381, -654, 770,  -427, -699, 770,  153, 153, 153
L -427, -699, 770,  -430, -728, 760,  153, 153, 153
L -430, -728, 760,  -444, -713, 760,  153, 153, 153
L -444, -713, 760,  -499, -713, 760,  153, 153, 153
L -499, -713, 760,  -512, -726, 760,  153, 153, 153
L -512, -726, 760,  -512, -742, 760,  153, 153, 153
L -512, -742, 760,  -501, -755, 760,  153, 153, 153
L -501, -755, 760,  -445, -756, 760,  153, 153, 153
L -445, -756, 760,  -431, -743, 760,  153, 153, 153
L -431, -743, 760,  -427, -762, 770,  153, 153, 153
L -427, -762, 770,  -385, -805, 770,  153, 153, 153
L -385, -805, 770,  -321, -808, 770,  153, 153, 153
L -321, -808, 770,  -274, -763, 770,  153, 153, 153
L -274, -763, 770,  -274, -701, 770,  153, 153, 153
L -274, -701, 770,  -317, -656, 770,  153, 153, 153
L -317, -656, 770,  -380, -654, 770,  153, 153, 153
L -347, -715, 770,  -333, -729, 770,  153, 153, 153
L -333, -729, 770,  -342, -746, 770,  153, 153, 153
L -342, -746, 770,  -361, -743, 770,  153, 153, 153
L -361, -743, 770,  -363, -722, 770,  153, 153, 153
L -363, -722, 770,  -346, -715, 770,  153, 153, 153
L -409, -781, 770,  -513, -886, 1175,  153, 153, 153
L -501, -897, 1175,  -396, -792, 770,  153, 153, 153
L -532, -868, 1175,  -590, -867, 1175,  153, 153, 153
L -590, -867, 1175,  -633, -908, 1175,  153, 153, 153
L -633, -908, 1175,  -636, -934, 1175,  153, 153, 153
L -636, -934, 1175,  -651, -921, 1175,  153, 153, 153
L -651, -921, 1175,  -667, -920, 1175,  153, 153, 153
L -667, -920, 1175,  -680, -932, 1175,  153, 153, 153
L -680, -932, 1175,  -680, -949, 1175,  153, 153, 153
L -680, -949, 1175,  -669, -962, 1175,  153, 153, 153
L -669, -962, 1175,  -653, -963, 1175,  153, 153, 153
L -653, -963, 1175,  -638, -951, 1175,  153, 153, 153
L -638, -951, 1175,  -634, -966, 1175,  153, 153, 153
L -634, -966, 1175,  -592, -1010, 1175,  153, 153, 153
L -592, -1010, 1175,  -613, -1034, 1175,  153, 153, 153
L -613, -1034, 1175,  -614, -1122, 1175,  153, 153, 153
L -614, -1122, 1175,  -592, -1143, 1175,  153, 153, 153
L -592, -1143, 1175,  -562, -1144, 1175,  153, 153, 153
L -562, -1144, 1175,  -539, -1125, 1175,  153, 153, 153
L -539, -1125, 1175,  -537, -1037, 1175,  153, 153, 153
L -537, -1037, 1175,  -559, -1016, 1175,  153, 153, 153
L -559, -1016, 1175,  -535, -1009, 1175,  153, 153, 153
L -535, -1009, 1175,  -494, -970, 1175,  153, 153, 153
L -494, -970, 1175,  -491, -912, 1175,  153, 153, 153
L -491, -912, 1175,  -532, -868, 1175,  153, 153, 153
L -555, -922, 1175,  -550, -942, 1175,  153, 153, 153
L -550, -942, 1175,  -567, -955, 1175,  153, 153, 153
L -567, -955, 1175,  -581, -943, 1175,  153, 153, 153
L -581, -943, 1175,  -575, -926, 1175,  153, 153, 153
L -575, -926, 1175,  -556, -925, 1175,  153, 153, 153
L -272, -740, 770,  -152, -740, 770,  153, 153, 153
L -151, -725, 770,  -270, -725, 764,  153, 153, 153
L -107, -806, 770,  -101, -808, 770,  153, 153, 153
L -101, -808, 770,  -112, -823, 770,  153, 153, 153
L -112, -823, 770,  -114, -878, 770,  153, 153, 153
L -114, -878, 770,  -102, -891, 770,  153, 153, 153
L -102, -891, 770,  -85, -893, 770,  153, 153, 153
L -85, -893, 770,  -71, -880, 770,  153, 153, 153
L -71, -880, 770,  -70, -824, 770,  153, 153, 153
L -70, -824, 770,  -83, -810, 770,  153, 153, 153
L -83, -810, 770,  -44, -806, 770,  153, 153, 153
L -44, -806, 770,  0, -763, 770,  153, 153, 153
L 0, -763, 770,  1, -703, 770,  153, 153, 153
L 1, -703, 770,  -38, -658, 770,  153, 153, 153
L -38, -658, 770,  -78, -654, 770,  153, 153, 153
L -78, -654, 770,  -70, -638, 770,  153, 153, 153
L -70, -638, 770,  -68, -623, 770,  153, 153, 153
L -68, -623, 770,  -78, -609, 770,  153, 153, 153
L -78, -609, 770,  -95, -608, 770,  153, 153, 153
L -95, -608, 770,  -109, -619, 770,  153, 153, 153
L -109, -619, 770,  -109, -636, 770,  153, 153, 153
L -109, -636, 770,  -96, -650, 770,  153, 153, 153
L -96, -650, 770,  -105, -653, 770,  153, 153, 153
L -105, -653, 770,  -148, -697, 770,  153, 153, 153
L -148, -697, 770,  -150, -760, 770,  153, 153, 153
L -150, -760, 770,  -108, -804, 770,  153, 153, 153
L -84, -742, 770,  -87, -722, 770,  153, 153, 153
L -87, -722, 770,  -71, -714, 770,  153, 153, 153
L -71, -714, 770,  -56, -727, 770,  153, 153, 153
L -56, -727, 770,  -65, -745, 770,  153, 153, 153
L -65, -745, 770,  -84, -742, 770,  153, 153, 153
L -138, -777, 770,  -172, -812, 765,  153, 153, 153
L -162, -823, 769,  -128, -788, 769,  153, 153, 153
L -191, -798, 770,  -254, -798, 770,  153, 153, 153
L -254, -798, 770,  -297, -841, 770,  153, 153, 153
L -297, -841, 770,  -299, -904, 770,  153, 153, 153
L -299, -904, 770,  -286, -920, 770,  153, 153, 153
L -286, -920, 770,  -306, -923, 771,  153, 153, 153
L -306, -923, 771,  -345, -963, 771,  153, 153, 153
L -345, -963, 771,  -346, -981, 771,  153, 153, 153
L -346, -981, 771,  -334, -993, 771,  153, 153, 153
L -334, -993, 771,  -315, -993, 771,  153, 153, 153
L -315, -993, 771,  -277, -954, 771,  153, 153, 153
L -277, -954, 771,  -276, -935, 771,  153, 153, 153
L -276, -935, 771,  -256, -949, 770,  153, 153, 153
L -256, -949, 770,  -191, -951, 770,  153, 153, 153
L -191, -951, 770,  -181, -941, 770,  153, 153, 153
L -181, -941, 770,  -177, -959, 770,  153, 153, 153
L -177, -959, 770,  -166, -971, 770,  153, 153, 153
L -166, -971, 770,  -148, -973, 770,  153, 153, 153
L -148, -973, 770,  -136, -961, 770,  153, 153, 153
L -136, -961, 770,  -136, -944, 770,  153, 153, 153
L -136, -944, 770,  -146, -932, 770,  153, 153, 153
L -146, -932, 770,  -166, -930, 770,  153, 153, 153
L -166, -930, 770,  -149, -908, 770,  153, 153, 153
L -149, -908, 770,  -146, -846, 770,  153, 153, 153
L -146, -846, 770,  -189, -799, 770,  153, 153, 153
L -211, -859, 770,  -207, -880, 770,  153, 153, 153
L -207, -880, 770,  -222, -890, 770,  153, 153, 153
L -222, -890, 770,  -238, -879, 770,  153, 153, 153
L -238, -879, 770,  -232, -861, 770,  153, 153, 153
L -232, -861, 770,  -214, -859, 770,  153, 153, 153
L -210, -982, -294,  -210, -995, -218,  153, 153, 153
L -210, -995, -218,  -229, -995, -219,  153, 153, 153
L -229, -995, -219,  -232, -981, -283,  153, 153, 153
L -232, -981, -283,  -211, -981, -300,  153, 153, 153
L 127, -49, 0,  126, -20, -7,  153, 153, 153
L 126, -20, -7,  148, -20, -7,  153, 153, 153
L 148, -20, -7,  148, -49, -3,  153, 153, 153
L 148, -49, -3,  128, -50, 0,  153, 153, 153
L 601, 1967, 135,  540, 1939, 93,  153, 153, 153
L 540, 1939, 93,  509, 2003, -7,  153, 153, 153
L 509, 2003, -7,  576, 2033, 2,  153, 153, 153
L 576, 2033, 2,  601, 1968, 134,  153, 153, 153
L 446, 1897, 66,  384, 1869, 95,  153, 153, 153
L 384, 1869, 95,  354, 1932, 56,  153, 153, 153
L 354, 1932, 56,  420, 1962, 0,  153, 153, 153
L 420, 1962, 0,  447, 1898, 64,  153, 153, 153
L 473, 2085, -7,  444, 2151, 6,  153, 153, 153
L 444, 2151, 6,  510, 2179, 51,  153, 153, 153
L 510, 2179, 51,  541, 2115, -7,  153, 153, 153
L 541, 2115, -7,  475, 2084, -7,  153, 153, 153
L 351, 2111, -2,  381, 2044, 10,  153, 153, 153
L 381, 2044, 10,  317, 2015, 39,  153, 153, 153
L 317, 2015, 39,  284, 2081, -1,  153, 153, 153
L 284, 2081, -1,  350, 2111, -2,  153, 153, 153
L 414, -451, -7,  409, -443, -7,  153, 153, 153
L 409, -443, -7,  418, -438, -7,  153, 153, 153
L 418, -438, -7,  423, -446, -7,  153, 153, 153
L 423, -446, -7,  414, -451, -7,  153, 153, 153
L 417, -456, -7,  426, -451, -7,  153, 153, 153
L 426, -451, -7,  431, -460, -7,  153, 153, 153
L 431, -460, -7,  422, -465, -7,  153, 153, 153
L 422, -465, -7,  418, -455, -7,  153, 153, 153
L 402, -473, -7,  386, -482, -7,  153, 153, 153
L 386, -482, -7,  377, -466, -7,  153, 153, 153
L 377, -466, -7,  393, -457, -7,  153, 153, 153
L 393, -457, -7,  401, -474, -7,  153, 153, 153
L 413, -487, -7,  419, -496, -7,  153, 153, 153
L 419, -496, -7,  409, -501, -7,  153, 153, 153
L 409, -501, -7,  405, -491, -7,  153, 153, 153
L 405, -491, -7,  414, -487, -7,  153, 153, 153
L 400, -494, -7,  405, -505, -7,  153, 153, 153
L 405, -505, -7,  396, -508, -7,  153, 153, 153
L 396, -508, -7,  391, -500, -7,  153, 153, 153
L 391, -500, -7,  400, -495, -7,  153, 153, 153
L 370, -498, -7,  360, -502, -7,  153, 153, 153
L 360, -502, -7,  356, -493, -7,  153, 153, 153
L 356, -493, -7,  365, -488, -7,  153, 153, 153
L 365, -488, -7,  370, -498, -7,  153, 153, 153
L 361, -484, -7,  352, -489, -7,  153, 153, 153
L 352, -489, -7,  348, -480, -7,  153, 153, 153
L 348, -480, -7,  357, -476, -7,  153, 153, 153
L 357, -476, -7,  361, -485, -7,  153, 153, 153
L 360, -449, -7,  355, -439, -7,  153, 153, 153
L 355, -439, -7,  364, -436, -7,  153, 153, 153
L 364, -436, -7,  369, -445, -7,  153, 153, 153
L 369, -445, -7,  360, -450, -7,  153, 153, 153
L 374, -441, -7,  369, -433, -7,  153, 153, 153
L 369, -433, -7,  377, -428, -7,  153, 153, 153
L 377, -428, -7,  383, -436, -7,  153, 153, 153
L 383, -436, -7,  374, -442, -7,  153, 153, 153
P -33, -2366, 0, 255, 255, 255, 2, Crushbone
P -223, -986, 0, 255, 255, 255, 2, Orc Lift
P -236, -138, 0, 255, 255, 255, 2, PoD Lift
P 135, -26, 0, 255, 255, 255, 2, First Lift
P 2369, 2000, 0, 255, 255, 255, 2, Felwithe
P 459, 2040, 0, 255, 255, 255, 2, Wizard Spires
P -2528, 1538, 0, 255, 255, 255, 2, Butcherblock
P -83, 478, 0, 255, 255, 255, 2, Fier`Dal Forge
P -670, 144, 0, 255, 255, 255, 2, Bank
P -225, 594, 0, 255, 255, 255, 2, Druid Guild
P -451, 387, 0, 255, 255, 255, 2, Ranger Guild
P -220, 205, 0, 255, 255, 255, 2, Bard Guild
P 1046, 2462, 0, 255, 255, 255, 2, Lesser Faydark
P 372, -523, 0, 255, 255, 255, 2, Druid Ring
P -10, 20, 0, 255, 255, 255, 2, Succor Point
