L 3735, 6890, -1697,  3735, 6890, -1698,  153, 153, 153
L 3735, 6890, -1698,  3760, 6807, -1740,  153, 153, 153
L 3760, 6807, -1740,  3859, 6717, -852,  153, 153, 153
L 3859, 6717, -852,  3911, 6549, -926,  153, 153, 153
L 3911, 6549, -926,  3911, 6358, -1068,  153, 153, 153
L 3911, 6358, -1068,  3911, 6160, -1169,  153, 153, 153
L 3911, 6160, -1169,  3911, 5896, -1060,  153, 153, 153
L 3911, 5896, -1060,  3920, 5586, 0,  153, 153, 153
L 3920, 5586, 0,  3972, 5425, 1394,  153, 153, 153
L 3972, 5425, 1394,  3889, 5210, 1410,  153, 153, 153
L 3889, 5210, 1410,  3886, 5003, 1991,  153, 153, 153
L 3886, 5003, 1991,  3823, 4921, 2121,  153, 153, 153
L 3823, 4921, 2121,  3731, 4859, 2090,  153, 153, 153
L 3731, 4859, 2090,  3636, 4809, 1996,  153, 153, 153
L 3636, 4809, 1996,  3412, 4610, 1803,  153, 153, 153
L 3412, 4610, 1803,  3305, 4510, 1687,  153, 153, 153
L 3305, 4510, 1687,  3194, 4406, 1479,  153, 153, 153
L 3194, 4406, 1479,  3024, 4243, 1355,  153, 153, 153
L 3024, 4243, 1355,  2960, 4190, 1389,  153, 153, 153
L 2960, 4190, 1389,  2879, 4038, 1751,  153, 153, 153
L 2879, 4038, 1751,  2861, 4000, 2057,  153, 153, 153
L 2861, 4000, 2057,  2821, 3883, 2171,  153, 153, 153
L 2821, 3883, 2171,  2750, 3698, 2568,  153, 153, 153
L 2750, 3698, 2568,  2814, 3482, 3378,  153, 153, 153
L 2814, 3482, 3378,  2860, 3288, 3264,  153, 153, 153
L 2860, 3288, 3264,  2949, 3051, 3113,  153, 153, 153
L 2949, 3051, 3113,  3051, 2865, 3530,  153, 153, 153
L 3051, 2865, 3530,  3082, 2809, 3485,  153, 153, 153
L 3082, 2809, 3485,  3281, 2681, 3227,  153, 153, 153
L 3281, 2681, 3227,  3664, 2552, 3049,  153, 153, 153
L 3664, 2552, 3049,  3868, 2483, 3187,  153, 153, 153
L 3868, 2483, 3187,  3883, 2458, 3286,  153, 153, 153
L 3883, 2458, 3286,  3911, 2454, 3370,  153, 153, 153
L 3911, 2454, 3370,  3912, 2338, 3318,  153, 153, 153
L 3912, 2338, 3318,  4053, 2093, 3060,  153, 153, 153
L 4053, 2093, 3060,  4305, 1835, 3367,  153, 153, 153
L 4305, 1835, 3367,  4339, 1994, 4439,  153, 153, 153
L 4339, 1994, 4439,  4395, 1949, 4774,  153, 153, 153
L 4395, 1949, 4774,  4613, 1928, 4684,  153, 153, 153
L 4613, 1928, 4684,  4877, 1894, 4532,  153, 153, 153
L 4877, 1894, 4532,  5097, 1889, 4423,  153, 153, 153
L -4030, 2426, 3813,  -4030, 2426, 3820,  153, 153, 153
L -4030, 2426, 3820,  -3843, 2442, 3728,  153, 153, 153
L -3843, 2442, 3728,  -3574, 2437, 3553,  153, 153, 153
L -3574, 2437, 3553,  -3299, 2408, 4104,  153, 153, 153
L -3299, 2408, 4104,  -2949, 2358, 4919,  153, 153, 153
L -2949, 2358, 4919,  -2859, 2304, 4776,  153, 153, 153
L -2859, 2304, 4776,  -2648, 1996, 4972,  153, 153, 153
L -2648, 1996, 4972,  -2608, 1566, 5071,  153, 153, 153
L -2608, 1566, 5071,  -2541, 1429, 4943,  153, 153, 153
L -2541, 1429, 4943,  -2477, 1362, 4811,  153, 153, 153
L -2477, 1362, 4811,  -2317, 1194, 6013,  153, 153, 153
L -2317, 1194, 6013,  -2162, 1015, 5842,  153, 153, 153
L -2162, 1015, 5842,  -2003, 757, 6254,  153, 153, 153
L -2003, 757, 6254,  -1916, 687, 6639,  153, 153, 153
L -1916, 687, 6639,  -1867, 613, 6635,  153, 153, 153
L -1867, 613, 6635,  -1835, 510, 6593,  153, 153, 153
L -1835, 510, 6593,  -1807, 435, 6531,  153, 153, 153
L -1807, 435, 6531,  -1744, 421, 6464,  153, 153, 153
L -1744, 421, 6464,  -1642, 402, 6387,  153, 153, 153
L -1642, 402, 6387,  -1535, 381, 6281,  153, 153, 153
L -1535, 381, 6281,  -1376, 362, 6103,  153, 153, 153
L -1376, 362, 6103,  -1144, 400, 5874,  153, 153, 153
L -1144, 400, 5874,  -1051, 416, 5781,  153, 153, 153
L -1051, 416, 5781,  -955, 431, 5658,  153, 153, 153
L -955, 431, 5658,  -747, 459, 5422,  153, 153, 153
L -747, 459, 5422,  -567, 472, 5247,  153, 153, 153
L -567, 472, 5247,  -401, 508, 5068,  153, 153, 153
L -401, 508, 5068,  -276, 528, 4887,  153, 153, 153
L -276, 528, 4887,  -184, 447, 4772,  153, 153, 153
L -184, 447, 4772,  -46, 328, 4590,  153, 153, 153
L -46, 328, 4590,  27, 174, 4410,  153, 153, 153
L 27, 174, 4410,  30, 28, 4273,  153, 153, 153
L 30, 28, 4273,  88, 28, 4169,  153, 153, 153
L 88, 28, 4169,  184, 27, 4045,  153, 153, 153
L 184, 27, 4045,  204, 74, 3902,  153, 153, 153
L 204, 74, 3902,  239, 296, 3616,  153, 153, 153
L 239, 296, 3616,  296, 460, 3434,  153, 153, 153
L 296, 460, 3434,  338, 581, 3327,  153, 153, 153
L 338, 581, 3327,  369, 671, 3196,  153, 153, 153
L 369, 671, 3196,  500, 827, 2958,  153, 153, 153
L 500, 827, 2958,  697, 716, 2818,  153, 153, 153
L 697, 716, 2818,  844, 623, 3227,  153, 153, 153
L 844, 623, 3227,  995, 522, 3632,  153, 153, 153
L 995, 522, 3632,  1264, 413, 3492,  153, 153, 153
L 1264, 413, 3492,  1422, 337, 3323,  153, 153, 153
L 1422, 337, 3323,  1589, 126, 4011,  153, 153, 153
L 1589, 126, 4011,  1599, 124, 4012,  153, 153, 153
L 1599, 124, 4012,  1652, 63, 4019,  153, 153, 153
L 1652, 63, 4019,  1688, 20, 4106,  153, 153, 153
L 1688, 20, 4106,  1758, -51, 4711,  153, 153, 153
L 1758, -51, 4711,  1854, -99, 4840,  153, 153, 153
L 1854, -99, 4840,  2016, -178, 4852,  153, 153, 153
L 2016, -178, 4852,  2172, -253, 4795,  153, 153, 153
L 2172, -253, 4795,  2186, -239, 5051,  153, 153, 153
L 2186, -239, 5051,  2350, -230, 5370,  153, 153, 153
L 2350, -230, 5370,  2574, -188, 5994,  153, 153, 153
L 2574, -188, 5994,  2740, -141, 5938,  153, 153, 153
L 2740, -141, 5938,  2780, -22, 5859,  153, 153, 153
L 2780, -22, 5859,  2842, 156, 5671,  153, 153, 153
L 2842, 156, 5671,  2892, 302, 5517,  153, 153, 153
L 2892, 302, 5517,  2943, 449, 5906,  153, 153, 153
L 2943, 449, 5906,  3066, 576, 6056,  153, 153, 153
L 3066, 576, 6056,  3311, 700, 5798,  153, 153, 153
L 3311, 700, 5798,  3461, 746, 5675,  153, 153, 153
L 3461, 746, 5675,  3561, 790, 5572,  153, 153, 153
L 3561, 790, 5572,  3726, 763, 5479,  153, 153, 153
L 3726, 763, 5479,  3890, 720, 5406,  153, 153, 153
L 3890, 720, 5406,  4026, 751, 5314,  153, 153, 153
L 4026, 751, 5314,  4130, 789, 5232,  153, 153, 153
L 4130, 789, 5232,  4192, 882, 5131,  153, 153, 153
L 4192, 882, 5131,  4232, 1003, 5044,  153, 153, 153
L 4232, 1003, 5044,  4218, 1150, 4929,  153, 153, 153
L 4218, 1150, 4929,  4204, 1301, 4812,  153, 153, 153
L 4204, 1301, 4812,  4195, 1395, 4722,  153, 153, 153
L 4195, 1395, 4722,  4278, 1568, 4572,  153, 153, 153
L 4278, 1568, 4572,  4408, 1638, 4685,  153, 153, 153
L 4408, 1638, 4685,  4493, 1647, 4672,  153, 153, 153
L 4493, 1647, 4672,  4661, 1674, 4577,  153, 153, 153
L 4661, 1674, 4577,  4775, 1689, 4523,  153, 153, 153
L 4775, 1689, 4523,  4894, 1690, 4448,  153, 153, 153
L 4894, 1690, 4448,  5014, 1690, 4366,  153, 153, 153
L 5014, 1690, 4366,  5086, 1691, 4198,  153, 153, 153
L 5086, 1691, 4198,  5108, 1691, 4113,  153, 153, 153
L 5108, 1691, 4113,  5114, 1691, 4006,  153, 153, 153
L 5114, 1691, 4006,  5119, 1691, 3963,  153, 153, 153
L 5119, 1691, 3963,  5125, 1691, 3905,  153, 153, 153
L -2882, 6035, -1062,  -2882, 6035, -1060,  0, 153, 0
L -2882, 6035, -1060,  -3007, 6032, -1055,  0, 153, 0
L -3007, 6032, -1055,  -3048, 6065, -1049,  0, 153, 0
L -3048, 6065, -1049,  -3075, 6135, -1054,  0, 153, 0
L -3075, 6135, -1054,  -3086, 6192, -1054,  0, 153, 0
L -3086, 6192, -1054,  -3127, 6204, -1054,  0, 153, 0
L -3127, 6204, -1054,  -3151, 6156, -1054,  0, 153, 0
L -3151, 6156, -1054,  -3096, 6095, -1051,  0, 153, 0
L -3096, 6095, -1051,  -3093, 6058, -1053,  0, 153, 0
L -3093, 6058, -1053,  -3058, 5987, -1053,  0, 153, 0
L -3058, 5987, -1053,  -3075, 5867, -1053,  0, 153, 0
L -3075, 5867, -1053,  -3133, 5808, -1054,  0, 153, 0
L -3133, 5808, -1054,  -3221, 5808, -1054,  0, 153, 0
L -3221, 5808, -1054,  -3259, 5786, -1054,  0, 153, 0
L -3259, 5786, -1054,  -3330, 5811, -1054,  0, 153, 0
L -3330, 5811, -1054,  -3332, 5871, -1054,  0, 153, 0
L -3332, 5871, -1054,  -3285, 5895, -1053,  0, 153, 0
L -3285, 5895, -1053,  -3208, 5843, -1054,  0, 153, 0
L -3208, 5843, -1054,  -3140, 5834, -1054,  0, 153, 0
L -3140, 5834, -1054,  -3102, 5883, -1054,  0, 153, 0
L -3102, 5883, -1054,  -3089, 5980, -1050,  0, 153, 0
L -3089, 5980, -1050,  -3120, 6054, -1054,  0, 153, 0
L -3120, 6054, -1054,  -3125, 6093, -1053,  0, 153, 0
L -3125, 6093, -1053,  -3167, 6131, -1054,  0, 153, 0
L -3167, 6131, -1054,  -3204, 6082, -1050,  0, 153, 0
L -3204, 6082, -1050,  -3268, 6079, -1054,  0, 153, 0
L -3268, 6079, -1054,  -3302, 6096, -1054,  0, 153, 0
L -3302, 6096, -1054,  -3318, 6056, -1052,  0, 153, 0
L -3318, 6056, -1052,  -3318, 6022, -1050,  0, 153, 0
L -3318, 6022, -1050,  -3271, 5989, -1054,  0, 153, 0
L -3271, 5989, -1054,  -3231, 6013, -1051,  0, 153, 0
L -3231, 6013, -1051,  -3152, 6003, -1054,  0, 153, 0
L -3152, 6003, -1054,  -3141, 5918, -1053,  0, 153, 0
L -3141, 5918, -1053,  -3175, 5882, -1054,  0, 153, 0
L -3175, 5882, -1054,  -3263, 5920, -1054,  0, 153, 0
L -3263, 5920, -1054,  -3271, 5947, -1052,  0, 153, 0
L -3271, 5947, -1052,  -3318, 5971, -1054,  0, 153, 0
L -3318, 5971, -1054,  -3356, 6039, -1054,  0, 153, 0
L -3356, 6039, -1054,  -3353, 6111, -1054,  0, 153, 0
L -3353, 6111, -1054,  -3297, 6141, -1053,  0, 153, 0
L -3297, 6141, -1053,  -3262, 6110, -1054,  0, 153, 0
L -3262, 6110, -1054,  -3211, 6111, -1053,  0, 153, 0
L -3211, 6111, -1053,  -3183, 6150, -1051,  0, 153, 0
L -3183, 6150, -1051,  -3236, 6232, -1054,  0, 153, 0
L -3236, 6232, -1054,  -3265, 6194, -1054,  0, 153, 0
L -3265, 6194, -1054,  -3317, 6204, -1054,  0, 153, 0
L -3317, 6204, -1054,  -3321, 6284, -1054,  0, 153, 0
L -3321, 6284, -1054,  -3316, 6340, -1054,  0, 153, 0
L -3316, 6340, -1054,  -3225, 6357, -1054,  0, 153, 0
L -3225, 6357, -1054,  -3180, 6289, -1054,  0, 153, 0
L -3180, 6289, -1054,  -3204, 6260, -1054,  0, 153, 0
L -3204, 6260, -1054,  -3170, 6190, -1054,  0, 153, 0
L -3170, 6190, -1054,  -3140, 6226, -1054,  0, 153, 0
L -3140, 6226, -1054,  -3085, 6239, -1054,  0, 153, 0
L -3085, 6239, -1054,  -3052, 6203, -1054,  0, 153, 0
L -3052, 6203, -1054,  -3044, 6129, -1054,  0, 153, 0
L -3044, 6129, -1054,  -3005, 6067, -1049,  0, 153, 0
L -3005, 6067, -1049,  -2879, 6060, -1072,  0, 153, 0
L -2288, 2177, 1188,  -2288, 2177, 1192,  0, 153, 0
L -2288, 2177, 1192,  -2422, 2180, 1179,  0, 153, 0
L -2422, 2180, 1179,  -2494, 2184, 1183,  0, 153, 0
L -2494, 2184, 1183,  -2538, 2209, 1180,  0, 153, 0
L -2538, 2209, 1180,  -2578, 2175, 1182,  0, 153, 0
L -2578, 2175, 1182,  -2600, 2087, 1180,  0, 153, 0
L -2600, 2087, 1180,  -2629, 2052, 1180,  0, 153, 0
L -2629, 2052, 1180,  -2657, 1968, 1179,  0, 153, 0
L -2657, 1968, 1179,  -2763, 1928, 1179,  0, 153, 0
L -2763, 1928, 1179,  -2831, 1905, 1180,  0, 153, 0
L -2831, 1905, 1180,  -2874, 1878, 1179,  0, 153, 0
L -2874, 1878, 1179,  -2866, 1837, 1179,  0, 153, 0
L -2866, 1837, 1179,  -2849, 1710, 1179,  0, 153, 0
L -2849, 1710, 1179,  -2907, 1713, 1180,  0, 153, 0
L -2907, 1713, 1180,  -2967, 1764, 1179,  0, 153, 0
L -2967, 1764, 1179,  -3051, 1764, 1181,  0, 153, 0
L -3051, 1764, 1181,  -3216, 1702, 1179,  0, 153, 0
L -3216, 1702, 1179,  -3252, 1751, 1180,  0, 153, 0
L -3252, 1751, 1180,  -3240, 1840, 1179,  0, 153, 0
L -3240, 1840, 1179,  -3167, 1885, 1181,  0, 153, 0
L -3167, 1885, 1181,  -3118, 1853, 1185,  0, 153, 0
L -3118, 1853, 1185,  -3052, 1835, 1179,  0, 153, 0
L -3052, 1835, 1179,  -2983, 1881, 1182,  0, 153, 0
L -2983, 1881, 1182,  -2962, 1900, 1180,  0, 153, 0
L -2962, 1900, 1180,  -2852, 1931, 1184,  0, 153, 0
L -2852, 1931, 1184,  -2805, 1946, 1179,  0, 153, 0
L -2805, 1946, 1179,  -2689, 1989, 1179,  0, 153, 0
L -2689, 1989, 1179,  -2662, 2061, 1182,  0, 153, 0
L -2662, 2061, 1182,  -2629, 2103, 1179,  0, 153, 0
L -2629, 2103, 1179,  -2612, 2200, 1180,  0, 153, 0
L -2612, 2200, 1180,  -2585, 2230, 1179,  0, 153, 0
L -2585, 2230, 1179,  -2641, 2272, 1179,  0, 153, 0
L -2641, 2272, 1179,  -2657, 2303, 1179,  0, 153, 0
L -2657, 2303, 1179,  -2682, 2420, 1184,  0, 153, 0
L -2682, 2420, 1184,  -2697, 2484, 1179,  0, 153, 0
L -2697, 2484, 1179,  -2719, 2462, 1180,  0, 153, 0
L -2719, 2462, 1180,  -2724, 2405, 1179,  0, 153, 0
L -2724, 2405, 1179,  -2752, 2376, 1180,  0, 153, 0
L -2752, 2376, 1180,  -2820, 2396, 1180,  0, 153, 0
L -2820, 2396, 1180,  -2841, 2472, 1179,  0, 153, 0
L -2841, 2472, 1179,  -2811, 2542, 1179,  0, 153, 0
L -2811, 2542, 1179,  -2744, 2546, 1179,  0, 153, 0
L -2744, 2546, 1179,  -2725, 2521, 1179,  0, 153, 0
L -2725, 2521, 1179,  -2690, 2518, 1180,  0, 153, 0
L -2690, 2518, 1180,  -2671, 2529, 1180,  0, 153, 0
L -2671, 2529, 1180,  -2680, 2599, 1181,  0, 153, 0
L -2680, 2599, 1181,  -2752, 2608, 1180,  0, 153, 0
L -2752, 2608, 1180,  -2811, 2611, 1179,  0, 153, 0
L -2811, 2611, 1179,  -2888, 2597, 1182,  0, 153, 0
L -2888, 2597, 1182,  -2919, 2557, 1182,  0, 153, 0
L -2919, 2557, 1182,  -2898, 2525, 1180,  0, 153, 0
L -2898, 2525, 1180,  -2898, 2401, 1180,  0, 153, 0
L -2898, 2401, 1180,  -2895, 2388, 1180,  0, 153, 0
L -2895, 2388, 1180,  -2857, 2281, 1180,  0, 153, 0
L -2857, 2281, 1180,  -2849, 2210, 1180,  0, 153, 0
L -2849, 2210, 1180,  -2805, 2192, 1180,  0, 153, 0
L -2805, 2192, 1180,  -2754, 2176, 1179,  0, 153, 0
L -2754, 2176, 1179,  -2744, 2144, 1180,  0, 153, 0
L -2744, 2144, 1180,  -2768, 2064, 1179,  0, 153, 0
L -2768, 2064, 1179,  -2774, 2004, 1182,  0, 153, 0
L -2774, 2004, 1182,  -2816, 1979, 1179,  0, 153, 0
L -2816, 1979, 1179,  -2920, 1975, 1179,  0, 153, 0
L -2920, 1975, 1179,  -2953, 2023, 1180,  0, 153, 0
L -2953, 2023, 1180,  -2892, 2081, 1180,  0, 153, 0
L -2892, 2081, 1180,  -2822, 2081, 1179,  0, 153, 0
L -2822, 2081, 1179,  -2783, 2145, 1179,  0, 153, 0
L -2783, 2145, 1179,  -2812, 2151, 1180,  0, 153, 0
L -2812, 2151, 1180,  -2847, 2166, 1179,  0, 153, 0
L -2847, 2166, 1179,  -2881, 2234, 1179,  0, 153, 0
L -2881, 2234, 1179,  -2929, 2308, 1180,  0, 153, 0
L -2929, 2308, 1180,  -2989, 2297, 1179,  0, 153, 0
L -2989, 2297, 1179,  -3067, 2290, 1180,  0, 153, 0
L -3067, 2290, 1180,  -3112, 2265, 1180,  0, 153, 0
L -3112, 2265, 1180,  -3152, 2163, 1180,  0, 153, 0
L -3152, 2163, 1180,  -3107, 2141, 1180,  0, 153, 0
L -3107, 2141, 1180,  -3062, 2091, 1180,  0, 153, 0
L -3062, 2091, 1180,  -3023, 2045, 1181,  0, 153, 0
L -3023, 2045, 1181,  -3076, 1939, 1179,  0, 153, 0
L -3076, 1939, 1179,  -3148, 1929, 1179,  0, 153, 0
L -3148, 1929, 1179,  -3236, 1966, 1179,  0, 153, 0
L -3236, 1966, 1179,  -3237, 2049, 1180,  0, 153, 0
L -3237, 2049, 1180,  -3158, 2068, 1180,  0, 153, 0
L -3158, 2068, 1180,  -3120, 2086, 1179,  0, 153, 0
L -3120, 2086, 1179,  -3114, 2114, 1179,  0, 153, 0
L -3114, 2114, 1179,  -3128, 2132, 1180,  0, 153, 0
L -3128, 2132, 1180,  -3169, 2254, 1180,  0, 153, 0
L -3169, 2254, 1180,  -3137, 2301, 1180,  0, 153, 0
L -3137, 2301, 1180,  -3025, 2318, 1181,  0, 153, 0
L -3025, 2318, 1181,  -2945, 2348, 1182,  0, 153, 0
L -2945, 2348, 1182,  -2949, 2505, 1180,  0, 153, 0
L -2949, 2505, 1180,  -2995, 2549, 1180,  0, 153, 0
L -2995, 2549, 1180,  -3032, 2553, 1180,  0, 153, 0
L -3032, 2553, 1180,  -3067, 2541, 1179,  0, 153, 0
L -3067, 2541, 1179,  -3119, 2527, 1180,  0, 153, 0
L -3119, 2527, 1180,  -3180, 2505, 1180,  0, 153, 0
L -3180, 2505, 1180,  -3248, 2370, 1182,  0, 153, 0
L -3248, 2370, 1182,  -3299, 2346, 1180,  0, 153, 0
L -3299, 2346, 1180,  -3365, 2348, 1179,  0, 153, 0
L -3365, 2348, 1179,  -3376, 2350, 1179,  0, 153, 0
L -3376, 2350, 1179,  -3399, 2285, 1179,  0, 153, 0
L -3399, 2285, 1179,  -3443, 2244, 1180,  0, 153, 0
L -3443, 2244, 1180,  -3421, 2223, 1180,  0, 153, 0
L -3421, 2223, 1180,  -3373, 2186, 1179,  0, 153, 0
L -3373, 2186, 1179,  -3351, 2112, 1179,  0, 153, 0
L -3351, 2112, 1179,  -3351, 2057, 1179,  0, 153, 0
L -3351, 2057, 1179,  -3383, 1995, 1180,  0, 153, 0
L -3383, 1995, 1180,  -3441, 1976, 1181,  0, 153, 0
L -3441, 1976, 1181,  -3506, 1989, 1179,  0, 153, 0
L -3506, 1989, 1179,  -3542, 2008, 1180,  0, 153, 0
L -3542, 2008, 1180,  -3593, 2037, 1179,  0, 153, 0
L -3593, 2037, 1179,  -3659, 2039, 1179,  0, 153, 0
L -3659, 2039, 1179,  -3700, 1991, 1180,  0, 153, 0
L -3700, 1991, 1180,  -3697, 1922, 1179,  0, 153, 0
L -3697, 1922, 1179,  -3681, 1865, 1179,  0, 153, 0
L -3681, 1865, 1179,  -3570, 1881, 1179,  0, 153, 0
L -3570, 1881, 1179,  -3395, 1872, 1183,  0, 153, 0
L -3395, 1872, 1183,  -3310, 1790, 1181,  0, 153, 0
L -3310, 1790, 1181,  -3310, 1774, 1179,  0, 153, 0
L -3310, 1774, 1179,  -3305, 1663, 1179,  0, 153, 0
L -3305, 1663, 1179,  -3286, 1612, 1179,  0, 153, 0
L -3286, 1612, 1179,  -3227, 1603, 1181,  0, 153, 0
L -3227, 1603, 1181,  -3200, 1612, 1180,  0, 153, 0
L -3200, 1612, 1180,  -3140, 1660, 1179,  0, 153, 0
L -3140, 1660, 1179,  -3059, 1723, 1179,  0, 153, 0
L -3059, 1723, 1179,  -2981, 1708, 1181,  0, 153, 0
L -2981, 1708, 1181,  -2871, 1634, 1179,  0, 153, 0
L -2871, 1634, 1179,  -2803, 1597, 1179,  0, 153, 0
L -2803, 1597, 1179,  -2773, 1613, 1180,  0, 153, 0
L -2773, 1613, 1180,  -2816, 1771, 1180,  0, 153, 0
L -2816, 1771, 1180,  -2812, 1857, 1179,  0, 153, 0
L -2812, 1857, 1179,  -2770, 1872, 1182,  0, 153, 0
L -2770, 1872, 1182,  -2656, 1877, 1179,  0, 153, 0
L -2656, 1877, 1179,  -2584, 1834, 1184,  0, 153, 0
L -2584, 1834, 1184,  -2532, 1848, 1180,  0, 153, 0
L -2532, 1848, 1180,  -2550, 1883, 1180,  0, 153, 0
L -2550, 1883, 1180,  -2547, 1936, 1180,  0, 153, 0
L -2547, 1936, 1180,  -2542, 1963, 1180,  0, 153, 0
L -2542, 1963, 1180,  -2432, 1947, 1181,  0, 153, 0
L -2432, 1947, 1181,  -2409, 1879, 1180,  0, 153, 0
L -2409, 1879, 1180,  -2354, 1824, 1180,  0, 153, 0
L -2354, 1824, 1180,  -2358, 1730, 1180,  0, 153, 0
L -2358, 1730, 1180,  -2412, 1709, 1179,  0, 153, 0
L -2412, 1709, 1179,  -2464, 1751, 1179,  0, 153, 0
L -2464, 1751, 1179,  -2515, 1815, 1180,  0, 153, 0
L -2515, 1815, 1180,  -2561, 1803, 1179,  0, 153, 0
L -2561, 1803, 1179,  -2592, 1724, 1179,  0, 153, 0
L -2592, 1724, 1179,  -2611, 1675, 1183,  0, 153, 0
L -2611, 1675, 1183,  -2581, 1653, 1180,  0, 153, 0
L -2581, 1653, 1180,  -2552, 1668, 1179,  0, 153, 0
L -2552, 1668, 1179,  -2464, 1682, 1179,  0, 153, 0
L -2464, 1682, 1179,  -2370, 1649, 1184,  0, 153, 0
L -2370, 1649, 1184,  -2325, 1645, 1179,  0, 153, 0
L -2325, 1645, 1179,  -2279, 1645, 1179,  0, 153, 0
L -2279, 1645, 1179,  -2162, 1595, 1179,  0, 153, 0
L -2162, 1595, 1179,  -2125, 1622, 1179,  0, 153, 0
L -2125, 1622, 1179,  -2166, 1663, 1179,  0, 153, 0
L -2166, 1663, 1179,  -2201, 1713, 1180,  0, 153, 0
L -2201, 1713, 1180,  -2124, 1761, 1180,  0, 153, 0
L -2124, 1761, 1180,  -2096, 1714, 1180,  0, 153, 0
L -2096, 1714, 1180,  -2019, 1666, 1179,  0, 153, 0
L -2019, 1666, 1179,  -1989, 1598, 1179,  0, 153, 0
L -1989, 1598, 1179,  -2040, 1581, 1180,  0, 153, 0
L -2040, 1581, 1180,  -2120, 1565, 1181,  0, 153, 0
L -2120, 1565, 1181,  -2063, 1504, 1179,  0, 153, 0
L -2063, 1504, 1179,  -2029, 1422, 1180,  0, 153, 0
L -2029, 1422, 1180,  -2020, 1406, 1180,  0, 153, 0
L -2020, 1406, 1180,  -1980, 1388, 1179,  0, 153, 0
L -1980, 1388, 1179,  -1935, 1420, 1240,  0, 153, 0
L -1935, 1420, 1240,  -1924, 1435, 1295,  0, 153, 0
L -1924, 1435, 1295,  -1869, 1491, 1480,  0, 153, 0
L -1869, 1491, 1480,  -1809, 1515, 1699,  0, 153, 0
L -1809, 1515, 1699,  -1679, 1519, 1912,  0, 153, 0
L -1679, 1488, 1945,  -1679, 1488, 1945,  0, 153, 0
L -1679, 1488, 1945,  -1797, 1489, 1840,  0, 153, 0
L -1797, 1489, 1840,  -1833, 1475, 1579,  0, 153, 0
L -1833, 1475, 1579,  -1879, 1435, 1385,  0, 153, 0
L -1879, 1435, 1385,  -1923, 1380, 1311,  0, 153, 0
L -1923, 1380, 1311,  -2004, 1353, 1183,  0, 153, 0
L -2004, 1353, 1183,  -2053, 1391, 1179,  0, 153, 0
L -2053, 1391, 1179,  -2080, 1470, 1180,  0, 153, 0
L -2080, 1470, 1180,  -2161, 1548, 1179,  0, 153, 0
L -2161, 1548, 1179,  -2216, 1583, 1179,  0, 153, 0
L -2216, 1583, 1179,  -2307, 1606, 1179,  0, 153, 0
L -2307, 1606, 1179,  -2356, 1524, 1179,  0, 153, 0
L -2356, 1524, 1179,  -2338, 1435, 1179,  0, 153, 0
L -2338, 1435, 1179,  -2308, 1397, 1179,  0, 153, 0
L -2308, 1397, 1179,  -2341, 1348, 1179,  0, 153, 0
L -2341, 1348, 1179,  -2450, 1333, 1181,  0, 153, 0
L -2450, 1333, 1181,  -2533, 1381, 1179,  0, 153, 0
L -2533, 1381, 1179,  -2540, 1410, 1179,  0, 153, 0
L -2540, 1410, 1179,  -2523, 1509, 1179,  0, 153, 0
L -2523, 1509, 1179,  -2456, 1521, 1179,  0, 153, 0
L -2456, 1521, 1179,  -2389, 1621, 1179,  0, 153, 0
L -2389, 1621, 1179,  -2444, 1645, 1179,  0, 153, 0
L -2444, 1645, 1179,  -2550, 1619, 1179,  0, 153, 0
L -2550, 1619, 1179,  -2590, 1613, 1179,  0, 153, 0
L -2590, 1613, 1179,  -2653, 1660, 1180,  0, 153, 0
L -2653, 1660, 1180,  -2622, 1727, 1179,  0, 153, 0
L -2622, 1727, 1179,  -2608, 1807, 1179,  0, 153, 0
L -2608, 1807, 1179,  -2649, 1845, 1179,  0, 153, 0
L -2649, 1845, 1179,  -2716, 1850, 1179,  0, 153, 0
L -2716, 1850, 1179,  -2752, 1840, 1179,  0, 153, 0
L -2752, 1840, 1179,  -2751, 1717, 1179,  0, 153, 0
L -2751, 1717, 1179,  -2721, 1624, 1181,  0, 153, 0
L -2721, 1624, 1181,  -2751, 1579, 1179,  0, 153, 0
L -2751, 1579, 1179,  -2821, 1565, 1179,  0, 153, 0
L -2821, 1565, 1179,  -2892, 1606, 1179,  0, 153, 0
L -2892, 1606, 1179,  -2984, 1680, 1179,  0, 153, 0
L -2984, 1680, 1179,  -3022, 1685, 1179,  0, 153, 0
L -3022, 1685, 1179,  -3112, 1637, 1179,  0, 153, 0
L -3112, 1637, 1179,  -3162, 1588, 1180,  0, 153, 0
L -3162, 1588, 1180,  -3211, 1571, 1179,  0, 153, 0
L -3211, 1571, 1179,  -3307, 1585, 1179,  0, 153, 0
L -3307, 1585, 1179,  -3330, 1623, 1179,  0, 153, 0
L -3330, 1623, 1179,  -3348, 1753, 1180,  0, 153, 0
L -3348, 1753, 1180,  -3387, 1805, 1179,  0, 153, 0
L -3387, 1805, 1179,  -3514, 1847, 1179,  0, 153, 0
L -3514, 1847, 1179,  -3672, 1819, 1179,  0, 153, 0
L -3672, 1819, 1179,  -3684, 1758, 1180,  0, 153, 0
L -3684, 1758, 1180,  -3677, 1727, 1179,  0, 153, 0
L -3677, 1727, 1179,  -3659, 1620, 1179,  0, 153, 0
L -3659, 1620, 1179,  -3629, 1592, 1179,  0, 153, 0
L -3629, 1592, 1179,  -3539, 1535, 1179,  0, 153, 0
L -3539, 1535, 1179,  -3449, 1461, 1179,  0, 153, 0
L -3449, 1461, 1179,  -3361, 1315, 1179,  0, 153, 0
L -3361, 1315, 1179,  -3180, 1288, 1179,  0, 153, 0
L -3180, 1288, 1179,  -3143, 1305, 1179,  0, 153, 0
L -3143, 1305, 1179,  -3132, 1404, 1179,  0, 153, 0
L -3132, 1404, 1179,  -3184, 1434, 1179,  0, 153, 0
L -3184, 1434, 1179,  -3162, 1499, 1179,  0, 153, 0
L -3162, 1499, 1179,  -3075, 1499, 1179,  0, 153, 0
L -3075, 1499, 1179,  -3052, 1445, 1179,  0, 153, 0
L -3052, 1445, 1179,  -3084, 1404, 1179,  0, 153, 0
L -3084, 1404, 1179,  -3106, 1312, 1179,  0, 153, 0
L -3106, 1312, 1179,  -3088, 1272, 1179,  0, 153, 0
L -3088, 1272, 1179,  -2990, 1208, 1179,  0, 153, 0
L -2990, 1208, 1179,  -2938, 1178, 1179,  0, 153, 0
L -2938, 1178, 1179,  -2848, 1169, 1179,  0, 153, 0
L -2848, 1169, 1179,  -2806, 1223, 1179,  0, 153, 0
L -2806, 1223, 1179,  -2644, 1305, 1180,  0, 153, 0
L -2644, 1305, 1180,  -2637, 1366, 1180,  0, 153, 0
L -2637, 1366, 1180,  -2723, 1394, 1179,  0, 153, 0
L -2723, 1394, 1179,  -2738, 1344, 1180,  0, 153, 0
L -2738, 1344, 1180,  -2810, 1291, 1180,  0, 153, 0
L -2810, 1291, 1180,  -2891, 1332, 1179,  0, 153, 0
L -2891, 1332, 1179,  -2915, 1426, 1180,  0, 153, 0
L -2915, 1426, 1180,  -2858, 1478, 1179,  0, 153, 0
L -2858, 1478, 1179,  -2751, 1476, 1180,  0, 153, 0
L -2751, 1476, 1180,  -2722, 1433, 1179,  0, 153, 0
L -2722, 1433, 1179,  -2686, 1421, 1179,  0, 153, 0
L -2686, 1421, 1179,  -2596, 1375, 1179,  0, 153, 0
L -2596, 1375, 1179,  -2616, 1280, 1180,  0, 153, 0
L -2616, 1280, 1180,  -2659, 1252, 1179,  0, 153, 0
L -2659, 1252, 1179,  -2762, 1195, 1179,  0, 153, 0
L -2762, 1195, 1179,  -2785, 1164, 1179,  0, 153, 0
L -2785, 1164, 1179,  -2779, 1105, 1179,  0, 153, 0
L -2779, 1105, 1179,  -2640, 1035, 1179,  0, 153, 0
L -2640, 1035, 1179,  -2433, 1012, 1179,  0, 153, 0
L -2433, 1012, 1179,  -2438, 1066, 1179,  0, 153, 0
L -2438, 1066, 1179,  -2525, 1086, 1181,  0, 153, 0
L -2525, 1086, 1181,  -2527, 1131, 1179,  0, 153, 0
L -2527, 1131, 1179,  -2514, 1197, 1179,  0, 153, 0
L -2514, 1197, 1179,  -2405, 1219, 1181,  0, 153, 0
L -2405, 1219, 1181,  -2369, 1180, 1179,  0, 153, 0
L -2369, 1180, 1179,  -2373, 1108, 1180,  0, 153, 0
L -2373, 1108, 1180,  -2405, 1080, 1179,  0, 153, 0
L -2405, 1080, 1179,  -2405, 1079, 1179,  0, 153, 0
L -2405, 1079, 1179,  -2403, 1010, 1180,  0, 153, 0
L -2403, 1010, 1180,  -2225, 959, 1179,  0, 153, 0
L -2225, 959, 1179,  -2225, 990, 1180,  0, 153, 0
L -2225, 990, 1180,  -2298, 1063, 1391,  0, 153, 0
L -2298, 1063, 1391,  -2322, 1115, 1391,  0, 153, 0
L -2322, 1115, 1391,  -2315, 1148, 1391,  0, 153, 0
L -2315, 1148, 1391,  -2230, 1208, 1396,  0, 153, 0
L -2230, 1208, 1396,  -2148, 1195, 1463,  0, 153, 0
L -2148, 1195, 1463,  -2075, 1163, 1593,  0, 153, 0
L -2075, 1163, 1593,  -2004, 1018, 1865,  0, 153, 0
L -2004, 1018, 1865,  -1991, 948, 1872,  0, 153, 0
L -1991, 948, 1872,  -1939, 986, 2206,  0, 153, 0
L -1939, 986, 2206,  -1889, 972, 2284,  0, 153, 0
L -1889, 972, 2284,  -1820, 912, 2769,  0, 153, 0
L -1820, 912, 2769,  -1683, 913, 3568,  0, 153, 0
L -1683, 887, 3583,  -1683, 887, 3585,  0, 153, 0
L -1683, 887, 3585,  -1842, 888, 2763,  0, 153, 0
L -1842, 888, 2763,  -1922, 955, 2221,  0, 153, 0
L -1922, 955, 2221,  -2022, 892, 1869,  0, 153, 0
L -2022, 892, 1869,  -2043, 1010, 1865,  0, 153, 0
L -2043, 1010, 1865,  -2104, 1142, 1598,  0, 153, 0
L -2104, 1142, 1598,  -2188, 1177, 1518,  0, 153, 0
L -2188, 1177, 1518,  -2267, 1142, 1394,  0, 153, 0
L -2267, 1142, 1394,  -2196, 1035, 1188,  0, 153, 0
L -2196, 1035, 1188,  -2105, 988, 1180,  0, 153, 0
L -2105, 988, 1180,  -2120, 937, 1182,  0, 153, 0
L -2120, 937, 1182,  -2250, 937, 1180,  0, 153, 0
L -2250, 937, 1180,  -2465, 987, 1179,  0, 153, 0
L -2465, 987, 1179,  -2616, 987, 1182,  0, 153, 0
L -2616, 987, 1182,  -2927, 1134, 1179,  0, 153, 0
L -2927, 1134, 1179,  -3108, 1236, 1180,  0, 153, 0
L -3108, 1236, 1180,  -3234, 1265, 1180,  0, 153, 0
L -3234, 1265, 1180,  -3339, 1269, 1179,  0, 153, 0
L -3339, 1269, 1179,  -3314, 1102, 1179,  0, 153, 0
L -3314, 1102, 1179,  -3314, 1100, 1180,  0, 153, 0
L -3314, 1100, 1180,  -3244, 1039, 1179,  0, 153, 0
L -3244, 1039, 1179,  -3258, 976, 1179,  0, 153, 0
L -3258, 976, 1179,  -3368, 971, 1180,  0, 153, 0
L -3368, 971, 1180,  -3394, 993, 1179,  0, 153, 0
L -3394, 993, 1179,  -3400, 1054, 1179,  0, 153, 0
L -3400, 1054, 1179,  -3378, 1086, 1179,  0, 153, 0
L -3378, 1086, 1179,  -3366, 1164, 1179,  0, 153, 0
L -3366, 1164, 1179,  -3381, 1264, 1179,  0, 153, 0
L -3381, 1264, 1179,  -3446, 1404, 1179,  0, 153, 0
L -3446, 1404, 1179,  -3532, 1481, 1179,  0, 153, 0
L -3532, 1481, 1179,  -3637, 1544, 1179,  0, 153, 0
L -3637, 1544, 1179,  -3698, 1570, 1180,  0, 153, 0
L -3698, 1570, 1180,  -3712, 1641, 1179,  0, 153, 0
L -3712, 1641, 1179,  -3718, 1736, 1180,  0, 153, 0
L -3718, 1736, 1180,  -3764, 1826, 1182,  0, 153, 0
L -3764, 1826, 1182,  -3880, 1839, 1179,  0, 153, 0
L -3880, 1839, 1179,  -3967, 1755, 1180,  0, 153, 0
L -3967, 1755, 1180,  -4124, 1744, 1179,  0, 153, 0
L -4124, 1744, 1179,  -4196, 1835, 1180,  0, 153, 0
L -4196, 1835, 1180,  -4163, 1993, 1179,  0, 153, 0
L -4163, 1993, 1179,  -4066, 2039, 1179,  0, 153, 0
L -4066, 2039, 1179,  -4009, 2036, 1179,  0, 153, 0
L -4009, 2036, 1179,  -3936, 1986, 1180,  0, 153, 0
L -3936, 1986, 1180,  -3866, 1902, 1179,  0, 153, 0
L -3866, 1902, 1179,  -3780, 1891, 1179,  0, 153, 0
L -3780, 1891, 1179,  -3738, 1959, 1180,  0, 153, 0
L -3738, 1959, 1180,  -3731, 2039, 1179,  0, 153, 0
L -3731, 2039, 1179,  -3701, 2073, 1180,  0, 153, 0
L -3701, 2073, 1180,  -3638, 2084, 1179,  0, 153, 0
L -3638, 2084, 1179,  -3537, 2068, 1180,  0, 153, 0
L -3537, 2068, 1180,  -3490, 2025, 1180,  0, 153, 0
L -3490, 2025, 1180,  -3430, 2031, 1180,  0, 153, 0
L -3430, 2031, 1180,  -3398, 2073, 1179,  0, 153, 0
L -3398, 2073, 1179,  -3398, 2152, 1179,  0, 153, 0
L -3398, 2152, 1179,  -3429, 2185, 1181,  0, 153, 0
L -3429, 2185, 1181,  -3452, 2198, 1179,  0, 153, 0
L -3452, 2198, 1179,  -3547, 2281, 1182,  0, 153, 0
L -3547, 2281, 1182,  -3618, 2329, 1179,  0, 153, 0
L -3618, 2329, 1179,  -3643, 2406, 1179,  0, 153, 0
L -3643, 2406, 1179,  -3728, 2413, 1179,  0, 153, 0
L -3728, 2413, 1179,  -3760, 2422, 1179,  0, 153, 0
L -3760, 2422, 1179,  -3756, 2483, 1179,  0, 153, 0
L -3756, 2483, 1179,  -3683, 2529, 1180,  0, 153, 0
L -3683, 2529, 1180,  -3634, 2530, 1179,  0, 153, 0
L -3634, 2530, 1179,  -3579, 2522, 1180,  0, 153, 0
L -3579, 2522, 1180,  -3556, 2461, 1180,  0, 153, 0
L -3556, 2461, 1180,  -3601, 2416, 1180,  0, 153, 0
L -3601, 2416, 1180,  -3584, 2338, 1184,  0, 153, 0
L -3584, 2338, 1184,  -3518, 2302, 1180,  0, 153, 0
L -3518, 2302, 1180,  -3433, 2314, 1183,  0, 153, 0
L -3433, 2314, 1183,  -3412, 2361, 1180,  0, 153, 0
L -3412, 2361, 1180,  -3468, 2395, 1179,  0, 153, 0
L -3468, 2395, 1179,  -3460, 2489, 1180,  0, 153, 0
L -3460, 2489, 1180,  -3406, 2516, 1179,  0, 153, 0
L -3406, 2516, 1179,  -3243, 2513, 1182,  0, 153, 0
L -3243, 2513, 1182,  -3113, 2563, 1179,  0, 153, 0
L -3113, 2563, 1179,  -3151, 2641, 1182,  0, 153, 0
L -3151, 2641, 1182,  -3243, 2661, 1179,  0, 153, 0
L -3243, 2661, 1179,  -3261, 2688, 1179,  0, 153, 0
L -3261, 2688, 1179,  -3259, 2757, 1179,  0, 153, 0
L -3259, 2757, 1179,  -3187, 2778, 1179,  0, 153, 0
L -3187, 2778, 1179,  -3076, 2754, 1179,  0, 153, 0
L -3076, 2754, 1179,  -3053, 2690, 1179,  0, 153, 0
L -3053, 2690, 1179,  -3087, 2647, 1179,  0, 153, 0
L -3087, 2647, 1179,  -3071, 2582, 1180,  0, 153, 0
L -3071, 2582, 1180,  -2974, 2598, 1180,  0, 153, 0
L -2974, 2598, 1180,  -2921, 2637, 1179,  0, 153, 0
L -2921, 2637, 1179,  -2767, 2646, 1179,  0, 153, 0
L -2767, 2646, 1179,  -2651, 2630, 1179,  0, 153, 0
L -2651, 2630, 1179,  -2609, 2521, 1179,  0, 153, 0
L -2609, 2521, 1179,  -2643, 2427, 1181,  0, 153, 0
L -2643, 2427, 1181,  -2619, 2305, 1184,  0, 153, 0
L -2619, 2305, 1184,  -2538, 2267, 1179,  0, 153, 0
L -2538, 2267, 1179,  -2497, 2252, 1179,  0, 153, 0
L -2497, 2252, 1179,  -2428, 2210, 1180,  0, 153, 0
L -2428, 2210, 1180,  -2288, 2210, 1180,  0, 153, 0
L -4030, 2426, 3726,  -4030, 2426, 3729,  153, 153, 153
L -4030, 2426, 3729,  -3998, 2493, 3709,  153, 153, 153
L -3998, 2493, 3709,  -3966, 2590, 3598,  153, 153, 153
L -3966, 2590, 3598,  -4237, 2994, 3231,  153, 153, 153
L -4237, 2994, 3231,  -4338, 3146, 3086,  153, 153, 153
L -4338, 3146, 3086,  -4429, 3283, 2965,  153, 153, 153
L -4429, 3283, 2965,  -4534, 3591, 2771,  153, 153, 153
L -4534, 3591, 2771,  -4543, 3870, 2614,  153, 153, 153
L -4543, 3870, 2614,  -4548, 4055, 2475,  153, 153, 153
L -4548, 4055, 2475,  -4538, 4295, 2606,  153, 153, 153
L -4538, 4295, 2606,  -4566, 4674, 2603,  153, 153, 153
L -4566, 4674, 2603,  -4572, 4940, 3064,  153, 153, 153
L -4572, 4940, 3064,  -4509, 5031, 2918,  153, 153, 153
L -4509, 5031, 2918,  -4421, 5159, 2758,  153, 153, 153
L -4421, 5159, 2758,  -4314, 5315, 2602,  153, 153, 153
L -4314, 5315, 2602,  -4153, 5548, 2366,  153, 153, 153
L -4153, 5548, 2366,  -4036, 5717, 2196,  153, 153, 153
L -4036, 5717, 2196,  -3897, 5734, 2652,  153, 153, 153
L -3897, 5734, 2652,  -3772, 5708, 2691,  153, 153, 153
L -3772, 5708, 2691,  -3569, 5667, 2983,  153, 153, 153
L -3569, 5667, 2983,  -3340, 5709, 2829,  153, 153, 153
L -3340, 5709, 2829,  -3260, 5869, 3064,  153, 153, 153
L -3260, 5869, 3064,  -3267, 6120, 3056,  153, 153, 153
L -3267, 6120, 3056,  -3271, 6473, 2827,  153, 153, 153
L -3271, 6473, 2827,  -3277, 6748, 2682,  153, 153, 153
L -3277, 6748, 2682,  -3270, 6894, 2513,  153, 153, 153
L -3270, 6894, 2513,  -3196, 6932, 2402,  153, 153, 153
L -3196, 6932, 2402,  -3111, 6977, 2359,  153, 153, 153
L -3111, 6977, 2359,  -2842, 7202, 555,  153, 153, 153
L -2842, 7202, 555,  -2605, 7458, -978,  153, 153, 153
L -2605, 7458, -978,  -2505, 7566, -2194,  153, 153, 153
L -2505, 7566, -2194,  -2432, 7611, -2346,  153, 153, 153
L -2432, 7611, -2346,  -2290, 7658, -2960,  153, 153, 153
L -2290, 7658, -2960,  -2173, 7696, -3774,  153, 153, 153
L -2173, 7696, -3774,  -1959, 7766, -3522,  153, 153, 153
L -1959, 7766, -3522,  -1722, 7844, -4076,  153, 153, 153
L -1722, 7844, -4076,  -1621, 7867, -3749,  153, 153, 153
L -1621, 7867, -3749,  -1559, 7878, -3606,  153, 153, 153
L -1559, 7878, -3606,  -1517, 7885, -3761,  153, 153, 153
L -1517, 7885, -3761,  -1423, 7902, -3891,  153, 153, 153
L -1423, 7902, -3891,  -1270, 7929, -4075,  153, 153, 153
L -1270, 7929, -4075,  -1025, 7972, -4724,  153, 153, 153
L -1025, 7972, -4724,  -777, 8021, -5291,  153, 153, 153
L -777, 8021, -5291,  -525, 8079, -5856,  153, 153, 153
L -525, 8079, -5856,  -255, 8140, -6464,  153, 153, 153
L -255, 8140, -6464,  32, 8224, -7107,  153, 153, 153
L 32, 8224, -7107,  485, 8208, -7679,  153, 153, 153
L 485, 8208, -7679,  817, 8150, -6377,  153, 153, 153
L 817, 8150, -6377,  1127, 8095, -5213,  153, 153, 153
L 1127, 8095, -5213,  1370, 7998, -4916,  153, 153, 153
L 1370, 7998, -4916,  1596, 8013, -3196,  153, 153, 153
L 1596, 8013, -3196,  1662, 8001, -3161,  153, 153, 153
L 1662, 8001, -3161,  1663, 7887, -2857,  153, 153, 153
L 1663, 7887, -2857,  1752, 7986, -2620,  153, 153, 153
L 1752, 7986, -2620,  1757, 7949, -2676,  153, 153, 153
L 1757, 7949, -2676,  1820, 7938, -2747,  153, 153, 153
L 1820, 7938, -2747,  1841, 7910, -2691,  153, 153, 153
L 1841, 7910, -2691,  1903, 7830, -2513,  153, 153, 153
L 1903, 7830, -2513,  1914, 7806, -2457,  153, 153, 153
L 1914, 7806, -2457,  2025, 7732, -1823,  153, 153, 153
L 2025, 7732, -1823,  2082, 7664, -1546,  153, 153, 153
L 2082, 7664, -1546,  2120, 7614, -1435,  153, 153, 153
L 2120, 7614, -1435,  2227, 7491, -362,  153, 153, 153
L 2227, 7491, -362,  2300, 7406, -59,  153, 153, 153
L 2300, 7406, -59,  2362, 7332, -132,  153, 153, 153
L 2362, 7332, -132,  2666, 7228, -842,  153, 153, 153
L 2666, 7228, -842,  2939, 7222, -1276,  153, 153, 153
L 2939, 7222, -1276,  3264, 7274, -2129,  153, 153, 153
L 3264, 7274, -2129,  3387, 7294, -2137,  153, 153, 153
L 3387, 7294, -2137,  3477, 7251, -2230,  153, 153, 153
L 3477, 7251, -2230,  3520, 7191, -2451,  153, 153, 153
L 3520, 7191, -2451,  3584, 7102, -2322,  153, 153, 153
L 3584, 7102, -2322,  3735, 6891, -1759,  153, 153, 153
L 2408, 3042, 2428,  2408, 3042, 2428,  153, 153, 153
L 2408, 3042, 2428,  2411, 3042, 2427,  153, 153, 153
L 2411, 3042, 2427,  2415, 3048, 2422,  153, 153, 153
L 2415, 3048, 2422,  2492, 3048, 2421,  153, 153, 153
L 2492, 3048, 2421,  2492, 3044, 2427,  153, 153, 153
L 2492, 3044, 2427,  2524, 3041, 2427,  153, 153, 153
L 2524, 3041, 2427,  2526, 3072, 2415,  153, 153, 153
L 2526, 3072, 2415,  2495, 3075, 2415,  153, 153, 153
L 2495, 3075, 2415,  2492, 3068, 2415,  153, 153, 153
L 2492, 3068, 2415,  2422, 3068, 2402,  153, 153, 153
L 2422, 3068, 2402,  2415, 3074, 2398,  153, 153, 153
L 2415, 3074, 2398,  2381, 3076, 2391,  153, 153, 153
L 2381, 3076, 2391,  2380, 3044, 2419,  153, 153, 153
L 2380, 3044, 2419,  2387, 3042, 2427,  153, 153, 153
L 2387, 3042, 2427,  2387, 2966, 2503,  153, 153, 153
L 2387, 2966, 2503,  2387, 2966, 2507,  153, 153, 153
L 2387, 2966, 2507,  2380, 2934, 2528,  153, 153, 153
L 2380, 2934, 2528,  2387, 2931, 2536,  153, 153, 153
L 2387, 2931, 2536,  2387, 2857, 2626,  153, 153, 153
L 2387, 2857, 2626,  2382, 2853, 2652,  153, 153, 153
L 2382, 2853, 2652,  2380, 2818, 2682,  153, 153, 153
L 2380, 2818, 2682,  2386, 2819, 2682,  153, 153, 153
L 2386, 2819, 2682,  2386, 2654, 2883,  153, 153, 153
L 2386, 2654, 2883,  2386, 2654, 2883,  153, 153, 153
L 2386, 2654, 2883,  2381, 2618, 2923,  153, 153, 153
L 2381, 2618, 2923,  2412, 2620, 2922,  153, 153, 153
L 2412, 2620, 2922,  2414, 2627, 2914,  153, 153, 153
L 2414, 2627, 2914,  2478, 2627, 2899,  153, 153, 153
L 2478, 2627, 2899,  2492, 2622, 2913,  153, 153, 153
L 2492, 2622, 2913,  2527, 2623, 2904,  153, 153, 153
L 2527, 2623, 2904,  2526, 2656, 2916,  153, 153, 153
L 2526, 2656, 2916,  2492, 2654, 2918,  153, 153, 153
L 2492, 2654, 2918,  2492, 2648, 2912,  153, 153, 153
L 2492, 2648, 2912,  2414, 2648, 2890,  153, 153, 153
L 2414, 2648, 2890,  2413, 2654, 2887,  153, 153, 153
L 2413, 2654, 2887,  2407, 2654, 2883,  153, 153, 153
L 2407, 2654, 2883,  2407, 2819, 2682,  153, 153, 153
L 2407, 2819, 2682,  2415, 2820, 2684,  153, 153, 153
L 2415, 2820, 2684,  2416, 2849, 2640,  153, 153, 153
L 2416, 2849, 2640,  2412, 2855, 2653,  153, 153, 153
L 2412, 2855, 2653,  2408, 2931, 2537,  153, 153, 153
L 2408, 2931, 2537,  2413, 2931, 2538,  153, 153, 153
L 2413, 2931, 2538,  2415, 2963, 2503,  153, 153, 153
L 2415, 2963, 2503,  2408, 2966, 2500,  153, 153, 153
L 2408, 2966, 2500,  2408, 3042, 2427,  153, 153, 153
L 2728, 3049, 2430,  2728, 3049, 2430,  153, 153, 153
L 2728, 3049, 2430,  2807, 3049, 2436,  153, 153, 153
L 2807, 3049, 2436,  2808, 3043, 2440,  153, 153, 153
L 2808, 3043, 2440,  2814, 3042, 2436,  153, 153, 153
L 2814, 3042, 2436,  2814, 3009, 2458,  153, 153, 153
L 2814, 3009, 2458,  2810, 2966, 2533,  153, 153, 153
L 2810, 2966, 2533,  2804, 2941, 2533,  153, 153, 153
L 2804, 2941, 2533,  2811, 2931, 2536,  153, 153, 153
L 2811, 2931, 2536,  2811, 2853, 2653,  153, 153, 153
L 2811, 2853, 2653,  2807, 2853, 2653,  153, 153, 153
L 2807, 2853, 2653,  2804, 2822, 2675,  153, 153, 153
L 2804, 2822, 2675,  2811, 2819, 2682,  153, 153, 153
L 2811, 2819, 2682,  2811, 2690, 2840,  153, 153, 153
L 2811, 2690, 2840,  2806, 2654, 2884,  153, 153, 153
L 2806, 2654, 2884,  2803, 2648, 2893,  153, 153, 153
L 2803, 2648, 2893,  2725, 2648, 2901,  153, 153, 153
L 2725, 2648, 2901,  2724, 2652, 2914,  153, 153, 153
L 2724, 2652, 2914,  2693, 2655, 2911,  153, 153, 153
L 2693, 2655, 2911,  2690, 2621, 2924,  153, 153, 153
L 2690, 2621, 2924,  2721, 2620, 2927,  153, 153, 153
L 2721, 2620, 2927,  2725, 2627, 2916,  153, 153, 153
L 2725, 2627, 2916,  2802, 2627, 2916,  153, 153, 153
L 2802, 2627, 2916,  2804, 2625, 2919,  153, 153, 153
L 2804, 2625, 2919,  2837, 2620, 2925,  153, 153, 153
L 2837, 2620, 2925,  2839, 2653, 2887,  153, 153, 153
L 2839, 2653, 2887,  2837, 2655, 2884,  153, 153, 153
L 2837, 2655, 2884,  2832, 2765, 2753,  153, 153, 153
L 2832, 2765, 2753,  2836, 2819, 2683,  153, 153, 153
L 2836, 2819, 2683,  2839, 2847, 2655,  153, 153, 153
L 2839, 2847, 2655,  2832, 2854, 2641,  153, 153, 153
L 2832, 2854, 2641,  2832, 2904, 2570,  153, 153, 153
L 2832, 2904, 2570,  2837, 2931, 2536,  153, 153, 153
L 2837, 2931, 2536,  2839, 2960, 2534,  153, 153, 153
L 2839, 2960, 2534,  2836, 2966, 2541,  153, 153, 153
L 2836, 2966, 2541,  2835, 3032, 2440,  153, 153, 153
L 2835, 3032, 2440,  2842, 3043, 2442,  153, 153, 153
L 2842, 3043, 2442,  2842, 3072, 2436,  153, 153, 153
L 2842, 3072, 2436,  2813, 3076, 2436,  153, 153, 153
L 2813, 3076, 2436,  2803, 3071, 2421,  153, 153, 153
L 2803, 3071, 2421,  2780, 3070, 2400,  153, 153, 153
L 2780, 3070, 2400,  2728, 3076, 2436,  153, 153, 153
L 2728, 3076, 2436,  2696, 3077, 2427,  153, 153, 153
L 2696, 3077, 2427,  2694, 3045, 2427,  153, 153, 153
L 2694, 3045, 2427,  2729, 3044, 2431,  153, 153, 153
L 2729, 3044, 2431,  2728, 3049, 2428,  153, 153, 153
L 2621, 2828, 2801,  2621, 2828, 2801,  153, 153, 153
L 2621, 2828, 2801,  2645, 2828, 2802,  153, 153, 153
L 2645, 2828, 2802,  2695, 2891, 2803,  153, 153, 153
L 2695, 2891, 2803,  2677, 2969, 2801,  153, 153, 153
L 2677, 2969, 2801,  2605, 3004, 2801,  153, 153, 153
L 2605, 3004, 2801,  2532, 2969, 2802,  153, 153, 153
L 2532, 2969, 2802,  2515, 2890, 2801,  153, 153, 153
L 2515, 2890, 2801,  2564, 2828, 2801,  153, 153, 153
L 2564, 2828, 2801,  2587, 2828, 2801,  153, 153, 153
L 2587, 2828, 2801,  2590, 2830, 2802,  153, 153, 153
L 2590, 2830, 2802,  2592, 2829, 2801,  153, 153, 153
L 2592, 2829, 2801,  2594, 2817, 2802,  153, 153, 153
L 2594, 2817, 2802,  2563, 2819, 2801,  153, 153, 153
L 2563, 2819, 2801,  2506, 2886, 2802,  153, 153, 153
L 2506, 2886, 2802,  2505, 2887, 2803,  153, 153, 153
L 2505, 2887, 2803,  2526, 2976, 2790,  153, 153, 153
L 2526, 2976, 2790,  2604, 3014, 2564,  153, 153, 153
L 2604, 3014, 2564,  2682, 2976, 2568,  153, 153, 153
L 2682, 2976, 2568,  2704, 2888, 2801,  153, 153, 153
L 2704, 2888, 2801,  2650, 2820, 2801,  153, 153, 153
L 2650, 2820, 2801,  2622, 2819, 2801,  153, 153, 153
L 2622, 2819, 2801,  2622, 2817, 2802,  153, 153, 153
L 2622, 2817, 2802,  2616, 2817, 2802,  153, 153, 153
L 2616, 2817, 2802,  2613, 2826, 2801,  153, 153, 153
L 2613, 2826, 2801,  2618, 2831, 2806,  153, 153, 153
L 2618, 2831, 2806,  2621, 2828, 2804,  153, 153, 153
L 2800, 1856, -424,  2800, 1856, -424,  153, 153, 153
L 2800, 1856, -424,  2741, 1855, -424,  153, 153, 153
L 2741, 1855, -424,  2743, 1802, -361,  153, 153, 153
L 2743, 1802, -361,  2793, 1800, -359,  153, 153, 153
L 2793, 1800, -359,  2797, 1849, -379,  153, 153, 153
L 2797, 1849, -379,  2799, 1858, -391,  153, 153, 153
L 2798, 1923, -485,  2798, 1923, -485,  153, 153, 153
L 2798, 1923, -485,  2801, 1985, -532,  153, 153, 153
L 2801, 1985, -532,  2745, 1988, -531,  153, 153, 153
L 2745, 1988, -531,  2740, 1926, -487,  153, 153, 153
L 2740, 1926, -487,  2799, 1923, -483,  153, 153, 153
L 2660, 1854, -423,  2660, 1854, -423,  153, 153, 153
L 2660, 1854, -423,  2608, 1855, -422,  153, 153, 153
L 2608, 1855, -422,  2605, 1802, -349,  153, 153, 153
L 2605, 1802, -349,  2656, 1797, -319,  153, 153, 153
L 2656, 1797, -319,  2660, 1855, -408,  153, 153, 153
L 2660, 1925, -486,  2660, 1925, -486,  153, 153, 153
L 2660, 1925, -486,  2662, 1986, -533,  153, 153, 153
L 2662, 1986, -533,  2603, 1989, -539,  153, 153, 153
L 2603, 1989, -539,  2601, 1927, -488,  153, 153, 153
L 2601, 1927, -488,  2660, 1926, -488,  153, 153, 153
L 132, 44, 922,  132, 44, 922,  0, 0, 255
L 132, 44, 922,  85, 49, 913,  0, 0, 255
L 85, 49, 913,  80, 55, 909,  0, 0, 255
L 80, 55, 909,  85, 80, 918,  0, 0, 255
L 85, 80, 918,  89, 107, 926,  0, 0, 255
L 89, 107, 926,  89, 147, 942,  0, 0, 255
L 89, 147, 942,  84, 168, 934,  0, 0, 255
L 84, 168, 934,  92, 199, 942,  0, 0, 255
L 92, 199, 942,  93, 218, 941,  0, 0, 255
L 93, 218, 941,  85, 271, 946,  0, 0, 255
L 85, 271, 946,  91, 324, 954,  0, 0, 255
L 91, 324, 954,  86, 341, 953,  0, 0, 255
L 86, 341, 953,  68, 358, 917,  0, 0, 255
L 68, 358, 917,  35, 374, 874,  0, 0, 255
L 35, 374, 874,  1, 406, 818,  0, 0, 255
L 1, 406, 818,  -9, 441, 771,  0, 0, 255
L -9, 441, 771,  -9, 488, 738,  0, 0, 255
L -9, 488, 738,  -9, 549, 739,  0, 0, 255
L -9, 549, 739,  -10, 611, 656,  0, 0, 255
L -10, 611, 656,  -13, 697, 579,  0, 0, 255
L -13, 697, 579,  -3, 714, 595,  0, 0, 255
L -3, 714, 595,  59, 694, 576,  0, 0, 255
L 59, 694, 576,  82, 681, 578,  0, 0, 255
L 82, 681, 578,  98, 703, 592,  0, 0, 255
L 98, 703, 592,  85, 766, 520,  0, 0, 255
L 85, 766, 520,  89, 803, 484,  0, 0, 255
L 89, 803, 484,  86, 846, 434,  0, 0, 255
L 86, 846, 434,  90, 934, 349,  0, 0, 255
L 90, 934, 349,  89, 994, 266,  0, 0, 255
L 89, 994, 266,  80, 1067, 243,  0, 0, 255
L 80, 1067, 243,  85, 1124, 244,  0, 0, 255
L 85, 1124, 244,  87, 1234, 151,  0, 0, 255
L 87, 1234, 151,  85, 1299, 65,  0, 0, 255
L 85, 1299, 65,  76, 1367, 27,  0, 0, 255
L 76, 1367, 27,  25, 1397, 16,  0, 0, 255
L 25, 1397, 16,  -5, 1441, -10,  0, 0, 255
L -5, 1441, -10,  -14, 1477, -35,  0, 0, 255
L -14, 1477, -35,  -3, 1519, -63,  0, 0, 255
L -3, 1519, -63,  -6, 1543, -86,  0, 0, 255
L -6, 1543, -86,  -12, 1580, -117,  0, 0, 255
L -12, 1580, -117,  -12, 1605, -121,  0, 0, 255
L -12, 1605, -121,  -15, 1672, -180,  0, 0, 255
L -15, 1672, -180,  -14, 1786, -354,  0, 0, 255
L -14, 1786, -354,  -16, 1873, -425,  0, 0, 255
L -16, 1873, -425,  -11, 1944, -486,  0, 0, 255
L -11, 1944, -486,  2, 1978, -523,  0, 0, 255
L 2, 1978, -523,  18, 1989, -551,  0, 0, 255
L 18, 1989, -551,  79, 2034, -590,  0, 0, 255
L 79, 2034, -590,  89, 2086, -655,  0, 0, 255
L 89, 2086, -655,  89, 2104, -667,  0, 0, 255
L 89, 2104, -667,  95, 2156, -719,  0, 0, 255
L 95, 2156, -719,  86, 2228, -794,  0, 0, 255
L 86, 2228, -794,  100, 2283, -832,  0, 0, 255
L 100, 2283, -832,  142, 2320, -830,  0, 0, 255
L 142, 2320, -830,  176, 2332, -854,  0, 0, 255
L 176, 2332, -854,  188, 2382, -878,  0, 0, 255
L 188, 2382, -878,  188, 2455, -1041,  0, 0, 255
L 188, 2455, -1041,  187, 2510, -1066,  0, 0, 255
L 187, 2510, -1066,  195, 2538, -1051,  0, 0, 255
L 195, 2538, -1051,  187, 2600, -1172,  0, 0, 255
L 187, 2600, -1172,  188, 2662, -1308,  0, 0, 255
L 188, 2662, -1308,  192, 2721, -1336,  0, 0, 255
L 192, 2721, -1336,  192, 2776, -1349,  0, 0, 255
L 192, 2776, -1349,  185, 2812, -1387,  0, 0, 255
L 185, 2812, -1387,  192, 2869, -1453,  0, 0, 255
L 192, 2869, -1453,  188, 2906, -1522,  0, 0, 255
L 188, 2906, -1522,  193, 2933, -1527,  0, 0, 255
L 193, 2933, -1527,  186, 2985, -1586,  0, 0, 255
L 186, 2985, -1586,  188, 3058, -1653,  0, 0, 255
L 188, 3058, -1653,  232, 3115, -1718,  0, 0, 255
L 232, 3115, -1718,  264, 3133, -1755,  0, 0, 255
L 264, 3133, -1755,  287, 3155, -1776,  0, 0, 255
L 287, 3155, -1776,  291, 3197, -1827,  0, 0, 255
L 291, 3197, -1827,  291, 3253, -1924,  0, 0, 255
L 291, 3253, -1924,  287, 3320, -2000,  0, 0, 255
L 287, 3320, -2000,  293, 3379, -2016,  0, 0, 255
L 293, 3379, -2016,  295, 3434, -2110,  0, 0, 255
L 295, 3434, -2110,  295, 3443, -2108,  0, 0, 255
L 295, 3443, -2108,  282, 3522, -2154,  0, 0, 255
L 282, 3522, -2154,  290, 3587, -2164,  0, 0, 255
L 290, 3587, -2164,  298, 3642, -2244,  0, 0, 255
L 298, 3642, -2244,  294, 3689, -2323,  0, 0, 255
L 294, 3689, -2323,  297, 3719, -2388,  0, 0, 255
L 297, 3719, -2388,  293, 3763, -2427,  0, 0, 255
L 293, 3763, -2427,  281, 3786, -2422,  0, 0, 255
L 281, 3786, -2422,  226, 3826, -2460,  0, 0, 255
L 226, 3826, -2460,  201, 3853, -2439,  0, 0, 255
L 201, 3853, -2439,  194, 3925, -2553,  0, 0, 255
L 194, 3925, -2553,  184, 3999, -2603,  0, 0, 255
L 184, 3999, -2603,  186, 4044, -2667,  0, 0, 255
L 186, 4044, -2667,  193, 4122, -2780,  0, 0, 255
L 193, 4122, -2780,  189, 4179, -2808,  0, 0, 255
L 189, 4179, -2808,  186, 4237, -2892,  0, 0, 255
L 186, 4237, -2892,  190, 4324, -3025,  0, 0, 255
L 190, 4324, -3025,  186, 4402, -3107,  0, 0, 255
L 186, 4402, -3107,  187, 4460, -3183,  0, 0, 255
L 187, 4460, -3183,  197, 4496, -3229,  0, 0, 255
L 197, 4496, -3229,  233, 4537, -3271,  0, 0, 255
L 233, 4537, -3271,  268, 4555, -3300,  0, 0, 255
L 268, 4555, -3300,  292, 4587, -3331,  0, 0, 255
L 292, 4587, -3331,  289, 4640, -3397,  0, 0, 255
L 289, 4640, -3397,  296, 4693, -3480,  0, 0, 255
L 296, 4693, -3480,  287, 4750, -3547,  0, 0, 255
L 287, 4750, -3547,  289, 4826, -3683,  0, 0, 255
L 289, 4826, -3683,  292, 4884, -3758,  0, 0, 255
L 292, 4884, -3758,  289, 4918, -3828,  0, 0, 255
L 289, 4918, -3828,  289, 4962, -3875,  0, 0, 255
L 289, 4962, -3875,  290, 5026, -3977,  0, 0, 255
L 290, 5026, -3977,  291, 5048, -3993,  0, 0, 255
L 291, 5048, -3993,  295, 5093, -4050,  0, 0, 255
L 295, 5093, -4050,  288, 5168, -4204,  0, 0, 255
L 288, 5168, -4204,  289, 5224, -4311,  0, 0, 255
L 289, 5224, -4311,  296, 5259, -4342,  0, 0, 255
L 296, 5259, -4342,  288, 5312, -4404,  0, 0, 255
L 288, 5312, -4404,  289, 5374, -4497,  0, 0, 255
L 289, 5374, -4497,  288, 5432, -4579,  0, 0, 255
L 288, 5432, -4579,  300, 5474, -4607,  0, 0, 255
L 300, 5474, -4607,  289, 5520, -4665,  0, 0, 255
L 289, 5520, -4665,  293, 5577, -4733,  0, 0, 255
L 293, 5577, -4733,  288, 5634, -4850,  0, 0, 255
L 288, 5634, -4850,  288, 5725, -5031,  0, 0, 255
L 288, 5725, -5031,  290, 5776, -5156,  0, 0, 255
L 290, 5776, -5156,  291, 5837, -5281,  0, 0, 255
L 291, 5837, -5281,  292, 5903, -5360,  0, 0, 255
L 292, 5903, -5360,  290, 5946, -5398,  0, 0, 255
L 290, 5946, -5398,  294, 6054, -5523,  0, 0, 255
L 294, 6054, -5523,  295, 6174, -5685,  0, 0, 255
L 295, 6174, -5685,  296, 6192, -5703,  0, 0, 255
L 296, 6192, -5703,  261, 6231, -5723,  0, 0, 255
L 261, 6231, -5723,  230, 6251, -5780,  0, 0, 255
L 230, 6251, -5780,  199, 6297, -5854,  0, 0, 255
L 199, 6297, -5854,  194, 6351, -5931,  0, 0, 255
L 194, 6351, -5931,  189, 6426, -5997,  0, 0, 255
L 189, 6426, -5997,  190, 6482, -6076,  0, 0, 255
L 190, 6482, -6076,  192, 6566, -6217,  0, 0, 255
L 192, 6566, -6217,  193, 6602, -6263,  0, 0, 255
L 193, 6602, -6263,  184, 6639, -6301,  0, 0, 255
L 184, 6639, -6301,  190, 6698, -6359,  0, 0, 255
L 190, 6698, -6359,  190, 6752, -6445,  0, 0, 255
L 190, 6752, -6445,  199, 6787, -6477,  0, 0, 255
L 199, 6787, -6477,  190, 6823, -6548,  0, 0, 255
L 190, 6823, -6548,  194, 6897, -6736,  0, 0, 255
L 194, 6897, -6736,  206, 6932, -6797,  0, 0, 255
L 206, 6932, -6797,  249, 6974, -6845,  0, 0, 255
L 249, 6974, -6845,  279, 6998, -6866,  0, 0, 255
L 279, 6998, -6866,  284, 7034, -6920,  0, 0, 255
L 284, 7034, -6920,  292, 7069, -7004,  0, 0, 255
L 292, 7069, -7004,  302, 7104, -7078,  0, 0, 255
L 302, 7104, -7078,  290, 7181, -7219,  0, 0, 255
L 290, 7181, -7219,  290, 7222, -7290,  0, 0, 255
L 290, 7222, -7290,  298, 7275, -7409,  0, 0, 255
L 298, 7275, -7409,  291, 7319, -7448,  0, 0, 255
L 291, 7319, -7448,  287, 7394, -7529,  0, 0, 255
L 287, 7394, -7529,  288, 7446, -7630,  0, 0, 255
L 288, 7446, -7630,  295, 7480, -7720,  0, 0, 255
L 295, 7480, -7720,  298, 7499, -7750,  0, 0, 255
L 298, 7499, -7750,  289, 7570, -7966,  0, 0, 255
L 289, 7570, -7966,  290, 7635, -8125,  0, 0, 255
L 290, 7635, -8125,  293, 7671, -8234,  0, 0, 255
L 293, 7671, -8234,  292, 7742, -8348,  0, 0, 255
L 292, 7742, -8348,  296, 7805, -8509,  0, 0, 255
L 296, 7805, -8509,  286, 7829, -8531,  0, 0, 255
L 286, 7829, -8531,  256, 7854, -8588,  0, 0, 255
L 256, 7854, -8588,  207, 7906, -8772,  0, 0, 255
L 207, 7906, -8772,  192, 7939, -8839,  0, 0, 255
L 192, 7939, -8839,  191, 7980, -8946,  0, 0, 255
L 191, 7980, -8946,  190, 8028, -9047,  0, 0, 255
L 190, 8028, -9047,  187, 8068, -9171,  0, 0, 255
L 187, 8068, -9171,  187, 8147, -9347,  0, 0, 255
L 187, 8147, -9347,  189, 8187, -9455,  0, 0, 255
L 189, 8187, -9455,  189, 8225, -9536,  0, 0, 255
L 189, 8225, -9536,  186, 8281, -9559,  0, 0, 255
L 186, 8281, -9559,  192, 8320, -9445,  0, 0, 255
L 192, 8320, -9445,  218, 8317, -9387,  0, 0, 255
L 218, 8317, -9387,  218, 8313, -9413,  0, 0, 255
L 218, 8313, -9413,  217, 8279, -9497,  0, 0, 255
L 217, 8279, -9497,  215, 8227, -9572,  0, 0, 255
L 215, 8227, -9572,  218, 8189, -9484,  0, 0, 255
L 218, 8189, -9484,  221, 8152, -9368,  0, 0, 255
L 221, 8152, -9368,  223, 8133, -9329,  0, 0, 255
L 223, 8133, -9329,  220, 8109, -9264,  0, 0, 255
L 220, 8109, -9264,  218, 8091, -9213,  0, 0, 255
L 218, 8091, -9213,  214, 8026, -9074,  0, 0, 255
L 214, 8026, -9074,  220, 8009, -9023,  0, 0, 255
L 220, 8009, -9023,  220, 7954, -8859,  0, 0, 255
L 220, 7954, -8859,  225, 7936, -8826,  0, 0, 255
L 225, 7936, -8826,  238, 7902, -8721,  0, 0, 255
L 238, 7902, -8721,  284, 7871, -8645,  0, 0, 255
L 284, 7871, -8645,  318, 7827, -8550,  0, 0, 255
L 318, 7827, -8550,  315, 7754, -8370,  0, 0, 255
L 315, 7754, -8370,  321, 7717, -8301,  0, 0, 255
L 321, 7717, -8301,  321, 7678, -8218,  0, 0, 255
L 321, 7678, -8218,  316, 7650, -8169,  0, 0, 255
L 316, 7650, -8169,  319, 7599, -8051,  0, 0, 255
L 319, 7599, -8051,  318, 7563, -7916,  0, 0, 255
L 318, 7563, -7916,  324, 7509, -7777,  0, 0, 255
L 324, 7509, -7777,  316, 7473, -7708,  0, 0, 255
L 316, 7473, -7708,  316, 7381, -7532,  0, 0, 255
L 316, 7381, -7532,  325, 7309, -7429,  0, 0, 255
L 325, 7309, -7429,  322, 7273, -7370,  0, 0, 255
L 322, 7273, -7370,  320, 7207, -7280,  0, 0, 255
L 320, 7207, -7280,  317, 7169, -7183,  0, 0, 255
L 317, 7169, -7183,  319, 7112, -7077,  0, 0, 255
L 319, 7112, -7077,  325, 7076, -6996,  0, 0, 255
L 325, 7076, -6996,  315, 7041, -6958,  0, 0, 255
L 315, 7041, -6958,  313, 6991, -6869,  0, 0, 255
L 313, 6991, -6869,  270, 6957, -6854,  0, 0, 255
L 270, 6957, -6854,  237, 6940, -6819,  0, 0, 255
L 237, 6940, -6819,  222, 6888, -6690,  0, 0, 255
L 222, 6888, -6690,  215, 6847, -6593,  0, 0, 255
L 215, 6847, -6593,  220, 6804, -6509,  0, 0, 255
L 220, 6804, -6509,  219, 6769, -6449,  0, 0, 255
L 219, 6769, -6449,  216, 6732, -6410,  0, 0, 255
L 216, 6732, -6410,  214, 6671, -6344,  0, 0, 255
L 214, 6671, -6344,  220, 6616, -6272,  0, 0, 255
L 220, 6616, -6272,  218, 6562, -6195,  0, 0, 255
L 218, 6562, -6195,  217, 6544, -6162,  0, 0, 255
L 217, 6544, -6162,  216, 6443, -6010,  0, 0, 255
L 216, 6443, -6010,  215, 6424, -6009,  0, 0, 255
L 215, 6424, -6009,  220, 6370, -5937,  0, 0, 255
L 220, 6370, -5937,  214, 6352, -5905,  0, 0, 255
L 214, 6352, -5905,  234, 6293, -5813,  0, 0, 255
L 234, 6293, -5813,  291, 6248, -5755,  0, 0, 255
L 291, 6248, -5755,  312, 6219, -5734,  0, 0, 255
L 312, 6219, -5734,  314, 6143, -5621,  0, 0, 255
L 314, 6143, -5621,  325, 6089, -5550,  0, 0, 255
L 325, 6089, -5550,  321, 6053, -5483,  0, 0, 255
L 321, 6053, -5483,  318, 6017, -5462,  0, 0, 255
L 318, 6017, -5462,  323, 5944, -5359,  0, 0, 255
L 323, 5944, -5359,  323, 5889, -5346,  0, 0, 255
L 323, 5889, -5346,  319, 5854, -5288,  0, 0, 255
L 319, 5854, -5288,  318, 5818, -5253,  0, 0, 255
L 318, 5818, -5253,  316, 5764, -5139,  0, 0, 255
L 316, 5764, -5139,  326, 5686, -4948,  0, 0, 255
L 326, 5686, -4948,  317, 5651, -4883,  0, 0, 255
L 317, 5651, -4883,  316, 5614, -4826,  0, 0, 255
L 316, 5614, -4826,  317, 5541, -4670,  0, 0, 255
L 317, 5541, -4670,  315, 5503, -4657,  0, 0, 255
L 315, 5503, -4657,  323, 5466, -4622,  0, 0, 255
L 323, 5466, -4622,  311, 5430, -4590,  0, 0, 255
L 311, 5430, -4590,  317, 5364, -4493,  0, 0, 255
L 317, 5364, -4493,  314, 5347, -4474,  0, 0, 255
L 314, 5347, -4474,  323, 5288, -4379,  0, 0, 255
L 323, 5288, -4379,  316, 5248, -4344,  0, 0, 255
L 316, 5248, -4344,  319, 5203, -4299,  0, 0, 255
L 319, 5203, -4299,  319, 5147, -4158,  0, 0, 255
L 319, 5147, -4158,  322, 5091, -4043,  0, 0, 255
L 322, 5091, -4043,  322, 5055, -4013,  0, 0, 255
L 322, 5055, -4013,  315, 5019, -3958,  0, 0, 255
L 315, 5019, -3958,  320, 4964, -3883,  0, 0, 255
L 320, 4964, -3883,  321, 4908, -3791,  0, 0, 255
L 321, 4908, -3791,  325, 4865, -3747,  0, 0, 255
L 325, 4865, -3747,  322, 4847, -3703,  0, 0, 255
L 322, 4847, -3703,  320, 4811, -3650,  0, 0, 255
L 320, 4811, -3650,  316, 4734, -3518,  0, 0, 255
L 316, 4734, -3518,  316, 4678, -3465,  0, 0, 255
L 316, 4678, -3465,  322, 4641, -3388,  0, 0, 255
L 322, 4641, -3388,  324, 4606, -3351,  0, 0, 255
L 324, 4606, -3351,  321, 4569, -3304,  0, 0, 255
L 321, 4569, -3304,  299, 4537, -3275,  0, 0, 255
L 299, 4537, -3275,  268, 4517, -3244,  0, 0, 255
L 268, 4517, -3244,  250, 4512, -3243,  0, 0, 255
L 250, 4512, -3243,  224, 4487, -3220,  0, 0, 255
L 224, 4487, -3220,  223, 4451, -3162,  0, 0, 255
L 223, 4451, -3162,  215, 4399, -3132,  0, 0, 255
L 215, 4399, -3132,  221, 4343, -3038,  0, 0, 255
L 221, 4343, -3038,  213, 4308, -2993,  0, 0, 255
L 213, 4308, -2993,  222, 4251, -2890,  0, 0, 255
L 222, 4251, -2890,  211, 4219, -2875,  0, 0, 255
L 211, 4219, -2875,  223, 4164, -2803,  0, 0, 255
L 223, 4164, -2803,  219, 4147, -2806,  0, 0, 255
L 219, 4147, -2806,  220, 4095, -2724,  0, 0, 255
L 220, 4095, -2724,  213, 4021, -2646,  0, 0, 255
L 213, 4021, -2646,  225, 3959, -2586,  0, 0, 255
L 225, 3959, -2586,  222, 3942, -2562,  0, 0, 255
L 222, 3942, -2562,  217, 3906, -2483,  0, 0, 255
L 217, 3906, -2483,  221, 3888, -2468,  0, 0, 255
L 221, 3888, -2468,  237, 3856, -2429,  0, 0, 255
L 237, 3856, -2429,  263, 3831, -2460,  0, 0, 255
L 263, 3831, -2460,  306, 3789, -2471,  0, 0, 255
L 306, 3789, -2471,  319, 3718, -2342,  0, 0, 255
L 319, 3718, -2342,  319, 3658, -2291,  0, 0, 255
L 319, 3658, -2291,  323, 3624, -2208,  0, 0, 255
L 323, 3624, -2208,  317, 3599, -2196,  0, 0, 255
L 317, 3599, -2196,  317, 3520, -2155,  0, 0, 255
L 317, 3520, -2155,  316, 3482, -2180,  0, 0, 255
L 316, 3482, -2180,  320, 3425, -2087,  0, 0, 255
L 320, 3425, -2087,  317, 3387, -2055,  0, 0, 255
L 317, 3387, -2055,  317, 3328, -1997,  0, 0, 255
L 317, 3328, -1997,  314, 3309, -1988,  0, 0, 255
L 314, 3309, -1988,  320, 3271, -1985,  0, 0, 255
L 320, 3271, -1985,  323, 3235, -1920,  0, 0, 255
L 323, 3235, -1920,  312, 3199, -1842,  0, 0, 255
L 312, 3199, -1842,  312, 3162, -1801,  0, 0, 255
L 312, 3162, -1801,  294, 3131, -1778,  0, 0, 255
L 294, 3131, -1778,  260, 3100, -1703,  0, 0, 255
L 260, 3100, -1703,  252, 3095, -1693,  0, 0, 255
L 252, 3095, -1693,  226, 3060, -1646,  0, 0, 255
L 226, 3060, -1646,  218, 3024, -1626,  0, 0, 255
L 218, 3024, -1626,  215, 2988, -1605,  0, 0, 255
L 215, 2988, -1605,  220, 2952, -1578,  0, 0, 255
L 220, 2952, -1578,  221, 2934, -1566,  0, 0, 255
L 221, 2934, -1566,  216, 2881, -1498,  0, 0, 255
L 216, 2881, -1498,  217, 2845, -1438,  0, 0, 255
L 217, 2845, -1438,  214, 2808, -1373,  0, 0, 255
L 214, 2808, -1373,  223, 2752, -1324,  0, 0, 255
L 223, 2752, -1324,  216, 2716, -1328,  0, 0, 255
L 216, 2716, -1328,  218, 2697, -1313,  0, 0, 255
L 218, 2697, -1313,  220, 2638, -1262,  0, 0, 255
L 220, 2638, -1262,  217, 2610, -1174,  0, 0, 255
L 217, 2610, -1174,  217, 2574, -1100,  0, 0, 255
L 217, 2574, -1100,  222, 2537, -1079,  0, 0, 255
L 222, 2537, -1079,  217, 2520, -1073,  0, 0, 255
L 217, 2520, -1073,  220, 2466, -1072,  0, 0, 255
L 220, 2466, -1072,  227, 2450, -1029,  0, 0, 255
L 227, 2450, -1029,  221, 2414, -952,  0, 0, 255
L 221, 2414, -952,  215, 2379, -903,  0, 0, 255
L 215, 2379, -903,  187, 2321, -872,  0, 0, 255
L 187, 2321, -872,  163, 2300, -860,  0, 0, 255
L 163, 2300, -860,  118, 2228, -789,  0, 0, 255
L 118, 2228, -789,  113, 2196, -748,  0, 0, 255
L 113, 2196, -748,  117, 2160, -708,  0, 0, 255
L 117, 2160, -708,  119, 2117, -672,  0, 0, 255
L 119, 2117, -672,  123, 2063, -605,  0, 0, 255
L 123, 2063, -605,  98, 2024, -595,  0, 0, 255
L 98, 2024, -595,  69, 1992, -546,  0, 0, 255
L 69, 1992, -546,  38, 1973, -511,  0, 0, 255
L 38, 1973, -511,  17, 1924, -464,  0, 0, 255
L 17, 1924, -464,  15, 1880, -423,  0, 0, 255
L 15, 1880, -423,  17, 1807, -371,  0, 0, 255
L 17, 1807, -371,  16, 1750, -311,  0, 0, 255
L 16, 1750, -311,  14, 1702, -220,  0, 0, 255
L 14, 1702, -220,  22, 1637, -133,  0, 0, 255
L 22, 1637, -133,  15, 1544, -86,  0, 0, 255
L 15, 1544, -86,  10, 1528, -95,  0, 0, 255
L 10, 1528, -95,  37, 1499, -74,  0, 0, 255
L 37, 1499, -74,  57, 1508, -62,  0, 0, 255
L 57, 1508, -62,  118, 1516, -55,  0, 0, 255
L 118, 1516, -55,  143, 1485, -40,  0, 0, 255
L 143, 1485, -40,  144, 1479, -32,  0, 0, 255
L 144, 1479, -32,  127, 1475, -56,  0, 0, 255
L 127, 1475, -56,  71, 1481, -30,  0, 0, 255
L 71, 1481, -30,  53, 1485, -47,  0, 0, 255
L 53, 1485, -47,  35, 1482, -36,  0, 0, 255
L 35, 1482, -36,  22, 1448, 2,  0, 0, 255
L 22, 1448, 2,  65, 1409, 40,  0, 0, 255
L 65, 1409, 40,  103, 1379, 30,  0, 0, 255
L 103, 1379, 30,  110, 1328, 16,  0, 0, 255
L 110, 1328, 16,  117, 1273, 107,  0, 0, 255
L 117, 1273, 107,  120, 1198, 183,  0, 0, 255
L 120, 1198, 183,  115, 1143, 207,  0, 0, 255
L 115, 1143, 207,  111, 1106, 211,  0, 0, 255
L 111, 1106, 211,  120, 1040, 227,  0, 0, 255
L 120, 1040, 227,  123, 968, 326,  0, 0, 255
L 123, 968, 326,  114, 903, 369,  0, 0, 255
L 114, 903, 369,  118, 847, 423,  0, 0, 255
L 118, 847, 423,  118, 793, 490,  0, 0, 255
L 118, 793, 490,  119, 751, 528,  0, 0, 255
L 119, 751, 528,  126, 710, 605,  0, 0, 255
L 126, 710, 605,  116, 668, 571,  0, 0, 255
L 116, 668, 571,  74, 670, 570,  0, 0, 255
L 74, 670, 570,  44, 679, 588,  0, 0, 255
L 44, 679, 588,  18, 686, 622,  0, 0, 255
L 18, 686, 622,  14, 684, 620,  0, 0, 255
L 14, 684, 620,  15, 658, 609,  0, 0, 255
L 15, 658, 609,  13, 603, 669,  0, 0, 255
L 13, 603, 669,  9, 575, 707,  0, 0, 255
L 9, 575, 707,  12, 538, 736,  0, 0, 255
L 12, 538, 736,  19, 513, 731,  0, 0, 255
L 19, 513, 731,  19, 513, 731,  0, 0, 255
L 19, 513, 731,  21, 458, 786,  0, 0, 255
L 21, 458, 786,  27, 429, 793,  0, 0, 255
L 27, 429, 793,  51, 401, 830,  0, 0, 255
L 51, 401, 830,  98, 366, 889,  0, 0, 255
L 98, 366, 889,  117, 327, 953,  0, 0, 255
L 117, 327, 953,  111, 291, 941,  0, 0, 255
L 111, 291, 941,  124, 220, 945,  0, 0, 255
L 124, 220, 945,  124, 202, 931,  0, 0, 255
L 124, 202, 931,  119, 120, 927,  0, 0, 255
L 119, 120, 927,  113, 88, 920,  0, 0, 255
L 113, 88, 920,  114, 68, 915,  0, 0, 255
L 114, 68, 915,  133, 46, 921,  0, 0, 255
L -146, 1093, 224,  -146, 1093, 224,  153, 153, 153
L -146, 1093, 224,  -135, 1091, 224,  153, 153, 153
L -135, 1091, 224,  -129, 1087, 221,  153, 153, 153
L -129, 1087, 221,  -129, 1086, 222,  153, 153, 153
L -129, 1086, 222,  -126, 1075, 221,  153, 153, 153
L -126, 1075, 221,  -134, 1061, 221,  153, 153, 153
L -134, 1061, 221,  -137, 1059, 221,  153, 153, 153
L -137, 1059, 221,  -136, 1055, 221,  153, 153, 153
L -136, 1055, 221,  -131, 1053, 248,  153, 153, 153
L -131, 1053, 248,  -122, 1063, 244,  153, 153, 153
L -122, 1063, 244,  -89, 1079, 217,  153, 153, 153
L -89, 1079, 217,  -87, 1080, 218,  153, 153, 153
L -87, 1080, 218,  -99, 1111, 239,  153, 153, 153
L -99, 1111, 239,  -122, 1127, 257,  153, 153, 153
L -122, 1127, 257,  -144, 1127, 307,  153, 153, 153
L -144, 1127, 307,  -162, 1124, 271,  153, 153, 153
L -162, 1124, 271,  -193, 1100, 225,  153, 153, 153
L -193, 1100, 225,  -198, 1084, 216,  153, 153, 153
L -198, 1084, 216,  -169, 1059, 217,  153, 153, 153
L -169, 1059, 217,  -150, 1052, 267,  153, 153, 153
L -150, 1052, 267,  -148, 1059, 221,  153, 153, 153
L -148, 1059, 221,  -157, 1066, 221,  153, 153, 153
L -157, 1066, 221,  -160, 1078, 222,  153, 153, 153
L -160, 1078, 222,  -159, 1083, 221,  153, 153, 153
L -159, 1083, 221,  -152, 1091, 221,  153, 153, 153
L -152, 1091, 221,  -146, 1093, 222,  153, 153, 153
L 191, 1073, 238,  191, 1073, 238,  153, 153, 153
L 191, 1073, 238,  184, 1067, 237,  153, 153, 153
L 184, 1067, 237,  183, 1067, 237,  153, 153, 153
L 183, 1067, 237,  179, 1063, 239,  153, 153, 153
L 179, 1063, 239,  188, 1059, 256,  153, 153, 153
L 188, 1059, 256,  188, 1060, 254,  153, 153, 153
L 188, 1060, 254,  230, 1077, 222,  153, 153, 153
L 230, 1077, 222,  242, 1084, 220,  153, 153, 153
L 242, 1084, 220,  247, 1092, 218,  153, 153, 153
L 247, 1092, 218,  249, 1106, 221,  153, 153, 153
L 249, 1106, 221,  231, 1122, 262,  153, 153, 153
L 231, 1122, 262,  226, 1122, 251,  153, 153, 153
L 226, 1122, 251,  213, 1127, 225,  153, 153, 153
L 213, 1127, 225,  176, 1134, 338,  153, 153, 153
L 176, 1134, 338,  155, 1132, 276,  153, 153, 153
L 155, 1132, 276,  131, 1112, 263,  153, 153, 153
L 131, 1112, 263,  125, 1088, 339,  153, 153, 153
L 125, 1088, 339,  132, 1074, 296,  153, 153, 153
L 132, 1074, 296,  157, 1067, 272,  153, 153, 153
L 157, 1067, 272,  163, 1062, 283,  153, 153, 153
L 163, 1062, 283,  166, 1069, 240,  153, 153, 153
L 166, 1069, 240,  160, 1077, 238,  153, 153, 153
L 160, 1077, 238,  159, 1087, 239,  153, 153, 153
L 159, 1087, 239,  163, 1093, 237,  153, 153, 153
L 163, 1093, 237,  166, 1096, 237,  153, 153, 153
L 166, 1096, 237,  179, 1099, 237,  153, 153, 153
L 179, 1099, 237,  192, 1087, 237,  153, 153, 153
L 192, 1087, 237,  191, 1073, 237,  153, 153, 153
L 235, 2813, -1358,  235, 2813, -1354,  0, 153, 0
L 235, 2813, -1354,  236, 2839, -1388,  0, 153, 0
L 236, 2839, -1388,  238, 2884, -1418,  0, 153, 0
L 238, 2884, -1418,  240, 3027, -1585,  0, 153, 0
L 240, 3027, -1585,  271, 3085, -1673,  0, 153, 0
L 271, 3085, -1673,  332, 3151, -1577,  0, 153, 0
L 332, 3151, -1577,  354, 3245, -1616,  0, 153, 0
L 354, 3245, -1616,  371, 3273, -1921,  0, 153, 0
L 371, 3273, -1921,  515, 3229, -2151,  0, 153, 0
L 515, 3229, -2151,  590, 3248, -2123,  0, 153, 0
L 590, 3248, -2123,  599, 3358, -2036,  0, 153, 0
L 599, 3358, -2036,  623, 3414, -1825,  0, 153, 0
L 623, 3414, -1825,  679, 3531, -1905,  0, 153, 0
L 679, 3531, -1905,  747, 3546, -2079,  0, 153, 0
L 747, 3546, -2079,  783, 3557, -2104,  0, 153, 0
L 783, 3557, -2104,  821, 3575, -2161,  0, 153, 0
L 821, 3575, -2161,  875, 3589, -2232,  0, 153, 0
L 875, 3589, -2232,  893, 3591, -2181,  0, 153, 0
L 893, 3591, -2181,  965, 3521, -2232,  0, 153, 0
L 965, 3521, -2232,  971, 3514, -2231,  0, 153, 0
L 971, 3514, -2231,  968, 3501, -2233,  0, 153, 0
L 968, 3501, -2233,  918, 3476, -2231,  0, 153, 0
L 918, 3476, -2231,  861, 3423, -2233,  0, 153, 0
L 861, 3423, -2233,  868, 3390, -2233,  0, 153, 0
L 868, 3390, -2233,  942, 3335, -2233,  0, 153, 0
L 942, 3335, -2233,  1055, 3363, -2231,  0, 153, 0
L 1055, 3363, -2231,  1117, 3352, -2178,  0, 153, 0
L 1117, 3352, -2178,  1113, 3335, -1962,  0, 153, 0
L 1113, 3335, -1962,  1074, 3280, -1899,  0, 153, 0
L 1074, 3280, -1899,  1098, 3243, -2044,  0, 153, 0
L 1098, 3243, -2044,  1117, 3239, -2117,  0, 153, 0
L 1117, 3239, -2117,  1236, 3239, -2082,  0, 153, 0
L 1236, 3239, -2082,  1262, 3299, -2233,  0, 153, 0
L 1262, 3299, -2233,  1238, 3355, -2083,  0, 153, 0
L 1238, 3355, -2083,  1170, 3363, -2197,  0, 153, 0
L 1170, 3363, -2197,  1161, 3385, -2143,  0, 153, 0
L 1161, 3385, -2143,  1207, 3451, -2232,  0, 153, 0
L 1207, 3451, -2232,  1207, 3534, -2233,  0, 153, 0
L 1207, 3534, -2233,  1181, 3550, -2233,  0, 153, 0
L 1181, 3550, -2233,  1092, 3570, -2233,  0, 153, 0
L 1092, 3570, -2233,  1026, 3554, -2198,  0, 153, 0
L 1026, 3554, -2198,  955, 3624, -2205,  0, 153, 0
L 955, 3624, -2205,  983, 3707, -1818,  0, 153, 0
L 983, 3707, -1818,  1015, 3734, -1833,  0, 153, 0
L 1015, 3734, -1833,  1067, 3716, -1818,  0, 153, 0
L 1067, 3716, -1818,  1099, 3683, -1858,  0, 153, 0
L 1099, 3683, -1858,  1196, 3671, -2151,  0, 153, 0
L 1196, 3671, -2151,  1267, 3696, -2151,  0, 153, 0
L 1267, 3696, -2151,  1316, 3807, -2031,  0, 153, 0
L 1316, 3807, -2031,  1337, 3874, -1978,  0, 153, 0
L 1337, 3874, -1978,  1333, 3987, -2056,  0, 153, 0
L 1333, 3987, -2056,  1245, 4033, -1856,  0, 153, 0
L 1245, 4033, -1856,  1196, 4005, -1830,  0, 153, 0
L 1196, 4005, -1830,  1192, 3873, -2149,  0, 153, 0
L 1192, 3873, -2149,  1242, 3839, -2151,  0, 153, 0
L 1242, 3839, -2151,  1243, 3752, -1864,  0, 153, 0
L 1243, 3752, -1864,  1201, 3718, -2007,  0, 153, 0
L 1201, 3718, -2007,  1159, 3720, -1950,  0, 153, 0
L 1159, 3720, -1950,  1122, 3750, -1996,  0, 153, 0
L 1122, 3750, -1996,  1077, 3790, -1877,  0, 153, 0
L 1077, 3790, -1877,  1064, 3848, -1875,  0, 153, 0
L 1064, 3848, -1875,  1076, 3919, -2095,  0, 153, 0
L 1076, 3919, -2095,  1016, 3955, -2151,  0, 153, 0
L 1016, 3955, -2151,  976, 3971, -2151,  0, 153, 0
L 976, 3971, -2151,  921, 3982, -2070,  0, 153, 0
L 921, 3982, -2070,  910, 3989, -2099,  0, 153, 0
L 910, 3989, -2099,  981, 4020, -2133,  0, 153, 0
L 981, 4020, -2133,  1019, 4094, -2124,  0, 153, 0
L 1019, 4094, -2124,  957, 4185, -1952,  0, 153, 0
L 957, 4185, -1952,  823, 4183, -2134,  0, 153, 0
L 823, 4183, -2134,  798, 4124, -2149,  0, 153, 0
L 798, 4124, -2149,  782, 4038, -1921,  0, 153, 0
L 782, 4038, -1921,  796, 3962, -1902,  0, 153, 0
L 796, 3962, -1902,  864, 3937, -1952,  0, 153, 0
L 864, 3937, -1952,  965, 3914, -2042,  0, 153, 0
L 965, 3914, -2042,  1001, 3910, -2151,  0, 153, 0
L 1001, 3910, -2151,  998, 3874, -2043,  0, 153, 0
L 998, 3874, -2043,  934, 3845, -2151,  0, 153, 0
L 934, 3845, -2151,  919, 3847, -2065,  0, 153, 0
L 919, 3847, -2065,  841, 3882, -1991,  0, 153, 0
L 841, 3882, -1991,  799, 3902, -2071,  0, 153, 0
L 799, 3902, -2071,  724, 3966, -2194,  0, 153, 0
L 724, 3966, -2194,  698, 4042, -2258,  0, 153, 0
L 698, 4042, -2258,  679, 4139, -2334,  0, 153, 0
L 679, 4139, -2334,  682, 4209, -2537,  0, 153, 0
L 682, 4209, -2537,  723, 4332, -2956,  0, 153, 0
L 723, 4332, -2956,  821, 4356, -3129,  0, 153, 0
L 821, 4356, -3129,  912, 4355, -3332,  0, 153, 0
L 912, 4355, -3332,  936, 4332, -3282,  0, 153, 0
L 936, 4332, -3282,  964, 4251, -3242,  0, 153, 0
L 964, 4251, -3242,  1020, 4176, -3134,  0, 153, 0
L 1020, 4176, -3134,  1122, 4167, -3332,  0, 153, 0
L 1122, 4167, -3332,  1237, 4200, -3285,  0, 153, 0
L 1237, 4200, -3285,  1332, 4267, -3220,  0, 153, 0
L 1332, 4267, -3220,  1361, 4389, -3106,  0, 153, 0
L 1361, 4389, -3106,  1332, 4536, -3141,  0, 153, 0
L 1332, 4536, -3141,  1228, 4645, -3245,  0, 153, 0
L 1228, 4645, -3245,  1108, 4661, -3062,  0, 153, 0
L 1108, 4661, -3062,  1023, 4624, -3057,  0, 153, 0
L 1023, 4624, -3057,  951, 4488, -3072,  0, 153, 0
L 951, 4488, -3072,  906, 4454, -3106,  0, 153, 0
L 906, 4454, -3106,  843, 4449, -3156,  0, 153, 0
L 843, 4449, -3156,  776, 4480, -3038,  0, 153, 0
L 776, 4480, -3038,  735, 4554, -3235,  0, 153, 0
L 735, 4554, -3235,  692, 4631, -3517,  0, 153, 0
L 692, 4631, -3517,  660, 4737, -3633,  0, 153, 0
L 660, 4737, -3633,  681, 4790, -3860,  0, 153, 0
L 681, 4790, -3860,  711, 4829, -4013,  0, 153, 0
L 711, 4829, -4013,  785, 4848, -3894,  0, 153, 0
L 785, 4848, -3894,  796, 4767, -3860,  0, 153, 0
L 796, 4767, -3860,  863, 4730, -3952,  0, 153, 0
L 863, 4730, -3952,  953, 4732, -4021,  0, 153, 0
L 953, 4732, -4021,  1035, 4768, -3986,  0, 153, 0
L 1035, 4768, -3986,  1064, 4736, -3769,  0, 153, 0
L 1064, 4736, -3769,  1109, 4709, -3834,  0, 153, 0
L 1109, 4709, -3834,  1169, 4727, -3945,  0, 153, 0
L 1169, 4727, -3945,  1197, 4769, -4006,  0, 153, 0
L 1197, 4769, -4006,  1200, 4844, -3992,  0, 153, 0
L 1200, 4844, -3992,  1140, 4890, -3938,  0, 153, 0
L 1140, 4890, -3938,  1075, 4898, -3718,  0, 153, 0
L 1075, 4898, -3718,  1032, 4854, -3830,  0, 153, 0
L 1032, 4854, -3830,  973, 4797, -3725,  0, 153, 0
L 973, 4797, -3725,  874, 4770, -3957,  0, 153, 0
L 874, 4770, -3957,  868, 4771, -3966,  0, 153, 0
L 868, 4771, -3966,  848, 4902, -4021,  0, 153, 0
L 848, 4902, -4021,  829, 4993, -3759,  0, 153, 0
L 829, 4993, -3759,  794, 5021, -3712,  0, 153, 0
L 794, 5021, -3712,  724, 5063, -3807,  0, 153, 0
L 724, 5063, -3807,  661, 5027, -4007,  0, 153, 0
L 661, 5027, -4007,  645, 5001, -4021,  0, 153, 0
L 645, 5001, -4021,  673, 4876, -4021,  0, 153, 0
L 673, 4876, -4021,  665, 4833, -4003,  0, 153, 0
L 665, 4833, -4003,  626, 4801, -3999,  0, 153, 0
L 626, 4801, -3999,  559, 4822, -3999,  0, 153, 0
L 559, 4822, -3999,  530, 4850, -3999,  0, 153, 0
L 530, 4850, -3999,  496, 4903, -3999,  0, 153, 0
L 496, 4903, -3999,  475, 4951, -3999,  0, 153, 0
L 475, 4951, -3999,  430, 4994, -3999,  0, 153, 0
L 430, 4994, -3999,  380, 5031, -3999,  0, 153, 0
L 380, 5031, -3999,  335, 5041, -3973,  0, 153, 0
L 335, 5041, -3973,  343, 5090, -3934,  0, 153, 0
L 343, 5090, -3934,  344, 5131, -4027,  0, 153, 0
L 344, 5131, -4027,  334, 5253, -4304,  0, 153, 0
L 334, 5253, -4304,  332, 5351, -4405,  0, 153, 0
L 332, 5351, -4405,  328, 5452, -4569,  0, 153, 0
L 328, 5452, -4569,  321, 5537, -4659,  0, 153, 0
L 321, 5537, -4659,  325, 5583, -4662,  0, 153, 0
L 267, 5448, -4540,  267, 5448, -4540,  0, 153, 0
L 267, 5448, -4540,  275, 5440, -4561,  0, 153, 0
L 275, 5440, -4561,  277, 5428, -4539,  0, 153, 0
L 277, 5428, -4539,  268, 5401, -4528,  0, 153, 0
L 268, 5401, -4528,  263, 5284, -4233,  0, 153, 0
L 263, 5284, -4233,  268, 5161, -4138,  0, 153, 0
L 268, 5161, -4138,  266, 5143, -4096,  0, 153, 0
L 266, 5143, -4096,  268, 5091, -4025,  0, 153, 0
L 268, 5091, -4025,  253, 5045, -3875,  0, 153, 0
L 253, 5045, -3875,  253, 4943, -3806,  0, 153, 0
L 253, 4943, -3806,  256, 4848, -3568,  0, 153, 0
L 256, 4848, -3568,  268, 4603, -3342,  0, 153, 0
L 268, 4603, -3342,  147, 4477, -3091,  0, 153, 0
L 147, 4477, -3091,  105, 4400, -2978,  0, 153, 0
L 105, 4400, -2978,  61, 4217, -2709,  0, 153, 0
L 61, 4217, -2709,  96, 4099, -2568,  0, 153, 0
L 96, 4099, -2568,  152, 3998, -2419,  0, 153, 0
L 152, 3998, -2419,  170, 3884, -2347,  0, 153, 0
L 170, 3884, -2347,  278, 3748, -2162,  0, 153, 0
L 278, 3748, -2162,  274, 3659, -2173,  0, 153, 0
L 274, 3659, -2173,  262, 3535, -2039,  0, 153, 0
L 262, 3535, -2039,  254, 3386, -1919,  0, 153, 0
L 254, 3386, -1919,  259, 3272, -1825,  0, 153, 0
L 259, 3272, -1825,  257, 3165, -1605,  0, 153, 0
L 257, 3165, -1605,  197, 3085, -1547,  0, 153, 0
L 197, 3085, -1547,  166, 2943, -1390,  0, 153, 0
L 166, 2943, -1390,  158, 2844, -1332,  0, 153, 0
L 392, 4953, -4000,  392, 4953, -4000,  0, 153, 0
L 392, 4953, -4000,  430, 4909, -3999,  0, 153, 0
L 430, 4909, -3999,  473, 4840, -3943,  0, 153, 0
L 473, 4840, -3943,  520, 4787, -3998,  0, 153, 0
L 520, 4787, -3998,  568, 4721, -3920,  0, 153, 0
L 568, 4721, -3920,  618, 4640, -3797,  0, 153, 0
L 618, 4640, -3797,  674, 4544, -3567,  0, 153, 0
L 674, 4544, -3567,  677, 4450, -3204,  0, 153, 0
L 677, 4450, -3204,  666, 4364, -3153,  0, 153, 0
L 666, 4364, -3153,  643, 4310, -2712,  0, 153, 0
L 643, 4310, -2712,  625, 4275, -2645,  0, 153, 0
L 625, 4275, -2645,  589, 4225, -2841,  0, 153, 0
L 589, 4225, -2841,  576, 4221, -2867,  0, 153, 0
L 576, 4221, -2867,  566, 4272, -2901,  0, 153, 0
L 566, 4272, -2901,  540, 4345, -2901,  0, 153, 0
L 540, 4345, -2901,  468, 4318, -2901,  0, 153, 0
L 468, 4318, -2901,  459, 4165, -2901,  0, 153, 0
L 459, 4165, -2901,  494, 4137, -2901,  0, 153, 0
L 494, 4137, -2901,  531, 4163, -2901,  0, 153, 0
L 531, 4163, -2901,  603, 4183, -2901,  0, 153, 0
L 603, 4183, -2901,  612, 4107, -2510,  0, 153, 0
L 612, 4107, -2510,  650, 3966, -2244,  0, 153, 0
L 650, 3966, -2244,  899, 3754, -2019,  0, 153, 0
L 899, 3754, -2019,  887, 3706, -1966,  0, 153, 0
L 887, 3706, -1966,  877, 3692, -1921,  0, 153, 0
L 877, 3692, -1921,  837, 3643, -1980,  0, 153, 0
L 837, 3643, -1980,  792, 3623, -2064,  0, 153, 0
L 792, 3623, -2064,  653, 3579, -1966,  0, 153, 0
L 653, 3579, -1966,  554, 3449, -1987,  0, 153, 0
L 554, 3449, -1987,  532, 3376, -2054,  0, 153, 0
L 532, 3376, -2054,  500, 3311, -1808,  0, 153, 0
L 500, 3311, -1808,  378, 3344, -2150,  0, 153, 0
L 378, 3344, -2150,  365, 3355, -2164,  0, 153, 0
L 365, 3355, -2164,  340, 3379, -2061,  0, 153, 0
L 340, 3379, -2061,  339, 3392, -1973,  0, 153, 0
L 339, 3392, -1973,  338, 3447, -2057,  0, 153, 0
L 338, 3447, -2057,  342, 3542, -2147,  0, 153, 0
L 342, 3542, -2147,  350, 3638, -2103,  0, 153, 0
L 350, 3638, -2103,  357, 3726, -2288,  0, 153, 0
L 357, 3726, -2288,  261, 3853, -2384,  0, 153, 0
L 261, 3853, -2384,  243, 3964, -2518,  0, 153, 0
L 243, 3964, -2518,  262, 4075, -2678,  0, 153, 0
L 262, 4075, -2678,  285, 4140, -2753,  0, 153, 0
L 285, 4140, -2753,  313, 4209, -2786,  0, 153, 0
L 313, 4209, -2786,  332, 4309, -2890,  0, 153, 0
L 332, 4309, -2890,  313, 4447, -3065,  0, 153, 0
L 313, 4447, -3065,  311, 4464, -3048,  0, 153, 0
L 311, 4464, -3048,  329, 4553, -3209,  0, 153, 0
L 329, 4553, -3209,  342, 4693, -3276,  0, 153, 0
L 342, 4693, -3276,  350, 4793, -3446,  0, 153, 0
L 350, 4793, -3446,  343, 4908, -3680,  0, 153, 0
L 343, 4908, -3680,  348, 4932, -3710,  0, 153, 0
L 348, 4932, -3710,  372, 4942, -3891,  0, 153, 0
L 372, 4942, -3891,  387, 4951, -3984,  0, 153, 0
L 387, 4951, -3984,  391, 4953, -4002,  0, 153, 0
L -3670, 3767, -2412,  -3670, 3767, -2412,  153, 153, 153
L -3670, 3767, -2412,  -3676, 3769, -2415,  153, 153, 153
L -3676, 3769, -2415,  -3695, 3782, -2424,  153, 153, 153
L -3695, 3782, -2424,  -3703, 3795, -2424,  153, 153, 153
L -3703, 3795, -2424,  -3709, 3813, -2424,  153, 153, 153
L -3709, 3813, -2424,  -3700, 3814, -2424,  153, 153, 153
L -3700, 3814, -2424,  -3698, 3828, -2424,  153, 153, 153
L -3698, 3828, -2424,  -3709, 3832, -2424,  153, 153, 153
L -3709, 3832, -2424,  -3707, 3841, -2424,  153, 153, 153
L -3707, 3841, -2424,  -3702, 3852, -2424,  153, 153, 153
L -3702, 3852, -2424,  -3674, 3877, -2427,  153, 153, 153
L -3674, 3877, -2427,  -3661, 3879, -2430,  153, 153, 153
L -3661, 3879, -2430,  -3659, 3890, -2446,  153, 153, 153
L -3659, 3890, -2446,  -3664, 3887, -2442,  153, 153, 153
L -3664, 3887, -2442,  -3677, 3885, -2439,  153, 153, 153
L -3677, 3885, -2439,  -3697, 3872, -2424,  153, 153, 153
L -3697, 3872, -2424,  -3713, 3850, -2423,  153, 153, 153
L -3713, 3850, -2423,  -3719, 3824, -2424,  153, 153, 153
L -3719, 3824, -2424,  -3715, 3798, -2424,  153, 153, 153
L -3715, 3798, -2424,  -3701, 3776, -2424,  153, 153, 153
L -3701, 3776, -2424,  -3680, 3762, -2402,  153, 153, 153
L -3680, 3762, -2402,  -3671, 3759, -2397,  153, 153, 153
L -3671, 3759, -2397,  -3671, 3753, -2384,  153, 153, 153
L -3671, 3753, -2384,  -3640, 3748, -2375,  153, 153, 153
L -3640, 3748, -2375,  -3636, 3759, -2393,  153, 153, 153
L -3636, 3759, -2393,  -3627, 3761, -2398,  153, 153, 153
L -3627, 3761, -2398,  -3606, 3774, -2424,  153, 153, 153
L -3606, 3774, -2424,  -3591, 3796, -2424,  153, 153, 153
L -3591, 3796, -2424,  -3587, 3817, -2424,  153, 153, 153
L -3587, 3817, -2424,  -3589, 3843, -2424,  153, 153, 153
L -3589, 3843, -2424,  -3604, 3869, -2424,  153, 153, 153
L -3604, 3869, -2424,  -3624, 3883, -2433,  153, 153, 153
L -3624, 3883, -2433,  -3638, 3887, -2441,  153, 153, 153
L -3638, 3887, -2441,  -3646, 3889, -2446,  153, 153, 153
L -3646, 3889, -2446,  -3648, 3881, -2433,  153, 153, 153
L -3648, 3881, -2433,  -3632, 3877, -2428,  153, 153, 153
L -3632, 3877, -2428,  -3611, 3864, -2424,  153, 153, 153
L -3611, 3864, -2424,  -3601, 3850, -2424,  153, 153, 153
L -3601, 3850, -2424,  -3596, 3835, -2424,  153, 153, 153
L -3596, 3835, -2424,  -3605, 3831, -2424,  153, 153, 153
L -3605, 3831, -2424,  -3608, 3816, -2423,  153, 153, 153
L -3608, 3816, -2423,  -3596, 3812, -2424,  153, 153, 153
L -3596, 3812, -2424,  -3598, 3800, -2424,  153, 153, 153
L -3598, 3800, -2424,  -3613, 3780, -2424,  153, 153, 153
L -3613, 3780, -2424,  -3628, 3770, -2417,  153, 153, 153
L -3628, 3770, -2417,  -3636, 3767, -2411,  153, 153, 153
L -3636, 3767, -2411,  -3636, 3781, -2424,  153, 153, 153
L -3636, 3781, -2424,  -3646, 3783, -2424,  153, 153, 153
L -3646, 3783, -2424,  -3648, 3778, -2383,  153, 153, 153
L -3648, 3778, -2383,  -3643, 3776, -2386,  153, 153, 153
L -3643, 3776, -2386,  -3643, 3754, -2383,  153, 153, 153
L -3643, 3754, -2383,  -3659, 3755, -2383,  153, 153, 153
L -3659, 3755, -2383,  -3663, 3756, -2383,  153, 153, 153
L -3663, 3756, -2383,  -3663, 3776, -2386,  153, 153, 153
L -3663, 3776, -2386,  -3657, 3781, -2383,  153, 153, 153
L -3657, 3781, -2383,  -3666, 3783, -2424,  153, 153, 153
L -3666, 3783, -2424,  -3670, 3767, -2412,  153, 153, 153
L -3541, 5601, 1342,  -3541, 5601, 1342,  0, 255, 0
L -3541, 5601, 1342,  -3541, 5614, 1331,  0, 255, 0
L -3541, 5614, 1331,  -3543, 5627, 1331,  0, 255, 0
L -3543, 5627, 1331,  -3543, 5682, 1331,  0, 255, 0
L -3543, 5682, 1331,  -3541, 5739, 1331,  0, 255, 0
L -3541, 5739, 1331,  -3514, 5790, 1331,  0, 255, 0
L -3514, 5790, 1331,  -3500, 5839, 1331,  0, 255, 0
L -3500, 5839, 1331,  -3527, 5921, 1331,  0, 255, 0
L -3527, 5921, 1331,  -3567, 5906, 1331,  0, 255, 0
L -3567, 5906, 1331,  -3584, 5869, 1331,  0, 255, 0
L -3584, 5869, 1331,  -3638, 5844, 1331,  0, 255, 0
L -3638, 5844, 1331,  -3712, 5872, 1331,  0, 255, 0
L -3712, 5872, 1331,  -3725, 5971, 1331,  0, 255, 0
L -3725, 5971, 1331,  -3674, 5984, 1331,  0, 255, 0
L -3674, 5984, 1331,  -3611, 5970, 1331,  0, 255, 0
L -3611, 5970, 1331,  -3588, 5945, 1332,  0, 255, 0
L -3588, 5945, 1332,  -3545, 5963, 1331,  0, 255, 0
L -3545, 5963, 1331,  -3543, 6013, 1331,  0, 255, 0
L -3543, 6013, 1331,  -3619, 6045, 1331,  0, 255, 0
L -3619, 6045, 1331,  -3646, 6087, 1331,  0, 255, 0
L -3646, 6087, 1331,  -3636, 6135, 1331,  0, 255, 0
L -3636, 6135, 1331,  -3580, 6163, 1331,  0, 255, 0
L -3580, 6163, 1331,  -3596, 6195, 1331,  0, 255, 0
L -3596, 6195, 1331,  -3650, 6209, 1331,  0, 255, 0
L -3650, 6209, 1331,  -3664, 6275, 1331,  0, 255, 0
L -3664, 6275, 1331,  -3608, 6297, 1331,  0, 255, 0
L -3608, 6297, 1331,  -3527, 6260, 1331,  0, 255, 0
L -3527, 6260, 1331,  -3566, 6224, 1331,  0, 255, 0
L -3566, 6224, 1331,  -3553, 6184, 1331,  0, 255, 0
L -3553, 6184, 1331,  -3505, 6175, 1331,  0, 255, 0
L -3505, 6175, 1331,  -3471, 6200, 1337,  0, 255, 0
L -3471, 6200, 1337,  -3446, 6253, 1331,  0, 255, 0
L -3446, 6253, 1331,  -3479, 6312, 1333,  0, 255, 0
L -3479, 6312, 1333,  -3469, 6367, 1331,  0, 255, 0
L -3469, 6367, 1331,  -3533, 6459, 1331,  0, 255, 0
L -3533, 6459, 1331,  -3472, 6512, 1332,  0, 255, 0
L -3472, 6512, 1332,  -3339, 6477, 1331,  0, 255, 0
L -3339, 6477, 1331,  -3299, 6319, 1331,  0, 255, 0
L -3299, 6319, 1331,  -3371, 6316, 1332,  0, 255, 0
L -3371, 6316, 1332,  -3409, 6339, 1331,  0, 255, 0
L -3409, 6339, 1331,  -3443, 6308, 1331,  0, 255, 0
L -3443, 6308, 1331,  -3403, 6247, 1331,  0, 255, 0
L -3403, 6247, 1331,  -3437, 6200, 1331,  0, 255, 0
L -3437, 6200, 1331,  -3414, 6169, 1331,  0, 255, 0
L -3414, 6169, 1331,  -3365, 6163, 1331,  0, 255, 0
L -3365, 6163, 1331,  -3344, 6208, 1331,  0, 255, 0
L -3344, 6208, 1331,  -3296, 6249, 1333,  0, 255, 0
L -3296, 6249, 1333,  -3256, 6215, 1331,  0, 255, 0
L -3256, 6215, 1331,  -3244, 6103, 1331,  0, 255, 0
L -3244, 6103, 1331,  -3279, 6065, 1331,  0, 255, 0
L -3279, 6065, 1331,  -3339, 6067, 1331,  0, 255, 0
L -3339, 6067, 1331,  -3348, 6084, 1331,  0, 255, 0
L -3348, 6084, 1331,  -3357, 6135, 1331,  0, 255, 0
L -3357, 6135, 1331,  -3416, 6145, 1331,  0, 255, 0
L -3416, 6145, 1331,  -3451, 6168, 1331,  0, 255, 0
L -3451, 6168, 1331,  -3463, 6171, 1331,  0, 255, 0
L -3463, 6171, 1331,  -3490, 6150, 1331,  0, 255, 0
L -3490, 6150, 1331,  -3529, 6146, 1331,  0, 255, 0
L -3529, 6146, 1331,  -3567, 6136, 1331,  0, 255, 0
L -3567, 6136, 1331,  -3588, 6112, 1331,  0, 255, 0
L -3588, 6112, 1331,  -3537, 6107, 1331,  0, 255, 0
L -3537, 6107, 1331,  -3452, 6069, 1332,  0, 255, 0
L -3452, 6069, 1332,  -3436, 6050, 1332,  0, 255, 0
L -3436, 6050, 1332,  -3430, 6043, 1331,  0, 255, 0
L -3430, 6043, 1331,  -3345, 6033, 1331,  0, 255, 0
L -3345, 6033, 1331,  -3324, 5960, 1331,  0, 255, 0
L -3324, 5960, 1331,  -3352, 5940, 1331,  0, 255, 0
L -3352, 5940, 1331,  -3430, 5936, 1331,  0, 255, 0
L -3430, 5936, 1331,  -3455, 5978, 1331,  0, 255, 0
L -3455, 5978, 1331,  -3450, 6008, 1331,  0, 255, 0
L -3450, 6008, 1331,  -3457, 6033, 1331,  0, 255, 0
L -3457, 6033, 1331,  -3536, 6086, 1331,  0, 255, 0
L -3536, 6086, 1331,  -3568, 6084, 1331,  0, 255, 0
L -3568, 6084, 1331,  -3535, 6041, 1331,  0, 255, 0
L -3535, 6041, 1331,  -3512, 5994, 1331,  0, 255, 0
L -3512, 5994, 1331,  -3479, 5880, 1331,  0, 255, 0
L -3479, 5880, 1331,  -3483, 5789, 1331,  0, 255, 0
L -3483, 5789, 1331,  -3515, 5732, 1332,  0, 255, 0
L -3515, 5732, 1332,  -3519, 5639, 1331,  0, 255, 0
L -3519, 5639, 1331,  -3526, 5609, 1331,  0, 255, 0
L -3526, 5609, 1331,  -3521, 5597, 1335,  0, 255, 0
L -3090, 6748, -338,  -3090, 6748, -338,  0, 153, 0
L -3090, 6748, -338,  -3110, 6747, -339,  0, 153, 0
L -3110, 6747, -339,  -3192, 6746, -346,  0, 153, 0
L -3192, 6746, -346,  -3195, 6697, -346,  0, 153, 0
L -3195, 6697, -346,  -3210, 6697, -346,  0, 153, 0
L -3210, 6697, -346,  -3239, 6684, -346,  0, 153, 0
L -3239, 6684, -346,  -3243, 6614, -346,  0, 153, 0
L -3243, 6614, -346,  -3323, 6604, -346,  0, 153, 0
L -3323, 6604, -346,  -3323, 6697, -346,  0, 153, 0
L -3323, 6697, -346,  -3274, 6697, -346,  0, 153, 0
L -3274, 6697, -346,  -3239, 6710, -346,  0, 153, 0
L -3239, 6710, -346,  -3238, 6716, -346,  0, 153, 0
L -3238, 6716, -346,  -3239, 6746, -346,  0, 153, 0
L -3239, 6746, -346,  -3350, 6746, -362,  0, 153, 0
L -3350, 6746, -362,  -3350, 6770, -362,  0, 153, 0
L -3350, 6770, -362,  -3350, 6786, -362,  0, 153, 0
L -3092, 6772, -338,  -3092, 6772, -338,  0, 153, 0
L -3092, 6772, -338,  -3115, 6771, -339,  0, 153, 0
L -3115, 6771, -339,  -3192, 6772, -346,  0, 153, 0
L -3192, 6772, -346,  -3197, 6796, -346,  0, 153, 0
L -3197, 6796, -346,  -3237, 6796, -346,  0, 153, 0
L -3237, 6796, -346,  -3237, 6775, -346,  0, 153, 0
L -3237, 6775, -346,  -3322, 6772, -362,  0, 153, 0
L -3322, 6772, -362,  -3324, 6779, -362,  0, 153, 0
L -3324, 6779, -362,  -3324, 6783, -362,  0, 153, 0
L -3324, 6783, -362,  -3324, 6786, -362,  0, 153, 0
L 3302, 6169, -3391,  3302, 6169, -3389,  0, 153, 0
L 3302, 6169, -3389,  3376, 6170, -3348,  0, 153, 0
L 3376, 6170, -3348,  3403, 6172, -3362,  0, 153, 0
L 3403, 6172, -3362,  3545, 6136, -3482,  0, 153, 0
L 3545, 6136, -3482,  3689, 6078, -3612,  0, 153, 0
L 3689, 6078, -3612,  3754, 5899, -3942,  0, 153, 0
L 3754, 5899, -3942,  3683, 5707, -4337,  0, 153, 0
L 3683, 5707, -4337,  3535, 5599, -5107,  0, 153, 0
L 3535, 5599, -5107,  3543, 5530, -5119,  0, 153, 0
L 3543, 5530, -5119,  3520, 5520, -5120,  0, 153, 0
L 3520, 5520, -5120,  3445, 5518, -5120,  0, 153, 0
L 3445, 5518, -5120,  3395, 5544, -5120,  0, 153, 0
L 3395, 5544, -5120,  3263, 5462, -5119,  0, 153, 0
L 3263, 5462, -5119,  3189, 5448, -5120,  0, 153, 0
L 3189, 5448, -5120,  3103, 5444, -5117,  0, 153, 0
L 3103, 5444, -5117,  3116, 5389, -5120,  0, 153, 0
L 3116, 5389, -5120,  3105, 5312, -5119,  0, 153, 0
L 3105, 5312, -5119,  3168, 5276, -5120,  0, 153, 0
L 3168, 5276, -5120,  3198, 5317, -5120,  0, 153, 0
L 3198, 5317, -5120,  3218, 5363, -5120,  0, 153, 0
L 3218, 5363, -5120,  3323, 5374, -5119,  0, 153, 0
L 3323, 5374, -5119,  3378, 5267, -5119,  0, 153, 0
L 3378, 5267, -5119,  3401, 5305, -5120,  0, 153, 0
L 3401, 5305, -5120,  3486, 5287, -5002,  0, 153, 0
L 3486, 5287, -5002,  3402, 5123, -5120,  0, 153, 0
L 3402, 5123, -5120,  3305, 5105, -5119,  0, 153, 0
L 3305, 5105, -5119,  3240, 5208, -5120,  0, 153, 0
L 3240, 5208, -5120,  3324, 5236, -5120,  0, 153, 0
L 3324, 5236, -5120,  3311, 5310, -5120,  0, 153, 0
L 3311, 5310, -5120,  3212, 5287, -5120,  0, 153, 0
L 3212, 5287, -5120,  3172, 5238, -5120,  0, 153, 0
L 3172, 5238, -5120,  3085, 5295, -5120,  0, 153, 0
L 3085, 5295, -5120,  3087, 5361, -5115,  0, 153, 0
L 3087, 5361, -5115,  3057, 5437, -5016,  0, 153, 0
L 3057, 5437, -5016,  3018, 5375, -5120,  0, 153, 0
L 3018, 5375, -5120,  3025, 5304, -5120,  0, 153, 0
L 3025, 5304, -5120,  3028, 5282, -5119,  0, 153, 0
L 3028, 5282, -5119,  3086, 5228, -5120,  0, 153, 0
L 3086, 5228, -5120,  3194, 5177, -5120,  0, 153, 0
L 3194, 5177, -5120,  3275, 5043, -5120,  0, 153, 0
L 3275, 5043, -5120,  3407, 5072, -5120,  0, 153, 0
L 3407, 5072, -5120,  3490, 5210, -5119,  0, 153, 0
L 3490, 5210, -5119,  3593, 5209, -5120,  0, 153, 0
L 3593, 5209, -5120,  3693, 5166, -5120,  0, 153, 0
L 3693, 5166, -5120,  3781, 5072, -5120,  0, 153, 0
L 3781, 5072, -5120,  3823, 5051, -5120,  0, 153, 0
L 3823, 5051, -5120,  3834, 5077, -5120,  0, 153, 0
L 3834, 5077, -5120,  3800, 5193, -5120,  0, 153, 0
L 3800, 5193, -5120,  3784, 5266, -5119,  0, 153, 0
L 3784, 5266, -5119,  3774, 5273, -5120,  0, 153, 0
L 3774, 5273, -5120,  3673, 5306, -5120,  0, 153, 0
L 3673, 5306, -5120,  3589, 5430, -5120,  0, 153, 0
L 3589, 5430, -5120,  3614, 5521, -5120,  0, 153, 0
L 3614, 5521, -5120,  3735, 5558, -5120,  0, 153, 0
L 3735, 5558, -5120,  3896, 5530, -5120,  0, 153, 0
L 3896, 5530, -5120,  3940, 5456, -5120,  0, 153, 0
L 3940, 5456, -5120,  3942, 5359, -5119,  0, 153, 0
L 3942, 5359, -5119,  3869, 5296, -5083,  0, 153, 0
L 3869, 5296, -5083,  3834, 5278, -5120,  0, 153, 0
L 3834, 5278, -5120,  3828, 5196, -5119,  0, 153, 0
L 3828, 5196, -5119,  3863, 5105, -5120,  0, 153, 0
L 3863, 5105, -5120,  3869, 5068, -5120,  0, 153, 0
L 3869, 5068, -5120,  3915, 5106, -5120,  0, 153, 0
L 3915, 5106, -5120,  3974, 5195, -5120,  0, 153, 0
L 3974, 5195, -5120,  4079, 5313, -5119,  0, 153, 0
L 4079, 5313, -5119,  4169, 5338, -5120,  0, 153, 0
L 4169, 5338, -5120,  4201, 5389, -5120,  0, 153, 0
L 4201, 5389, -5120,  4204, 5462, -5119,  0, 153, 0
L 4204, 5462, -5119,  4181, 5480, -5120,  0, 153, 0
L 4181, 5480, -5120,  4120, 5529, -5119,  0, 153, 0
L 4120, 5529, -5119,  4023, 5528, -5119,  0, 153, 0
L 4023, 5528, -5119,  3956, 5632, -5120,  0, 153, 0
L 3956, 5632, -5120,  3974, 5806, -5120,  0, 153, 0
L 3974, 5806, -5120,  4069, 5858, -5120,  0, 153, 0
L 4069, 5858, -5120,  4179, 5897, -5120,  0, 153, 0
L 4179, 5897, -5120,  4354, 5809, -5119,  0, 153, 0
L 4354, 5809, -5119,  4356, 5658, -5120,  0, 153, 0
L 4356, 5658, -5120,  4258, 5607, -5120,  0, 153, 0
L 4258, 5607, -5120,  4175, 5669, -5120,  0, 153, 0
L 4175, 5669, -5120,  4132, 5643, -5119,  0, 153, 0
L 4132, 5643, -5119,  4189, 5520, -5119,  0, 153, 0
L 4189, 5520, -5119,  4246, 5499, -5120,  0, 153, 0
L 4246, 5499, -5120,  4251, 5400, -5120,  0, 153, 0
L 4251, 5400, -5120,  4183, 5306, -5120,  0, 153, 0
L 4183, 5306, -5120,  4103, 5287, -5120,  0, 153, 0
L 4103, 5287, -5120,  4039, 5210, -5120,  0, 153, 0
L 4039, 5210, -5120,  4071, 5128, -5120,  0, 153, 0
L 4071, 5128, -5120,  4223, 5198, -5120,  0, 153, 0
L 4223, 5198, -5120,  4255, 5063, -5119,  0, 153, 0
L 4255, 5063, -5119,  4226, 4882, -5120,  0, 153, 0
L 4226, 4882, -5120,  4114, 4861, -5120,  0, 153, 0
L 4114, 4861, -5120,  3988, 4881, -5120,  0, 153, 0
L 3988, 4881, -5120,  3983, 4989, -5118,  0, 153, 0
L 3983, 4989, -5118,  4028, 5065, -5120,  0, 153, 0
L 4028, 5065, -5120,  3971, 5136, -5120,  0, 153, 0
L 3971, 5136, -5120,  3934, 5094, -5120,  0, 153, 0
L 3934, 5094, -5120,  3900, 5017, -5120,  0, 153, 0
L 3900, 5017, -5120,  3797, 5015, -5120,  0, 153, 0
L 3797, 5015, -5120,  3705, 5114, -5120,  0, 153, 0
L 3705, 5114, -5120,  3584, 5183, -5119,  0, 153, 0
L 3584, 5183, -5119,  3527, 5179, -5120,  0, 153, 0
L 3527, 5179, -5120,  3488, 5100, -5120,  0, 153, 0
L 3488, 5100, -5120,  3568, 5052, -5120,  0, 153, 0
L 3568, 5052, -5120,  3584, 4909, -5120,  0, 153, 0
L 3584, 4909, -5120,  3500, 4841, -5119,  0, 153, 0
L 3500, 4841, -5119,  3326, 4840, -5120,  0, 153, 0
L 3326, 4840, -5120,  3223, 4933, -5119,  0, 153, 0
L 3223, 4933, -5119,  3214, 5011, -5118,  0, 153, 0
L 3214, 5011, -5118,  3239, 5040, -5120,  0, 153, 0
L 3239, 5040, -5120,  3177, 5158, -5120,  0, 153, 0
L 3177, 5158, -5120,  3121, 5188, -5120,  0, 153, 0
L 3121, 5188, -5120,  3038, 5229, -5120,  0, 153, 0
L 3038, 5229, -5120,  3009, 5197, -5117,  0, 153, 0
L 3009, 5197, -5117,  3053, 5083, -5119,  0, 153, 0
L 3053, 5083, -5119,  3029, 5052, -5120,  0, 153, 0
L 3029, 5052, -5120,  2905, 5094, -5120,  0, 153, 0
L 2905, 5094, -5120,  2872, 5172, -5120,  0, 153, 0
L 2872, 5172, -5120,  2888, 5222, -5120,  0, 153, 0
L 2888, 5222, -5120,  2962, 5231, -5120,  0, 153, 0
L 2962, 5231, -5120,  2989, 5242, -5120,  0, 153, 0
L 2989, 5242, -5120,  2985, 5380, -5120,  0, 153, 0
L 2985, 5380, -5120,  3029, 5460, -5120,  0, 153, 0
L 3029, 5460, -5120,  3138, 5469, -5119,  0, 153, 0
L 3138, 5469, -5119,  3230, 5486, -5120,  0, 153, 0
L 3230, 5486, -5120,  3350, 5568, -5120,  0, 153, 0
L 3350, 5568, -5120,  3337, 5601, -5120,  0, 153, 0
L 3337, 5601, -5120,  3273, 5601, -5120,  0, 153, 0
L 3273, 5601, -5120,  3152, 5652, -5119,  0, 153, 0
L 3152, 5652, -5119,  3223, 5724, -5120,  0, 153, 0
L 3223, 5724, -5120,  3345, 5708, -5119,  0, 153, 0
L 3345, 5708, -5119,  3361, 5633, -5120,  0, 153, 0
L 3361, 5633, -5120,  3390, 5616, -5120,  0, 153, 0
L 3390, 5616, -5120,  3482, 5618, -5120,  0, 153, 0
L 3482, 5618, -5120,  3654, 5722, -4459,  0, 153, 0
L 3654, 5722, -4459,  3724, 5903, -4051,  0, 153, 0
L 3724, 5903, -4051,  3684, 6044, -3722,  0, 153, 0
L 3684, 6044, -3722,  3588, 6086, -3603,  0, 153, 0
L 3588, 6086, -3603,  3405, 6122, -3363,  0, 153, 0
L 3405, 6122, -3363,  3362, 6124, -3334,  0, 153, 0
L 3362, 6124, -3334,  3301, 6124, -3336,  0, 153, 0
L 1341, 3331, -1453,  1341, 3331, -1449,  153, 153, 153
L 1341, 3331, -1449,  1323, 3336, -1462,  153, 153, 153
L 1323, 3336, -1462,  1320, 3339, -1453,  153, 153, 153
L 1320, 3339, -1453,  1313, 3334, -1462,  153, 153, 153
L 1313, 3334, -1462,  1333, 3328, -1462,  153, 153, 153
L 1333, 3328, -1462,  1347, 3323, -1454,  153, 153, 153
L 1347, 3323, -1454,  1353, 3349, -1462,  153, 153, 153
L 1353, 3349, -1462,  1357, 3356, -1461,  153, 153, 153
L 1357, 3356, -1461,  1332, 3362, -1462,  153, 153, 153
L 1332, 3362, -1462,  1324, 3366, -1461,  153, 153, 153
L 1324, 3366, -1461,  1320, 3360, -1458,  153, 153, 153
L 1320, 3360, -1458,  1327, 3356, -1459,  153, 153, 153
L 1327, 3356, -1459,  1329, 3358, -1457,  153, 153, 153
L 1329, 3358, -1457,  1347, 3353, -1462,  153, 153, 153
L 1347, 3353, -1462,  1348, 3351, -1461,  153, 153, 153
L 1348, 3351, -1461,  1344, 3333, -1462,  153, 153, 153
L 1344, 3333, -1462,  1341, 3331, -1461,  153, 153, 153
L -3136, 5395, -407,  -3136, 5395, -405,  0, 255, 0
L -3136, 5395, -405,  -3134, 5519, -438,  0, 255, 0
L -3134, 5519, -438,  -3150, 5594, -438,  0, 255, 0
L -3150, 5594, -438,  -3178, 5601, -438,  0, 255, 0
L -3178, 5601, -438,  -3210, 5615, -437,  0, 255, 0
L -3210, 5615, -437,  -3247, 5654, -436,  0, 255, 0
L -3247, 5654, -436,  -3316, 5672, -438,  0, 255, 0
L -3316, 5672, -438,  -3345, 5728, -438,  0, 255, 0
L -3345, 5728, -438,  -3334, 5825, -438,  0, 255, 0
L -3334, 5825, -438,  -3258, 5853, -438,  0, 255, 0
L -3258, 5853, -438,  -3195, 5835, -438,  0, 255, 0
L -3195, 5835, -438,  -3165, 5744, -438,  0, 255, 0
L -3165, 5744, -438,  -3205, 5705, -438,  0, 255, 0
L -3205, 5705, -438,  -3220, 5667, -438,  0, 255, 0
L -3220, 5667, -438,  -3212, 5643, -438,  0, 255, 0
L -3212, 5643, -438,  -3180, 5620, -438,  0, 255, 0
L -3180, 5620, -438,  -3135, 5599, -438,  0, 255, 0
L -3135, 5599, -438,  -3119, 5532, -438,  0, 255, 0
L -3119, 5532, -438,  -3118, 5395, -438,  0, 255, 0
L -3118, 5395, -438,  -3118, 5394, -435,  0, 255, 0
L -2694, 6749, -2274,  -2694, 6749, -2273,  0, 255, 0
L -2694, 6749, -2273,  -2804, 6748, -2279,  0, 255, 0
L -2804, 6748, -2279,  -2868, 6762, -2279,  0, 255, 0
L -2868, 6762, -2279,  -2923, 6809, -2279,  0, 255, 0
L -2923, 6809, -2279,  -3030, 6836, -2279,  0, 255, 0
L -3030, 6836, -2279,  -3061, 6827, -2279,  0, 255, 0
L -3061, 6827, -2279,  -3080, 6727, -2279,  0, 255, 0
L -3080, 6727, -2279,  -3034, 6681, -2279,  0, 255, 0
L -3034, 6681, -2279,  -2971, 6624, -2279,  0, 255, 0
L -2971, 6624, -2279,  -2911, 6553, -2279,  0, 255, 0
L -2911, 6553, -2279,  -2906, 6448, -2279,  0, 255, 0
L -2906, 6448, -2279,  -2890, 6392, -2279,  0, 255, 0
L -2890, 6392, -2279,  -2936, 6330, -2279,  0, 255, 0
L -2936, 6330, -2279,  -3039, 6347, -2279,  0, 255, 0
L -3039, 6347, -2279,  -3043, 6432, -2279,  0, 255, 0
L -3043, 6432, -2279,  -3000, 6443, -2279,  0, 255, 0
L -3000, 6443, -2279,  -2963, 6532, -2279,  0, 255, 0
L -2963, 6532, -2279,  -2982, 6564, -2279,  0, 255, 0
L -2982, 6564, -2279,  -3027, 6531, -2279,  0, 255, 0
L -3027, 6531, -2279,  -3101, 6490, -2279,  0, 255, 0
L -3101, 6490, -2279,  -3143, 6489, -2279,  0, 255, 0
L -3143, 6489, -2279,  -3185, 6413, -2279,  0, 255, 0
L -3185, 6413, -2279,  -3251, 6409, -2279,  0, 255, 0
L -3251, 6409, -2279,  -3345, 6502, -2279,  0, 255, 0
L -3345, 6502, -2279,  -3287, 6595, -2279,  0, 255, 0
L -3287, 6595, -2279,  -3195, 6599, -2279,  0, 255, 0
L -3195, 6599, -2279,  -3160, 6554, -2279,  0, 255, 0
L -3160, 6554, -2279,  -3096, 6552, -2279,  0, 255, 0
L -3096, 6552, -2279,  -3077, 6618, -2279,  0, 255, 0
L -3077, 6618, -2279,  -3156, 6741, -2279,  0, 255, 0
L -3156, 6741, -2279,  -3130, 6865, -2278,  0, 255, 0
L -3130, 6865, -2278,  -3081, 6885, -2279,  0, 255, 0
L -3081, 6885, -2279,  -2893, 6861, -2279,  0, 255, 0
L -2893, 6861, -2279,  -2867, 6811, -2279,  0, 255, 0
L -2867, 6811, -2279,  -2811, 6777, -2279,  0, 255, 0
L -2811, 6777, -2279,  -2745, 6777, -2279,  0, 255, 0
L -2745, 6777, -2279,  -2698, 6776, -2279,  0, 255, 0
L -2698, 6776, -2279,  -2698, 6776, -2279,  0, 255, 0
L 103, 31, 967,  103, 31, 967,  153, 153, 153
L 103, 31, 967,  104, 27, 1003,  153, 153, 153
L 104, 27, 1003,  104, 6, 1003,  153, 153, 153
L 104, 6, 1003,  86, 5, 1003,  153, 153, 153
L 86, 5, 1003,  86, -18, 1003,  153, 153, 153
L 86, -18, 1003,  105, -18, 1003,  153, 153, 153
L 105, -18, 1003,  106, -53, 1004,  153, 153, 153
L 106, -53, 1004,  134, -53, 1007,  153, 153, 153
L 134, -53, 1007,  134, -53, 1004,  153, 153, 153
L 134, -53, 1004,  136, -60, 1004,  153, 153, 153
L 147, -59, 1011,  147, -59, 1011,  153, 153, 153
L 147, -59, 1011,  147, -42, 1004,  153, 153, 153
L 147, -42, 1004,  118, -42, 1004,  153, 153, 153
L 118, -42, 1004,  116, -20, 1007,  153, 153, 153
L 116, -20, 1007,  136, -18, 1003,  153, 153, 153
L 136, -18, 1003,  136, 5, 1003,  153, 153, 153
L 136, 5, 1003,  120, 5, 1005,  153, 153, 153
L 120, 5, 1005,  118, 27, 1003,  153, 153, 153
L 118, 27, 1003,  120, 31, 957,  153, 153, 153
P -3166, 6711, 0, 255, 255, 0, 2, Velketor's Labyrinth
P 4100, 1561, 0, 255, 255, 0, 2, Eastern Wastes
P 106, -53, 0, 255, 255, 0, 2, Thurgadin
P -3716, 3720, 0, 255, 255, 255, 2, Teleport
P 965, 7720, 0, 255, 255, 255, 2, Succor Point
