L 194, -1191, 0, 193, -1149, 0, 153, 153, 153
L 193, -1149, 0, 167, -1149, 0, 153, 153, 153
L 167, -1149, 0, 151, -1118, 0, 153, 153, 153
L 151, -1118, 0, 137, -1078, 0, 153, 153, 153
L 137, -1078, 0, 135, -1048, 0, 153, 153, 153
L 135, -1048, 0, 114, -1035, 0, 153, 153, 153
L 114, -1035, 0, 113, -996, 0, 153, 153, 153
L 113, -996, 0, 109, -965, 0, 153, 153, 153
L 109, -965, 0, 109, -941, 0, 153, 153, 153
L 109, -941, 0, 95, -924, 0, 153, 153, 153
L 95, -924, 0, 95, -911, 0, 153, 153, 153
L 95, -911, 0, 68, -911, 0, 153, 153, 153
L 68, -911, 0, 55, -898, 0, 153, 153, 153
L 55, -898, 0, 53, -798, 0, 153, 153, 153
L 53, -798, 0, 69, -802, 0, 153, 153, 153
L 69, -802, 0, 71, -786, 0, 153, 153, 153
L 71, -786, 0, 66, -773, 0, 153, 153, 153
L 66, -773, 0, 55, -771, 0, 153, 153, 153
L 55, -771, 0, 40, -714, 0, 153, 153, 153
L 40, -714, 0, 53, -644, 0, 153, 153, 153
L 53, -644, 0, 39, -588, 0, 153, 153, 153
L 39, -588, 0, 68, -531, 0, 153, 153, 153
L 68, -531, 0, 82, -489, 0, 153, 153, 153
L 82, -489, 0, 110, -427, 0, 153, 153, 153
L 110, -427, 0, 130, -428, 0, 153, 153, 153
L 130, -428, 0, 148, -424, 0, 153, 153, 153
L 148, -424, 0, 151, -420, 0, 153, 153, 153
L 151, -420, 0, 152, -405, 0, 153, 153, 153
L 152, -405, 0, 178, -395, 0, 153, 153, 153
L 178, -395, 0, 208, -376, 0, 153, 153, 153
L 208, -376, 0, 235, -389, 0, 153, 153, 153
L 235, -389, 0, 236, -377, 0, 153, 153, 153
L 236, -377, 0, 252, -377, 0, 153, 153, 153
L 252, -377, 0, 252, -390, 0, 153, 153, 153
L 252, -390, 0, 277, -390, 0, 153, 153, 153
L 277, -390, 0, 277, -377, 0, 153, 153, 153
L 277, -377, 0, 293, -376, 0, 153, 153, 153
L 293, -376, 0, 294, -418, 0, 153, 153, 153
L 294, -418, 0, 307, -418, 0, 153, 153, 153
L 307, -418, 0, 308, -432, 0, 153, 153, 153
L 308, -432, 0, 336, -432, 0, 153, 153, 153
L 336, -432, 0, 336, -463, 0, 153, 153, 153
L 336, -463, 0, 322, -463, 0, 153, 153, 153
L 322, -463, 0, 305, -449, 0, 153, 153, 153
L 305, -449, 0, 284, -449, 0, 153, 153, 153
L 284, -449, 0, 280, -464, 0, 153, 153, 153
L 280, -464, 0, 266, -463, 0, 153, 153, 153
L 266, -463, 0, 266, -474, 0, 153, 153, 153
L 266, -474, 0, 280, -475, 0, 153, 153, 153
L 280, -475, 0, 280, -488, 0, 153, 153, 153
L 280, -488, 0, 307, -488, 0, 153, 153, 153
L 307, -488, 0, 321, -475, 0, 153, 153, 153
L 321, -475, 0, 347, -474, 0, 153, 153, 153
L 347, -474, 0, 347, -421, 0, 153, 153, 153
L 347, -421, 0, 319, -420, 0, 153, 153, 153
L 319, -420, 0, 320, -377, 0, 153, 153, 153
L 320, -377, 0, 333, -376, 0, 153, 153, 153
L 333, -376, 0, 333, -351, 0, 153, 153, 153
L 333, -351, 0, 320, -351, 0, 153, 153, 153
L 320, -351, 0, 319, -335, 0, 153, 153, 153
L 319, -335, 0, 333, -334, 0, 153, 153, 153
L 333, -334, 0, 334, -195, 0, 153, 153, 153
L 334, -195, 0, 350, -195, 0, 153, 153, 153
L 350, -195, 0, 350, -223, 0, 153, 153, 153
L 350, -223, 0, 391, -227, 0, 153, 153, 153
L 391, -227, 0, 392, -261, 0, 153, 153, 153
L 392, -261, 0, 397, -264, 0, 153, 153, 153
L 397, -264, 0, 488, -264, 0, 153, 153, 153
L 488, -264, 0, 494, -261, 0, 153, 153, 153
L 494, -261, 0, 493, -163, 0, 153, 153, 153
L 493, -163, 0, 488, -159, 0, 153, 153, 153
L 488, -159, 0, 454, -160, 0, 153, 153, 153
L 454, -160, 0, 453, -155, 0, 153, 153, 153
L 453, -155, 0, 459, -154, 0, 153, 153, 153
L 459, -154, 0, 460, -135, 0, 153, 153, 153
L 460, -135, 0, 473, -125, 0, 153, 153, 153
L 473, -125, 0, 473, -101, 0, 153, 153, 153
L 473, -101, 0, 462, -101, 0, 153, 153, 153
L 462, -101, 0, 462, -112, 0, 153, 153, 153
L 462, -112, 0, 420, -113, 0, 153, 153, 153
L 420, -113, 0, 420, -116, 0, 153, 153, 153
L 420, -116, 0, 412, -117, 0, 153, 153, 153
L 412, -117, 0, 411, -109, 0, 153, 153, 153
L 411, -109, 0, 372, -109, 0, 153, 153, 153
L 372, -109, 0, 372, -116, 0, 153, 153, 153
L 372, -116, 0, 363, -116, 0, 153, 153, 153
L 363, -116, 0, 357, -97, 0, 153, 153, 153
L 357, -97, 0, 334, -58, 0, 153, 153, 153
L 334, -58, 0, 333, -43, 0, 153, 153, 153
L 333, -43, 0, 343, -27, 0, 153, 153, 153
L 343, -27, 0, 344, -18, 0, 153, 153, 153
L 344, -18, 0, 359, -4, 0, 153, 153, 153
L 359, -4, 0, 367, -3, 0, 153, 153, 153
L 367, -3, 0, 367, 27, 0, 153, 153, 153
L 367, 27, 0, 349, 51, 0, 153, 153, 153
L 349, 51, 0, 324, 42, 0, 153, 153, 153
L 324, 42, 0, 324, 32, 0, 153, 153, 153
L 324, 32, 0, 307, 27, 0, 153, 153, 153
L 307, 27, 0, 296, 34, 0, 153, 153, 153
L 296, 34, 0, 287, 43, 0, 153, 153, 153
L 287, 43, 0, 287, 57, 0, 153, 153, 153
L 287, 57, 0, 263, 96, 0, 153, 153, 153
L 263, 96, 0, 246, 96, 0, 153, 153, 153
L 246, 96, 0, 227, 76, 0, 153, 153, 153
L 227, 76, 0, 232, 60, 0, 153, 153, 153
L 232, 60, 0, 232, 36, 0, 153, 153, 153
L 232, 36, 0, 238, 30, 0, 153, 153, 153
L 238, 30, 0, 238, -9, 0, 153, 153, 153
L 238, -9, 0, 229, -7, 0, 153, 153, 153
L 229, -7, 0, 229, 13, 0, 153, 153, 153
L 229, 13, 0, 214, 33, 0, 153, 153, 153
L 214, 33, 0, 202, 34, 0, 153, 153, 153
L 202, 34, 0, 162, 41, 0, 153, 153, 153
L 162, 41, 0, 152, 53, 0, 153, 153, 153
L 152, 53, 0, 140, 53, 0, 153, 153, 153
L 140, 53, 0, 113, 40, 0, 153, 153, 153
L 113, 40, 0, 112, 14, 0, 153, 153, 153
L 112, 14, 0, 127, -1, 0, 153, 153, 153
L 127, -1, 0, 138, -6, 0, 153, 153, 153
L 138, -6, 0, 151, 6, 0, 153, 153, 153
L 151, 6, 0, 151, 13, 0, 153, 153, 153
L 151, 13, 0, 160, 24, 0, 153, 153, 153
L 160, 24, 0, 181, 22, 0, 153, 153, 153
L 181, 22, 0, 188, 11, 0, 153, 153, 153
L 188, 11, 0, 188, 0, 0, 153, 153, 153
L 188, 0, 0, 182, -13, 0, 153, 153, 153
L 182, -13, 0, 182, -22, 0, 153, 153, 153
L 182, -22, 0, 173, -32, 0, 153, 153, 153
L 173, -32, 0, 168, -47, 0, 153, 153, 153
L 168, -47, 0, 170, -49, 0, 153, 153, 153
L 170, -49, 0, 162, -59, 0, 153, 153, 153
L 162, -59, 0, 155, -70, 0, 153, 153, 153
L 155, -70, 0, 145, -60, 0, 153, 153, 153
L 145, -60, 0, 138, -50, 0, 153, 153, 153
L 138, -50, 0, 133, -52, 0, 153, 153, 153
L 133, -52, 0, 124, -61, 0, 153, 153, 153
L 124, -61, 0, 126, -70, 0, 153, 153, 153
L 126, -70, 0, 140, -79, 0, 153, 153, 153
L 140, -79, 0, 135, -88, 0, 153, 153, 153
L 135, -88, 0, 134, -102, 0, 153, 153, 153
L 72, -142, 0, 67, -127, 0, 153, 153, 153
L 67, -127, 0, 57, -122, 0, 153, 153, 153
L 57, -122, 0, 51, -122, 0, 153, 153, 153
L 51, -122, 0, 38, -129, 0, 153, 153, 153
L 38, -129, 0, 14, -155, 0, 153, 153, 153
L 14, -155, 0, -13, -155, 0, 153, 153, 153
L -13, -155, 0, -15, -124, 0, 153, 153, 153
L -15, -124, 0, 12, -124, 0, 153, 153, 153
L 12, -124, 0, 25, -111, 0, 153, 153, 153
L 25, -111, 0, 26, -85, 0, 153, 153, 153
L 26, -85, 0, 0, -85, 0, 153, 153, 153
L 0, -85, 0, -1, -42, 0, 153, 153, 153
L -1, -42, 0, 12, -27, 0, 153, 153, 153
L 12, -27, 0, 26, -27, 0, 153, 153, 153
L 26, -27, 0, 26, -1, 0, 153, 153, 153
L 26, -1, 0, -1, 12, 0, 153, 153, 153
L -1, 12, 0, -2, 39, 0, 153, 153, 153
L -2, 39, 0, -30, 42, 0, 153, 153, 153
L -30, 42, 0, -30, 67, 0, 153, 153, 153
L -41, 54, 0, -41, 30, 0, 153, 153, 153
L -41, 30, 0, -13, 28, 0, 153, 153, 153
L -13, 28, 0, -27, -1, 0, 153, 153, 153
L -27, -1, 0, -27, -27, 0, 153, 153, 153
L -27, -27, 0, -13, -30, 0, 153, 153, 153
L -13, -30, 0, -13, -86, 0, 153, 153, 153
L -13, -86, 0, -27, -98, 0, 153, 153, 153
L -27, -98, 0, -29, -156, 0, 153, 153, 153
L -29, -156, 0, -41, -168, 0, 153, 153, 153
L -41, -168, 0, -57, -179, 0, 153, 153, 153
L -57, -179, 0, -57, -197, 0, 153, 153, 153
L -57, -197, 0, -46, -205, 0, 153, 153, 153
L -46, -205, 0, -41, -205, 0, 153, 153, 153
L -41, -205, 0, -38, -209, 0, 153, 153, 153
L -38, -209, 0, -28, -209, 0, 153, 153, 153
L -28, -209, 0, -41, -224, 0, 153, 153, 153
L -41, -224, 0, -41, -265, 0, 153, 153, 153
L -41, -265, 0, -28, -279, 0, 153, 153, 153
L -28, -279, 0, 0, -280, 0, 153, 153, 153
L 0, -280, 0, 0, -307, 0, 153, 153, 153
L 0, -307, 0, 12, -307, 0, 153, 153, 153
L 12, -307, 0, 12, -281, 0, 153, 153, 153
L 12, -281, 0, 26, -279, 0, 153, 153, 153
L 26, -279, 0, 28, -293, 0, 153, 153, 153
L 28, -293, 0, 41, -306, 0, 153, 153, 153
L 41, -306, 0, 56, -320, 0, 153, 153, 153
L 56, -320, 0, 55, -323, 0, 153, 153, 153
L 55, -323, 0, 42, -331, 0, 153, 153, 153
L 42, -331, 0, 42, -364, 0, 153, 153, 153
L 42, -364, 0, 26, -351, 0, 153, 153, 153
L 26, -351, 0, 26, -322, 0, 153, 153, 153
L 26, -322, 0, 13, -309, 0, 153, 153, 153
L 13, -309, 0, 0, -308, 0, 153, 153, 153
L 0, -308, 0, -28, -309, 0, 153, 153, 153
L -28, -309, 0, -29, -304, 0, 153, 153, 153
L -29, -304, 0, -25, -301, 0, 153, 153, 153
L -25, -301, 0, -25, -286, 0, 153, 153, 153
L -25, -286, 0, -28, -283, 0, 153, 153, 153
L -28, -283, 0, -42, -283, 0, 153, 153, 153
L -42, -283, 0, -30, -279, 0, 153, 153, 153
L -42, -267, 0, -57, -271, 0, 153, 153, 153
L -57, -271, 0, -57, -293, 0, 153, 153, 153
L -57, -293, 0, -53, -297, 0, 153, 153, 153
L -53, -297, 0, -48, -297, 0, 153, 153, 153
L -48, -297, 0, -43, -293, 0, 153, 153, 153
L -43, -293, 0, -40, -293, 0, 153, 153, 153
L -40, -293, 0, -40, -306, 0, 153, 153, 153
L -40, -306, 0, -41, -306, 0, 153, 153, 153
L -41, -306, 0, -41, -309, 0, 153, 153, 153
L -41, -309, 0, -54, -322, 0, 153, 153, 153
L -54, -322, 0, -112, -365, 0, 153, 153, 153
L -112, -365, 0, -124, -365, 0, 153, 153, 153
L -124, -365, 0, -125, -344, 0, 153, 153, 153
L -125, -344, 0, -128, -341, 0, 153, 153, 153
L -128, -341, 0, -154, -341, 0, 153, 153, 153
L -154, -341, 0, -155, -333, 0, 153, 153, 153
L -155, -333, 0, -145, -321, 0, 153, 153, 153
L -145, -321, 0, -84, -321, 0, 153, 153, 153
L -84, -321, 0, -71, -307, 0, 153, 153, 153
L -71, -307, 0, -71, -295, 0, 153, 153, 153
L -71, -295, 0, -98, -295, 0, 153, 153, 153
L -98, -295, 0, -99, -267, 0, 153, 153, 153
L -99, -267, 0, -71, -251, 0, 153, 153, 153
L -71, -251, 0, -45, -251, 0, 153, 153, 153
L -45, -239, 0, -71, -238, 0, 153, 153, 153
L -71, -238, 0, -71, -212, 0, 153, 153, 153
L -71, -212, 0, -84, -197, 0, 153, 153, 153
L -84, -197, 0, -153, -197, 0, 153, 153, 153
L -153, -197, 0, -153, -210, 0, 153, 153, 153
L -153, -210, 0, -168, -211, 0, 153, 153, 153
L -168, -211, 0, -156, -183, 0, 153, 153, 153
L -156, -183, 0, -147, -181, 0, 153, 153, 153
L -147, -181, 0, -147, -161, 0, 153, 153, 153
L -147, -161, 0, -195, -155, 0, 153, 153, 153
L -195, -155, 0, -195, -167, 0, 153, 153, 153
L -195, -167, 0, -182, -167, 0, 153, 153, 153
L -182, -167, 0, -181, -183, 0, 153, 153, 153
L -181, -183, 0, -193, -183, 0, 153, 153, 153
L -193, -183, 0, -195, -195, 0, 153, 153, 153
L -195, -195, 0, -182, -209, 0, 153, 153, 153
L -182, -209, 0, -181, -223, 0, 153, 153, 153
L -181, -223, 0, -157, -223, 0, 153, 153, 153
L -157, -223, 0, -157, -222, 0, 153, 153, 153
L -157, -222, 0, -154, -221, 0, 153, 153, 153
L -154, -221, 0, -153, -253, 0, 153, 153, 153
L -153, -253, 0, -140, -265, 0, 153, 153, 153
L -140, -265, 0, -112, -265, 0, 153, 153, 153
L -112, -265, 0, -111, -294, 0, 153, 153, 153
L -111, -294, 0, -125, -304, 0, 153, 153, 153
L -125, -304, 0, -125, -307, 0, 153, 153, 153
L -125, -307, 0, -145, -309, 0, 153, 153, 153
L -145, -309, 0, -149, -300, 0, 153, 153, 153
L -149, -300, 0, -154, -295, 0, 153, 153, 153
L -154, -295, 0, -176, -295, 0, 153, 153, 153
L -176, -295, 0, -181, -298, 0, 153, 153, 153
L -181, -298, 0, -181, -329, 0, 153, 153, 153
L -181, -329, 0, -173, -337, 0, 153, 153, 153
L -173, -337, 0, -168, -339, 0, 153, 153, 153
L -168, -339, 0, -167, -357, 0, 153, 153, 153
L -167, -357, 0, -163, -361, 0, 153, 153, 153
L -163, -361, 0, -140, -361, 0, 153, 153, 153
L -140, -361, 0, -178, -365, 0, 153, 153, 153
L -178, -365, 0, -181, -448, 0, 153, 153, 153
L -181, -448, 0, -192, -448, 0, 153, 153, 153
L -192, -448, 0, -208, -437, 0, 153, 153, 153
L -208, -437, 0, -237, -435, 0, 153, 153, 153
L -237, -435, 0, -237, -447, 0, 153, 153, 153
L -237, -447, 0, -224, -447, 0, 153, 153, 153
L -224, -447, 0, -223, -461, 0, 153, 153, 153
L -223, -461, 0, -209, -476, 0, 153, 153, 153
L -209, -476, 0, -223, -504, 0, 153, 153, 153
L -223, -504, 0, -209, -532, 0, 153, 153, 153
L -209, -532, 0, -209, -576, 0, 153, 153, 153
L -209, -576, 0, -196, -585, 0, 153, 153, 153
L -196, -585, 0, -194, -585, 0, 153, 153, 153
L -194, -585, 0, -193, -588, 0, 153, 153, 153
L -193, -588, 0, -209, -589, 0, 153, 153, 153
L -209, -589, 0, -213, -590, 0, 153, 153, 153
L -213, -590, 0, -213, -589, 0, 153, 153, 153
L -213, -589, 0, -251, -589, 0, 153, 153, 153
L -251, -589, 0, -251, -699, 0, 153, 153, 153
L -251, -699, 0, -238, -712, 0, 153, 153, 153
L -238, -712, 0, -237, -729, 0, 153, 153, 153
L -237, -729, 0, -279, -729, 0, 153, 153, 153
L -279, -729, 0, -279, -769, 0, 153, 153, 153
L -279, -769, 0, -239, -769, 0, 153, 153, 153
L -239, -769, 0, -239, -743, 0, 153, 153, 153
L -239, -743, 0, -240, -743, 0, 153, 153, 153
L -240, -743, 0, -241, -741, 0, 153, 153, 153
L -241, -741, 0, -238, -740, 0, 153, 153, 153
L -238, -740, 0, -237, -741, 0, 153, 153, 153
L -237, -741, 0, -234, -741, 0, 153, 153, 153
L -234, -741, 0, -225, -714, 0, 153, 153, 153
L -225, -714, 0, -211, -699, 0, 153, 153, 153
L -211, -699, 0, -211, -603, 0, 153, 153, 153
L -211, -603, 0, -212, -603, 0, 153, 153, 153
L -212, -603, 0, -213, -600, 0, 153, 153, 153
L -213, -600, 0, -209, -600, 0, 153, 153, 153
L -209, -600, 0, -209, -601, 0, 153, 153, 153
L -209, -601, 0, -180, -601, 0, 153, 153, 153
L -180, -601, 0, -177, -599, 0, 153, 153, 153
L -177, -599, 0, -177, -590, 0, 153, 153, 153
L -177, -590, 0, -182, -589, 0, 153, 153, 153
L -182, -589, 0, -183, -586, 0, 153, 153, 153
L -183, -586, 0, -169, -585, 0, 153, 153, 153
L -169, -585, 0, -169, -573, 0, 153, 153, 153
L -169, -573, 0, -154, -559, 0, 153, 153, 153
L -154, -559, 0, -14, -559, 0, 153, 153, 153
L -14, -559, 0, -13, -573, 0, 153, 153, 153
L -13, -573, 0, 0, -573, 0, 153, 153, 153
L 0, -573, 0, 0, -585, 0, 153, 153, 153
L 0, -585, 0, 1, -585, 0, 153, 153, 153
L 1, -585, 0, 2, -588, 0, 153, 153, 153
L 2, -588, 0, 0, -589, 0, 153, 153, 153
L 0, -589, 0, 0, -590, 0, 153, 153, 153
L 0, -590, 0, 12, -601, 0, 153, 153, 153
L 12, -601, 0, 12, -600, 0, 153, 153, 153
L 12, -600, 0, 16, -600, 0, 153, 153, 153
L 16, -600, 0, 16, -601, 0, 153, 153, 153
L -42, -547, 0, -181, -547, 0, 153, 153, 153
L -181, -547, 0, -181, -574, 0, 153, 153, 153
L -181, -574, 0, -195, -575, 0, 153, 153, 153
L -195, -575, 0, -197, -532, 0, 153, 153, 153
L -197, -532, 0, -172, -531, 0, 153, 153, 153
L -172, -531, 0, -169, -517, 0, 153, 153, 153
L -169, -517, 0, -141, -503, 0, 153, 153, 153
L -141, -503, 0, -141, -476, 0, 153, 153, 153
L -141, -476, 0, -169, -448, 0, 153, 153, 153
L -169, -448, 0, -154, -391, 0, 153, 153, 153
L -154, -391, 0, -140, -391, 0, 153, 153, 153
L -140, -391, 0, -139, -413, 0, 153, 153, 153
L -139, -413, 0, -130, -419, 0, 153, 153, 153
L -130, -419, 0, -99, -419, 0, 153, 153, 153
L -99, -419, 0, -99, -393, 0, 153, 153, 153
L -99, -393, 0, -112, -393, 0, 153, 153, 153
L -112, -393, 0, -113, -379, 0, 153, 153, 153
L -113, -379, 0, -57, -349, 0, 153, 153, 153
L -57, -349, 0, -55, -378, 0, 153, 153, 153
L -55, -378, 0, -83, -379, 0, 153, 153, 153
L -83, -379, 0, -83, -405, 0, 153, 153, 153
L -83, -405, 0, -57, -405, 0, 153, 153, 153
L -57, -405, 0, -49, -386, 0, 153, 153, 153
L -49, -386, 0, -29, -390, 0, 153, 153, 153
L -29, -390, 0, -15, -391, 0, 153, 153, 153
L -15, -391, 0, -15, -378, 0, 153, 153, 153
L -15, -378, 0, 0, -377, 0, 153, 153, 153
L 0, -377, 0, 14, -391, 0, 153, 153, 153
L 14, -391, 0, 14, -446, 0, 153, 153, 153
L 40, -448, 0, 40, -420, 0, 153, 153, 153
L 40, -420, 0, 26, -406, 0, 153, 153, 153
L 26, -406, 0, 26, -392, 0, 153, 153, 153
L 26, -392, 0, 12, -379, 0, 153, 153, 153
L 12, -379, 0, 54, -377, 0, 153, 153, 153
L 54, -377, 0, 54, -336, 0, 153, 153, 153
L 54, -336, 0, 57, -335, 0, 153, 153, 153
L 57, -335, 0, 58, -363, 0, 153, 153, 153
L 58, -363, 0, 110, -363, 0, 153, 153, 153
L 110, -363, 0, 110, -322, 0, 153, 153, 153
L 110, -322, 0, 83, -295, 0, 153, 153, 153
L 83, -295, 0, 56, -296, 0, 153, 153, 153
L 56, -296, 0, 56, -308, 0, 153, 153, 153
L 56, -308, 0, 43, -309, 0, 153, 153, 153
L 43, -309, 0, 44, -312, 0, 153, 153, 153
L 44, -312, 0, 55, -320, 0, 153, 153, 153
L -22, -205, 0, -17, -230, 0, 153, 153, 153
L -17, -230, 0, -22, -237, 0, 153, 153, 153
L -22, -237, 0, -24, -252, 0, 153, 153, 153
L -24, -252, 0, -15, -261, 0, 153, 153, 153
L -15, -261, 0, 0, -261, 0, 153, 153, 153
L 0, -261, 0, 8, -252, 0, 153, 153, 153
L 8, -252, 0, 7, -237, 0, 153, 153, 153
L 7, -237, 0, 1, -230, 0, 153, 153, 153
L 12, -249, 0, 43, -256, 0, 153, 153, 153
L -20, -253, 0, -34, -271, 0, 153, 153, 153
L -15, -210, 0, -19, -199, 0, 153, 153, 153
L -19, -199, 0, -38, -193, 0, 153, 153, 153
L -38, -193, 0, -39, -187, 0, 153, 153, 153
L -39, -187, 0, -29, -181, 0, 153, 153, 153
L -29, -181, 0, -15, -167, 0, 153, 153, 153
L -15, -167, 0, 68, -167, 0, 153, 153, 153
L 68, -167, 0, 68, -154, 0, 153, 153, 153
L 68, -154, 0, 95, -153, 0, 153, 153, 153
L 305, -84, 0, 322, -92, 0, 153, 153, 153
L 322, -92, 0, 322, -113, 0, 153, 153, 153
L 322, -113, 0, 336, -125, 0, 153, 153, 153
L 336, -125, 0, 346, -128, 0, 153, 153, 153
L 346, -128, 0, 359, -136, 0, 153, 153, 153
L 359, -136, 0, 364, -127, 0, 153, 153, 153
L 364, -127, 0, 371, -127, 0, 153, 153, 153
L 371, -127, 0, 372, -135, 0, 153, 153, 153
L 372, -135, 0, 373, -135, 0, 153, 153, 153
L 373, -135, 0, 378, -133, 0, 153, 153, 153
L 378, -133, 0, 412, -135, 0, 153, 153, 153
L 412, -135, 0, 412, -129, 0, 153, 153, 153
L 412, -129, 0, 417, -127, 0, 153, 153, 153
L 417, -127, 0, 420, -155, 0, 153, 153, 153
L 420, -155, 0, 429, -155, 0, 153, 153, 153
L 429, -155, 0, 432, -159, 0, 153, 153, 153
L 432, -159, 0, 397, -159, 0, 153, 153, 153
L 397, -159, 0, 392, -163, 0, 153, 153, 153
L 392, -163, 0, 392, -218, 0, 153, 153, 153
L 392, -218, 0, 372, -217, 0, 153, 153, 153
L 372, -217, 0, 363, -211, 0, 153, 153, 153
L 363, -211, 0, 362, -183, 0, 153, 153, 153
L 362, -183, 0, 322, -183, 0, 153, 153, 153
L 322, -183, 0, 322, -308, 0, 153, 153, 153
L 322, -308, 0, 307, -309, 0, 153, 153, 153
L 307, -309, 0, 306, -294, 0, 153, 153, 153
L 306, -294, 0, 320, -293, 0, 153, 153, 153
L 320, -293, 0, 320, -267, 0, 153, 153, 153
L 320, -267, 0, 292, -253, 0, 153, 153, 153
L 292, -253, 0, 306, -237, 0, 153, 153, 153
L 306, -237, 0, 306, -197, 0, 153, 153, 153
L 306, -197, 0, 294, -197, 0, 153, 153, 153
L 294, -197, 0, 294, -224, 0, 153, 153, 153
L 294, -224, 0, 252, -249, 0, 153, 153, 153
L 252, -249, 0, 251, -253, 0, 153, 153, 153
L 251, -253, 0, 237, -253, 0, 153, 153, 153
L 237, -253, 0, 209, -267, 0, 153, 153, 153
L 209, -267, 0, 196, -280, 0, 153, 153, 153
L 196, -280, 0, 196, -294, 0, 153, 153, 153
L 196, -294, 0, 210, -338, 0, 153, 153, 153
L 210, -338, 0, 210, -350, 0, 153, 153, 153
L 210, -350, 0, 201, -351, 0, 153, 153, 153
L 201, -351, 0, 178, -362, 0, 153, 153, 153
L 178, -362, 0, 144, -387, 0, 153, 153, 153
L 144, -387, 0, 140, -406, 0, 153, 153, 153
L 140, -406, 0, 112, -407, 0, 153, 153, 153
L 112, -407, 0, 84, -421, 0, 153, 153, 153
L 84, -421, 0, 84, -462, 0, 153, 153, 153
L 84, -462, 0, 27, -463, 0, 153, 153, 153
L 27, -463, 0, -41, -519, 0, 153, 153, 153
L -41, -519, 0, -43, -490, 0, 153, 153, 153
L -43, -490, 0, -70, -463, 0, 153, 153, 153
L -70, -463, 0, -71, -421, 0, 153, 153, 153
L -71, -421, 0, -28, -377, 0, 153, 153, 153
L -28, -377, 0, 12, -363, 0, 153, 153, 153
L 12, -363, 0, 14, -373, 0, 153, 153, 153
L 14, -373, 0, 38, -397, 0, 153, 153, 153
L 38, -397, 0, 62, -405, 0, 153, 153, 153
L 62, -405, 0, 85, -405, 0, 153, 153, 153
L 85, -405, 0, 104, -401, 0, 153, 153, 153
L 104, -401, 0, 124, -391, 0, 153, 153, 153
L 124, -391, 0, 124, -364, 0, 153, 153, 153
L 124, -364, 0, 138, -363, 0, 153, 153, 153
L 138, -363, 0, 142, -364, 0, 153, 153, 153
L 142, -364, 0, 153, -364, 0, 153, 153, 153
L 153, -364, 0, 162, -357, 0, 153, 153, 153
L 162, -357, 0, 158, -342, 0, 153, 153, 153
L 158, -342, 0, 143, -342, 0, 153, 153, 153
L 143, -342, 0, 142, -350, 0, 153, 153, 153
L 142, -350, 0, 125, -351, 0, 153, 153, 153
L 125, -351, 0, 124, -308, 0, 153, 153, 153
L 124, -308, 0, 141, -305, 0, 153, 153, 153
L 141, -305, 0, 142, -308, 0, 153, 153, 153
L 142, -308, 0, 159, -308, 0, 153, 153, 153
L 170, -297, 0, 171, -286, 0, 153, 153, 153
L 171, -286, 0, 155, -281, 0, 153, 153, 153
L 155, -281, 0, 142, -289, 0, 153, 153, 153
L 142, -289, 0, 142, -294, 0, 153, 153, 153
L 142, -294, 0, 125, -295, 0, 153, 153, 153
L 125, -295, 0, 110, -281, 0, 153, 153, 153
L 110, -281, 0, 96, -280, 0, 153, 153, 153
L 96, -280, 0, 95, -265, 0, 153, 153, 153
L 95, -265, 0, 108, -263, 0, 153, 153, 153
L 108, -263, 0, 108, -247, 0, 153, 153, 153
L 108, -247, 0, 98, -237, 0, 153, 153, 153
L 98, -237, 0, 85, -237, 0, 153, 153, 153
L 85, -237, 0, 78, -246, 0, 153, 153, 153
L 78, -246, 0, 78, -257, 0, 153, 153, 153
L 78, -257, 0, 83, -263, 0, 153, 153, 153
L 83, -263, 0, 84, -263, 0, 153, 153, 153
L 84, -263, 0, 84, -279, 0, 153, 153, 153
L 84, -279, 0, 70, -281, 0, 153, 153, 153
L 70, -281, 0, 68, -267, 0, 153, 153, 153
L 68, -267, 0, 74, -257, 0, 153, 153, 153
L 74, -257, 0, 74, -235, 0, 153, 153, 153
L 74, -235, 0, 53, -235, 0, 153, 153, 153
L 53, -235, 0, 46, -242, 0, 153, 153, 153
L 46, -242, 0, 46, -252, 0, 153, 153, 153
L 46, -252, 0, 48, -257, 0, 153, 153, 153
L 48, -257, 0, 54, -263, 0, 153, 153, 153
L 54, -263, 0, 55, -263, 0, 153, 153, 153
L 55, -263, 0, 56, -280, 0, 153, 153, 153
L 56, -280, 0, 28, -295, 0, 153, 153, 153
L 28, -295, 0, 14, -309, 0, 153, 153, 153
L 14, -309, 0, -14, -295, 0, 153, 153, 153
L -14, -295, 0, -42, -295, 0, 153, 153, 153
L -42, -295, 0, -69, -309, 0, 153, 153, 153
L -69, -309, 0, -124, -323, 0, 153, 153, 153
L -124, -323, 0, -127, -253, 0, 153, 153, 153
L -127, -253, 0, -141, -223, 0, 153, 153, 153
L -141, -223, 0, -141, -197, 0, 153, 153, 153
L -141, -197, 0, -148, -197, 0, 153, 153, 153
L -148, -197, 0, -149, -194, 0, 153, 153, 153
L -149, -194, 0, -141, -193, 0, 153, 153, 153
L -141, -193, 0, -141, -183, 0, 153, 153, 153
L -141, -183, 0, -99, -181, 0, 153, 153, 153
L -99, -181, 0, -99, -141, 0, 153, 153, 153
L -99, -141, 0, -140, -141, 0, 153, 153, 153
L -140, -141, 0, -141, -43, 0, 153, 153, 153
L -141, -43, 0, -167, -43, 0, 153, 153, 153
L -167, -43, 0, -167, -56, 0, 153, 153, 153
L -167, -56, 0, -196, -57, 0, 153, 153, 153
L -196, -57, 0, -224, -29, 0, 153, 153, 153
L -224, -29, 0, -225, -15, 0, 153, 153, 153
L -225, -15, 0, -217, -7, 0, 153, 153, 153
L -217, -7, 0, -209, 2, 0, 153, 153, 153
L -209, 2, 0, -183, 0, 0, 153, 153, 153
L -183, 0, 0, -179, 7, 0, 153, 153, 153
L -179, 7, 0, -179, 21, 0, 153, 153, 153
L -179, 21, 0, -183, 26, 0, 153, 153, 153
L -183, 26, 0, -198, 28, 0, 153, 153, 153
L -198, 28, 0, -210, 26, 0, 153, 153, 153
L -210, 26, 0, -230, 9, 0, 153, 153, 153
L -230, 9, 0, -235, 2, 0, 153, 153, 153
L -235, 2, 0, -235, -29, 0, 153, 153, 153
L -235, -29, 0, -241, -29, 0, 153, 153, 153
L -241, -29, 0, -241, -1, 0, 153, 153, 153
L -241, -1, 0, -252, -1, 0, 153, 153, 153
L -252, -1, 0, -253, 26, 0, 153, 153, 153
L -253, 26, 0, -293, 26, 0, 153, 153, 153
L -293, 26, 0, -293, 1, 0, 153, 153, 153
L -293, 1, 0, -307, -1, 0, 153, 153, 153
L -307, -1, 0, -307, -13, 0, 153, 153, 153
L -307, -13, 0, -253, -13, 0, 153, 153, 153
L -253, -13, 0, -251, -27, 0, 153, 153, 153
L -251, -27, 0, -279, -56, 0, 153, 153, 153
L -279, -56, 0, -294, -57, 0, 153, 153, 153
L -294, -57, 0, -295, -29, 0, 153, 153, 153
L -295, -29, 0, -321, -29, 0, 153, 153, 153
L -321, -29, 0, -321, -55, 0, 153, 153, 153
L -321, -55, 0, -307, -55, 0, 153, 153, 153
L -307, -55, 0, -307, -67, 0, 153, 153, 153
L -307, -67, 0, -280, -67, 0, 153, 153, 153
L -280, -67, 0, -279, -72, 0, 153, 153, 153
L -279, -72, 0, -307, -73, 0, 153, 153, 153
L -307, -73, 0, -307, -84, 0, 153, 153, 153
L -307, -84, 0, -321, -85, 0, 153, 153, 153
L -321, -85, 0, -321, -111, 0, 153, 153, 153
L -321, -111, 0, -295, -111, 0, 153, 153, 153
L -295, -111, 0, -294, -83, 0, 153, 153, 153
L -294, -83, 0, -281, -83, 0, 153, 153, 153
L -281, -83, 0, -251, -111, 0, 153, 153, 153
L -251, -111, 0, -251, -126, 0, 153, 153, 153
L -251, -126, 0, -279, -127, 0, 153, 153, 153
L -279, -127, 0, -279, -153, 0, 153, 153, 153
L -279, -153, 0, -253, -153, 0, 153, 153, 153
L -253, -153, 0, -253, -141, 0, 153, 153, 153
L -253, -141, 0, -244, -138, 0, 153, 153, 153
L -244, -138, 0, -241, -112, 0, 153, 153, 153
L -241, -112, 0, -235, -111, 0, 153, 153, 153
L -235, -111, 0, -235, -139, 0, 153, 153, 153
L -235, -139, 0, -225, -139, 0, 153, 153, 153
L -225, -139, 0, -225, -112, 0, 153, 153, 153
L -225, -112, 0, -196, -83, 0, 153, 153, 153
L -196, -83, 0, -167, -84, 0, 153, 153, 153
L -167, -84, 0, -167, -140, 0, 153, 153, 153
L -167, -140, 0, -209, -141, 0, 153, 153, 153
L -209, -141, 0, -209, -181, 0, 153, 153, 153
L -209, -181, 0, -168, -181, 0, 153, 153, 153
L -168, -181, 0, -167, -193, 0, 153, 153, 153
L -167, -193, 0, -160, -193, 0, 153, 153, 153
L -160, -193, 0, -159, -197, 0, 153, 153, 153
L -159, -197, 0, -173, -203, 0, 153, 153, 153
L -173, -203, 0, -167, -209, 0, 153, 153, 153
L -167, -209, 0, -167, -237, 0, 153, 153, 153
L -167, -237, 0, -154, -250, 0, 153, 153, 153
L -154, -250, 0, -153, -257, 0, 153, 153, 153
L -153, -257, 0, -149, -264, 0, 153, 153, 153
L -149, -264, 0, -140, -296, 0, 153, 153, 153
L -140, -296, 0, -153, -308, 0, 153, 153, 153
L -153, -308, 0, -153, -322, 0, 153, 153, 153
L -153, -322, 0, -195, -350, 0, 153, 153, 153
L -195, -350, 0, -195, -391, 0, 153, 153, 153
L -195, -391, 0, -223, -414, 0, 153, 153, 153
L -223, -414, 0, -223, -463, 0, 153, 153, 153
L -223, -463, 0, -265, -477, 0, 153, 153, 153
L -265, -477, 0, -265, -559, 0, 153, 153, 153
L -265, -559, 0, -251, -573, 0, 153, 153, 153
L -251, -573, 0, -251, -615, 0, 153, 153, 153
L -251, -615, 0, -224, -628, 0, 153, 153, 153
L -224, -628, 0, -223, -671, 0, 153, 153, 153
L -223, -671, 0, -197, -671, 0, 153, 153, 153
L -197, -671, 0, -197, -658, 0, 153, 153, 153
L -197, -658, 0, -167, -628, 0, 153, 153, 153
L -167, -628, 0, -167, -645, 0, 153, 153, 153
L -167, -645, 0, -195, -672, 0, 153, 153, 153
L -195, -672, 0, -195, -698, 0, 153, 153, 153
L -195, -698, 0, -168, -684, 0, 153, 153, 153
L -168, -684, 0, -142, -645, 0, 153, 153, 153
L -142, -645, 0, -141, -631, 0, 153, 153, 153
L -141, -631, 0, -127, -600, 0, 153, 153, 153
L -127, -600, 0, -127, -575, 0, 153, 153, 153
L -126, -349, 0, -42, -307, 0, 153, 153, 153
L -42, -307, 0, -13, -321, 0, 153, 153, 153
L -13, -321, 0, 14, -321, 0, 153, 153, 153
L 14, -321, 0, 14, -350, 0, 153, 153, 153
L 14, -350, 0, -32, -367, 0, 153, 153, 153
L -32, -367, 0, -37, -370, 0, 153, 153, 153
L -37, -370, 0, -83, -406, 0, 153, 153, 153
L -83, -406, 0, -83, -475, 0, 153, 153, 153
L -83, -475, 0, -55, -489, 0, 153, 153, 153
L -55, -489, 0, -55, -518, 0, 153, 153, 153
L -43, -545, 0, 27, -489, 0, 153, 153, 153
L 27, -489, 0, 52, -489, 0, 153, 153, 153
L 52, -489, 0, 56, -531, 0, 153, 153, 153
L 56, -531, 0, 28, -574, 0, 153, 153, 153
L 28, -574, 0, 28, -601, 0, 153, 153, 153
L 28, -601, 0, 42, -645, 0, 153, 153, 153
L 42, -645, 0, 19, -691, 0, 153, 153, 153
L 19, -691, 0, 14, -727, 0, 153, 153, 153
L 14, -727, 0, 42, -771, 0, 153, 153, 153
L 42, -771, 0, 54, -780, 0, 153, 153, 153
L 54, -780, 0, 42, -785, 0, 153, 153, 153
L 42, -785, 0, 28, -792, 0, 153, 153, 153
L 28, -792, 0, 28, -797, 0, 153, 153, 153
L 28, -797, 0, 18, -803, 0, 153, 153, 153
L 18, -803, 0, 5, -800, 0, 153, 153, 153
L 5, -800, 0, -13, -799, 0, 153, 153, 153
L -13, -799, 0, -66, -812, 0, 153, 153, 153
L -66, -812, 0, -112, -813, 0, 153, 153, 153
L -112, -813, 0, -113, -785, 0, 153, 153, 153
L -123, -784, 0, -125, -825, 0, 153, 153, 153
L -125, -825, 0, -69, -824, 0, 153, 153, 153
L -69, -824, 0, -29, -811, 0, 153, 153, 153
L -29, -811, 0, -14, -811, 0, 153, 153, 153
L -14, -811, 0, -27, -868, 0, 153, 153, 153
L -27, -868, 0, -41, -892, 0, 153, 153, 153
L -41, -892, 0, -13, -923, 0, 153, 153, 153
L -13, -923, 0, -13, -925, 0, 153, 153, 153
L -13, -925, 0, -26, -937, 0, 153, 153, 153
L -26, -937, 0, -73, -939, 0, 153, 153, 153
L -73, -939, 0, -81, -950, 0, 153, 153, 153
L -81, -950, 0, -78, -962, 0, 153, 153, 153
L -78, -962, 0, -68, -978, 0, 153, 153, 153
L -68, -978, 0, -55, -992, 0, 153, 153, 153
L -55, -992, 0, -111, -1022, 0, 153, 153, 153
L -111, -1022, 0, -110, -1031, 0, 153, 153, 153
L -110, -1031, 0, -98, -1048, 0, 153, 153, 153
L -98, -1048, 0, -97, -1050, 0, 153, 153, 153
L -97, -1050, 0, -78, -1070, 0, 153, 153, 153
L -78, -1070, 0, -85, -1079, 0, 153, 153, 153
L -85, -1079, 0, -93, -1091, 0, 153, 153, 153
L -93, -1091, 0, -97, -1137, 0, 153, 153, 153
L -97, -1137, 0, -71, -1159, 0, 153, 153, 153
L -71, -1159, 0, -69, -1169, 0, 153, 153, 153
L -69, -1169, 0, -67, -1177, 0, 153, 153, 153
L -67, -1177, 0, -55, -1207, 0, 153, 153, 153
L -55, -1207, 0, -36, -1221, 0, 153, 153, 153
L -36, -1221, 0, -29, -1255, 0, 153, 153, 153
L -29, -1255, 0, -21, -1289, 0, 153, 153, 153
L -21, -1289, 0, -38, -1325, 0, 153, 153, 153
L -38, -1325, 0, -61, -1337, 0, 153, 153, 153
L -61, -1337, 0, -79, -1354, 0, 153, 153, 153
L -79, -1354, 0, -83, -1373, 0, 153, 153, 153
L -71, -1372, 0, -67, -1361, 0, 153, 153, 153
L -67, -1361, 0, -38, -1346, 0, 153, 153, 153
L -38, -1346, 0, -14, -1331, 0, 153, 153, 153
L -14, -1331, 0, 23, -1306, 0, 153, 153, 153
L 23, -1306, 0, 37, -1316, 0, 153, 153, 153
L 37, -1316, 0, 55, -1326, 0, 153, 153, 153
L 55, -1326, 0, 45, -1350, 0, 153, 153, 153
L 45, -1350, 0, 26, -1356, 0, 153, 153, 153
L 26, -1356, 0, 8, -1357, 0, 153, 153, 153
L 8, -1357, 0, -12, -1355, 0, 153, 153, 153
L -12, -1355, 0, -19, -1359, 0, 153, 153, 153
L -19, -1359, 0, -28, -1371, 0, 153, 153, 153
L -28, -1371, 0, -45, -1380, 0, 153, 153, 153
L -45, -1380, 0, -51, -1390, 0, 153, 153, 153
L -51, -1390, 0, -53, -1395, 0, 153, 153, 153
L -53, -1395, 0, -55, -1431, 0, 153, 153, 153
L -55, -1431, 0, -57, -1450, 0, 153, 153, 153
L -57, -1450, 0, -70, -1457, 0, 153, 153, 153
L -83, -1471, 0, -71, -1474, 0, 153, 153, 153
L -71, -1474, 0, -57, -1464, 0, 153, 153, 153
L -57, -1464, 0, -45, -1440, 0, 153, 153, 153
L -45, -1440, 0, -33, -1434, 0, 153, 153, 153
L -33, -1434, 0, -40, -1439, 0, 153, 153, 153
L -40, -1439, 0, -31, -1462, 0, 153, 153, 153
L -31, -1462, 0, -29, -1483, 0, 153, 153, 153
L -29, -1483, 0, -29, -1502, 0, 153, 153, 153
L -29, -1502, 0, -27, -1511, 0, 153, 153, 153
L -27, -1511, 0, -69, -1513, 0, 153, 153, 153
L -69, -1513, 0, -69, -1538, 0, 153, 153, 153
L -69, -1538, 0, -41, -1538, 0, 153, 153, 153
L -41, -1538, 0, -15, -1525, 0, 153, 153, 153
L -15, -1525, 0, -15, -1513, 0, 153, 153, 153
L -15, -1513, 0, -13, -1501, 0, 153, 153, 153
L -13, -1501, 0, -13, -1485, 0, 153, 153, 153
L -13, -1485, 0, -8, -1458, 0, 153, 153, 153
L -8, -1458, 0, -3, -1436, 0, 153, 153, 153
L -3, -1436, 0, 0, -1417, 0, 153, 153, 153
L 0, -1417, 0, 0, -1403, 0, 153, 153, 153
L 0, -1403, 0, 4, -1397, 0, 153, 153, 153
L 4, -1397, 0, 0, -1385, 0, 153, 153, 153
L 0, -1385, 0, -3, -1380, 0, 153, 153, 153
L -3, -1380, 0, 3, -1372, 0, 153, 153, 153
L 3, -1372, 0, 6, -1372, 0, 153, 153, 153
L 6, -1372, 0, 42, -1370, 0, 153, 153, 153
L 42, -1370, 0, 74, -1357, 0, 153, 153, 153
L 74, -1357, 0, 83, -1337, 0, 153, 153, 153
L 83, -1337, 0, 71, -1316, 0, 153, 153, 153
L 71, -1316, 0, 64, -1300, 0, 153, 153, 153
L 64, -1300, 0, 91, -1281, 0, 153, 153, 153
L 91, -1281, 0, 130, -1264, 0, 153, 153, 153
L 130, -1264, 0, 139, -1276, 0, 153, 153, 153
L 139, -1276, 0, 153, -1286, 0, 153, 153, 153
L 153, -1286, 0, 161, -1286, 0, 153, 153, 153
L 161, -1286, 0, 173, -1282, 0, 153, 153, 153
L 173, -1282, 0, 187, -1267, 0, 153, 153, 153
L 187, -1267, 0, 187, -1250, 0, 153, 153, 153
L 187, -1250, 0, 167, -1233, 0, 153, 153, 153
L 167, -1233, 0, 166, -1175, 0, 153, 153, 153
L 166, -1175, 0, 179, -1162, 0, 153, 153, 153
L 182, -1202, 0, 182, -1161, 0, 153, 153, 153
L 277, -291, 0, 276, -310, 0, 153, 153, 153
L 276, -310, 0, 294, -311, 0, 153, 153, 153
L 294, -311, 0, 296, -293, 0, 153, 153, 153
L 296, -293, 0, 277, -291, 0, 153, 153, 153
L 235, -291, 0, 234, -308, 0, 153, 153, 153
L 234, -308, 0, 253, -310, 0, 153, 153, 153
L 253, -310, 0, 254, -293, 0, 153, 153, 153
L 254, -293, 0, 235, -291, 0, 153, 153, 153
L 235, -334, 0, 234, -351, 0, 153, 153, 153
L 234, -351, 0, 252, -353, 0, 153, 153, 153
L 252, -353, 0, 254, -335, 0, 153, 153, 153
L 254, -335, 0, 235, -333, 0, 153, 153, 153
L 277, -352, 0, 294, -353, 0, 153, 153, 153
L 294, -353, 0, 296, -335, 0, 153, 153, 153
L 296, -335, 0, 278, -333, 0, 153, 153, 153
L 278, -333, 0, 277, -352, 0, 153, 153, 153
L 36, -924, 0, 30, -922, 0, 153, 153, 153
L 30, -922, 0, 28, -912, 0, 153, 153, 153
L 28, -912, 0, 10, -913, 0, 153, 153, 153
L 10, -913, 0, 1, -925, 0, 153, 153, 153
L 1, -925, 0, 0, -933, 0, 153, 153, 153
L 0, -933, 0, -12, -938, 0, 153, 153, 153
L -12, -938, 0, -28, -948, 0, 153, 153, 153
L -28, -948, 0, -35, -949, 0, 153, 153, 153
L -35, -949, 0, -71, -949, 0, 153, 153, 153
L -71, -949, 0, -73, -952, 0, 153, 153, 153
L -73, -952, 0, -71, -957, 0, 153, 153, 153
L -71, -957, 0, -22, -984, 0, 153, 153, 153
L -22, -984, 0, -17, -995, 0, 153, 153, 153
L -17, -995, 0, 26, -1011, 0, 153, 153, 153
L 26, -1011, 0, 85, -1011, 0, 153, 153, 153
L 85, -1011, 0, 100, -995, 0, 153, 153, 153
L 100, -995, 0, 100, -967, 0, 153, 153, 153
L 100, -967, 0, 94, -946, 0, 153, 153, 153
L 94, -946, 0, 89, -936, 0, 153, 153, 153
L 89, -936, 0, 86, -922, 0, 153, 153, 153
L 86, -922, 0, 82, -921, 0, 153, 153, 153
L 82, -921, 0, 44, -922, 0, 153, 153, 153
L 44, -922, 0, 36, -924, 0, 153, 153, 153
L 122, -1075, 0, 99, -1061, 0, 153, 153, 153
L 99, -1061, 0, 90, -1039, 0, 153, 153, 153
L 90, -1039, 0, 90, -1033, 0, 153, 153, 153
L 90, -1033, 0, 71, -1030, 0, 153, 153, 153
L 71, -1030, 0, 51, -1024, 0, 153, 153, 153
L 51, -1024, 0, 29, -1019, 0, 153, 153, 153
L 29, -1019, 0, 23, -1020, 0, 153, 153, 153
L 23, -1020, 0, -12, -1032, 0, 153, 153, 153
L -12, -1032, 0, -19, -1033, 0, 153, 153, 153
L -19, -1033, 0, -78, -1020, 0, 153, 153, 153
L -78, -1020, 0, -99, -1024, 0, 153, 153, 153
L -99, -1024, 0, -90, -1038, 0, 153, 153, 153
L -90, -1038, 0, -73, -1051, 0, 153, 153, 153
L -73, -1051, 0, -47, -1065, 0, 153, 153, 153
L -47, -1065, 0, -6, -1075, 0, 153, 153, 153
L -6, -1075, 0, 32, -1086, 0, 153, 153, 153
L 32, -1086, 0, 80, -1115, 0, 153, 153, 153
L 80, -1115, 0, 135, -1121, 0, 153, 153, 153
L 135, -1121, 0, 124, -1088, 0, 153, 153, 153
L 124, -1088, 0, 122, -1075, 0, 153, 153, 153
L 156, -1174, 0, 116, -1163, 0, 153, 153, 153
L 116, -1163, 0, 88, -1134, 0, 153, 153, 153
L 88, -1134, 0, 44, -1104, 0, 153, 153, 153
L 44, -1104, 0, -39, -1075, 0, 153, 153, 153
L -39, -1075, 0, -69, -1084, 0, 153, 153, 153
L -69, -1084, 0, -81, -1101, 0, 153, 153, 153
L -81, -1101, 0, -79, -1133, 0, 153, 153, 153
L -79, -1133, 0, -37, -1163, 0, 153, 153, 153
L -37, -1163, 0, -37, -1188, 0, 153, 153, 153
L -37, -1188, 0, -24, -1201, 0, 153, 153, 153
L -24, -1201, 0, -17, -1224, 0, 153, 153, 153
L -17, -1224, 0, -3, -1241, 0, 153, 153, 153
L -3, -1241, 0, -3, -1268, 0, 153, 153, 153
L -3, -1268, 0, 39, -1295, 0, 153, 153, 153
L 39, -1295, 0, 64, -1282, 0, 153, 153, 153
L 64, -1282, 0, 96, -1263, 0, 153, 153, 153
L 96, -1263, 0, 125, -1252, 0, 153, 153, 153
L 125, -1252, 0, 134, -1245, 0, 153, 153, 153
L 134, -1245, 0, 155, -1234, 0, 153, 153, 153
L 155, -1234, 0, 156, -1228, 0, 153, 153, 153
L 156, -1228, 0, 156, -1174, 0, 153, 153, 153
L -70, -1458, 0, -73, -1447, 0, 153, 153, 153
L -73, -1447, 0, -69, -1438, 0, 153, 153, 153
L -69, -1438, 0, -67, -1394, 0, 153, 153, 153
L -67, -1394, 0, -73, -1386, 0, 153, 153, 153
L -73, -1386, 0, -73, -1371, 0, 153, 153, 153
L -378, -1645, 0, -398, -1637, 0, 0, 0, 255
L -398, -1637, 0, -407, -1632, 0, 0, 0, 255
L -407, -1632, 0, -431, -1612, 0, 0, 0, 255
L -431, -1612, 0, -444, -1595, 0, 0, 0, 255
L -444, -1595, 0, -483, -1572, 0, 0, 0, 255
L -483, -1572, 0, -489, -1564, 0, 0, 0, 255
L -489, -1564, 0, -509, -1545, 0, 0, 0, 255
L -509, -1545, 0, -520, -1550, 0, 0, 0, 255
L -520, -1550, 0, -529, -1559, 0, 0, 0, 255
L -529, -1559, 0, -540, -1565, 0, 0, 0, 255
L -540, -1565, 0, -553, -1571, 0, 0, 0, 255
L -553, -1571, 0, -582, -1598, 0, 0, 0, 255
L -582, -1598, 0, -583, -1625, 0, 0, 0, 255
L -583, -1625, 0, -564, -1625, 0, 0, 0, 255
L -564, -1625, 0, -561, -1648, 0, 0, 0, 255
L -561, -1648, 0, -561, -1673, 0, 0, 0, 255
L -561, -1673, 0, -575, -1665, 0, 0, 0, 255
L -575, -1665, 0, -585, -1655, 0, 0, 0, 255
L -585, -1655, 0, -613, -1625, 0, 0, 0, 255
L -613, -1625, 0, -613, -1607, 0, 0, 0, 255
L -613, -1607, 0, -602, -1585, 0, 0, 0, 255
L -602, -1585, 0, -581, -1559, 0, 0, 0, 255
L -581, -1559, 0, -569, -1551, 0, 0, 0, 255
L -569, -1551, 0, -536, -1532, 0, 0, 0, 255
L -536, -1532, 0, -529, -1518, 0, 0, 0, 255
L -529, -1518, 0, -545, -1480, 0, 0, 0, 255
L -545, -1480, 0, -555, -1471, 0, 0, 0, 255
L -555, -1471, 0, -584, -1436, 0, 0, 0, 255
L -584, -1436, 0, -585, -1426, 0, 0, 0, 255
L -585, -1426, 0, -587, -1424, 0, 0, 0, 255
L -587, -1424, 0, -613, -1409, 0, 0, 0, 255
L -613, -1409, 0, -630, -1389, 0, 0, 0, 255
L -630, -1389, 0, -637, -1377, 0, 0, 0, 255
L -637, -1377, 0, -632, -1351, 0, 0, 0, 255
L -632, -1351, 0, -600, -1318, 0, 0, 0, 255
L -600, -1318, 0, -594, -1297, 0, 0, 0, 255
L -594, -1297, 0, -589, -1292, 0, 0, 0, 255
L -589, -1292, 0, -591, -1269, 0, 0, 0, 255
L -591, -1269, 0, -596, -1254, 0, 0, 0, 255
L -596, -1254, 0, -599, -1222, 0, 0, 0, 255
L -599, -1222, 0, -589, -1204, 0, 0, 0, 255
L -589, -1204, 0, -577, -1199, 0, 0, 0, 255
L -577, -1199, 0, -565, -1193, 0, 0, 0, 255
L -565, -1193, 0, -555, -1193, 0, 0, 0, 255
L -555, -1193, 0, -540, -1196, 0, 0, 0, 255
L -540, -1196, 0, -534, -1207, 0, 0, 0, 255
L -534, -1207, 0, -525, -1235, 0, 0, 0, 255
L -525, -1235, 0, -521, -1270, 0, 0, 0, 255
L -521, -1270, 0, -534, -1285, 0, 0, 0, 255
L -534, -1285, 0, -536, -1291, 0, 0, 0, 255
L -536, -1291, 0, -548, -1298, 0, 0, 0, 255
L -548, -1298, 0, -563, -1298, 0, 0, 0, 255
L -563, -1298, 0, -578, -1318, 0, 0, 0, 255
L -578, -1318, 0, -577, -1336, 0, 0, 0, 255
L -577, -1336, 0, -590, -1347, 0, 0, 0, 255
L -590, -1347, 0, -613, -1359, 0, 0, 0, 255
L -613, -1359, 0, -620, -1375, 0, 0, 0, 255
L -620, -1375, 0, -594, -1389, 0, 0, 0, 255
L -594, -1389, 0, -577, -1414, 0, 0, 0, 255
L -577, -1414, 0, -562, -1417, 0, 0, 0, 255
L -562, -1417, 0, -541, -1417, 0, 0, 0, 255
L -541, -1417, 0, -516, -1415, 0, 0, 0, 255
L -516, -1415, 0, -490, -1421, 0, 0, 0, 255
L -490, -1421, 0, -471, -1432, 0, 0, 0, 255
L -471, -1432, 0, -456, -1464, 0, 0, 0, 255
L -456, -1464, 0, -447, -1520, 0, 0, 0, 255
L -447, -1520, 0, -448, -1525, 0, 0, 0, 255
L -448, -1525, 0, -451, -1553, 0, 0, 0, 255
L -451, -1553, 0, -440, -1566, 0, 0, 0, 255
L -440, -1566, 0, -412, -1582, 0, 0, 0, 255
L -412, -1582, 0, -409, -1611, 0, 0, 0, 255
L -409, -1611, 0, -403, -1613, 0, 0, 0, 255
L -403, -1613, 0, -365, -1620, 0, 0, 0, 255
L -548, -1616, 0, -535, -1609, 0, 153, 153, 153
L -535, -1609, 0, -521, -1608, 0, 153, 153, 153
L -521, -1608, 0, -503, -1616, 0, 153, 153, 153
L -503, -1616, 0, -483, -1614, 0, 153, 153, 153
L -483, -1614, 0, -465, -1619, 0, 153, 153, 153
L -465, -1619, 0, -463, -1621, 0, 153, 153, 153
L -463, -1621, 0, -449, -1677, 0, 153, 153, 153
L -449, -1677, 0, -472, -1696, 0, 153, 153, 153
L -472, -1696, 0, -490, -1692, 0, 153, 153, 153
L -490, -1692, 0, -498, -1686, 0, 153, 153, 153
L -498, -1686, 0, -513, -1694, 0, 153, 153, 153
L -513, -1694, 0, -527, -1694, 0, 153, 153, 153
L -527, -1694, 0, -535, -1690, 0, 153, 153, 153
L -535, -1690, 0, -543, -1692, 0, 153, 153, 153
L -543, -1692, 0, -559, -1677, 0, 153, 153, 153
L -554, -1621, 0, -548, -1616, 0, 153, 153, 153
L -554, -1621, 0, -560, -1623, 0, 153, 153, 153
L -543, -1414, 0, -543, -1361, 0, 153, 153, 153
L -543, -1361, 0, -542, -1358, 0, 153, 153, 153
L -542, -1358, 0, -505, -1307, 0, 153, 153, 153
L -505, -1307, 0, -505, -1297, 0, 153, 153, 153
L -505, -1297, 0, -515, -1294, 0, 153, 153, 153
L -515, -1294, 0, -532, -1288, 0, 153, 153, 153
L -520, -1275, 0, -510, -1277, 0, 153, 153, 153
L -510, -1277, 0, -498, -1290, 0, 153, 153, 153
L -498, -1290, 0, -497, -1303, 0, 153, 153, 153
L -497, -1303, 0, -510, -1338, 0, 153, 153, 153
L -510, -1338, 0, -524, -1351, 0, 153, 153, 153
L -524, -1351, 0, -534, -1369, 0, 153, 153, 153
L -534, -1369, 0, -525, -1383, 0, 153, 153, 153
L -525, -1383, 0, -520, -1387, 0, 153, 153, 153
L -520, -1387, 0, -485, -1389, 0, 153, 153, 153
L -485, -1389, 0, -466, -1392, 0, 153, 153, 153
L -466, -1392, 0, -444, -1397, 0, 153, 153, 153
L -444, -1397, 0, -426, -1411, 0, 153, 153, 153
L -426, -1411, 0, -408, -1453, 0, 153, 153, 153
L -408, -1453, 0, -386, -1471, 0, 153, 153, 153
L -386, -1471, 0, -348, -1504, 0, 153, 153, 153
L -348, -1504, 0, -315, -1521, 0, 153, 153, 153
L -315, -1521, 0, -275, -1530, 0, 153, 153, 153
L -275, -1530, 0, -252, -1525, 0, 153, 153, 153
L -252, -1525, 0, -224, -1515, 0, 153, 153, 153
L -224, -1515, 0, -221, -1470, 0, 153, 153, 153
L -221, -1470, 0, -235, -1454, 0, 153, 153, 153
L -235, -1454, 0, -235, -1400, 0, 153, 153, 153
L -235, -1400, 0, -269, -1398, 0, 153, 153, 153
L -269, -1398, 0, -269, -1430, 0, 153, 153, 153
L -269, -1430, 0, -280, -1438, 0, 153, 153, 153
L -280, -1438, 0, -291, -1434, 0, 153, 153, 153
L -291, -1434, 0, -291, -1420, 0, 153, 153, 153
L -291, -1420, 0, -278, -1416, 0, 153, 153, 153
L -278, -1416, 0, -278, -1369, 0, 153, 153, 153
L -278, -1369, 0, -308, -1368, 0, 153, 153, 153
L -308, -1368, 0, -311, -1408, 0, 153, 153, 153
L -311, -1408, 0, -322, -1410, 0, 153, 153, 153
L -322, -1410, 0, -337, -1410, 0, 153, 153, 153
L -337, -1410, 0, -339, -1438, 0, 153, 153, 153
L -339, -1438, 0, -344, -1438, 0, 153, 153, 153
L -344, -1438, 0, -347, -1405, 0, 153, 153, 153
L -347, -1405, 0, -322, -1403, 0, 153, 153, 153
L -322, -1403, 0, -319, -1372, 0, 153, 153, 153
L -319, -1372, 0, -360, -1368, 0, 153, 153, 153
L -360, -1368, 0, -360, -1361, 0, 153, 153, 153
L -360, -1361, 0, -320, -1360, 0, 153, 153, 153
L -320, -1360, 0, -319, -1344, 0, 153, 153, 153
L -319, -1344, 0, -368, -1340, 0, 153, 153, 153
L -368, -1340, 0, -374, -1333, 0, 153, 153, 153
L -374, -1333, 0, -364, -1333, 0, 153, 153, 153
L -364, -1333, 0, -361, -1320, 0, 153, 153, 153
L -361, -1320, 0, -353, -1320, 0, 153, 153, 153
L -353, -1320, 0, -353, -1330, 0, 153, 153, 153
L -353, -1330, 0, -311, -1333, 0, 153, 153, 153
L -311, -1333, 0, -311, -1359, 0, 153, 153, 153
L -311, -1359, 0, -271, -1361, 0, 153, 153, 153
L -271, -1361, 0, -269, -1386, 0, 153, 153, 153
L -269, -1386, 0, -268, -1387, 0, 153, 153, 153
L -268, -1387, 0, -230, -1389, 0, 153, 153, 153
L -230, -1389, 0, -227, -1440, 0, 153, 153, 153
L -227, -1440, 0, -209, -1444, 0, 153, 153, 153
L -209, -1444, 0, -207, -1428, 0, 153, 153, 153
L -207, -1428, 0, -195, -1417, 0, 153, 153, 153
L -171, -1441, 0, -173, -1451, 0, 153, 153, 153
L -173, -1451, 0, -183, -1452, 0, 153, 153, 153
L -183, -1452, 0, -185, -1459, 0, 153, 153, 153
L -185, -1459, 0, -197, -1480, 0, 153, 153, 153
L -197, -1480, 0, -213, -1510, 0, 153, 153, 153
L -213, -1510, 0, -211, -1522, 0, 153, 153, 153
L -211, -1522, 0, -225, -1536, 0, 153, 153, 153
L -225, -1536, 0, -243, -1532, 0, 153, 153, 153
L -243, -1532, 0, -269, -1540, 0, 153, 153, 153
L -269, -1540, 0, -303, -1536, 0, 153, 153, 153
L -303, -1536, 0, -328, -1527, 0, 153, 153, 153
L -328, -1527, 0, -372, -1499, 0, 153, 153, 153
L -372, -1499, 0, -406, -1493, 0, 153, 153, 153
L -406, -1493, 0, -422, -1521, 0, 153, 153, 153
L -422, -1521, 0, -431, -1519, 0, 153, 153, 153
L -431, -1519, 0, -448, -1531, 0, 153, 153, 153
L -547, -1255, 0, -557, -1256, 0, 153, 153, 153
L -557, -1256, 0, -567, -1251, 0, 153, 153, 153
L -567, -1251, 0, -572, -1245, 0, 153, 153, 153
L -572, -1245, 0, -560, -1231, 0, 153, 153, 153
L -560, -1231, 0, -549, -1233, 0, 153, 153, 153
L -549, -1233, 0, -542, -1235, 0, 153, 153, 153
L -542, -1235, 0, -536, -1246, 0, 153, 153, 153
L -536, -1246, 0, -534, -1250, 0, 153, 153, 153
L -534, -1250, 0, -542, -1255, 0, 153, 153, 153
L -542, -1255, 0, -547, -1255, 0, 153, 153, 153
L -531, -1287, 0, -548, -1257, 0, 153, 153, 153
L -548, -1257, 0, -549, -1255, 0, 153, 153, 153
L -543, -1255, 0, -520, -1275, 0, 153, 153, 153
L -570, -1242, 0, -598, -1237, 0, 153, 153, 153
L -598, -1237, 0, -605, -1244, 0, 153, 153, 153
L -605, -1244, 0, -624, -1251, 0, 153, 153, 153
L -624, -1251, 0, -621, -1284, 0, 153, 153, 153
L -621, -1284, 0, -638, -1290, 0, 153, 153, 153
L -638, -1290, 0, -646, -1287, 0, 153, 153, 153
L -646, -1287, 0, -656, -1275, 0, 153, 153, 153
L -656, -1275, 0, -656, -1270, 0, 153, 153, 153
L -656, -1270, 0, -637, -1245, 0, 153, 153, 153
L -637, -1245, 0, -635, -1216, 0, 153, 153, 153
L -635, -1216, 0, -624, -1215, 0, 153, 153, 153
L -624, -1215, 0, -603, -1220, 0, 153, 153, 153
L -603, -1220, 0, -563, -1234, 0, 153, 153, 153
L -554, -1232, 0, -551, -1188, 0, 153, 153, 153
L -551, -1188, 0, -560, -1185, 0, 153, 153, 153
L -560, -1185, 0, -558, -1178, 0, 153, 153, 153
L -558, -1178, 0, -571, -1172, 0, 153, 153, 153
L -571, -1172, 0, -579, -1166, 0, 153, 153, 153
L -579, -1166, 0, -585, -1160, 0, 153, 153, 153
L -605, -1135, 0, -605, -1146, 0, 153, 153, 153
L -605, -1146, 0, -595, -1151, 0, 153, 153, 153
L -595, -1151, 0, -586, -1150, 0, 153, 153, 153
L -586, -1150, 0, -581, -1144, 0, 153, 153, 153
L -581, -1144, 0, -571, -1141, 0, 153, 153, 153
L -571, -1141, 0, -569, -1141, 0, 153, 153, 153
L -569, -1141, 0, -551, -1149, 0, 153, 153, 153
L -551, -1149, 0, -550, -1164, 0, 153, 153, 153
L -550, -1164, 0, -549, -1174, 0, 153, 153, 153
L -549, -1174, 0, -541, -1183, 0, 153, 153, 153
L -541, -1183, 0, -541, -1190, 0, 153, 153, 153
L -541, -1190, 0, -545, -1198, 0, 153, 153, 153
L -545, -1198, 0, -551, -1232, 0, 153, 153, 153
L -585, -1160, 0, -610, -1158, 0, 153, 153, 153
L -610, -1158, 0, -613, -1150, 0, 153, 153, 153
L -613, -1150, 0, -613, -1136, 0, 153, 153, 153
L -185, -1429, 0, -166, -1408, 0, 153, 153, 153
L -166, -1408, 0, -167, -1403, 0, 153, 153, 153
L -167, -1403, 0, -168, -1396, 0, 153, 153, 153
L -168, -1396, 0, -164, -1379, 0, 153, 153, 153
L -164, -1379, 0, -157, -1377, 0, 153, 153, 153
L -157, -1377, 0, -168, -1350, 0, 153, 153, 153
L -163, -1352, 0, -154, -1378, 0, 153, 153, 153
L -154, -1378, 0, -147, -1376, 0, 153, 153, 153
L -147, -1376, 0, -136, -1376, 0, 153, 153, 153
L -136, -1376, 0, -126, -1385, 0, 153, 153, 153
L -126, -1385, 0, -119, -1394, 0, 153, 153, 153
L -119, -1394, 0, -119, -1399, 0, 153, 153, 153
L -119, -1399, 0, -84, -1422, 0, 153, 153, 153
L -80, -1428, 0, -121, -1407, 0, 153, 153, 153
L -121, -1407, 0, -126, -1414, 0, 153, 153, 153
L -126, -1414, 0, -132, -1419, 0, 153, 153, 153
L -132, -1419, 0, -145, -1420, 0, 153, 153, 153
L -145, -1420, 0, -153, -1418, 0, 153, 153, 153
L -153, -1418, 0, -164, -1410, 0, 153, 153, 153
L -164, -1410, 0, -182, -1430, 0, 153, 153, 153
L -186, -1430, 0, -165, -1406, 0, 153, 153, 153
L -193, -1360, 0, -193, -1331, 0, 153, 153, 153
L -193, -1331, 0, -183, -1324, 0, 153, 153, 153
L -183, -1324, 0, -164, -1315, 0, 153, 153, 153
L -164, -1315, 0, -166, -1285, 0, 153, 153, 153
L -166, -1285, 0, -220, -1284, 0, 153, 153, 153
L -220, -1284, 0, -221, -1259, 0, 153, 153, 153
L -221, -1259, 0, -221, -1206, 0, 153, 153, 153
L -221, -1206, 0, -266, -1200, 0, 153, 153, 153
L -266, -1200, 0, -333, -1200, 0, 153, 153, 153
L -333, -1200, 0, -333, -1152, 0, 153, 153, 153
L -333, -1152, 0, -335, -1144, 0, 153, 153, 153
L -335, -1144, 0, -360, -1144, 0, 153, 153, 153
L -360, -1144, 0, -361, -1137, 0, 153, 153, 153
L -361, -1137, 0, -362, -1117, 0, 153, 153, 153
L -362, -1117, 0, -380, -1117, 0, 153, 153, 153
L -380, -1117, 0, -387, -1116, 0, 153, 153, 153
L -387, -1116, 0, -389, -1095, 0, 153, 153, 153
L -389, -1095, 0, -367, -1095, 0, 153, 153, 153
L -367, -1095, 0, -361, -1085, 0, 153, 153, 153
L -361, -1085, 0, -307, -1067, 0, 153, 153, 153
L -307, -1067, 0, -305, -1055, 0, 153, 153, 153
L -305, -1055, 0, -305, -1048, 0, 153, 153, 153
L -305, -1048, 0, -326, -1047, 0, 153, 153, 153
L -326, -1047, 0, -347, -1047, 0, 153, 153, 153
L -347, -1047, 0, -375, -1048, 0, 153, 153, 153
L -375, -1048, 0, -393, -1045, 0, 153, 153, 153
L -393, -1045, 0, -409, -1040, 0, 153, 153, 153
L -409, -1040, 0, -417, -1035, 0, 153, 153, 153
L -417, -1035, 0, -421, -1027, 0, 153, 153, 153
L -421, -1027, 0, -428, -1007, 0, 153, 153, 153
L -428, -1007, 0, -403, -951, 0, 153, 153, 153
L -403, -951, 0, -403, -905, 0, 153, 153, 153
L -403, -905, 0, -410, -893, 0, 153, 153, 153
L -410, -893, 0, -458, -893, 0, 153, 153, 153
L -458, -893, 0, -458, -857, 0, 153, 153, 153
L -458, -857, 0, -461, -850, 0, 153, 153, 153
L -461, -850, 0, -472, -851, 0, 153, 153, 153
L -472, -851, 0, -489, -836, 0, 153, 153, 153
L -489, -836, 0, -500, -837, 0, 153, 153, 153
L -500, -837, 0, -531, -837, 0, 153, 153, 153
L -531, -837, 0, -534, -842, 0, 153, 153, 153
L -534, -842, 0, -522, -854, 0, 153, 153, 153
L -522, -854, 0, -529, -861, 0, 153, 153, 153
L -529, -861, 0, -535, -856, 0, 153, 153, 153
L -535, -856, 0, -539, -850, 0, 153, 153, 153
L -539, -850, 0, -543, -838, 0, 153, 153, 153
L -543, -838, 0, -532, -803, 0, 153, 153, 153
L -532, -803, 0, -527, -812, 0, 153, 153, 153
L -527, -812, 0, -528, -817, 0, 153, 153, 153
L -528, -817, 0, -535, -824, 0, 153, 153, 153
L -535, -824, 0, -533, -828, 0, 153, 153, 153
L -533, -828, 0, -494, -829, 0, 153, 153, 153
L -494, -829, 0, -487, -828, 0, 153, 153, 153
L -487, -828, 0, -487, -810, 0, 153, 153, 153
L -487, -810, 0, -513, -809, 0, 153, 153, 153
L -513, -809, 0, -515, -803, 0, 153, 153, 153
L -515, -803, 0, -515, -785, 0, 153, 153, 153
L -515, -785, 0, -517, -780, 0, 153, 153, 153
L -517, -780, 0, -529, -781, 0, 153, 153, 153
L -529, -781, 0, -529, -770, 0, 153, 153, 153
L -529, -770, 0, -536, -754, 0, 153, 153, 153
L -536, -754, 0, -543, -719, 0, 153, 153, 153
L -543, -719, 0, -540, -710, 0, 153, 153, 153
L -540, -710, 0, -533, -696, 0, 153, 153, 153
L -533, -696, 0, -529, -676, 0, 153, 153, 153
L -529, -676, 0, -516, -647, 0, 153, 153, 153
L -516, -647, 0, -515, -644, 0, 153, 153, 153
L -515, -644, 0, -515, -630, 0, 153, 153, 153
L -515, -630, 0, -504, -609, 0, 153, 153, 153
L -504, -609, 0, -494, -597, 0, 153, 153, 153
L -494, -597, 0, -465, -591, 0, 153, 153, 153
L -465, -591, 0, -449, -605, 0, 153, 153, 153
L -449, -605, 0, -431, -597, 0, 153, 153, 153
L -431, -597, 0, -422, -592, 0, 153, 153, 153
L -422, -592, 0, -416, -593, 0, 153, 153, 153
L -416, -593, 0, -391, -607, 0, 153, 153, 153
L -391, -607, 0, -378, -619, 0, 153, 153, 153
L -378, -619, 0, -341, -619, 0, 153, 153, 153
L -341, -619, 0, -323, -609, 0, 153, 153, 153
L -323, -609, 0, -319, -588, 0, 153, 153, 153
L -319, -588, 0, -319, -555, 0, 153, 153, 153
L -319, -555, 0, -318, -549, 0, 153, 153, 153
L -318, -549, 0, -266, -549, 0, 153, 153, 153
L -267, -557, 0, -292, -557, 0, 153, 153, 153
L -292, -557, 0, -297, -566, 0, 153, 153, 153
L -297, -566, 0, -298, -570, 0, 153, 153, 153
L -298, -570, 0, -308, -583, 0, 153, 153, 153
L -308, -583, 0, -311, -597, 0, 153, 153, 153
L -311, -597, 0, -320, -623, 0, 153, 153, 153
L -320, -623, 0, -337, -627, 0, 153, 153, 153
L -337, -627, 0, -376, -640, 0, 153, 153, 153
L -376, -640, 0, -392, -654, 0, 153, 153, 153
L -392, -654, 0, -407, -654, 0, 153, 153, 153
L -407, -654, 0, -428, -643, 0, 153, 153, 153
L -428, -643, 0, -445, -629, 0, 153, 153, 153
L -445, -629, 0, -461, -613, 0, 153, 153, 153
L -461, -613, 0, -492, -613, 0, 153, 153, 153
L -492, -613, 0, -500, -629, 0, 153, 153, 153
L -500, -629, 0, -518, -678, 0, 153, 153, 153
L -518, -678, 0, -534, -725, 0, 153, 153, 153
L -534, -725, 0, -523, -769, 0, 153, 153, 153
L -523, -769, 0, -521, -773, 0, 153, 153, 153
L -521, -773, 0, -493, -773, 0, 153, 153, 153
L -493, -773, 0, -493, -779, 0, 153, 153, 153
L -493, -779, 0, -499, -781, 0, 153, 153, 153
L -499, -781, 0, -507, -785, 0, 153, 153, 153
L -507, -785, 0, -507, -798, 0, 153, 153, 153
L -507, -798, 0, -492, -802, 0, 153, 153, 153
L -492, -802, 0, -474, -787, 0, 153, 153, 153
L -474, -787, 0, -460, -787, 0, 153, 153, 153
L -460, -787, 0, -459, -761, 0, 153, 153, 153
L -459, -761, 0, -430, -759, 0, 153, 153, 153
L -430, -759, 0, -423, -773, 0, 153, 153, 153
L -423, -773, 0, -416, -774, 0, 153, 153, 153
L -416, -774, 0, -413, -766, 0, 153, 153, 153
L -413, -766, 0, -409, -760, 0, 153, 153, 153
L -409, -760, 0, -409, -778, 0, 153, 153, 153
L -409, -778, 0, -422, -781, 0, 153, 153, 153
L -422, -781, 0, -431, -778, 0, 153, 153, 153
L -431, -778, 0, -431, -768, 0, 153, 153, 153
L -431, -768, 0, -449, -767, 0, 153, 153, 153
L -449, -767, 0, -452, -783, 0, 153, 153, 153
L -452, -783, 0, -417, -815, 0, 153, 153, 153
L -417, -815, 0, -397, -813, 0, 153, 153, 153
L -397, -813, 0, -390, -814, 0, 153, 153, 153
L -390, -814, 0, -389, -807, 0, 153, 153, 153
L -389, -807, 0, -385, -807, 0, 153, 153, 153
L -385, -807, 0, -379, -815, 0, 153, 153, 153
L -379, -815, 0, -351, -815, 0, 153, 153, 153
L -351, -815, 0, -347, -813, 0, 153, 153, 153
L -347, -813, 0, -346, -794, 0, 153, 153, 153
L -346, -794, 0, -324, -787, 0, 153, 153, 153
L -324, -787, 0, -263, -786, 0, 153, 153, 153
L -263, -786, 0, -264, -768, 0, 153, 153, 153
L -264, -768, 0, -288, -767, 0, 153, 153, 153
L -288, -767, 0, -291, -734, 0, 153, 153, 153
L -291, -734, 0, -255, -731, 0, 153, 153, 153
L -255, -731, 0, -254, -786, 0, 153, 153, 153
L -254, -786, 0, -210, -787, 0, 153, 153, 153
L -210, -787, 0, -207, -719, 0, 153, 153, 153
L -207, -719, 0, -196, -717, 0, 153, 153, 153
L -196, -717, 0, -193, -700, 0, 153, 153, 153
L -193, -700, 0, -167, -685, 0, 153, 153, 153
L -167, -685, 0, -138, -641, 0, 153, 153, 153
L -138, -641, 0, -136, -627, 0, 153, 153, 153
L -136, -627, 0, -125, -602, 0, 153, 153, 153
L -125, -602, 0, -123, -575, 0, 153, 153, 153
L -123, -575, 0, -96, -532, 0, 153, 153, 153
L -96, -532, 0, -57, -521, 0, 153, 153, 153
L -57, -521, 0, -53, -518, 0, 153, 153, 153
L -44, -543, 0, -97, -586, 0, 153, 153, 153
L -97, -586, 0, -109, -607, 0, 153, 153, 153
L -109, -607, 0, -128, -656, 0, 153, 153, 153
L -128, -656, 0, -168, -724, 0, 153, 153, 153
L -168, -724, 0, -179, -726, 0, 153, 153, 153
L -179, -726, 0, -194, -725, 0, 153, 153, 153
L -194, -725, 0, -199, -727, 0, 153, 153, 153
L -199, -727, 0, -199, -795, 0, 153, 153, 153
L -199, -795, 0, -332, -795, 0, 153, 153, 153
L -332, -795, 0, -338, -796, 0, 153, 153, 153
L -338, -796, 0, -339, -817, 0, 153, 153, 153
L -339, -817, 0, -378, -823, 0, 153, 153, 153
L -378, -823, 0, -381, -831, 0, 153, 153, 153
L -381, -831, 0, -384, -827, 0, 153, 153, 153
L -384, -827, 0, -389, -825, 0, 153, 153, 153
L -389, -825, 0, -402, -823, 0, 153, 153, 153
L -402, -823, 0, -423, -824, 0, 153, 153, 153
L -423, -824, 0, -450, -851, 0, 153, 153, 153
L -450, -851, 0, -451, -881, 0, 153, 153, 153
L -451, -881, 0, -443, -885, 0, 153, 153, 153
L -443, -885, 0, -395, -885, 0, 153, 153, 153
L -395, -885, 0, -395, -940, 0, 153, 153, 153
L -395, -940, 0, -406, -984, 0, 153, 153, 153
L -406, -984, 0, -412, -1005, 0, 153, 153, 153
L -412, -1005, 0, -397, -1014, 0, 153, 153, 153
L -397, -1014, 0, -386, -1023, 0, 153, 153, 153
L -386, -1023, 0, -362, -1035, 0, 153, 153, 153
L -362, -1035, 0, -303, -1039, 0, 153, 153, 153
L -303, -1039, 0, -297, -1043, 0, 153, 153, 153
L -297, -1043, 0, -295, -1059, 0, 153, 153, 153
L -295, -1059, 0, -292, -1068, 0, 153, 153, 153
L -292, -1068, 0, -286, -1068, 0, 153, 153, 153
L -286, -1068, 0, -283, -1091, 0, 153, 153, 153
L -283, -1091, 0, -275, -1095, 0, 153, 153, 153
L -275, -1095, 0, -256, -1095, 0, 153, 153, 153
L -256, -1095, 0, -255, -1117, 0, 153, 153, 153
L -255, -1117, 0, -264, -1116, 0, 153, 153, 153
L -264, -1116, 0, -275, -1116, 0, 153, 153, 153
L -275, -1116, 0, -282, -1117, 0, 153, 153, 153
L -282, -1117, 0, -283, -1144, 0, 153, 153, 153
L -283, -1144, 0, -309, -1144, 0, 153, 153, 153
L -309, -1144, 0, -313, -1151, 0, 153, 153, 153
L -313, -1151, 0, -311, -1175, 0, 153, 153, 153
L -311, -1175, 0, -261, -1179, 0, 153, 153, 153
L -261, -1179, 0, -199, -1179, 0, 153, 153, 153
L -199, -1179, 0, -199, -1260, 0, 153, 153, 153
L -199, -1260, 0, -165, -1263, 0, 153, 153, 153
L -165, -1263, 0, -143, -1315, 0, 153, 153, 153
L -143, -1315, 0, -115, -1320, 0, 153, 153, 153
L -115, -1320, 0, -110, -1323, 0, 153, 153, 153
L -110, -1323, 0, -101, -1351, 0, 153, 153, 153
L -101, -1351, 0, -101, -1357, 0, 153, 153, 153
L -95, -1362, 0, -92, -1345, 0, 0, 0, 255
L -92, -1345, 0, -92, -1341, 0, 0, 0, 255
L -92, -1341, 0, -91, -1327, 0, 0, 0, 255
L -91, -1327, 0, -94, -1317, 0, 0, 0, 255
L -94, -1317, 0, -101, -1285, 0, 0, 0, 255
L -101, -1285, 0, -121, -1240, 0, 0, 0, 255
L -121, -1240, 0, -137, -1213, 0, 0, 0, 255
L -137, -1213, 0, -157, -1189, 0, 0, 0, 255
L -157, -1189, 0, -175, -1160, 0, 0, 0, 255
L -175, -1160, 0, -191, -1139, 0, 0, 0, 255
L -191, -1139, 0, -191, -1128, 0, 0, 0, 255
L -191, -1128, 0, -213, -1094, 0, 0, 0, 255
L -213, -1094, 0, -239, -1041, 0, 0, 0, 255
L -239, -1041, 0, -239, -1010, 0, 0, 0, 255
L -239, -1010, 0, -238, -988, 0, 0, 0, 255
L -238, -988, 0, -229, -973, 0, 0, 0, 255
L -229, -973, 0, -229, -944, 0, 0, 0, 255
L -229, -944, 0, -233, -929, 0, 0, 0, 255
L -233, -929, 0, -235, -894, 0, 0, 0, 255
L -235, -894, 0, -223, -872, 0, 0, 0, 255
L -223, -872, 0, -221, -852, 0, 0, 0, 255
L -221, -852, 0, -207, -830, 0, 0, 0, 255
L -207, -830, 0, -193, -813, 0, 0, 0, 255
L -193, -813, 0, -170, -801, 0, 0, 0, 255
L -170, -801, 0, -161, -792, 0, 0, 0, 255
L -161, -792, 0, -158, -761, 0, 0, 0, 255
L -158, -761, 0, -161, -758, 0, 0, 0, 255
L -161, -758, 0, -169, -735, 0, 0, 0, 255
L -169, -735, 0, -175, -737, 0, 0, 0, 255
L -175, -737, 0, -179, -736, 0, 0, 0, 255
L -179, -736, 0, -169, -731, 0, 0, 0, 255
L -169, -731, 0, -146, -698, 0, 0, 0, 255
L -146, -698, 0, -133, -676, 0, 0, 0, 255
L -133, -676, 0, -129, -675, 0, 0, 0, 255
L -129, -675, 0, -129, -763, 0, 0, 0, 255
L -129, -763, 0, -115, -775, 0, 0, 0, 255
L -115, -775, 0, -109, -760, 0, 0, 0, 255
L -109, -760, 0, -109, -676, 0, 0, 0, 255
L -109, -676, 0, -95, -625, 0, 0, 0, 255
L -95, -625, 0, -95, -591, 0, 0, 0, 255
L -95, -591, 0, -49, -555, 0, 0, 0, 255
L -49, -555, 0, -45, -557, 0, 0, 0, 255
L -45, -557, 0, -36, -587, 0, 0, 0, 255
L -36, -587, 0, -19, -639, 0, 0, 0, 255
L -19, -639, 0, -17, -678, 0, 0, 0, 255
L -17, -678, 0, -17, -711, 0, 0, 0, 255
L -17, -711, 0, -21, -716, 0, 0, 0, 255
L -21, -716, 0, -40, -735, 0, 0, 0, 255
L -40, -735, 0, -53, -758, 0, 0, 0, 255
L -53, -758, 0, -75, -773, 0, 0, 0, 255
L -75, -773, 0, -101, -781, 0, 0, 0, 255
L -101, -781, 0, -108, -781, 0, 0, 0, 255
L -108, -781, 0, -126, -779, 0, 0, 0, 255
L -126, -779, 0, -145, -790, 0, 0, 0, 255
L -145, -790, 0, -156, -795, 0, 0, 0, 255
L -156, -795, 0, -180, -820, 0, 0, 0, 255
L -180, -820, 0, -197, -861, 0, 0, 0, 255
L -197, -861, 0, -205, -896, 0, 0, 0, 255
L -205, -896, 0, -209, -911, 0, 0, 0, 255
L -209, -911, 0, -203, -943, 0, 0, 0, 255
L -203, -943, 0, -203, -1002, 0, 0, 0, 255
L -203, -1002, 0, -206, -1023, 0, 0, 0, 255
L -206, -1023, 0, -206, -1029, 0, 0, 0, 255
L -206, -1029, 0, -197, -1062, 0, 0, 0, 255
L -197, -1062, 0, -192, -1075, 0, 0, 0, 255
L -192, -1075, 0, -134, -1169, 0, 0, 0, 255
L -134, -1169, 0, -100, -1227, 0, 0, 0, 255
L -100, -1227, 0, -80, -1256, 0, 0, 0, 255
L -80, -1256, 0, -70, -1307, 0, 0, 0, 255
L -70, -1307, 0, -73, -1323, 0, 0, 0, 255
L -73, -1323, 0, -87, -1353, 0, 0, 0, 255
L -87, -1353, 0, -87, -1444, 0, 0, 0, 255
L -87, -1444, 0, -95, -1448, 0, 0, 0, 255
L -95, -1448, 0, -119, -1470, 0, 0, 0, 255
L -119, -1470, 0, -93, -1490, 0, 0, 0, 255
L -93, -1490, 0, -78, -1490, 0, 0, 0, 255
L -78, -1490, 0, -69, -1489, 0, 0, 0, 255
L -69, -1489, 0, -28, -1488, 0, 0, 0, 255
L -28, -1488, 0, 0, -1488, 0, 0, 0, 255
L 0, -1488, 0, 16, -1492, 0, 0, 0, 255
L 16, -1492, 0, 25, -1496, 0, 0, 0, 255
L 19, -1513, 0, 19, -1514, 0, 0, 0, 255
L 19, -1514, 0, 2, -1499, 0, 0, 0, 255
L 2, -1499, 0, -30, -1498, 0, 0, 0, 255
L -30, -1498, 0, -56, -1500, 0, 0, 0, 255
L -56, -1500, 0, -74, -1503, 0, 0, 0, 255
L -74, -1503, 0, -93, -1503, 0, 0, 0, 255
L -93, -1503, 0, -99, -1501, 0, 0, 0, 255
L -99, -1501, 0, -129, -1478, 0, 0, 0, 255
L -129, -1478, 0, -135, -1466, 0, 0, 0, 255
L -135, -1466, 0, -137, -1455, 0, 0, 0, 255
L -137, -1455, 0, -143, -1448, 0, 0, 0, 255
L -143, -1448, 0, -162, -1440, 0, 0, 0, 255
L -162, -1440, 0, -185, -1420, 0, 0, 0, 255
L -185, -1420, 0, -193, -1391, 0, 0, 0, 255
L -193, -1391, 0, -193, -1365, 0, 0, 0, 255
L -193, -1365, 0, -188, -1362, 0, 0, 0, 255
L -188, -1362, 0, -152, -1353, 0, 0, 0, 255
L -152, -1353, 0, -119, -1356, 0, 0, 0, 255
L -119, -1356, 0, -95, -1362, 0, 0, 0, 255
L -122, -790, 0, -123, -759, 0, 153, 153, 153
L -123, -759, 0, -124, -660, 0, 153, 153, 153
L -98, -595, 0, -99, -625, 0, 153, 153, 153
L -99, -625, 0, -110, -665, 0, 153, 153, 153
L -110, -665, 0, -113, -763, 0, 153, 153, 153
L -113, -763, 0, -114, -781, 0, 153, 153, 153
L -81, -1469, 0, -90, -1464, 0, 153, 153, 153
L -90, -1464, 0, -96, -1450, 0, 153, 153, 153
L 80, -1533, 0, 74, -1520, 0, 0, 0, 255
L 74, -1520, 0, 55, -1512, 0, 0, 0, 255
L 55, -1512, 0, 36, -1503, 0, 0, 0, 255
L 36, -1503, 0, 26, -1497, 0, 0, 0, 255
L 20, -1514, 0, 41, -1523, 0, 0, 0, 255
L 41, -1523, 0, 62, -1536, 0, 0, 0, 255
L 62, -1536, 0, 64, -1537, 0, 0, 0, 255
L 64, -1537, 0, 67, -1539, 0, 0, 0, 255
L 36, -162, -108, 36, -162, -10, 0, 0, 255
L 36, -162, -10, 46, -165, -10, 0, 0, 255
L 46, -165, -10, 53, -165, -10, 0, 0, 255
L 53, -165, -10, 57, -154, -10, 0, 0, 255
L 57, -154, -10, 67, -154, -8, 0, 0, 255
L 67, -154, -8, 70, -151, -13, 0, 0, 255
L 70, -151, -13, 97, -152, -15, 0, 0, 255
L 97, -152, -15, 107, -152, -14, 0, 0, 255
L 107, -152, -14, 113, -167, -14, 0, 0, 255
L 113, -167, -14, 119, -177, -14, 0, 0, 255
L 119, -177, -14, 119, -188, -14, 0, 0, 255
L 119, -188, -14, 131, -205, -15, 0, 0, 255
L 131, -205, -15, 139, -216, -15, 0, 0, 255
L 139, -216, -15, 152, -207, -16, 0, 0, 255
L 152, -207, -16, 161, -193, -16, 0, 0, 255
L 161, -193, -16, 161, -169, -16, 0, 0, 255
L 161, -169, -16, 169, -156, -14, 0, 0, 255
L 169, -156, -14, 177, -149, -14, 0, 0, 255
L 177, -149, -14, 177, -143, -14, 0, 0, 255
L 177, -143, -14, 170, -137, -14, 0, 0, 255
L 170, -137, -14, 173, -132, -14, 0, 0, 255
L 173, -132, -14, 162, -122, -16, 0, 0, 255
L 162, -122, -16, 154, -120, -16, 0, 0, 255
L 154, -120, -16, 147, -119, -16, 0, 0, 255
L 147, -119, -16, 145, -110, -14, 0, 0, 255
L 145, -110, -14, 155, -108, -14, 0, 0, 255
L 155, -108, -14, 167, -110, -14, 0, 0, 255
L 167, -110, -14, 180, -110, -14, 0, 0, 255
L 180, -110, -14, 189, -116, -14, 0, 0, 255
L 189, -116, -14, 196, -124, -14, 0, 0, 255
L 196, -124, -14, 211, -140, -14, 0, 0, 255
L 211, -140, -14, 210, -145, -14, 0, 0, 255
L 210, -145, -14, 196, -155, -16, 0, 0, 255
L 196, -155, -16, 196, -205, -16, 0, 0, 255
L 196, -205, -16, 204, -218, -15, 0, 0, 255
L 204, -218, -15, 210, -236, -15, 0, 0, 255
L 210, -236, -15, 235, -236, -15, 0, 0, 255
L 235, -236, -15, 235, -225, -15, 0, 0, 255
L 235, -225, -15, 220, -209, -15, 0, 0, 255
L 220, -209, -15, 221, -197, -15, 0, 0, 255
L 221, -197, -15, 208, -195, -15, 0, 0, 255
L 208, -195, -15, 207, -182, -15, 0, 0, 255
L 207, -182, -15, 236, -153, -15, 0, 0, 255
L 236, -153, -15, 264, -166, -15, 0, 0, 255
L 264, -166, -15, 269, -157, -16, 0, 0, 255
L 269, -157, -16, 269, -146, -16, 0, 0, 255
L 269, -146, -16, 263, -140, -14, 0, 0, 255
L 263, -140, -14, 263, -127, -14, 0, 0, 255
L 263, -127, -14, 249, -112, -15, 0, 0, 255
L 249, -112, -15, 264, -101, -17, 0, 0, 255
L 264, -101, -17, 286, -100, -15, 0, 0, 255
L 286, -100, -15, 292, -97, -15, 0, 0, 255
L 292, -97, -15, 305, -84, -12, 0, 0, 255
L 305, -84, -12, 307, -72, -10, 0, 0, 255
L 307, -72, -10, 292, -57, -15, 0, 0, 255
L 292, -57, -15, 286, -49, -16, 0, 0, 255
L 286, -49, -16, 279, -44, -16, 0, 0, 255
L 279, -44, -16, 272, -45, -16, 0, 0, 255
L 272, -45, -16, 266, -56, -16, 0, 0, 255
L 266, -56, -16, 266, -84, -19, 0, 0, 255
L 266, -84, -19, 247, -86, -17, 0, 0, 255
L 247, -86, -17, 239, -89, -17, 0, 0, 255
L 239, -89, -17, 239, -131, -14, 0, 0, 255
L 239, -131, -14, 224, -141, -15, 0, 0, 255
L 224, -141, -15, 225, -118, -14, 0, 0, 255
L 225, -118, -14, 222, -114, -14, 0, 0, 255
L 222, -114, -14, 209, -114, -14, 0, 0, 255
L 209, -114, -14, 194, -99, -14, 0, 0, 255
L 194, -99, -14, 189, -87, -10, 0, 0, 255
L 189, -87, -10, 183, -84, -10, 0, 0, 255
L 183, -84, -10, 156, -84, -10, 0, 0, 255
L 156, -84, -10, 147, -85, -10, 0, 0, 255
L 147, -85, -10, 139, -89, -10, 0, 0, 255
L 139, -89, -10, 135, -94, -10, 0, 0, 255
L 135, -94, -10, 135, -104, -14, 0, 0, 255
L 135, -104, -14, 127, -109, -16, 0, 0, 255
L 127, -109, -16, 127, -115, -16, 0, 0, 255
L 127, -115, -16, 132, -123, -16, 0, 0, 255
L 132, -123, -16, 140, -128, -16, 0, 0, 255
L 140, -128, -16, 151, -128, -16, 0, 0, 255
L 151, -128, -16, 147, -136, -14, 0, 0, 255
L 147, -136, -14, 148, -141, -14, 0, 0, 255
L 148, -141, -14, 148, -149, -14, 0, 0, 255
L 148, -149, -14, 141, -150, -14, 0, 0, 255
L 141, -150, -14, 139, -169, -15, 0, 0, 255
L 139, -169, -15, 129, -166, -14, 0, 0, 255
L 129, -166, -14, 116, -137, -14, 0, 0, 255
L 116, -137, -14, 111, -134, -14, 0, 0, 255
L 111, -134, -14, 106, -137, -14, 0, 0, 255
L 106, -137, -14, 100, -138, -15, 0, 0, 255
L 100, -138, -15, 98, -141, -15, 0, 0, 255
L 98, -141, -15, 83, -142, -15, 0, 0, 255
L 83, -142, -15, 71, -143, -13, 0, 0, 255
L 71, -143, -13, 67, -138, -11, 0, 0, 255
L 67, -138, -11, 50, -134, -10, 0, 0, 255
L 50, -134, -10, 37, -146, -10, 0, 0, 255
L 37, -146, -10, 36, -163, -10, 0, 0, 255
L 59, -132, -103, 59, -132, -10, 255, 255, 255
L 59, -132, -10, 62, -153, -8, 255, 255, 255
L 66, -154, -86, 66, -154, -8, 255, 255, 255
L 66, -154, -8, 65, -134, -9, 255, 255, 255
L 193, -97, -148, 193, -97, -14, 153, 153, 153
L 193, -97, -14, 191, -61, -3, 153, 153, 153
L 191, -61, -3, 188, -57, -9, 153, 153, 153
L 188, -57, -9, 180, -53, -11, 153, 153, 153
L 180, -53, -11, 186, -32, -9, 153, 153, 153
L 186, -32, -9, 195, -22, -10, 153, 153, 153
L 195, -22, -10, 200, -11, -10, 153, 153, 153
L 200, -11, -10, 216, -21, -10, 153, 153, 153
L 216, -21, -10, 222, -31, -10, 153, 153, 153
L 222, -31, -10, 236, -36, -9, 153, 153, 153
L 236, -36, -9, 246, -32, -11, 153, 153, 153
L 246, -32, -11, 256, -17, -12, 153, 153, 153
L 256, -17, -12, 257, 11, -12, 153, 153, 153
L 257, 11, -12, 277, 28, -12, 153, 153, 153
L 277, 28, -12, 280, 13, -10, 153, 153, 153
L 280, 13, -10, 290, 0, -10, 153, 153, 153
L 290, 0, -10, 307, -8, -10, 153, 153, 153
L 307, -8, -10, 323, 0, -9, 153, 153, 153
L 323, 0, -9, 329, -20, -10, 153, 153, 153
L 329, -20, -10, 323, -28, -9, 153, 153, 153
L 323, -28, -9, 322, -56, -10, 153, 153, 153
L 322, -56, -10, 313, -61, -10, 153, 153, 153
L 313, -61, -10, 307, -71, -10, 153, 153, 153
L 307, -71, -10, 306, -83, -11, 153, 153, 153
P -254.9820, -740.7820, -13.9990,  240, 240, 240,  3,  Ladder_to_lower_level
P 185.8620, -1186.4160, -83.9680,  0, 240, 0,  3,  Lower_Guk
P 75.1520, -1534.4821, -101.6830,  0, 240, 0,  3,  Lower_Guk
P -370.6620, -1625.8910, -99.2720,  0, 240, 0,  3,  Lower_Guk
P 42.0440, -743.9860, -153.9360,  0, 0, 0,  2,  Tempus
P -27.0010, -906.7270, -98.4470,  0, 240, 240,  2,  Ladder_up
P -608.1670, -1123.3470, -88.3130,  0, 240, 0,  3,  Lower_Guk
P -7.0000, 36.0000, 0.0000,  255, 255, 255,  2,  Succor_Point
P -220.0000, -447.0000, 0.0000,  255, 255, 255,  2,  Barricaded_Door_(LDoN)
P -220.0000, -447.0000, -13.0000,  240, 0, 0,  3,  Barricaded_Door_(LDoN)
