L -130, 45, 51,  -130, 45, 51,  153, 153, 153
L -130, 45, 51,  -130, 45, 51,  153, 153, 153
L -130, 45, 51,  133, 47, 51,  153, 153, 153
L 133, 47, 51,  139, 66, 51,  153, 153, 153
L 139, 66, 51,  155, 92, 51,  153, 153, 153
L 155, 92, 51,  183, 113, 51,  153, 153, 153
L 183, 113, 51,  211, 128, 51,  153, 153, 153
L 211, 128, 51,  211, 128, 51,  153, 153, 153
L 211, 128, 51,  211, 627, 51,  153, 153, 153
L 211, 627, 51,  236, 629, 31,  153, 153, 153
L 236, 629, 31,  235, 690, 31,  153, 153, 153
L 235, 690, 31,  209, 691, 49,  153, 153, 153
L 209, 691, 49,  208, 919, 31,  153, 153, 153
L 208, 919, 31,  202, 921, 31,  153, 153, 153
L 202, 921, 31,  180, 930, 31,  153, 153, 153
L 180, 930, 31,  172, 934, 31,  153, 153, 153
L 172, 934, 31,  155, 948, 31,  153, 153, 153
L 155, 948, 31,  153, 952, 31,  153, 153, 153
L 153, 952, 31,  136, 981, 31,  153, 153, 153
L 136, 981, 31,  130, 998, 48,  153, 153, 153
L 130, 998, 48,  -80, 999, 48,  153, 153, 153
L -80, 999, 48,  -80, 1099, 49,  153, 153, 153
L -80, 1099, 49,  129, 1099, 49,  153, 153, 153
L 129, 1099, 49,  132, 1106, 46,  153, 153, 153
L 132, 1106, 46,  134, 1113, 31,  153, 153, 153
L 134, 1113, 31,  146, 1137, 31,  153, 153, 153
L 146, 1137, 31,  168, 1160, 31,  153, 153, 153
L 168, 1160, 31,  209, 1180, 49,  153, 153, 153
L 209, 1180, 49,  209, 1181, 49,  153, 153, 153
L 209, 1181, 49,  208, 1359, 47,  153, 153, 153
L 208, 1359, 47,  207, 1360, 45,  153, 153, 153
L 207, 1360, 45,  189, 1369, 31,  153, 153, 153
L 189, 1369, 31,  156, 1387, 31,  153, 153, 153
L 156, 1387, 31,  138, 1402, 31,  153, 153, 153
L 138, 1402, 31,  122, 1421, 31,  153, 153, 153
L 122, 1421, 31,  106, 1451, 31,  153, 153, 153
L 106, 1451, 31,  96, 1473, 31,  153, 153, 153
L 96, 1473, 31,  92, 1501, 49,  153, 153, 153
L 92, 1501, 49,  92, 1524, 49,  153, 153, 153
L 92, 1524, 49,  234, 1524, 200,  153, 153, 153
L 234, 1524, 200,  234, 1562, 203,  153, 153, 153
L 234, 1562, 203,  11, 1562, 171,  153, 153, 153
L 11, 1562, 171,  11, 1748, 171,  153, 153, 153
L 11, 1748, 171,  90, 1749, 171,  153, 153, 153
L 90, 1749, 171,  89, 1822, 71,  153, 153, 153
L 89, 1822, 71,  20, 1822, 71,  153, 153, 153
L 20, 1822, 71,  11, 1966, 91,  153, 153, 153
L 11, 1966, 91,  507, 1966, 91,  153, 153, 153
L 507, 1966, 91,  507, 1822, 71,  153, 153, 153
L 507, 1822, 71,  428, 1821, 71,  153, 153, 153
L 428, 1821, 71,  428, 1749, 171,  153, 153, 153
L 428, 1749, 171,  507, 1748, 171,  153, 153, 153
L 507, 1748, 171,  507, 1562, 171,  153, 153, 153
L 507, 1562, 171,  296, 1562, 203,  153, 153, 153
L 296, 1562, 203,  297, 1524, 200,  153, 153, 153
L 297, 1524, 200,  426, 1524, 51,  153, 153, 153
L 426, 1524, 51,  426, 1490, 49,  153, 153, 153
L 426, 1490, 49,  420, 1467, 31,  153, 153, 153
L 420, 1467, 31,  398, 1426, 31,  153, 153, 153
L 398, 1426, 31,  381, 1403, 31,  153, 153, 153
L 381, 1403, 31,  359, 1384, 31,  153, 153, 153
L 359, 1384, 31,  332, 1370, 31,  153, 153, 153
L 332, 1370, 31,  309, 1357, 49,  153, 153, 153
L 309, 1357, 49,  310, 1130, 31,  153, 153, 153
L 310, 1130, 31,  427, 1129, 49,  153, 153, 153
L 427, 1129, 49,  427, 1122, 81,  153, 153, 153
L 427, 1122, 81,  382, 1121, 83,  153, 153, 153
L 382, 1121, 83,  383, 1103, 61,  153, 153, 153
L 383, 1103, 61,  428, 1105, 300,  153, 153, 153
L 428, 1105, 300,  549, 1104, 298,  153, 153, 153
L 549, 1104, 298,  549, 994, 298,  153, 153, 153
L 549, 994, 298,  427, 992, 299,  153, 153, 153
L 427, 992, 299,  427, 975, 298,  153, 153, 153
L 427, 975, 298,  427, 969, 49,  153, 153, 153
L 427, 969, 49,  310, 968, 46,  153, 153, 153
L 310, 968, 46,  309, 691, 49,  153, 153, 153
L 309, 691, 49,  283, 690, 31,  153, 153, 153
L 283, 690, 31,  284, 627, 31,  153, 153, 153
L 284, 627, 31,  307, 627, 51,  153, 153, 153
L 307, 627, 51,  307, 126, 51,  153, 153, 153
L 307, 126, 51,  311, 123, 51,  153, 153, 153
L 311, 123, 51,  322, 119, 51,  153, 153, 153
L 322, 119, 51,  336, 113, 51,  153, 153, 153
L 336, 113, 51,  341, 110, 51,  153, 153, 153
L 341, 110, 51,  364, 91, 51,  153, 153, 153
L 364, 91, 51,  376, 72, 51,  153, 153, 153
L 376, 72, 51,  383, 54, 51,  153, 153, 153
L 383, 54, 51,  386, 46, 51,  153, 153, 153
L 386, 46, 51,  394, 45, 51,  153, 153, 153
L 394, 45, 51,  707, 45, 51,  153, 153, 153
L 707, 45, 51,  708, 21, 31,  153, 153, 153
L 708, 21, 31,  770, 21, 31,  153, 153, 153
L 770, 21, 31,  771, 46, 51,  153, 153, 153
L 771, 46, 51,  888, 48, 31,  153, 153, 153
L 888, 48, 31,  892, 59, 31,  153, 153, 153
L 892, 59, 31,  892, 59, 31,  153, 153, 153
L 892, 59, 31,  902, 82, 31,  153, 153, 153
L 902, 82, 31,  902, 82, 31,  153, 153, 153
L 902, 82, 31,  918, 101, 31,  153, 153, 153
L 918, 101, 31,  926, 107, 31,  153, 153, 153
L 926, 107, 31,  940, 116, 31,  153, 153, 153
L 940, 116, 31,  940, 116, 31,  153, 153, 153
L 940, 116, 31,  967, 126, 49,  153, 153, 153
L 967, 126, 49,  968, 135, 49,  153, 153, 153
L 968, 135, 49,  968, 151, 49,  153, 153, 153
L 968, 151, 49,  968, 178, 49,  153, 153, 153
L 968, 178, 49,  968, 207, 49,  153, 153, 153
L 968, 207, 49,  968, 627, 49,  153, 153, 153
L 968, 627, 49,  994, 628, 31,  153, 153, 153
L 994, 628, 31,  994, 690, 31,  153, 153, 153
L 994, 690, 31,  968, 691, 51,  153, 153, 153
L 968, 691, 51,  968, 929, 49,  153, 153, 153
L 968, 929, 49,  968, 1096, 49,  153, 153, 153
L 968, 1096, 49,  968, 1103, 48,  153, 153, 153
L 968, 1103, 48,  968, 1103, 48,  153, 153, 153
L 968, 1103, 48,  974, 1122, 31,  153, 153, 153
L 974, 1122, 31,  982, 1139, 31,  153, 153, 153
L 982, 1139, 31,  987, 1145, 31,  153, 153, 153
L 987, 1145, 31,  1009, 1166, 31,  153, 153, 153
L 1009, 1166, 31,  1032, 1176, 31,  153, 153, 153
L 1032, 1176, 31,  1032, 1176, 31,  153, 153, 153
L 1032, 1176, 31,  1229, 1181, 47,  153, 153, 153
L 1229, 1181, 47,  1237, 1202, 31,  153, 153, 153
L 1237, 1202, 31,  1254, 1229, 31,  153, 153, 153
L 1254, 1229, 31,  1276, 1246, 31,  153, 153, 153
L 1276, 1246, 31,  1293, 1254, 31,  153, 153, 153
L 1293, 1254, 31,  1309, 1260, 49,  153, 153, 153
L 1309, 1260, 49,  1309, 1328, 49,  153, 153, 153
L 1309, 1328, 49,  1315, 1329, 31,  153, 153, 153
L 1315, 1329, 31,  1316, 1348, 31,  153, 153, 153
L 1316, 1348, 31,  1335, 1349, 31,  153, 153, 153
L 1335, 1349, 31,  1334, 1392, 31,  153, 153, 153
L 1334, 1392, 31,  1324, 1392, 51,  153, 153, 153
L 1324, 1392, 51,  1323, 1399, 55,  153, 153, 153
L 1323, 1399, 55,  1316, 1400, 53,  153, 153, 153
L 1316, 1400, 53,  1316, 1490, 50,  153, 153, 153
L 1316, 1490, 50,  1323, 1491, 55,  153, 153, 153
L 1323, 1491, 55,  1324, 1498, 50,  153, 153, 153
L 1324, 1498, 50,  1335, 1499, 31,  153, 153, 153
L 1335, 1499, 31,  1335, 1550, 31,  153, 153, 153
L 1335, 1550, 31,  1322, 1551, 31,  153, 153, 153
L 1322, 1551, 31,  1315, 1570, 31,  153, 153, 153
L 1315, 1570, 31,  1273, 1570, 31,  153, 153, 153
L 1273, 1570, 31,  1272, 1559, 49,  153, 153, 153
L 1272, 1559, 49,  1265, 1559, 55,  153, 153, 153
L 1265, 1559, 55,  1265, 1551, 53,  153, 153, 153
L 1265, 1551, 53,  1172, 1551, 50,  153, 153, 153
L 1172, 1551, 50,  1171, 1558, 55,  153, 153, 153
L 1171, 1558, 55,  1164, 1559, 50,  153, 153, 153
L 1164, 1559, 50,  1163, 1570, 31,  153, 153, 153
L 1163, 1570, 31,  1044, 1571, 31,  153, 153, 153
L 1044, 1571, 31,  1043, 1690, 31,  153, 153, 153
L 1043, 1690, 31,  1031, 1691, 50,  153, 153, 153
L 1031, 1691, 50,  1031, 1698, 54,  153, 153, 153
L 1031, 1698, 54,  1024, 1699, 49,  153, 153, 153
L 1024, 1699, 49,  1024, 1790, 50,  153, 153, 153
L 1024, 1790, 50,  1031, 1791, 55,  153, 153, 153
L 1031, 1791, 55,  1031, 1799, 52,  153, 153, 153
L 1031, 1799, 52,  1049, 1801, 31,  153, 153, 153
L 1049, 1801, 31,  1048, 1841, 31,  153, 153, 153
L 1048, 1841, 31,  979, 1841, 31,  153, 153, 153
L 979, 1841, 31,  978, 1870, 31,  153, 153, 153
L 978, 1870, 31,  973, 1871, 31,  153, 153, 153
L 973, 1871, 31,  969, 1893, 31,  153, 153, 153
L 969, 1893, 31,  978, 1908, 31,  153, 153, 153
L 978, 1908, 31,  978, 1940, 31,  153, 153, 153
L 978, 1940, 31,  969, 1941, 31,  153, 153, 153
L 969, 1941, 31,  969, 1977, 31,  153, 153, 153
L 969, 1977, 31,  978, 1978, 31,  153, 153, 153
L 978, 1978, 31,  978, 2010, 31,  153, 153, 153
L 978, 2010, 31,  969, 2011, 31,  153, 153, 153
L 969, 2011, 31,  969, 2037, 31,  153, 153, 153
L 969, 2037, 31,  978, 2048, 31,  153, 153, 153
L 978, 2048, 31,  978, 2080, 31,  153, 153, 153
L 978, 2080, 31,  969, 2081, 31,  153, 153, 153
L 969, 2081, 31,  969, 2117, 31,  153, 153, 153
L 969, 2117, 31,  978, 2118, 31,  153, 153, 153
L 978, 2118, 31,  978, 2150, 31,  153, 153, 153
L 978, 2150, 31,  969, 2151, 31,  153, 153, 153
L 969, 2151, 31,  969, 2187, 31,  153, 153, 153
L 969, 2187, 31,  978, 2188, 31,  153, 153, 153
L 978, 2188, 31,  979, 2197, 31,  153, 153, 153
L 979, 2197, 31,  1015, 2197, 31,  153, 153, 153
L 1015, 2197, 31,  1016, 2188, 31,  153, 153, 153
L 1016, 2188, 31,  1048, 2188, 31,  153, 153, 153
L 1048, 2188, 31,  1049, 2197, 31,  153, 153, 153
L 1049, 2197, 31,  1085, 2197, 31,  153, 153, 153
L 1085, 2197, 31,  1086, 2188, 31,  153, 153, 153
L 1086, 2188, 31,  1118, 2188, 31,  153, 153, 153
L 1118, 2188, 31,  1119, 2197, 31,  153, 153, 153
L 1119, 2197, 31,  1155, 2197, 31,  153, 153, 153
L 1155, 2197, 31,  1156, 2188, 31,  153, 153, 153
L 1156, 2188, 31,  1165, 2187, 31,  153, 153, 153
L 1165, 2187, 31,  1165, 2151, 31,  153, 153, 153
L 1165, 2151, 31,  1156, 2150, 31,  153, 153, 153
L 1156, 2150, 31,  1156, 2118, 31,  153, 153, 153
L 1156, 2118, 31,  1165, 2117, 31,  153, 153, 153
L 1165, 2117, 31,  1165, 2081, 31,  153, 153, 153
L 1165, 2081, 31,  1156, 2080, 31,  153, 153, 153
L 1156, 2080, 31,  1156, 2048, 31,  153, 153, 153
L 1156, 2048, 31,  1165, 2047, 31,  153, 153, 153
L 1165, 2047, 31,  1165, 2011, 31,  153, 153, 153
L 1165, 2011, 31,  1156, 2010, 31,  153, 153, 153
L 1156, 2010, 31,  1156, 1978, 31,  153, 153, 153
L 1156, 1978, 31,  1165, 1977, 31,  153, 153, 153
L 1165, 1977, 31,  1165, 1941, 31,  153, 153, 153
L 1165, 1941, 31,  1156, 1940, 31,  153, 153, 153
L 1156, 1940, 31,  1156, 1908, 31,  153, 153, 153
L 1156, 1908, 31,  1165, 1907, 31,  153, 153, 153
L 1165, 1907, 31,  1165, 1871, 31,  153, 153, 153
L 1165, 1871, 31,  1156, 1870, 31,  153, 153, 153
L 1156, 1870, 31,  1155, 1841, 31,  153, 153, 153
L 1155, 1841, 31,  1085, 1839, 31,  153, 153, 153
L 1085, 1839, 31,  1086, 1799, 31,  153, 153, 153
L 1086, 1799, 31,  1103, 1799, 52,  153, 153, 153
L 1103, 1799, 52,  1103, 1791, 55,  153, 153, 153
L 1103, 1791, 55,  1110, 1790, 49,  153, 153, 153
L 1110, 1790, 49,  1110, 1699, 54,  153, 153, 153
L 1110, 1699, 54,  1102, 1698, 55,  153, 153, 153
L 1102, 1698, 55,  1102, 1691, 50,  153, 153, 153
L 1102, 1691, 50,  1090, 1688, 31,  153, 153, 153
L 1090, 1688, 31,  1091, 1618, 31,  153, 153, 153
L 1091, 1618, 31,  1163, 1618, 31,  153, 153, 153
L 1163, 1618, 31,  1164, 1629, 50,  153, 153, 153
L 1164, 1629, 50,  1172, 1630, 54,  153, 153, 153
L 1172, 1630, 54,  1172, 1637, 50,  153, 153, 153
L 1172, 1637, 50,  1265, 1637, 51,  153, 153, 153
L 1265, 1637, 51,  1265, 1629, 55,  153, 153, 153
L 1265, 1629, 55,  1272, 1629, 49,  153, 153, 153
L 1272, 1629, 49,  1273, 1618, 31,  153, 153, 153
L 1273, 1618, 31,  1315, 1618, 31,  153, 153, 153
L 1315, 1618, 31,  1316, 1637, 31,  153, 153, 153
L 1316, 1637, 31,  1335, 1638, 31,  153, 153, 153
L 1335, 1638, 31,  1335, 1683, 31,  153, 153, 153
L 1335, 1683, 31,  1324, 1684, 50,  153, 153, 153
L 1324, 1684, 50,  1323, 1691, 55,  153, 153, 153
L 1323, 1691, 55,  1316, 1692, 49,  153, 153, 153
L 1316, 1692, 49,  1316, 1777, 53,  153, 153, 153
L 1316, 1777, 53,  1323, 1777, 55,  153, 153, 153
L 1323, 1777, 55,  1324, 1784, 49,  153, 153, 153
L 1324, 1784, 49,  1335, 1785, 31,  153, 153, 153
L 1335, 1785, 31,  1336, 1809, 31,  153, 153, 153
L 1336, 1809, 31,  1382, 1809, 31,  153, 153, 153
L 1382, 1809, 31,  1383, 1785, 31,  153, 153, 153
L 1383, 1785, 31,  1394, 1784, 49,  153, 153, 153
L 1394, 1784, 49,  1395, 1777, 55,  153, 153, 153
L 1395, 1777, 55,  1402, 1777, 51,  153, 153, 153
L 1402, 1777, 51,  1402, 1692, 54,  153, 153, 153
L 1402, 1692, 54,  1394, 1691, 55,  153, 153, 153
L 1394, 1691, 55,  1394, 1684, 50,  153, 153, 153
L 1394, 1684, 50,  1383, 1683, 31,  153, 153, 153
L 1383, 1683, 31,  1383, 1638, 31,  153, 153, 153
L 1383, 1638, 31,  1402, 1637, 31,  153, 153, 153
L 1402, 1637, 31,  1403, 1618, 31,  153, 153, 153
L 1403, 1618, 31,  1445, 1618, 31,  153, 153, 153
L 1445, 1618, 31,  1446, 1629, 50,  153, 153, 153
L 1446, 1629, 50,  1454, 1630, 53,  153, 153, 153
L 1454, 1630, 53,  1454, 1637, 53,  153, 153, 153
L 1454, 1637, 53,  1547, 1637, 51,  153, 153, 153
L 1547, 1637, 51,  1547, 1630, 55,  153, 153, 153
L 1547, 1630, 55,  1554, 1629, 49,  153, 153, 153
L 1554, 1629, 49,  1555, 1618, 31,  153, 153, 153
L 1555, 1618, 31,  1626, 1618, 31,  153, 153, 153
L 1626, 1618, 31,  1626, 1690, 31,  153, 153, 153
L 1626, 1690, 31,  1614, 1691, 51,  153, 153, 153
L 1614, 1691, 51,  1614, 1699, 54,  153, 153, 153
L 1614, 1699, 54,  1607, 1699, 49,  153, 153, 153
L 1607, 1699, 49,  1607, 1790, 49,  153, 153, 153
L 1607, 1790, 49,  1615, 1791, 50,  153, 153, 153
L 1615, 1791, 50,  1614, 1799, 53,  153, 153, 153
L 1614, 1799, 53,  1632, 1801, 31,  153, 153, 153
L 1632, 1801, 31,  1631, 1841, 31,  153, 153, 153
L 1631, 1841, 31,  1562, 1841, 31,  153, 153, 153
L 1562, 1841, 31,  1561, 1870, 31,  153, 153, 153
L 1561, 1870, 31,  1552, 1871, 31,  153, 153, 153
L 1552, 1871, 31,  1552, 1907, 31,  153, 153, 153
L 1552, 1907, 31,  1562, 1909, 31,  153, 153, 153
L 1562, 1909, 31,  1561, 1940, 31,  153, 153, 153
L 1561, 1940, 31,  1552, 1941, 31,  153, 153, 153
L 1552, 1941, 31,  1552, 1977, 31,  153, 153, 153
L 1552, 1977, 31,  1561, 1978, 31,  153, 153, 153
L 1561, 1978, 31,  1561, 2010, 31,  153, 153, 153
L 1561, 2010, 31,  1552, 2011, 31,  153, 153, 153
L 1552, 2011, 31,  1552, 2047, 31,  153, 153, 153
L 1552, 2047, 31,  1561, 2048, 31,  153, 153, 153
L 1561, 2048, 31,  1561, 2080, 31,  153, 153, 153
L 1561, 2080, 31,  1552, 2081, 31,  153, 153, 153
L 1552, 2081, 31,  1552, 2117, 31,  153, 153, 153
L 1552, 2117, 31,  1561, 2118, 31,  153, 153, 153
L 1561, 2118, 31,  1561, 2150, 31,  153, 153, 153
L 1561, 2150, 31,  1552, 2151, 31,  153, 153, 153
L 1552, 2151, 31,  1552, 2187, 31,  153, 153, 153
L 1552, 2187, 31,  1561, 2188, 31,  153, 153, 153
L 1561, 2188, 31,  1562, 2197, 31,  153, 153, 153
L 1562, 2197, 31,  1598, 2197, 31,  153, 153, 153
L 1598, 2197, 31,  1599, 2188, 31,  153, 153, 153
L 1599, 2188, 31,  1631, 2188, 31,  153, 153, 153
L 1631, 2188, 31,  1632, 2197, 31,  153, 153, 153
L 1632, 2197, 31,  1668, 2197, 31,  153, 153, 153
L 1668, 2197, 31,  1669, 2188, 31,  153, 153, 153
L 1669, 2188, 31,  1702, 2189, 31,  153, 153, 153
L 1702, 2189, 31,  1702, 2197, 31,  153, 153, 153
L 1702, 2197, 31,  1738, 2197, 31,  153, 153, 153
L 1738, 2197, 31,  1739, 2188, 31,  153, 153, 153
L 1739, 2188, 31,  1748, 2187, 31,  153, 153, 153
L 1748, 2187, 31,  1748, 2151, 31,  153, 153, 153
L 1748, 2151, 31,  1739, 2150, 31,  153, 153, 153
L 1739, 2150, 31,  1739, 2118, 31,  153, 153, 153
L 1739, 2118, 31,  1748, 2117, 31,  153, 153, 153
L 1748, 2117, 31,  1748, 2081, 31,  153, 153, 153
L 1748, 2081, 31,  1739, 2080, 31,  153, 153, 153
L 1739, 2080, 31,  1739, 2048, 31,  153, 153, 153
L 1739, 2048, 31,  1748, 2047, 31,  153, 153, 153
L 1748, 2047, 31,  1748, 2011, 31,  153, 153, 153
L 1748, 2011, 31,  1739, 2010, 31,  153, 153, 153
L 1739, 2010, 31,  1739, 1978, 31,  153, 153, 153
L 1739, 1978, 31,  1748, 1977, 31,  153, 153, 153
L 1748, 1977, 31,  1748, 1941, 31,  153, 153, 153
L 1748, 1941, 31,  1739, 1940, 31,  153, 153, 153
L 1739, 1940, 31,  1739, 1908, 31,  153, 153, 153
L 1739, 1908, 31,  1748, 1907, 31,  153, 153, 153
L 1748, 1907, 31,  1748, 1871, 31,  153, 153, 153
L 1748, 1871, 31,  1748, 1871, 31,  153, 153, 153
L 1748, 1871, 31,  1739, 1870, 31,  153, 153, 153
L 1739, 1870, 31,  1738, 1841, 31,  153, 153, 153
L 1738, 1841, 31,  1668, 1839, 31,  153, 153, 153
L 1668, 1839, 31,  1669, 1799, 31,  153, 153, 153
L 1669, 1799, 31,  1693, 1799, 47,  153, 153, 153
L 1693, 1799, 47,  1693, 1699, 52,  153, 153, 153
L 1693, 1699, 52,  1685, 1698, 53,  153, 153, 153
L 1685, 1698, 53,  1685, 1691, 50,  153, 153, 153
L 1685, 1691, 50,  1674, 1690, 31,  153, 153, 153
L 1674, 1690, 31,  1673, 1571, 31,  153, 153, 153
L 1673, 1571, 31,  1555, 1570, 31,  153, 153, 153
L 1555, 1570, 31,  1554, 1559, 52,  153, 153, 153
L 1554, 1559, 52,  1546, 1558, 55,  153, 153, 153
L 1546, 1558, 55,  1546, 1551, 53,  153, 153, 153
L 1546, 1551, 53,  1453, 1551, 50,  153, 153, 153
L 1453, 1551, 50,  1453, 1559, 51,  153, 153, 153
L 1453, 1559, 51,  1446, 1559, 49,  153, 153, 153
L 1446, 1559, 49,  1445, 1570, 31,  153, 153, 153
L 1445, 1570, 31,  1403, 1570, 31,  153, 153, 153
L 1403, 1570, 31,  1402, 1551, 31,  153, 153, 153
L 1402, 1551, 31,  1383, 1550, 31,  153, 153, 153
L 1383, 1550, 31,  1383, 1499, 31,  153, 153, 153
L 1383, 1499, 31,  1394, 1498, 52,  153, 153, 153
L 1394, 1498, 52,  1395, 1491, 55,  153, 153, 153
L 1395, 1491, 55,  1402, 1490, 51,  153, 153, 153
L 1402, 1490, 51,  1402, 1400, 51,  153, 153, 153
L 1402, 1400, 51,  1395, 1399, 55,  153, 153, 153
L 1395, 1399, 55,  1394, 1392, 50,  153, 153, 153
L 1394, 1392, 50,  1383, 1391, 31,  153, 153, 153
L 1383, 1391, 31,  1383, 1349, 31,  153, 153, 153
L 1383, 1349, 31,  1402, 1348, 31,  153, 153, 153
L 1402, 1348, 31,  1403, 1329, 31,  153, 153, 153
L 1403, 1329, 31,  1409, 1328, 51,  153, 153, 153
L 1409, 1328, 51,  1409, 1260, 49,  153, 153, 153
L 1409, 1260, 49,  1424, 1254, 31,  153, 153, 153
L 1424, 1254, 31,  1445, 1245, 31,  153, 153, 153
L 1445, 1245, 31,  1445, 1245, 31,  153, 153, 153
L 1445, 1245, 31,  1445, 1245, 31,  153, 153, 153
L 1445, 1245, 31,  1464, 1229, 31,  153, 153, 153
L 1464, 1229, 31,  1476, 1213, 31,  153, 153, 153
L 1476, 1213, 31,  1479, 1207, 31,  153, 153, 153
L 1479, 1207, 31,  1489, 1181, 31,  153, 153, 153
L 1489, 1181, 31,  1553, 1180, 49,  153, 153, 153
L 1553, 1180, 49,  1872, 1180, 49,  153, 153, 153
L 1872, 1180, 49,  1873, 1154, 31,  153, 153, 153
L 1873, 1154, 31,  1935, 1154, 31,  153, 153, 153
L 1935, 1154, 31,  1936, 1180, 51,  153, 153, 153
L 1936, 1180, 51,  2038, 1182, 50,  153, 153, 153
L 2038, 1182, 50,  2043, 1193, 31,  153, 153, 153
L 2043, 1193, 31,  2052, 1211, 31,  153, 153, 153
L 2052, 1211, 31,  2061, 1229, 31,  153, 153, 153
L 2061, 1229, 31,  2075, 1245, 31,  153, 153, 153
L 2075, 1245, 31,  2075, 1245, 31,  153, 153, 153
L 2075, 1245, 31,  2104, 1270, 31,  153, 153, 153
L 2104, 1270, 31,  2118, 1278, 31,  153, 153, 153
L 2118, 1278, 31,  2118, 1278, 31,  153, 153, 153
L 2118, 1278, 31,  2156, 1294, 31,  153, 153, 153
L 2156, 1294, 31,  2168, 1297, 49,  153, 153, 153
L 2168, 1297, 49,  2202, 1297, 49,  153, 153, 153
L 2202, 1297, 49,  2202, 1297, 49,  153, 153, 153
L 2202, 1297, 49,  2202, 1294, 51,  153, 153, 153
L 2202, 1294, 51,  2203, 1146, 151,  153, 153, 153
L 2203, 1146, 151,  2240, 1146, 151,  153, 153, 153
L 2240, 1146, 151,  2240, 1378, 171,  153, 153, 153
L 2240, 1378, 171,  2426, 1378, 171,  153, 153, 153
L 2426, 1378, 171,  2427, 1299, 171,  153, 153, 153
L 2427, 1299, 171,  2499, 1299, 71,  153, 153, 153
L 2499, 1299, 71,  2500, 1378, 71,  153, 153, 153
L 2500, 1378, 71,  2644, 1378, 91,  153, 153, 153
L 2644, 1378, 91,  2644, 1164, 116,  153, 153, 153
L 2644, 1164, 116,  2644, 1151, 99,  153, 153, 153
L 2644, 1151, 99,  2673, 1151, 71,  153, 153, 153
L 2673, 1151, 71,  2883, 1151, -1158,  153, 153, 153
L 2883, 1151, -1158,  2912, 1151, -1146,  153, 153, 153
L 2912, 1151, -1146,  2912, 1378, -1148,  153, 153, 153
L 2912, 1378, -1148,  3098, 1378, -1148,  153, 153, 153
L 3098, 1378, -1148,  3099, 1299, -1148,  153, 153, 153
L 3099, 1299, -1148,  3148, 1298, -1137,  153, 153, 153
L 3148, 1298, -1137,  3145, 1327, -1158,  153, 153, 153
L 3145, 1327, -1158,  3142, 1327, -1158,  153, 153, 153
L 3142, 1327, -1158,  3142, 1528, -1158,  153, 153, 153
L 3142, 1528, -1158,  3149, 1528, -1158,  153, 153, 153
L 3149, 1528, -1158,  3149, 1557, -1158,  153, 153, 153
L 3149, 1557, -1158,  3099, 1556, -1148,  153, 153, 153
L 3099, 1556, -1148,  3098, 1477, -1148,  153, 153, 153
L 3098, 1477, -1148,  2912, 1477, -1148,  153, 153, 153
L 2912, 1477, -1148,  2912, 1691, -1124,  153, 153, 153
L 2912, 1691, -1124,  2912, 1704, -1147,  153, 153, 153
L 2912, 1704, -1147,  2883, 1704, -1158,  153, 153, 153
L 2883, 1704, -1158,  2883, 1698, -1158,  153, 153, 153
L 2883, 1698, -1158,  2682, 1698, -1158,  153, 153, 153
L 2682, 1698, -1158,  2682, 1704, -1158,  153, 153, 153
L 2682, 1704, -1158,  2653, 1705, -1150,  153, 153, 153
L 2653, 1705, -1150,  2654, 1655, -1148,  153, 153, 153
L 2654, 1655, -1148,  2733, 1654, -1148,  153, 153, 153
L 2733, 1654, -1148,  2733, 1468, -1148,  153, 153, 153
L 2733, 1468, -1148,  2237, 1468, -1148,  153, 153, 153
L 2237, 1468, -1148,  2237, 1654, -1148,  153, 153, 153
L 2237, 1654, -1148,  2316, 1655, -1148,  153, 153, 153
L 2316, 1655, -1148,  2316, 1797, -1148,  153, 153, 153
L 2316, 1797, -1148,  2237, 1798, -1148,  153, 153, 153
L 2237, 1798, -1148,  2237, 1984, -1148,  153, 153, 153
L 2237, 1984, -1148,  2733, 1984, -1148,  153, 153, 153
L 2733, 1984, -1148,  2733, 1798, -1148,  153, 153, 153
L 2733, 1798, -1148,  2654, 1797, -1148,  153, 153, 153
L 2654, 1797, -1148,  2653, 1747, -1158,  153, 153, 153
L 2653, 1747, -1158,  2682, 1747, -1158,  153, 153, 153
L 2682, 1747, -1158,  2682, 1754, -1158,  153, 153, 153
L 2682, 1754, -1158,  2881, 1754, -1158,  153, 153, 153
L 2881, 1754, -1158,  2883, 1750, -1158,  153, 153, 153
L 2883, 1750, -1158,  2912, 1746, -1140,  153, 153, 153
L 2912, 1746, -1140,  2912, 1972, -1148,  153, 153, 153
L 2912, 1972, -1148,  3098, 1973, -1148,  153, 153, 153
L 3098, 1973, -1148,  3099, 1894, -1148,  153, 153, 153
L 3099, 1894, -1148,  3241, 1894, -1148,  153, 153, 153
L 3241, 1894, -1148,  3242, 1973, -1148,  153, 153, 153
L 3242, 1973, -1148,  3424, 1973, -1148,  153, 153, 153
L 3424, 1973, -1148,  3428, 1477, -1148,  153, 153, 153
L 3428, 1477, -1148,  3244, 1477, -1148,  153, 153, 153
L 3244, 1477, -1148,  3241, 1556, -1148,  153, 153, 153
L 3241, 1556, -1148,  3191, 1557, -1144,  153, 153, 153
L 3191, 1557, -1144,  3192, 1528, -1158,  153, 153, 153
L 3192, 1528, -1158,  3195, 1528, -1158,  153, 153, 153
L 3195, 1528, -1158,  3198, 1327, -1158,  153, 153, 153
L 3198, 1327, -1158,  3194, 1327, -1158,  153, 153, 153
L 3194, 1327, -1158,  3191, 1298, -1144,  153, 153, 153
L 3191, 1298, -1144,  3241, 1299, -1148,  153, 153, 153
L 3241, 1299, -1148,  3242, 1370, -1148,  153, 153, 153
L 3242, 1370, -1148,  3428, 1378, -1148,  153, 153, 153
L 3428, 1378, -1148,  3428, 882, -1148,  153, 153, 153
L 3428, 882, -1148,  3242, 882, -1148,  153, 153, 153
L 3242, 882, -1148,  3241, 961, -1148,  153, 153, 153
L 3241, 961, -1148,  3099, 961, -1148,  153, 153, 153
L 3099, 961, -1148,  3098, 882, -1148,  153, 153, 153
L 3098, 882, -1148,  2916, 882, -1148,  153, 153, 153
L 2916, 882, -1148,  2912, 1109, -1138,  153, 153, 153
L 2912, 1109, -1138,  2883, 1109, -1158,  153, 153, 153
L 2883, 1109, -1158,  2883, 1107, -1158,  153, 153, 153
L 2883, 1107, -1158,  2673, 1109, 71,  153, 153, 153
L 2673, 1109, 71,  2644, 1109, 111,  153, 153, 153
L 2644, 1109, 111,  2644, 882, 91,  153, 153, 153
L 2644, 882, 91,  2500, 882, 71,  153, 153, 153
L 2500, 882, 71,  2499, 961, 89,  153, 153, 153
L 2499, 961, 89,  2427, 961, 171,  153, 153, 153
L 2427, 961, 171,  2426, 882, 171,  153, 153, 153
L 2426, 882, 171,  2240, 882, 171,  153, 153, 153
L 2240, 882, 171,  2240, 1107, 180,  153, 153, 153
L 2240, 1107, 180,  2202, 1107, 159,  153, 153, 153
L 2202, 1107, 159,  2202, 963, 51,  153, 153, 153
L 2202, 963, 51,  2166, 963, 42,  153, 153, 153
L 2166, 963, 42,  2151, 967, 31,  153, 153, 153
L 2151, 967, 31,  2132, 974, 31,  153, 153, 153
L 2132, 974, 31,  2108, 988, 31,  153, 153, 153
L 2108, 988, 31,  2088, 1002, 31,  153, 153, 153
L 2088, 1002, 31,  2067, 1024, 31,  153, 153, 153
L 2067, 1024, 31,  2053, 1047, 31,  153, 153, 153
L 2053, 1047, 31,  2037, 1079, 31,  153, 153, 153
L 2037, 1079, 31,  2034, 1080, 49,  153, 153, 153
L 2034, 1080, 49,  1936, 1080, 49,  153, 153, 153
L 1936, 1080, 49,  1935, 1106, 31,  153, 153, 153
L 1935, 1106, 31,  1873, 1106, 31,  153, 153, 153
L 1873, 1106, 31,  1872, 1080, 51,  153, 153, 153
L 1872, 1080, 51,  1145, 1079, 31,  153, 153, 153
L 1145, 1079, 31,  1140, 1061, 31,  153, 153, 153
L 1140, 1061, 31,  1137, 1054, 31,  153, 153, 153
L 1137, 1054, 31,  1126, 1036, 31,  153, 153, 153
L 1126, 1036, 31,  1121, 1030, 31,  153, 153, 153
L 1121, 1030, 31,  1109, 1020, 31,  153, 153, 153
L 1109, 1020, 31,  1093, 1011, 31,  153, 153, 153
L 1093, 1011, 31,  1093, 1011, 31,  153, 153, 153
L 1093, 1011, 31,  1069, 1003, 31,  153, 153, 153
L 1069, 1003, 31,  1068, 955, 49,  153, 153, 153
L 1068, 955, 49,  1068, 692, 49,  153, 153, 153
L 1068, 692, 49,  1042, 690, 31,  153, 153, 153
L 1042, 690, 31,  1042, 628, 31,  153, 153, 153
L 1042, 628, 31,  1068, 627, 51,  153, 153, 153
L 1068, 627, 51,  1069, 526, 31,  153, 153, 153
L 1069, 526, 31,  1088, 520, 31,  153, 153, 153
L 1088, 520, 31,  1101, 513, 31,  153, 153, 153
L 1101, 513, 31,  1105, 511, 31,  153, 153, 153
L 1105, 511, 31,  1105, 511, 31,  153, 153, 153
L 1105, 511, 31,  1125, 494, 31,  153, 153, 153
L 1125, 494, 31,  1125, 494, 31,  153, 153, 153
L 1125, 494, 31,  1139, 471, 31,  153, 153, 153
L 1139, 471, 31,  1141, 467, 31,  153, 153, 153
L 1141, 467, 31,  1148, 448, 49,  153, 153, 153
L 1148, 448, 49,  1154, 447, 49,  153, 153, 153
L 1154, 447, 49,  2285, 447, 49,  153, 153, 153
L 2285, 447, 49,  2308, 442, 31,  153, 153, 153
L 2308, 442, 31,  2326, 434, 31,  153, 153, 153
L 2326, 434, 31,  2344, 420, 31,  153, 153, 153
L 2344, 420, 31,  2358, 400, 31,  153, 153, 153
L 2358, 400, 31,  2366, 382, 31,  153, 153, 153
L 2366, 382, 31,  2369, 368, 49,  153, 153, 153
L 2369, 368, 49,  2369, 355, 49,  153, 153, 153
L 2369, 355, 49,  2371, 127, 31,  153, 153, 153
L 2371, 127, 31,  2379, 125, 31,  153, 153, 153
L 2379, 125, 31,  2394, 119, 31,  153, 153, 153
L 2394, 119, 31,  2401, 116, 31,  153, 153, 153
L 2401, 116, 31,  2401, 116, 31,  153, 153, 153
L 2401, 116, 31,  2424, 99, 31,  153, 153, 153
L 2424, 99, 31,  2433, 86, 31,  153, 153, 153
L 2433, 86, 31,  2438, 77, 31,  153, 153, 153
L 2438, 77, 31,  2445, 62, 31,  153, 153, 153
L 2445, 62, 31,  2449, 50, 47,  153, 153, 153
L 2449, 50, 47,  2449, 50, 47,  153, 153, 153
L 2449, 50, 47,  2527, 49, 49,  153, 153, 153
L 2527, 49, 49,  2528, 23, 31,  153, 153, 153
L 2528, 23, 31,  2590, 23, 31,  153, 153, 153
L 2590, 23, 31,  2591, 149, 51,  153, 153, 153
L 2591, 149, 51,  2648, 150, 47,  153, 153, 153
L 2648, 150, 45,  2648, 150, 45,  255, 0, 0
L 2648, 150, 45,  2700, 150, 45,  255, 0, 0
L 2700, 150, 48,  2700, 150, 48,  153, 153, 153
L 2700, 150, 48,  2700, 150, 48,  153, 153, 153
L 2700, 150, 48,  2757, 149, 49,  153, 153, 153
L 2757, 149, 49,  2768, 140, 51,  153, 153, 153
L 2768, 140, 51,  2785, 123, 51,  153, 153, 153
L 2785, 123, 51,  2801, 106, 51,  153, 153, 153
L 2801, 106, 51,  2804, 102, 49,  153, 153, 153
L 2804, 102, 49,  2804, 85, 49,  153, 153, 153
L 2804, 85, 49,  2804, -104, 49,  153, 153, 153
L 2804, -104, 49,  2758, -150, 50,  153, 153, 153
L 2758, -150, 50,  2591, -150, 49,  153, 153, 153
L 2591, -150, 49,  2590, -24, 31,  153, 153, 153
L 2590, -24, 31,  2528, -24, 31,  153, 153, 153
L 2528, -24, 31,  2527, -50, 51,  153, 153, 153
L 2527, -50, 51,  2449, -51, 47,  153, 153, 153
L 2449, -51, 47,  2448, -52, 43,  153, 153, 153
L 2448, -52, 43,  2431, -90, 31,  153, 153, 153
L 2431, -90, 31,  2426, -97, 31,  153, 153, 153
L 2426, -97, 31,  2407, -114, 31,  153, 153, 153
L 2407, -114, 31,  2398, -118, 31,  153, 153, 153
L 2398, -118, 31,  2381, -125, 31,  153, 153, 153
L 2381, -125, 31,  2369, -130, 49,  153, 153, 153
L 2369, -130, 49,  2369, -135, 49,  153, 153, 153
L 2369, -135, 49,  2369, -347, 49,  153, 153, 153
L 2369, -347, 49,  2363, -390, 31,  153, 153, 153
L 2363, -390, 31,  2355, -406, 31,  153, 153, 153
L 2355, -406, 31,  2337, -427, 31,  153, 153, 153
L 2337, -427, 31,  2319, -438, 31,  153, 153, 153
L 2319, -438, 31,  2298, -447, 31,  153, 153, 153
L 2298, -447, 31,  2293, -448, 31,  153, 153, 153
L 2293, -448, 31,  1148, -449, 46,  153, 153, 153
L 1148, -449, 46,  1145, -457, 31,  153, 153, 153
L 1145, -457, 31,  1145, -457, 31,  153, 153, 153
L 1145, -457, 31,  1131, -488, 31,  153, 153, 153
L 1131, -488, 31,  1117, -503, 31,  153, 153, 153
L 1117, -503, 31,  1117, -503, 31,  153, 153, 153
L 1117, -503, 31,  1100, -515, 31,  153, 153, 153
L 1100, -515, 31,  1096, -517, 31,  153, 153, 153
L 1096, -517, 31,  1096, -517, 31,  153, 153, 153
L 1096, -517, 31,  1068, -528, 49,  153, 153, 153
L 1068, -528, 49,  1068, -537, 49,  153, 153, 153
L 1068, -537, 49,  1069, -753, 31,  153, 153, 153
L 1069, -753, 31,  1083, -757, 31,  153, 153, 153
L 1083, -757, 31,  1103, -766, 31,  153, 153, 153
L 1103, -766, 31,  1115, -775, 31,  153, 153, 153
L 1115, -775, 31,  1130, -792, 31,  153, 153, 153
L 1130, -792, 31,  1138, -807, 31,  153, 153, 153
L 1138, -807, 31,  1138, -807, 31,  153, 153, 153
L 1138, -807, 31,  1147, -832, 51,  153, 153, 153
L 1147, -832, 51,  1201, -830, 49,  153, 153, 153
L 1201, -830, 49,  1253, -829, 45,  153, 153, 153
L 1253, -829, 45,  1254, -811, 31,  153, 153, 153
L 1254, -811, 31,  1254, -807, 51,  153, 153, 153
L 1254, -807, 51,  1271, -805, 51,  153, 153, 153
L 1271, -805, 51,  1271, -805, 51,  153, 153, 153
L 1271, -805, 51,  1282, -777, 51,  153, 153, 153
L 1282, -777, 51,  1297, -755, 51,  153, 153, 153
L 1297, -755, 51,  1325, -737, 51,  153, 153, 153
L 1325, -737, 51,  1355, -722, 31,  153, 153, 153
L 1355, -722, 31,  1355, -708, 81,  153, 153, 153
L 1355, -708, 81,  1355, -662, 298,  153, 153, 153
L 1355, -662, 298,  1368, -660, 298,  153, 153, 153
L 1368, -660, 298,  1368, -547, 298,  153, 153, 153
L 1368, -547, 298,  1368, -540, 298,  153, 153, 153
L 1368, -540, 298,  1478, -540, 298,  153, 153, 153
L 1478, -540, 298,  1479, -661, 301,  153, 153, 153
L 1479, -661, 301,  1491, -662, 298,  153, 153, 153
L 1491, -662, 298,  1491, -708, 81,  153, 153, 153
L 1491, -708, 81,  1491, -724, 31,  153, 153, 153
L 1491, -724, 31,  1496, -729, 51,  153, 153, 153
L 1496, -729, 51,  1515, -734, 51,  153, 153, 153
L 1515, -734, 51,  1532, -742, 51,  153, 153, 153
L 1532, -742, 51,  1543, -750, 51,  153, 153, 153
L 1543, -750, 51,  1559, -768, 51,  153, 153, 153
L 1559, -768, 51,  1575, -809, 51,  153, 153, 153
L 1575, -809, 51,  1573, -830, 49,  153, 153, 153
L 1573, -830, 49,  1775, -829, 47,  153, 153, 153
L 1775, -829, 47,  1774, -810, 49,  153, 153, 153
L 1774, -810, 49,  1771, -810, 51,  153, 153, 153
L 1771, -810, 51,  1772, -800, 51,  153, 153, 153
L 1772, -800, 51,  1778, -785, 51,  153, 153, 153
L 1778, -785, 51,  1788, -767, 51,  153, 153, 153
L 1788, -767, 51,  1801, -752, 51,  153, 153, 153
L 1801, -752, 51,  1821, -739, 51,  153, 153, 153
L 1821, -739, 51,  1843, -730, 51,  153, 153, 153
L 1843, -730, 51,  1855, -719, 31,  153, 153, 153
L 1855, -719, 31,  1855, -662, 298,  153, 153, 153
L 1855, -662, 298,  1867, -661, 301,  153, 153, 153
L 1867, -661, 301,  1868, -540, 298,  153, 153, 153
L 1868, -540, 298,  1978, -540, 298,  153, 153, 153
L 1978, -540, 298,  1979, -661, 301,  153, 153, 153
L 1979, -661, 301,  1991, -662, 291,  153, 153, 153
L 1991, -662, 291,  1991, -708, 81,  153, 153, 153
L 1991, -708, 81,  2000, -729, 51,  153, 153, 153
L 2000, -729, 51,  2019, -736, 51,  153, 153, 153
L 2019, -736, 51,  2057, -765, 51,  153, 153, 153
L 2057, -765, 51,  2057, -765, 51,  153, 153, 153
L 2057, -765, 51,  2081, -808, 51,  153, 153, 153
L 2081, -808, 51,  2092, -808, 51,  153, 153, 153
L 2092, -808, 51,  2094, -830, 49,  153, 153, 153
L 2094, -830, 49,  2283, -830, 49,  153, 153, 153
L 2283, -830, 49,  2303, -833, 31,  153, 153, 153
L 2303, -833, 31,  2328, -844, 31,  153, 153, 153
L 2328, -844, 31,  2336, -851, 31,  153, 153, 153
L 2336, -851, 31,  2356, -873, 31,  153, 153, 153
L 2356, -873, 31,  2369, -908, 49,  153, 153, 153
L 2369, -908, 49,  2369, -931, 49,  153, 153, 153
L 2369, -931, 49,  2369, -955, 49,  153, 153, 153
L 2369, -955, 49,  2369, -1013, 49,  153, 153, 153
L 2369, -1013, 49,  2369, -1041, 49,  153, 153, 153
L 2369, -1041, 49,  2369, -1318, 49,  153, 153, 153
L 2369, -1318, 49,  2343, -1319, 31,  153, 153, 153
L 2343, -1319, 31,  2343, -1380, 31,  153, 153, 153
L 2343, -1380, 31,  2366, -1382, 51,  153, 153, 153
L 2366, -1382, 51,  2370, -1591, 46,  153, 153, 153
L 2370, -1591, 46,  2393, -1603, 31,  153, 153, 153
L 2393, -1603, 31,  2429, -1624, 31,  153, 153, 153
L 2429, -1624, 31,  2454, -1651, 31,  153, 153, 153
L 2454, -1651, 31,  2467, -1673, 31,  153, 153, 153
L 2467, -1673, 31,  2486, -1721, 47,  153, 153, 153
L 2486, -1721, 47,  2486, -1748, 49,  153, 153, 153
L 2486, -1748, 49,  2448, -1757, 147,  153, 153, 153
L 2448, -1757, 147,  2342, -1756, 159,  153, 153, 153
L 2342, -1756, 159,  2344, -1794, 190,  153, 153, 153
L 2344, -1794, 190,  2567, -1794, 171,  153, 153, 153
L 2567, -1794, 171,  2567, -1980, 171,  153, 153, 153
L 2567, -1980, 171,  2488, -1981, 171,  153, 153, 153
L 2488, -1981, 171,  2488, -2053, 71,  153, 153, 153
L 2488, -2053, 71,  2567, -2054, 71,  153, 153, 153
L 2567, -2054, 71,  2567, -2198, 91,  153, 153, 153
L 2567, -2198, 91,  2340, -2198, 100,  153, 153, 153
L 2340, -2198, 100,  2340, -2227, 71,  153, 153, 153
L 2340, -2227, 71,  2340, -2437, -1158,  153, 153, 153
L 2340, -2437, -1158,  2340, -2466, -1133,  153, 153, 153
L 2340, -2466, -1133,  2567, -2466, -1148,  153, 153, 153
L 2567, -2466, -1148,  2567, -2652, -1148,  153, 153, 153
L 2567, -2652, -1148,  2488, -2653, -1148,  153, 153, 153
L 2488, -2653, -1148,  2488, -2795, -1148,  153, 153, 153
L 2488, -2795, -1148,  2562, -2796, -1148,  153, 153, 153
L 2562, -2796, -1148,  2567, -2982, -1148,  153, 153, 153
L 2567, -2982, -1148,  2071, -2982, -1148,  153, 153, 153
L 2071, -2982, -1148,  2071, -2796, -1148,  153, 153, 153
L 2071, -2796, -1148,  2150, -2795, -1148,  153, 153, 153
L 2150, -2795, -1148,  2151, -2745, -1158,  153, 153, 153
L 2151, -2745, -1158,  2122, -2747, -1158,  153, 153, 153
L 2122, -2747, -1158,  1921, -2746, -1158,  153, 153, 153
L 1921, -2746, -1158,  1892, -2745, -1143,  153, 153, 153
L 1892, -2745, -1143,  1893, -2795, -1148,  153, 153, 153
L 1893, -2795, -1148,  1966, -2796, -1148,  153, 153, 153
L 1966, -2796, -1148,  1972, -2982, -1148,  153, 153, 153
L 1972, -2982, -1148,  1476, -2982, -1148,  153, 153, 153
L 1476, -2982, -1148,  1476, -2796, -1148,  153, 153, 153
L 1476, -2796, -1148,  1555, -2795, -1148,  153, 153, 153
L 1555, -2795, -1148,  1555, -2653, -1148,  153, 153, 153
L 1555, -2653, -1148,  1476, -2652, -1148,  153, 153, 153
L 1476, -2652, -1148,  1476, -2467, -1148,  153, 153, 153
L 1476, -2467, -1148,  1703, -2466, -1138,  153, 153, 153
L 1703, -2466, -1138,  1703, -2437, -1158,  153, 153, 153
L 1703, -2437, -1158,  1696, -2437, -1158,  153, 153, 153
L 1696, -2437, -1158,  1702, -2236, -1158,  153, 153, 153
L 1702, -2236, -1158,  1702, -2207, -1152,  153, 153, 153
L 1702, -2207, -1152,  1652, -2208, -1148,  153, 153, 153
L 1652, -2208, -1148,  1651, -2287, -1148,  153, 153, 153
L 1651, -2287, -1148,  1472, -2286, -1148,  153, 153, 153
L 1472, -2286, -1148,  1465, -1791, -1148,  153, 153, 153
L 1465, -1791, -1148,  1651, -1791, -1148,  153, 153, 153
L 1651, -1791, -1148,  1652, -1870, -1148,  153, 153, 153
L 1652, -1870, -1148,  1794, -1870, -1148,  153, 153, 153
L 1794, -1870, -1148,  1795, -1803, -1148,  153, 153, 153
L 1795, -1803, -1148,  1980, -1791, -1148,  153, 153, 153
L 1980, -1791, -1148,  1981, -2287, -1148,  153, 153, 153
L 1981, -2287, -1148,  1795, -2287, -1148,  153, 153, 153
L 1795, -2287, -1148,  1794, -2208, -1148,  153, 153, 153
L 1794, -2208, -1148,  1745, -2207, -1149,  153, 153, 153
L 1745, -2207, -1149,  1744, -2236, -1158,  153, 153, 153
L 1744, -2236, -1158,  1745, -2437, -1158,  153, 153, 153
L 1745, -2437, -1158,  1745, -2466, -1136,  153, 153, 153
L 1745, -2466, -1136,  1972, -2466, -1148,  153, 153, 153
L 1972, -2466, -1148,  1972, -2652, -1148,  153, 153, 153
L 1972, -2652, -1148,  1893, -2653, -1148,  153, 153, 153
L 1893, -2653, -1148,  1892, -2703, -1151,  153, 153, 153
L 1892, -2703, -1151,  1921, -2703, -1158,  153, 153, 153
L 1921, -2703, -1158,  1921, -2699, -1158,  153, 153, 153
L 1921, -2699, -1158,  2122, -2696, -1158,  153, 153, 153
L 2122, -2696, -1158,  2122, -2698, -1158,  153, 153, 153
L 2122, -2698, -1158,  2151, -2703, -1143,  153, 153, 153
L 2151, -2703, -1143,  2150, -2653, -1148,  153, 153, 153
L 2150, -2653, -1148,  2083, -2652, -1148,  153, 153, 153
L 2083, -2652, -1148,  2071, -2466, -1148,  153, 153, 153
L 2071, -2466, -1148,  2298, -2466, -1136,  153, 153, 153
L 2298, -2466, -1136,  2298, -2437, -1158,  153, 153, 153
L 2298, -2437, -1158,  2296, -2227, 71,  153, 153, 153
L 2296, -2227, 71,  2298, -2227, 71,  153, 153, 153
L 2298, -2227, 71,  2298, -2198, 91,  153, 153, 153
L 2298, -2198, 91,  2071, -2198, 91,  153, 153, 153
L 2071, -2198, 91,  2071, -2054, 71,  153, 153, 153
L 2071, -2054, 71,  2150, -2053, 86,  153, 153, 153
L 2150, -2053, 86,  2150, -1981, 171,  153, 153, 153
L 2150, -1981, 171,  2071, -1980, 171,  153, 153, 153
L 2071, -1980, 171,  2073, -1801, 171,  153, 153, 153
L 2073, -1801, 171,  2296, -1794, 177,  153, 153, 153
L 2296, -1794, 177,  2296, -1756, 160,  153, 153, 153
L 2296, -1756, 160,  2153, -1756, 51,  153, 153, 153
L 2153, -1756, 51,  2152, -1728, 49,  153, 153, 153
L 2152, -1728, 49,  2152, -1724, 49,  153, 153, 153
L 2152, -1724, 49,  2155, -1709, 31,  153, 153, 153
L 2155, -1709, 31,  2163, -1687, 31,  153, 153, 153
L 2163, -1687, 31,  2166, -1682, 31,  153, 153, 153
L 2166, -1682, 31,  2166, -1682, 31,  153, 153, 153
L 2166, -1682, 31,  2180, -1657, 31,  153, 153, 153
L 2180, -1657, 31,  2189, -1646, 31,  153, 153, 153
L 2189, -1646, 31,  2207, -1626, 31,  153, 153, 153
L 2207, -1626, 31,  2207, -1626, 31,  153, 153, 153
L 2207, -1626, 31,  2227, -1611, 31,  153, 153, 153
L 2227, -1611, 31,  2245, -1602, 31,  153, 153, 153
L 2245, -1602, 31,  2245, -1602, 31,  153, 153, 153
L 2245, -1602, 31,  2269, -1590, 51,  153, 153, 153
L 2269, -1590, 51,  2269, -1402, 49,  153, 153, 153
L 2269, -1402, 49,  2295, -1381, 31,  153, 153, 153
L 2295, -1381, 31,  2295, -1319, 31,  153, 153, 153
L 2295, -1319, 31,  2269, -1318, 51,  153, 153, 153
L 2269, -1318, 51,  2268, -1007, 46,  153, 153, 153
L 2268, -1007, 46,  2250, -1001, 51,  153, 153, 153
L 2250, -1001, 51,  2227, -989, 31,  153, 153, 153
L 2227, -989, 31,  2214, -977, 31,  153, 153, 153
L 2214, -977, 31,  2204, -964, 31,  153, 153, 153
L 2204, -964, 31,  2202, -960, 31,  153, 153, 153
L 2202, -960, 31,  2192, -931, 48,  153, 153, 153
L 2192, -931, 48,  2191, -930, 49,  153, 153, 153
L 2191, -930, 49,  2093, -931, 44,  153, 153, 153
L 2093, -931, 44,  2092, -953, 51,  153, 153, 153
L 2092, -953, 51,  2075, -955, 51,  153, 153, 153
L 2075, -955, 51,  2072, -965, 51,  153, 153, 153
L 2072, -965, 51,  2060, -991, 51,  153, 153, 153
L 2060, -991, 51,  2049, -1005, 51,  153, 153, 153
L 2049, -1005, 51,  2031, -1018, 51,  153, 153, 153
L 2031, -1018, 51,  1991, -1033, 31,  153, 153, 153
L 1991, -1033, 31,  1991, -1037, 31,  153, 153, 153
L 1991, -1037, 31,  1991, -1052, 81,  153, 153, 153
L 1991, -1052, 81,  1991, -1098, 298,  153, 153, 153
L 1991, -1098, 298,  1979, -1099, 300,  153, 153, 153
L 1979, -1099, 300,  1978, -1220, 298,  153, 153, 153
L 1978, -1220, 298,  1868, -1220, 298,  153, 153, 153
L 1868, -1220, 298,  1867, -1099, 300,  153, 153, 153
L 1867, -1099, 300,  1857, -1098, 298,  153, 153, 153
L 1857, -1098, 298,  1855, -1052, 81,  153, 153, 153
L 1855, -1052, 81,  1845, -1030, 51,  153, 153, 153
L 1845, -1030, 51,  1841, -1029, 51,  153, 153, 153
L 1841, -1029, 51,  1833, -1027, 51,  153, 153, 153
L 1833, -1027, 51,  1813, -1017, 51,  153, 153, 153
L 1813, -1017, 51,  1802, -1009, 51,  153, 153, 153
L 1802, -1009, 51,  1792, -998, 51,  153, 153, 153
L 1792, -998, 51,  1792, -998, 51,  153, 153, 153
L 1792, -998, 51,  1774, -966, 51,  153, 153, 153
L 1774, -966, 51,  1771, -950, 51,  153, 153, 153
L 1771, -950, 51,  1772, -930, 49,  153, 153, 153
L 1772, -930, 49,  1690, -930, 49,  153, 153, 153
L 1690, -930, 49,  1572, -930, 49,  153, 153, 153
L 1572, -930, 49,  1572, -950, 49,  153, 153, 153
L 1572, -950, 49,  1573, -961, 51,  153, 153, 153
L 1573, -961, 51,  1571, -968, 51,  153, 153, 153
L 1571, -968, 51,  1568, -976, 51,  153, 153, 153
L 1568, -976, 51,  1563, -986, 51,  153, 153, 153
L 1563, -986, 51,  1556, -996, 51,  153, 153, 153
L 1556, -996, 51,  1556, -996, 51,  153, 153, 153
L 1556, -996, 51,  1537, -1014, 51,  153, 153, 153
L 1537, -1014, 51,  1537, -1014, 51,  153, 153, 153
L 1537, -1014, 51,  1500, -1031, 51,  153, 153, 153
L 1500, -1031, 51,  1494, -1031, 51,  153, 153, 153
L 1494, -1031, 51,  1491, -1036, 31,  153, 153, 153
L 1491, -1036, 31,  1491, -1040, 31,  153, 153, 153
L 1491, -1040, 31,  1491, -1052, 81,  153, 153, 153
L 1491, -1052, 81,  1491, -1093, 271,  153, 153, 153
L 1491, -1093, 271,  1479, -1099, 301,  153, 153, 153
L 1479, -1099, 301,  1478, -1220, 298,  153, 153, 153
L 1478, -1220, 298,  1368, -1220, 298,  153, 153, 153
L 1368, -1220, 298,  1366, -1098, 299,  153, 153, 153
L 1366, -1098, 299,  1362, -1098, 298,  153, 153, 153
L 1362, -1098, 298,  1355, -1052, 81,  153, 153, 153
L 1355, -1052, 81,  1351, -1031, 51,  153, 153, 153
L 1351, -1031, 51,  1343, -1030, 51,  153, 153, 153
L 1343, -1030, 51,  1319, -1020, 51,  153, 153, 153
L 1319, -1020, 51,  1293, -1000, 51,  153, 153, 153
L 1293, -1000, 51,  1293, -1000, 51,  153, 153, 153
L 1293, -1000, 51,  1282, -983, 51,  153, 153, 153
L 1282, -983, 51,  1271, -955, 51,  153, 153, 153
L 1271, -955, 51,  1267, -953, 51,  153, 153, 153
L 1267, -953, 51,  1254, -953, 51,  153, 153, 153
L 1254, -953, 51,  1253, -931, 49,  153, 153, 153
L 1253, -931, 49,  1227, -930, 49,  153, 153, 153
L 1227, -930, 49,  1058, -930, 49,  153, 153, 153
L 1058, -930, 49,  1032, -926, 31,  153, 153, 153
L 1032, -926, 31,  1012, -917, 31,  153, 153, 153
L 1012, -917, 31,  999, -908, 31,  153, 153, 153
L 999, -908, 31,  988, -896, 31,  153, 153, 153
L 988, -896, 31,  979, -882, 31,  153, 153, 153
L 979, -882, 31,  971, -863, 31,  153, 153, 153
L 971, -863, 31,  971, -863, 31,  153, 153, 153
L 971, -863, 31,  967, -131, 31,  153, 153, 153
L 967, -131, 31,  929, -115, 31,  153, 153, 153
L 929, -115, 31,  921, -108, 31,  153, 153, 153
L 921, -108, 31,  910, -97, 31,  153, 153, 153
L 910, -97, 31,  899, -81, 31,  153, 153, 153
L 899, -81, 31,  888, -53, 47,  153, 153, 153
L 888, -53, 47,  882, -52, 49,  153, 153, 153
L 882, -52, 49,  779, -52, 49,  153, 153, 153
L 779, -52, 49,  770, -26, 31,  153, 153, 153
L 770, -26, 31,  707, -27, 31,  153, 153, 153
L 707, -27, 31,  707, -50, 51,  153, 153, 153
L 707, -50, 51,  385, -53, 51,  153, 153, 153
L 385, -53, 51,  376, -77, 51,  153, 153, 153
L 376, -77, 51,  373, -82, 51,  153, 153, 153
L 373, -82, 51,  357, -103, 51,  153, 153, 153
L 357, -103, 51,  338, -117, 51,  153, 153, 153
L 338, -117, 51,  308, -129, 51,  153, 153, 153
L 308, -129, 51,  307, -130, 51,  153, 153, 153
L 307, -130, 51,  310, -609, 51,  153, 153, 153
L 310, -609, 51,  321, -613, 51,  153, 153, 153
L 321, -613, 51,  346, -625, 51,  153, 153, 153
L 346, -625, 51,  363, -640, 51,  153, 153, 153
L 363, -640, 51,  378, -665, 51,  153, 153, 153
L 378, -665, 51,  387, -688, 51,  153, 153, 153
L 387, -688, 51,  389, -688, 51,  153, 153, 153
L 389, -688, 51,  420, -688, 51,  153, 153, 153
L 420, -688, 51,  492, -688, 310,  153, 153, 153
L 492, -688, 310,  494, -574, 298,  153, 153, 153
L 494, -574, 298,  599, -574, 298,  153, 153, 153
L 599, -574, 298,  599, -898, 298,  153, 153, 153
L 599, -898, 298,  494, -898, 298,  153, 153, 153
L 494, -898, 298,  490, -784, 316,  153, 153, 153
L 490, -784, 316,  431, -784, 81,  153, 153, 153
L 431, -784, 81,  386, -785, 51,  153, 153, 153
L 386, -785, 51,  384, -791, 51,  153, 153, 153
L 384, -791, 51,  382, -797, 51,  153, 153, 153
L 382, -797, 51,  382, -797, 51,  153, 153, 153
L 382, -797, 51,  371, -822, 51,  153, 153, 153
L 371, -822, 51,  359, -836, 51,  153, 153, 153
L 359, -836, 51,  356, -840, 51,  153, 153, 153
L 356, -840, 51,  340, -851, 51,  153, 153, 153
L 340, -851, 51,  327, -857, 51,  153, 153, 153
L 327, -857, 51,  307, -866, 51,  153, 153, 153
L 307, -866, 51,  307, -1318, 51,  153, 153, 153
L 307, -1318, 51,  282, -1320, 31,  153, 153, 153
L 283, -1319, 31,  283, -1319, 31,  153, 153, 153
L 283, -1319, 31,  283, -1381, 31,  153, 153, 153
L 283, -1381, 31,  309, -1382, 51,  153, 153, 153
L 309, -1382, 51,  310, -1841, 46,  153, 153, 153
L 310, -1841, 46,  335, -1850, 31,  153, 153, 153
L 335, -1850, 31,  347, -1856, 31,  153, 153, 153
L 347, -1856, 31,  359, -1866, 31,  153, 153, 153
L 359, -1866, 31,  359, -1866, 31,  153, 153, 153
L 359, -1866, 31,  379, -1894, 31,  153, 153, 153
L 379, -1894, 31,  379, -1894, 31,  153, 153, 153
L 379, -1894, 31,  388, -1917, 31,  153, 153, 153
L 388, -1917, 31,  390, -1920, 50,  153, 153, 153
L 390, -1920, 50,  495, -1920, 49,  153, 153, 153
L 495, -1920, 49,  498, -1946, 31,  153, 153, 153
L 498, -1946, 31,  560, -1946, 31,  153, 153, 153
L 560, -1946, 31,  561, -1820, 51,  153, 153, 153
L 561, -1820, 51,  728, -1820, 49,  153, 153, 153
L 728, -1820, 49,  774, -1866, 50,  153, 153, 153
L 774, -1866, 50,  774, -1893, 49,  153, 153, 153
L 774, -1893, 49,  748, -1894, 31,  153, 153, 153
L 748, -1894, 31,  748, -1926, 31,  153, 153, 153
L 748, -1926, 31,  767, -1927, 31,  153, 153, 153
L 767, -1927, 31,  768, -1946, 31,  153, 153, 153
L 768, -1946, 31,  810, -1946, 31,  153, 153, 153
L 810, -1946, 31,  811, -1934, 49,  153, 153, 153
L 811, -1934, 49,  818, -1934, 55,  153, 153, 153
L 818, -1934, 55,  818, -1927, 49,  153, 153, 153
L 818, -1927, 49,  905, -1927, 31,  153, 153, 153
L 905, -1927, 31,  910, -1935, 51,  153, 153, 153
L 910, -1935, 51,  917, -1935, 49,  153, 153, 153
L 917, -1935, 49,  918, -1946, 31,  153, 153, 153
L 918, -1946, 31,  969, -1946, 31,  153, 153, 153
L 969, -1946, 31,  970, -1927, 31,  153, 153, 153
L 970, -1927, 31,  989, -1926, 31,  153, 153, 153
L 989, -1926, 31,  989, -1884, 31,  153, 153, 153
L 989, -1884, 31,  978, -1883, 50,  153, 153, 153
L 978, -1883, 50,  977, -1876, 55,  153, 153, 153
L 977, -1876, 55,  970, -1875, 49,  153, 153, 153
L 970, -1875, 49,  970, -1783, 49,  153, 153, 153
L 970, -1783, 49,  977, -1782, 55,  153, 153, 153
L 977, -1782, 55,  978, -1782, 54,  153, 153, 153
L 978, -1782, 54,  989, -1774, 31,  153, 153, 153
L 989, -1774, 31,  990, -1655, 31,  153, 153, 153
L 990, -1655, 31,  1109, -1654, 31,  153, 153, 153
L 1109, -1654, 31,  1110, -1642, 49,  153, 153, 153
L 1110, -1642, 49,  1117, -1642, 54,  153, 153, 153
L 1117, -1642, 54,  1118, -1635, 49,  153, 153, 153
L 1118, -1635, 49,  1204, -1635, 31,  153, 153, 153
L 1204, -1635, 31,  1211, -1642, 55,  153, 153, 153
L 1211, -1642, 55,  1218, -1643, 49,  153, 153, 153
L 1218, -1643, 49,  1218, -1652, 31,  153, 153, 153
L 1218, -1652, 31,  1220, -1660, 31,  153, 153, 153
L 1220, -1660, 31,  1259, -1660, 31,  153, 153, 153
L 1259, -1660, 31,  1260, -1652, 56,  153, 153, 153
L 1260, -1652, 56,  1260, -1590, 31,  153, 153, 153
L 1260, -1590, 31,  1289, -1589, 31,  153, 153, 153
L 1289, -1589, 31,  1290, -1587, 31,  153, 153, 153
L 1290, -1587, 31,  1326, -1580, 31,  153, 153, 153
L 1326, -1580, 31,  1327, -1589, 31,  153, 153, 153
L 1327, -1589, 31,  1359, -1589, 31,  153, 153, 153
L 1359, -1589, 31,  1360, -1580, 31,  153, 153, 153
L 1360, -1580, 31,  1384, -1580, 31,  153, 153, 153
L 1384, -1580, 31,  1397, -1589, 31,  153, 153, 153
L 1397, -1589, 31,  1429, -1589, 31,  153, 153, 153
L 1429, -1589, 31,  1430, -1580, 31,  153, 153, 153
L 1430, -1580, 31,  1466, -1580, 31,  153, 153, 153
L 1466, -1580, 31,  1467, -1589, 31,  153, 153, 153
L 1467, -1589, 31,  1499, -1589, 31,  153, 153, 153
L 1499, -1589, 31,  1500, -1580, 31,  153, 153, 153
L 1500, -1580, 31,  1536, -1580, 31,  153, 153, 153
L 1536, -1580, 31,  1537, -1589, 31,  153, 153, 153
L 1537, -1589, 31,  1569, -1589, 31,  153, 153, 153
L 1569, -1589, 31,  1570, -1582, 31,  153, 153, 153
L 1570, -1582, 31,  1606, -1580, 31,  153, 153, 153
L 1606, -1580, 31,  1607, -1589, 31,  153, 153, 153
L 1607, -1589, 31,  1616, -1590, 31,  153, 153, 153
L 1616, -1590, 31,  1616, -1626, 31,  153, 153, 153
L 1616, -1626, 31,  1607, -1627, 31,  153, 153, 153
L 1607, -1627, 31,  1608, -1660, 31,  153, 153, 153
L 1608, -1660, 31,  1613, -1660, 31,  153, 153, 153
L 1613, -1660, 31,  1616, -1696, 31,  153, 153, 153
L 1616, -1696, 31,  1607, -1697, 31,  153, 153, 153
L 1607, -1697, 31,  1607, -1729, 31,  153, 153, 153
L 1607, -1729, 31,  1616, -1730, 31,  153, 153, 153
L 1616, -1730, 31,  1616, -1766, 31,  153, 153, 153
L 1616, -1766, 31,  1607, -1767, 31,  153, 153, 153
L 1607, -1767, 31,  1606, -1776, 31,  153, 153, 153
L 1606, -1776, 31,  1570, -1776, 31,  153, 153, 153
L 1570, -1776, 31,  1569, -1767, 31,  153, 153, 153
L 1569, -1767, 31,  1537, -1767, 31,  153, 153, 153
L 1537, -1767, 31,  1536, -1776, 31,  153, 153, 153
L 1536, -1776, 31,  1500, -1776, 31,  153, 153, 153
L 1500, -1776, 31,  1499, -1767, 31,  153, 153, 153
L 1499, -1767, 31,  1467, -1767, 31,  153, 153, 153
L 1467, -1767, 31,  1466, -1776, 31,  153, 153, 153
L 1466, -1776, 31,  1430, -1776, 31,  153, 153, 153
L 1430, -1776, 31,  1429, -1767, 31,  153, 153, 153
L 1429, -1767, 31,  1396, -1768, 31,  153, 153, 153
L 1396, -1768, 31,  1396, -1776, 31,  153, 153, 153
L 1396, -1776, 31,  1362, -1776, 31,  153, 153, 153
L 1362, -1776, 31,  1359, -1767, 31,  153, 153, 153
L 1359, -1767, 31,  1327, -1767, 31,  153, 153, 153
L 1327, -1767, 31,  1326, -1769, 31,  153, 153, 153
L 1326, -1769, 31,  1290, -1776, 31,  153, 153, 153
L 1290, -1776, 31,  1289, -1767, 31,  153, 153, 153
L 1289, -1767, 31,  1260, -1766, 31,  153, 153, 153
L 1260, -1766, 31,  1260, -1704, 58,  153, 153, 153
L 1260, -1704, 58,  1218, -1704, 31,  153, 153, 153
L 1218, -1704, 31,  1218, -1714, 49,  153, 153, 153
L 1218, -1714, 49,  1210, -1721, 49,  153, 153, 153
L 1210, -1721, 49,  1118, -1721, 50,  153, 153, 153
L 1118, -1721, 50,  1110, -1713, 50,  153, 153, 153
L 1110, -1713, 50,  1109, -1702, 31,  153, 153, 153
L 1109, -1702, 31,  1037, -1702, 31,  153, 153, 153
L 1037, -1702, 31,  1036, -1709, 31,  153, 153, 153
L 1036, -1709, 31,  1037, -1774, 31,  153, 153, 153
L 1037, -1774, 31,  1048, -1775, 49,  153, 153, 153
L 1048, -1775, 49,  1056, -1783, 49,  153, 153, 153
L 1056, -1783, 49,  1056, -1871, 31,  153, 153, 153
L 1056, -1871, 31,  1048, -1883, 49,  153, 153, 153
L 1048, -1883, 49,  1037, -1884, 31,  153, 153, 153
L 1037, -1884, 31,  1037, -1926, 31,  153, 153, 153
L 1037, -1926, 31,  1046, -1927, 31,  153, 153, 153
L 1046, -1927, 31,  1057, -1946, 31,  153, 153, 153
L 1057, -1946, 31,  1102, -1946, 31,  153, 153, 153
L 1102, -1946, 31,  1103, -1935, 49,  153, 153, 153
L 1103, -1935, 49,  1111, -1927, 43,  153, 153, 153
L 1111, -1927, 43,  1185, -1927, 31,  153, 153, 153
L 1185, -1927, 31,  1203, -1935, 49,  153, 153, 153
L 1203, -1935, 49,  1204, -1946, 31,  153, 153, 153
L 1204, -1946, 31,  1226, -1947, 31,  153, 153, 153
L 1226, -1947, 31,  1228, -1993, 31,  153, 153, 153
L 1228, -1993, 31,  1204, -1994, 31,  153, 153, 153
L 1204, -1994, 31,  1203, -1996, 31,  153, 153, 153
L 1203, -1996, 31,  1195, -2013, 49,  153, 153, 153
L 1195, -2013, 49,  1110, -2013, 50,  153, 153, 153
L 1110, -2013, 50,  1103, -2005, 49,  153, 153, 153
L 1103, -2005, 49,  1102, -1994, 31,  153, 153, 153
L 1102, -1994, 31,  1083, -1993, 31,  153, 153, 153
L 1083, -1993, 31,  1057, -1994, 31,  153, 153, 153
L 1057, -1994, 31,  1056, -2013, 31,  153, 153, 153
L 1056, -2013, 31,  1037, -2014, 31,  153, 153, 153
L 1037, -2014, 31,  1037, -2056, 31,  153, 153, 153
L 1037, -2056, 31,  1039, -2057, 31,  153, 153, 153
L 1039, -2057, 31,  1056, -2065, 49,  153, 153, 153
L 1056, -2065, 49,  1056, -2154, 31,  153, 153, 153
L 1056, -2154, 31,  1048, -2165, 49,  153, 153, 153
L 1048, -2165, 49,  1037, -2166, 31,  153, 153, 153
L 1037, -2166, 31,  1038, -2237, 31,  153, 153, 153
L 1038, -2237, 31,  1109, -2237, 31,  153, 153, 153
L 1109, -2237, 31,  1110, -2225, 50,  153, 153, 153
L 1110, -2225, 50,  1118, -2218, 49,  153, 153, 153
L 1118, -2218, 49,  1197, -2218, 31,  153, 153, 153
L 1197, -2218, 31,  1218, -2226, 49,  153, 153, 153
L 1218, -2226, 49,  1218, -2235, 31,  153, 153, 153
L 1218, -2235, 31,  1260, -2235, 54,  153, 153, 153
L 1260, -2235, 54,  1260, -2177, 31,  153, 153, 153
L 1260, -2177, 31,  1289, -2172, 31,  153, 153, 153
L 1289, -2172, 31,  1290, -2163, 31,  153, 153, 153
L 1290, -2163, 31,  1326, -2163, 31,  153, 153, 153
L 1326, -2163, 31,  1327, -2172, 31,  153, 153, 153
L 1327, -2172, 31,  1359, -2172, 31,  153, 153, 153
L 1359, -2172, 31,  1360, -2163, 31,  153, 153, 153
L 1360, -2163, 31,  1392, -2163, 31,  153, 153, 153
L 1392, -2163, 31,  1397, -2172, 31,  153, 153, 153
L 1397, -2172, 31,  1429, -2172, 31,  153, 153, 153
L 1429, -2172, 31,  1430, -2163, 31,  153, 153, 153
L 1430, -2163, 31,  1466, -2163, 31,  153, 153, 153
L 1466, -2163, 31,  1467, -2172, 31,  153, 153, 153
L 1467, -2172, 31,  1499, -2172, 31,  153, 153, 153
L 1499, -2172, 31,  1500, -2163, 31,  153, 153, 153
L 1500, -2163, 31,  1536, -2163, 31,  153, 153, 153
L 1536, -2163, 31,  1537, -2172, 31,  153, 153, 153
L 1537, -2172, 31,  1569, -2172, 31,  153, 153, 153
L 1569, -2172, 31,  1570, -2163, 31,  153, 153, 153
L 1570, -2163, 31,  1594, -2163, 31,  153, 153, 153
L 1594, -2163, 31,  1607, -2172, 31,  153, 153, 153
L 1607, -2172, 31,  1610, -2173, 31,  153, 153, 153
L 1610, -2173, 31,  1616, -2209, 31,  153, 153, 153
L 1616, -2209, 31,  1607, -2210, 31,  153, 153, 153
L 1607, -2210, 31,  1607, -2242, 31,  153, 153, 153
L 1607, -2242, 31,  1616, -2243, 31,  153, 153, 153
L 1616, -2243, 31,  1616, -2279, 31,  153, 153, 153
L 1616, -2279, 31,  1607, -2280, 31,  153, 153, 153
L 1607, -2280, 31,  1607, -2312, 31,  153, 153, 153
L 1607, -2312, 31,  1616, -2313, 31,  153, 153, 153
L 1616, -2313, 31,  1616, -2341, 31,  153, 153, 153
L 1616, -2341, 31,  1607, -2350, 31,  153, 153, 153
L 1607, -2350, 31,  1606, -2359, 31,  153, 153, 153
L 1606, -2359, 31,  1574, -2359, 31,  153, 153, 153
L 1574, -2359, 31,  1569, -2350, 31,  153, 153, 153
L 1569, -2350, 31,  1537, -2350, 31,  153, 153, 153
L 1537, -2350, 31,  1536, -2359, 31,  153, 153, 153
L 1536, -2359, 31,  1512, -2359, 31,  153, 153, 153
L 1512, -2359, 31,  1499, -2350, 31,  153, 153, 153
L 1499, -2350, 31,  1467, -2350, 31,  153, 153, 153
L 1467, -2350, 31,  1466, -2359, 31,  153, 153, 153
L 1466, -2359, 31,  1430, -2359, 31,  153, 153, 153
L 1430, -2359, 31,  1429, -2350, 31,  153, 153, 153
L 1429, -2350, 31,  1397, -2350, 31,  153, 153, 153
L 1397, -2350, 31,  1396, -2359, 31,  153, 153, 153
L 1396, -2359, 31,  1364, -2359, 31,  153, 153, 153
L 1364, -2359, 31,  1359, -2350, 31,  153, 153, 153
L 1359, -2350, 31,  1327, -2350, 31,  153, 153, 153
L 1327, -2350, 31,  1326, -2354, 31,  153, 153, 153
L 1326, -2354, 31,  1290, -2359, 31,  153, 153, 153
L 1290, -2359, 31,  1289, -2350, 31,  153, 153, 153
L 1289, -2350, 31,  1262, -2349, 31,  153, 153, 153
L 1262, -2349, 31,  1260, -2287, 55,  153, 153, 153
L 1260, -2287, 55,  1218, -2287, 31,  153, 153, 153
L 1218, -2287, 31,  1218, -2297, 49,  153, 153, 153
L 1218, -2297, 49,  1210, -2304, 49,  153, 153, 153
L 1210, -2304, 49,  1117, -2304, 49,  153, 153, 153
L 1117, -2304, 49,  1110, -2297, 49,  153, 153, 153
L 1110, -2297, 49,  1109, -2285, 31,  153, 153, 153
L 1109, -2285, 31,  991, -2284, 31,  153, 153, 153
L 991, -2284, 31,  989, -2166, 31,  153, 153, 153
L 989, -2166, 31,  978, -2165, 49,  153, 153, 153
L 978, -2165, 49,  970, -2158, 55,  153, 153, 153
L 970, -2158, 55,  970, -2065, 49,  153, 153, 153
L 970, -2065, 49,  977, -2057, 49,  153, 153, 153
L 977, -2057, 49,  989, -2056, 31,  153, 153, 153
L 989, -2056, 31,  989, -2014, 31,  153, 153, 153
L 989, -2014, 31,  979, -2013, 31,  153, 153, 153
L 979, -2013, 31,  969, -1994, 31,  153, 153, 153
L 969, -1994, 31,  918, -1994, 31,  153, 153, 153
L 918, -1994, 31,  917, -2005, 44,  153, 153, 153
L 917, -2005, 44,  909, -2013, 49,  153, 153, 153
L 909, -2013, 49,  827, -2013, 31,  153, 153, 153
L 827, -2013, 31,  811, -2005, 50,  153, 153, 153
L 811, -2005, 50,  810, -1994, 31,  153, 153, 153
L 810, -1994, 31,  768, -1994, 31,  153, 153, 153
L 768, -1994, 31,  767, -2013, 31,  153, 153, 153
L 767, -2013, 31,  748, -2014, 31,  153, 153, 153
L 748, -2014, 31,  748, -2046, 31,  153, 153, 153
L 748, -2046, 31,  774, -2047, 51,  153, 153, 153
L 774, -2047, 51,  774, -2074, 50,  153, 153, 153
L 774, -2074, 50,  734, -2114, 51,  153, 153, 153
L 734, -2114, 51,  573, -2120, 49,  153, 153, 153
L 573, -2120, 49,  560, -1994, 31,  153, 153, 153
L 560, -1994, 31,  498, -1994, 31,  153, 153, 153
L 498, -1994, 31,  497, -2004, 31,  153, 153, 153
L 497, -2004, 31,  340, -2021, 48,  153, 153, 153
L 340, -2021, 48,  339, -2148, 50,  153, 153, 153
L 339, -2148, 50,  335, -2148, 278,  153, 153, 153
L 335, -2148, 278,  315, -2149, 291,  153, 153, 153
L 315, -2149, 291,  314, -2270, 288,  153, 153, 153
L 314, -2270, 288,  204, -2270, 288,  153, 153, 153
L 204, -2270, 288,  203, -2149, 291,  153, 153, 153
L 203, -2149, 291,  179, -2148, 255,  153, 153, 153
L 179, -2148, 255,  179, -2148, 49,  153, 153, 153
L 179, -2148, 49,  178, -2021, 46,  153, 153, 153
L 178, -2021, 46,  -163, -2021, 31,  153, 153, 153
L -163, -2021, 31,  -176, -2047, 31,  153, 153, 153
L -176, -2047, 31,  -207, -2091, 31,  153, 153, 153
L -207, -2091, 31,  -229, -2109, 31,  153, 153, 153
L -229, -2109, 31,  -254, -2123, 31,  153, 153, 153
L -254, -2123, 31,  -279, -2133, 31,  153, 153, 153
L -279, -2133, 31,  -328, -2137, 49,  153, 153, 153
L -328, -2137, 49,  -328, -1993, 160,  153, 153, 153
L -328, -1993, 160,  -366, -1993, 166,  153, 153, 153
L -366, -1993, 166,  -366, -2218, 171,  153, 153, 153
L -366, -2218, 171,  -552, -2218, 171,  153, 153, 153
L -552, -2218, 171,  -553, -2139, 171,  153, 153, 153
L -553, -2139, 171,  -625, -2139, 71,  153, 153, 153
L -625, -2139, 71,  -626, -2215, 71,  153, 153, 153
L -626, -2215, 71,  -769, -2218, 91,  153, 153, 153
L -769, -2218, 91,  -770, -1991, 78,  153, 153, 153
L -770, -1991, 78,  -799, -1991, 71,  153, 153, 153
L -799, -1991, 71,  -799, -1993, 71,  153, 0, 0
L -799, -1993, 71,  -1009, -1993, -1158,  153, 0, 0
L -1009, -1993, -1158,  -1009, -1991, -1158,  153, 0, 0
L -1009, -1991, -1158,  -1038, -1991, -1142,  153, 0, 0
L -1038, -1991, -1142,  -1038, -2218, -1148,  153, 0, 0
L -1038, -2218, -1148,  -1224, -2218, -1148,  153, 0, 0
L -1224, -2218, -1148,  -1225, -2139, -1148,  153, 0, 0
L -1225, -2139, -1148,  -1367, -2139, -1148,  153, 0, 0
L -1367, -2139, -1148,  -1368, -2215, -1148,  153, 0, 0
L -1368, -2215, -1148,  -1554, -2218, -1148,  153, 0, 0
L -1554, -2218, -1148,  -1554, -1722, -1148,  153, 0, 0
L -1554, -1722, -1148,  -1368, -1722, -1148,  153, 0, 0
L -1368, -1722, -1148,  -1367, -1801, -1148,  153, 0, 0
L -1367, -1801, -1148,  -1317, -1802, -1157,  153, 0, 0
L -1317, -1802, -1157,  -1318, -1773, -1158,  153, 0, 0
L -1318, -1773, -1158,  -1324, -1773, -1158,  153, 0, 0
L -1324, -1773, -1158,  -1324, -1572, -1158,  153, 0, 0
L -1324, -1572, -1158,  -1322, -1572, -1158,  153, 0, 0
L -1322, -1572, -1158,  -1317, -1543, -1157,  153, 0, 0
L -1317, -1543, -1157,  -1367, -1545, -1148,  153, 0, 0
L -1367, -1545, -1148,  -1368, -1623, -1148,  153, 0, 0
L -1368, -1623, -1148,  -1554, -1623, -1148,  153, 0, 0
L -1554, -1623, -1148,  -1554, -1127, -1148,  153, 0, 0
L -1554, -1127, -1148,  -1368, -1127, -1148,  153, 0, 0
L -1368, -1127, -1148,  -1367, -1206, -1148,  153, 0, 0
L -1367, -1206, -1148,  -1225, -1206, -1148,  153, 0, 0
L -1225, -1206, -1148,  -1224, -1127, -1148,  153, 0, 0
L -1224, -1127, -1148,  -1038, -1127, -1148,  153, 0, 0
L -1038, -1127, -1148,  -1038, -1354, -1148,  153, 0, 0
L -1038, -1354, -1148,  -1009, -1349, -1158,  153, 0, 0
L -1009, -1349, -1158,  -1009, -1346, -1158,  153, 0, 0
L -1009, -1346, -1158,  -808, -1346, -1158,  153, 0, 0
L -808, -1346, -1158,  -808, -1353, -1158,  153, 0, 0
L -808, -1353, -1158,  -779, -1353, -1158,  153, 0, 0
L -779, -1353, -1158,  -780, -1303, -1148,  153, 0, 0
L -780, -1303, -1148,  -851, -1302, -1148,  153, 0, 0
L -851, -1302, -1148,  -859, -1116, -1148,  153, 0, 0
L -859, -1116, -1148,  -363, -1116, -1148,  153, 0, 0
L -363, -1116, -1148,  -363, -1302, -1148,  153, 0, 0
L -363, -1302, -1148,  -442, -1303, -1148,  153, 0, 0
L -442, -1303, -1148,  -442, -1445, -1148,  153, 0, 0
L -442, -1445, -1148,  -363, -1446, -1148,  153, 0, 0
L -363, -1446, -1148,  -363, -1632, -1148,  153, 0, 0
L -363, -1632, -1148,  -859, -1632, -1148,  153, 0, 0
L -859, -1632, -1148,  -859, -1446, -1148,  153, 0, 0
L -859, -1446, -1148,  -780, -1445, -1148,  153, 0, 0
L -780, -1445, -1148,  -779, -1395, -1158,  153, 0, 0
L -779, -1395, -1158,  -808, -1395, -1158,  153, 0, 0
L -808, -1395, -1158,  -808, -1401, -1158,  153, 0, 0
L -808, -1401, -1158,  -1008, -1402, -1158,  153, 0, 0
L -1008, -1402, -1158,  -1009, -1396, -1158,  153, 0, 0
L -1009, -1396, -1158,  -1038, -1396, -1139,  153, 0, 0
L -1038, -1396, -1139,  -1038, -1623, -1148,  153, 0, 0
L -1038, -1623, -1148,  -1223, -1623, -1148,  153, 0, 0
L -1223, -1623, -1148,  -1225, -1544, -1148,  153, 0, 0
L -1225, -1544, -1148,  -1275, -1543, -1149,  153, 0, 0
L -1275, -1543, -1149,  -1273, -1572, -1158,  153, 0, 0
L -1273, -1572, -1158,  -1272, -1572, -1158,  153, 0, 0
L -1272, -1572, -1158,  -1268, -1773, -1158,  153, 0, 0
L -1268, -1773, -1158,  -1271, -1773, -1158,  153, 0, 0
L -1271, -1773, -1158,  -1275, -1802, -1155,  153, 0, 0
L -1275, -1802, -1155,  -1225, -1801, -1148,  153, 0, 0
L -1225, -1801, -1148,  -1224, -1722, -1148,  153, 0, 0
L -1224, -1722, -1148,  -1045, -1722, -1148,  153, 0, 0
L -1045, -1722, -1148,  -1038, -1949, -1132,  153, 0, 0
L -1038, -1949, -1132,  -1009, -1949, -1158,  153, 0, 0
L -1009, -1949, -1158,  -1009, -1947, -1158,  153, 0, 0
L -1009, -1947, -1158,  -799, -1947, 71,  153, 0, 0
L -799, -1947, 71,  -799, -1949, 71,  153, 0, 0
L -799, -1949, 71,  -799, -1949, 71,  153, 153, 153
L -799, -1949, 71,  -770, -1949, 89,  153, 153, 153
L -770, -1949, 89,  -770, -1722, 91,  153, 153, 153
L -770, -1722, 91,  -626, -1722, 71,  153, 153, 153
L -626, -1722, 71,  -625, -1801, 89,  153, 153, 153
L -625, -1801, 89,  -553, -1801, 171,  153, 153, 153
L -553, -1801, 171,  -552, -1726, 171,  153, 153, 153
L -552, -1726, 171,  -368, -1722, 171,  153, 153, 153
L -368, -1722, 171,  -366, -1945, 188,  153, 153, 153
L -366, -1945, 188,  -328, -1947, 170,  153, 153, 153
L -328, -1947, 170,  -328, -1807, 51,  153, 153, 153
L -328, -1807, 51,  -315, -1803, 50,  153, 153, 153
L -315, -1803, 50,  -256, -1816, 31,  153, 153, 153
L -256, -1816, 31,  -224, -1834, 31,  153, 153, 153
L -224, -1834, 31,  -196, -1861, 31,  153, 153, 153
L -196, -1861, 31,  -192, -1866, 31,  153, 153, 153
L -192, -1866, 31,  -178, -1888, 31,  153, 153, 153
L -178, -1888, 31,  -178, -1888, 31,  153, 153, 153
L -178, -1888, 31,  -167, -1912, 31,  153, 153, 153
L -167, -1912, 31,  -159, -1920, 49,  153, 153, 153
L -159, -1920, 49,  129, -1919, 46,  153, 153, 153
L 129, -1919, 46,  133, -1908, 31,  153, 153, 153
L 133, -1908, 31,  140, -1891, 31,  153, 153, 153
L 140, -1891, 31,  149, -1876, 31,  153, 153, 153
L 149, -1876, 31,  152, -1873, 31,  153, 153, 153
L 152, -1873, 31,  170, -1857, 31,  153, 153, 153
L 170, -1857, 31,  170, -1857, 31,  153, 153, 153
L 170, -1857, 31,  208, -1841, 31,  153, 153, 153
L 208, -1841, 31,  209, -1840, 50,  153, 153, 153
L 209, -1840, 50,  209, -1382, 49,  153, 153, 153
L 209, -1382, 49,  235, -1381, 31,  153, 153, 153
L 235, -1381, 31,  235, -1319, 31,  153, 153, 153
L 235, -1319, 31,  211, -1318, 51,  153, 153, 153
L 211, -1318, 51,  210, -864, 51,  153, 153, 153
L 210, -864, 51,  198, -860, 51,  153, 153, 153
L 198, -860, 51,  172, -847, 51,  153, 153, 153
L 172, -847, 51,  153, -829, 51,  153, 153, 153
L 153, -829, 51,  141, -810, 51,  153, 153, 153
L 141, -810, 51,  139, -806, 51,  153, 153, 153
L 139, -806, 51,  139, -806, 51,  153, 153, 153
L 139, -806, 51,  130, -784, 51,  153, 153, 153
L 130, -784, 51,  117, -784, 51,  153, 153, 153
L 117, -784, 51,  89, -784, 63,  153, 153, 153
L 89, -784, 63,  24, -792, 321,  153, 153, 153
L 24, -792, 321,  24, -892, 291,  153, 153, 153
L 24, -892, 291,  -79, -898, 298,  153, 153, 153
L -79, -898, 298,  -80, -574, 298,  153, 153, 153
L -80, -574, 298,  24, -574, 298,  153, 153, 153
L 24, -574, 298,  24, -681, 321,  153, 153, 153
L 24, -681, 321,  34, -688, 321,  153, 153, 153
L 34, -688, 321,  79, -688, 291,  153, 153, 153
L 79, -688, 291,  87, -688, 81,  153, 153, 153
L 87, -688, 81,  132, -687, 51,  153, 153, 153
L 132, -687, 51,  137, -671, 51,  153, 153, 153
L 137, -671, 51,  151, -646, 51,  153, 153, 153
L 151, -646, 51,  175, -623, 51,  153, 153, 153
L 175, -623, 51,  193, -614, 51,  153, 153, 153
L 193, -614, 51,  211, -606, 51,  153, 153, 153
L 211, -606, 51,  211, -579, 51,  153, 153, 153
L 211, -579, 51,  211, -131, 51,  153, 153, 153
L 211, -131, 51,  197, -124, 51,  153, 153, 153
L 197, -124, 51,  184, -119, 51,  153, 153, 153
L 184, -119, 51,  175, -114, 51,  153, 153, 153
L 175, -114, 51,  175, -114, 51,  153, 153, 153
L 175, -114, 51,  154, -95, 51,  153, 153, 153
L 154, -95, 51,  142, -76, 51,  153, 153, 153
L 142, -76, 51,  134, -56, 51,  153, 153, 153
L 134, -56, 51,  130, -50, 51,  153, 153, 153
L 130, -50, 51,  109, -50, 51,  153, 153, 153
L 109, -50, 51,  -130, -50, 51,  153, 153, 153
L -130, -50, 51,  -130, 37, 51,  153, 153, 153
L -130, 37, 51,  -130, 45, 51,  153, 153, 153
L 1088, -57, 49,  1088, -57, 49,  153, 153, 153
L 1088, -57, 49,  1088, -112, 49,  153, 153, 153
L 1088, -112, 49,  1088, -248, 49,  153, 153, 153
L 1088, -248, 49,  1118, -263, 31,  153, 153, 153
L 1118, -263, 31,  1129, -270, 31,  153, 153, 153
L 1129, -270, 31,  1129, -270, 31,  153, 153, 153
L 1129, -270, 31,  1141, -281, 31,  153, 153, 153
L 1141, -281, 31,  1144, -284, 31,  153, 153, 153
L 1144, -284, 31,  1147, -288, 31,  153, 153, 153
L 1147, -288, 31,  1159, -309, 31,  153, 153, 153
L 1159, -309, 31,  1166, -328, 31,  153, 153, 153
L 1166, -328, 31,  1370, -328, 49,  153, 153, 153
L 1370, -328, 49,  1385, -296, 31,  153, 153, 153
L 1385, -296, 31,  1385, -296, 31,  153, 153, 153
L 1385, -296, 31,  1393, -285, 31,  153, 153, 153
L 1393, -285, 31,  1399, -278, 31,  153, 153, 153
L 1399, -278, 31,  1399, -278, 31,  153, 153, 153
L 1399, -278, 31,  1409, -270, 31,  153, 153, 153
L 1409, -270, 31,  1409, -270, 31,  153, 153, 153
L 1409, -270, 31,  1441, -255, 31,  153, 153, 153
L 1441, -255, 31,  1441, -255, 31,  153, 153, 153
L 1441, -255, 31,  1449, 252, 49,  153, 153, 153
L 1449, 252, 49,  1422, 261, 42,  153, 153, 153
L 1422, 261, 42,  1404, 273, 31,  153, 153, 153
L 1404, 273, 31,  1394, 283, 31,  153, 153, 153
L 1394, 283, 31,  1394, 283, 31,  153, 153, 153
L 1394, 283, 31,  1375, 315, 31,  153, 153, 153
L 1375, 315, 31,  1371, 327, 31,  153, 153, 153
L 1371, 327, 31,  1361, 327, 49,  153, 153, 153
L 1361, 327, 49,  1166, 327, 49,  153, 153, 153
L 1166, 327, 49,  1154, 298, 31,  153, 153, 153
L 1154, 298, 31,  1149, 289, 31,  153, 153, 153
L 1149, 289, 31,  1146, 286, 31,  153, 153, 153
L 1146, 286, 31,  1134, 273, 31,  153, 153, 153
L 1134, 273, 31,  1134, 273, 31,  153, 153, 153
L 1134, 273, 31,  1115, 260, 31,  153, 153, 153
L 1115, 260, 31,  1104, 255, 31,  153, 153, 153
L 1104, 255, 31,  1092, 251, 31,  153, 153, 153
L 1092, 251, 31,  1088, 179, 49,  153, 153, 153
L 1088, 179, 49,  1087, 23, 47,  153, 153, 153
L 1087, 23, 47,  1069, 23, 47,  153, 153, 153
L 1069, 23, 47,  1069, 268, 47,  153, 153, 153
L 1069, 268, 47,  1069, 268, 47,  153, 153, 153
L 1069, 268, 47,  1094, 277, 31,  153, 153, 153
L 1094, 277, 31,  1118, 293, 31,  153, 153, 153
L 1118, 293, 31,  1130, 306, 31,  153, 153, 153
L 1130, 306, 31,  1134, 312, 31,  153, 153, 153
L 1134, 312, 31,  1140, 325, 31,  153, 153, 153
L 1140, 325, 31,  1148, 346, 31,  153, 153, 153
L 1148, 346, 31,  1148, 346, 31,  153, 153, 153
L 1148, 346, 31,  1388, 347, 49,  153, 153, 153
L 1388, 347, 49,  1388, 347, 49,  153, 153, 153
L 1388, 347, 49,  1395, 331, 31,  153, 153, 153
L 1395, 331, 31,  1410, 304, 31,  153, 153, 153
L 1410, 304, 31,  1428, 287, 31,  153, 153, 153
L 1428, 287, 31,  1453, 274, 31,  153, 153, 153
L 1453, 274, 31,  1468, 270, 47,  153, 153, 153
L 1468, 270, 47,  1469, 267, 49,  153, 153, 153
L 1469, 267, 49,  1468, -271, 48,  153, 153, 153
L 1468, -271, 48,  1468, -271, 48,  153, 153, 153
L 1468, -271, 48,  1457, -274, 31,  153, 153, 153
L 1457, -274, 31,  1437, -282, 31,  153, 153, 153
L 1437, -282, 31,  1413, -302, 31,  153, 153, 153
L 1413, -302, 31,  1402, -316, 31,  153, 153, 153
L 1402, -316, 31,  1398, -325, 31,  153, 153, 153
L 1398, -325, 31,  1389, -347, 48,  153, 153, 153
L 1389, -347, 48,  1382, -348, 49,  153, 153, 153
L 1382, -348, 49,  1148, -347, 49,  153, 153, 153
L 1148, -347, 49,  1147, -345, 31,  153, 153, 153
L 1147, -345, 31,  1142, -331, 31,  153, 153, 153
L 1142, -331, 31,  1130, -308, 31,  153, 153, 153
L 1130, -308, 31,  1112, -289, 31,  153, 153, 153
L 1112, -289, 31,  1069, -269, 31,  153, 153, 153
L 1069, -269, 31,  1068, -263, 49,  153, 153, 153
L 1068, -263, 49,  1069, -28, 48,  153, 153, 153
L 1069, -28, 48,  1070, -27, 49,  153, 153, 153
L 1070, -27, 49,  1087, -28, 49,  153, 153, 153
L 1087, -28, 49,  1088, -58, 49,  153, 153, 153
L 1385, -55, 268,  1385, -55, 268,  153, 153, 153
L 1385, -55, 268,  1385, 54, 268,  153, 153, 153
L 1385, 54, 268,  1264, 55, 271,  153, 153, 153
L 1264, 55, 271,  1265, 73, 269,  153, 153, 153
L 1265, 73, 269,  1404, 73, 271,  153, 153, 153
L 1404, 73, 271,  1404, -74, 271,  153, 153, 153
L 1404, -74, 271,  1265, -74, 269,  153, 153, 153
L 1265, -74, 269,  1264, -56, 271,  153, 153, 153
L 1264, -56, 271,  1385, -55, 268,  153, 153, 153
L 1790, 50, 31,  1790, 50, 31,  153, 153, 153
L 1790, 50, 31,  1798, 72, 31,  153, 153, 153
L 1798, 72, 31,  1802, 80, 31,  153, 153, 153
L 1802, 80, 31,  1808, 90, 31,  153, 153, 153
L 1808, 90, 31,  1808, 90, 31,  153, 153, 153
L 1808, 90, 31,  1828, 109, 31,  153, 153, 153
L 1828, 109, 31,  1841, 117, 31,  153, 153, 153
L 1841, 117, 31,  1841, 117, 31,  153, 153, 153
L 1841, 117, 31,  1841, 117, 31,  153, 153, 153
L 1841, 117, 31,  1868, 128, 47,  153, 153, 153
L 1868, 128, 47,  1868, 268, 45,  153, 153, 153
L 1868, 268, 45,  1868, 268, 43,  153, 153, 153
L 1868, 268, 43,  1829, 285, 31,  153, 153, 153
L 1829, 285, 31,  1810, 303, 31,  153, 153, 153
L 1810, 303, 31,  1802, 315, 31,  153, 153, 153
L 1802, 315, 31,  1789, 346, 31,  153, 153, 153
L 1789, 346, 31,  1786, 347, 49,  153, 153, 153
L 1786, 347, 49,  1646, 346, 31,  153, 153, 153
L 1646, 346, 31,  1645, 345, 31,  153, 153, 153
L 1645, 345, 31,  1645, 345, 31,  153, 153, 153
L 1645, 345, 31,  1637, 322, 31,  153, 153, 153
L 1637, 322, 31,  1630, 311, 51,  153, 153, 153
L 1630, 311, 51,  1648, 293, 51,  153, 153, 153
L 1648, 293, 51,  1652, 297, 31,  153, 153, 153
L 1652, 297, 31,  1663, 322, 31,  153, 153, 153
L 1663, 322, 31,  1766, 327, 49,  153, 153, 153
L 1766, 327, 49,  1780, 303, 31,  153, 153, 153
L 1780, 303, 31,  1784, 296, 31,  153, 153, 153
L 1784, 296, 31,  1788, 289, 31,  153, 153, 153
L 1788, 289, 31,  1788, 289, 31,  153, 153, 153
L 1788, 289, 31,  1788, 289, 31,  153, 153, 153
L 1788, 289, 31,  1802, 274, 31,  153, 153, 153
L 1802, 274, 31,  1805, 271, 31,  153, 153, 153
L 1805, 271, 31,  1805, 271, 31,  153, 153, 153
L 1805, 271, 31,  1805, 271, 31,  153, 153, 153
L 1805, 271, 31,  1830, 256, 31,  153, 153, 153
L 1830, 256, 31,  1833, 255, 31,  153, 153, 153
L 1833, 255, 31,  1848, 250, 31,  153, 153, 153
L 1848, 250, 31,  1848, 250, 31,  153, 153, 153
L 1848, 250, 31,  1849, 242, 49,  153, 153, 153
L 1849, 242, 49,  1849, 224, 49,  153, 153, 153
L 1849, 224, 49,  1849, 193, 49,  153, 153, 153
L 1849, 193, 49,  1849, 193, 49,  153, 153, 153
L 1849, 193, 49,  1849, 150, 49,  153, 153, 153
L 1849, 150, 49,  1836, 142, 31,  153, 153, 153
L 1836, 142, 31,  1824, 136, 31,  153, 153, 153
L 1824, 136, 31,  1824, 136, 31,  153, 153, 153
L 1824, 136, 31,  1815, 132, 31,  153, 153, 153
L 1815, 132, 31,  1815, 132, 31,  153, 153, 153
L 1815, 132, 31,  1795, 114, 31,  153, 153, 153
L 1795, 114, 31,  1795, 114, 31,  153, 153, 153
L 1795, 114, 31,  1795, 114, 31,  153, 153, 153
L 1795, 114, 31,  1783, 96, 31,  153, 153, 153
L 1783, 96, 31,  1774, 75, 31,  153, 153, 153
L 1774, 75, 31,  1773, 71, 31,  153, 153, 153
L 1773, 71, 31,  1739, 69, 49,  153, 153, 153
L 1739, 69, 49,  1672, 69, 49,  153, 153, 153
L 1672, 69, 49,  1663, 82, 31,  153, 153, 153
L 1663, 82, 31,  1663, 82, 31,  153, 153, 153
L 1663, 82, 31,  1654, 101, 31,  153, 153, 153
L 1654, 101, 31,  1652, 104, 31,  153, 153, 153
L 1652, 104, 31,  1652, 104, 31,  153, 153, 153
L 1652, 104, 31,  1652, 104, 31,  153, 153, 153
L 1652, 104, 31,  1652, 104, 31,  153, 153, 153
L 1652, 104, 31,  1637, 122, 31,  153, 153, 153
L 1637, 122, 31,  1637, 122, 31,  153, 153, 153
L 1637, 122, 31,  1623, 132, 31,  153, 153, 153
L 1623, 132, 31,  1614, 137, 31,  153, 153, 153
L 1614, 137, 31,  1614, 137, 31,  153, 153, 153
L 1614, 137, 31,  1600, 142, 31,  153, 153, 153
L 1600, 142, 31,  1600, 142, 31,  153, 153, 153
L 1600, 142, 31,  1590, 146, 31,  153, 153, 153
L 1590, 146, 31,  1589, 146, 31,  153, 153, 153
L 1589, 146, 31,  1589, 252, 48,  153, 153, 153
L 1589, 252, 48,  1621, 264, 51,  153, 153, 153
L 1621, 264, 51,  1605, 284, 49,  153, 153, 153
L 1605, 284, 49,  1591, 277, 31,  153, 153, 153
L 1591, 277, 31,  1575, 272, 31,  153, 153, 153
L 1575, 272, 31,  1570, 270, 31,  153, 153, 153
L 1570, 270, 31,  1570, 128, 31,  153, 153, 153
L 1570, 128, 31,  1573, 127, 31,  153, 153, 153
L 1573, 127, 31,  1597, 118, 31,  153, 153, 153
L 1597, 118, 31,  1618, 104, 31,  153, 153, 153
L 1618, 104, 31,  1643, 68, 31,  153, 153, 153
L 1643, 68, 31,  1650, 50, 49,  153, 153, 153
L 1650, 50, 49,  1790, 50, 31,  153, 153, 153
L 1991, 120, 31,  1991, 120, 31,  153, 153, 153
L 1991, 120, 31,  2014, 106, 31,  153, 153, 153
L 2014, 106, 31,  2025, 96, 31,  153, 153, 153
L 2025, 96, 31,  2028, 92, 31,  153, 153, 153
L 2028, 92, 31,  2037, 78, 31,  153, 153, 153
L 2037, 78, 31,  2046, 56, 31,  153, 153, 153
L 2046, 56, 31,  2048, 50, 49,  153, 153, 153
L 2048, 50, 49,  2051, 49, 49,  153, 153, 153
L 2051, 49, 49,  2051, 49, 49,  153, 153, 153
L 2051, 49, 49,  2189, 50, 31,  153, 153, 153
L 2189, 50, 31,  2189, 50, 31,  153, 153, 153
L 2189, 50, 31,  2189, 50, 31,  153, 153, 153
L 2189, 50, 31,  2195, 67, 31,  153, 153, 153
L 2195, 67, 31,  2202, 82, 31,  153, 153, 153
L 2202, 82, 31,  2208, 91, 31,  153, 153, 153
L 2208, 91, 31,  2231, 113, 31,  153, 153, 153
L 2231, 113, 31,  2245, 120, 31,  153, 153, 153
L 2245, 120, 31,  2268, 128, 44,  153, 153, 153
L 2268, 128, 44,  2269, 129, 49,  153, 153, 153
L 2269, 129, 49,  2268, 270, 31,  153, 153, 153
L 2268, 270, 31,  2268, 270, 31,  153, 153, 153
L 2268, 270, 31,  2249, 276, 31,  153, 153, 153
L 2249, 276, 31,  2231, 284, 51,  153, 153, 153
L 2231, 284, 51,  2214, 267, 51,  153, 153, 153
L 2214, 267, 51,  2219, 262, 51,  153, 153, 153
L 2219, 262, 51,  2247, 253, 31,  153, 153, 153
L 2247, 253, 31,  2249, 233, 49,  153, 153, 153
L 2249, 233, 49,  2249, 233, 49,  153, 153, 153
L 2249, 233, 49,  2249, 219, 49,  153, 153, 153
L 2249, 219, 49,  2249, 167, 49,  153, 153, 153
L 2249, 167, 49,  2249, 146, 49,  153, 153, 153
L 2249, 146, 49,  2239, 143, 31,  153, 153, 153
L 2239, 143, 31,  2239, 143, 31,  153, 153, 153
L 2239, 143, 31,  2222, 136, 31,  153, 153, 153
L 2222, 136, 31,  2210, 129, 31,  153, 153, 153
L 2210, 129, 31,  2193, 113, 31,  153, 153, 153
L 2193, 113, 31,  2193, 113, 31,  153, 153, 153
L 2193, 113, 31,  2186, 104, 31,  153, 153, 153
L 2186, 104, 31,  2174, 78, 31,  153, 153, 153
L 2174, 78, 31,  2174, 78, 31,  153, 153, 153
L 2174, 78, 31,  2157, 69, 49,  153, 153, 153
L 2157, 69, 49,  2066, 69, 49,  153, 153, 153
L 2066, 69, 49,  2065, 71, 31,  153, 153, 153
L 2065, 71, 31,  2062, 82, 31,  153, 153, 153
L 2062, 82, 31,  2054, 99, 31,  153, 153, 153
L 2054, 99, 31,  2050, 105, 31,  153, 153, 153
L 2050, 105, 31,  2037, 121, 31,  153, 153, 153
L 2037, 121, 31,  2032, 125, 31,  153, 153, 153
L 2032, 125, 31,  2015, 136, 31,  153, 153, 153
L 2015, 136, 31,  2009, 139, 31,  153, 153, 153
L 2009, 139, 31,  1991, 145, 31,  153, 153, 153
L 1991, 145, 31,  1989, 149, 49,  153, 153, 153
L 1989, 149, 49,  1989, 169, 49,  153, 153, 153
L 1989, 169, 49,  1989, 178, 49,  153, 153, 153
L 1989, 178, 49,  1989, 205, 49,  153, 153, 153
L 1989, 205, 49,  1989, 233, 49,  153, 153, 153
L 1989, 233, 49,  1989, 250, 49,  153, 153, 153
L 1989, 250, 49,  1997, 252, 31,  153, 153, 153
L 1997, 252, 31,  2017, 261, 31,  153, 153, 153
L 2017, 261, 31,  2031, 270, 31,  153, 153, 153
L 2031, 270, 31,  2045, 284, 31,  153, 153, 153
L 2045, 284, 31,  2059, 306, 31,  153, 153, 153
L 2059, 306, 31,  2066, 324, 31,  153, 153, 153
L 2066, 324, 31,  2082, 327, 49,  153, 153, 153
L 2082, 327, 49,  2082, 327, 49,  153, 153, 153
L 2082, 327, 49,  2107, 327, 49,  153, 153, 153
L 2107, 327, 49,  2107, 327, 49,  153, 153, 153
L 2107, 327, 49,  2131, 327, 49,  153, 153, 153
L 2131, 327, 49,  2168, 327, 49,  153, 153, 153
L 2168, 327, 49,  2175, 323, 31,  153, 153, 153
L 2175, 323, 31,  2180, 308, 31,  153, 153, 153
L 2180, 308, 31,  2183, 300, 51,  153, 153, 153
L 2183, 300, 51,  2188, 293, 51,  153, 153, 153
L 2188, 293, 51,  2206, 311, 51,  153, 153, 153
L 2206, 311, 51,  2202, 317, 31,  153, 153, 153
L 2202, 317, 31,  2201, 319, 31,  153, 153, 153
L 2201, 319, 31,  2197, 329, 31,  153, 153, 153
L 2197, 329, 31,  2192, 346, 47,  153, 153, 153
L 2192, 346, 47,  2192, 346, 47,  153, 153, 153
L 2192, 346, 47,  2183, 347, 49,  153, 153, 153
L 2183, 347, 49,  2049, 346, 31,  153, 153, 153
L 2049, 346, 31,  2045, 336, 31,  153, 153, 153
L 2045, 336, 31,  2044, 333, 31,  153, 153, 153
L 2044, 333, 31,  2039, 320, 31,  153, 153, 153
L 2039, 320, 31,  2037, 317, 31,  153, 153, 153
L 2037, 317, 31,  2037, 317, 31,  153, 153, 153
L 2037, 317, 31,  2028, 303, 31,  153, 153, 153
L 2028, 303, 31,  2012, 287, 31,  153, 153, 153
L 2012, 287, 31,  2002, 281, 31,  153, 153, 153
L 2002, 281, 31,  1989, 274, 31,  153, 153, 153
L 1989, 274, 31,  1970, 268, 43,  153, 153, 153
L 1970, 268, 43,  1969, 239, 49,  153, 153, 153
L 1969, 239, 49,  1969, 129, 49,  153, 153, 153
L 1969, 129, 49,  1969, 129, 49,  153, 153, 153
L 1969, 129, 49,  1978, 125, 31,  153, 153, 153
L 1978, 125, 31,  1995, 118, 31,  153, 153, 153
L 2046, -55, 31,  2046, -55, 31,  153, 153, 153
L 2046, -55, 31,  2046, -58, 31,  153, 153, 153
L 2046, -58, 31,  2039, -74, 31,  153, 153, 153
L 2039, -74, 31,  2034, -84, 31,  153, 153, 153
L 2034, -84, 31,  2027, -95, 31,  153, 153, 153
L 2027, -95, 31,  2013, -108, 31,  153, 153, 153
L 2013, -108, 31,  1986, -123, 31,  153, 153, 153
L 1986, -123, 31,  1970, -129, 31,  153, 153, 153
L 1970, -129, 31,  1969, -132, 49,  153, 153, 153
L 1969, -132, 49,  1970, -269, 31,  153, 153, 153
L 1970, -269, 31,  1973, -270, 31,  153, 153, 153
L 1973, -270, 31,  1989, -275, 31,  153, 153, 153
L 1989, -275, 31,  2012, -288, 31,  153, 153, 153
L 2012, -288, 31,  2029, -305, 31,  153, 153, 153
L 2029, -305, 31,  2043, -330, 31,  153, 153, 153
L 2043, -330, 31,  2049, -347, 45,  153, 153, 153
L 2049, -347, 45,  2057, -348, 49,  153, 153, 153
L 2057, -348, 49,  2057, -348, 49,  153, 153, 153
L 2057, -348, 49,  2085, -348, 49,  153, 153, 153
L 2085, -348, 49,  2113, -348, 49,  153, 153, 153
L 2113, -348, 49,  2141, -348, 49,  153, 153, 153
L 2141, -348, 49,  2171, -348, 49,  153, 153, 153
L 2171, -348, 49,  2192, -347, 31,  153, 153, 153
L 2192, -347, 31,  2192, -347, 31,  153, 153, 153
L 2192, -347, 31,  2194, -340, 31,  153, 153, 153
L 2194, -340, 31,  2194, -340, 31,  153, 153, 153
L 2194, -340, 31,  2200, -324, 31,  153, 153, 153
L 2200, -324, 31,  2207, -311, 51,  153, 153, 153
L 2207, -311, 51,  2187, -295, 47,  153, 153, 153
L 2187, -295, 47,  2184, -299, 51,  153, 153, 153
L 2184, -299, 51,  2184, -299, 51,  153, 153, 153
L 2184, -299, 51,  2177, -317, 31,  153, 153, 153
L 2177, -317, 31,  2175, -323, 31,  153, 153, 153
L 2175, -323, 31,  2067, -328, 49,  153, 153, 153
L 2067, -328, 49,  2067, -328, 36,  153, 153, 153
L 2067, -328, 36,  2059, -307, 31,  153, 153, 153
L 2059, -307, 31,  2049, -289, 31,  153, 153, 153
L 2049, -289, 31,  2044, -283, 31,  153, 153, 153
L 2044, -283, 31,  2033, -272, 31,  153, 153, 153
L 2033, -272, 31,  2022, -264, 31,  153, 153, 153
L 2022, -264, 31,  2022, -264, 31,  153, 153, 153
L 2022, -264, 31,  1996, -253, 31,  153, 153, 153
L 1996, -253, 31,  1996, -253, 31,  153, 153, 153
L 1996, -253, 31,  1989, -249, 49,  153, 153, 153
L 1989, -249, 49,  1989, -246, 49,  153, 153, 153
L 1989, -246, 49,  1989, -230, 49,  153, 153, 153
L 1989, -230, 49,  1989, -230, 49,  153, 153, 153
L 1989, -230, 49,  1989, -157, 49,  153, 153, 153
L 1989, -157, 49,  1997, -144, 31,  153, 153, 153
L 1997, -144, 31,  2017, -136, 31,  153, 153, 153
L 2017, -136, 31,  2017, -136, 31,  153, 153, 153
L 2017, -136, 31,  2031, -127, 31,  153, 153, 153
L 2031, -127, 31,  2031, -127, 31,  153, 153, 153
L 2031, -127, 31,  2044, -114, 31,  153, 153, 153
L 2044, -114, 31,  2048, -108, 31,  153, 153, 153
L 2048, -108, 31,  2055, -98, 31,  153, 153, 153
L 2055, -98, 31,  2060, -88, 31,  153, 153, 153
L 2060, -88, 31,  2065, -74, 31,  153, 153, 153
L 2065, -74, 31,  2065, -74, 31,  153, 153, 153
L 2065, -74, 31,  2171, -70, 48,  153, 153, 153
L 2171, -70, 48,  2173, -76, 31,  153, 153, 153
L 2173, -76, 31,  2182, -98, 31,  153, 153, 153
L 2182, -98, 31,  2184, -102, 31,  153, 153, 153
L 2184, -102, 31,  2194, -115, 31,  153, 153, 153
L 2194, -115, 31,  2196, -118, 31,  153, 153, 153
L 2196, -118, 31,  2196, -118, 31,  153, 153, 153
L 2196, -118, 31,  2217, -134, 31,  153, 153, 153
L 2217, -134, 31,  2217, -134, 31,  153, 153, 153
L 2217, -134, 31,  2241, -145, 31,  153, 153, 153
L 2241, -145, 31,  2241, -145, 31,  153, 153, 153
L 2241, -145, 31,  2249, -157, 49,  153, 153, 153
L 2249, -157, 49,  2249, -157, 49,  153, 153, 153
L 2249, -157, 49,  2249, -180, 49,  153, 153, 153
L 2249, -180, 49,  2249, -180, 49,  153, 153, 153
L 2249, -180, 49,  2249, -208, 49,  153, 153, 153
L 2249, -208, 49,  2249, -208, 49,  153, 153, 153
L 2249, -208, 49,  2249, -241, 49,  153, 153, 153
L 2249, -241, 49,  2249, -241, 49,  153, 153, 153
L 2249, -241, 49,  2245, -254, 31,  153, 153, 153
L 2245, -254, 31,  2233, -258, 31,  153, 153, 153
L 2233, -258, 31,  2217, -264, 51,  153, 153, 153
L 2217, -264, 51,  2214, -268, 51,  153, 153, 153
L 2214, -268, 51,  2233, -285, 51,  153, 153, 153
L 2233, -285, 51,  2238, -281, 31,  153, 153, 153
L 2238, -281, 31,  2241, -280, 31,  153, 153, 153
L 2241, -280, 31,  2265, -272, 31,  153, 153, 153
L 2265, -272, 31,  2269, -270, 49,  153, 153, 153
L 2269, -270, 49,  2269, -269, 49,  153, 153, 153
L 2269, -269, 49,  2268, -129, 44,  153, 153, 153
L 2268, -129, 44,  2268, -129, 44,  153, 153, 153
L 2268, -129, 44,  2262, -127, 31,  153, 153, 153
L 2262, -127, 31,  2236, -116, 31,  153, 153, 153
L 2236, -116, 31,  2216, -102, 31,  153, 153, 153
L 2216, -102, 31,  2202, -83, 31,  153, 153, 153
L 2202, -83, 31,  2189, -51, 31,  153, 153, 153
L 2189, -51, 31,  2189, -51, 31,  153, 153, 153
L 2189, -51, 31,  2049, -50, 49,  153, 153, 153
L 2049, -50, 49,  2049, -50, 49,  153, 153, 153
L 2049, -50, 49,  2043, -66, 31,  153, 153, 153
L 1859, -126, 31,  1859, -126, 31,  153, 153, 153
L 1859, -126, 31,  1859, -126, 31,  153, 153, 153
L 1859, -126, 31,  1850, -123, 31,  153, 153, 153
L 1850, -123, 31,  1850, -123, 31,  153, 153, 153
L 1850, -123, 31,  1838, -117, 31,  153, 153, 153
L 1838, -117, 31,  1827, -110, 31,  153, 153, 153
L 1827, -110, 31,  1813, -97, 31,  153, 153, 153
L 1813, -97, 31,  1804, -85, 31,  153, 153, 153
L 1804, -85, 31,  1791, -52, 31,  153, 153, 153
L 1791, -52, 31,  1789, -50, 49,  153, 153, 153
L 1789, -50, 49,  1648, -52, 36,  153, 153, 153
L 1648, -52, 36,  1648, -52, 31,  153, 153, 153
L 1648, -52, 31,  1648, -52, 31,  153, 153, 153
L 1648, -52, 31,  1648, -52, 31,  153, 153, 153
L 1648, -52, 31,  1638, -78, 31,  153, 153, 153
L 1638, -78, 31,  1638, -78, 31,  153, 153, 153
L 1638, -78, 31,  1624, -100, 31,  153, 153, 153
L 1624, -100, 31,  1613, -109, 31,  153, 153, 153
L 1613, -109, 31,  1598, -118, 31,  153, 153, 153
L 1598, -118, 31,  1598, -118, 31,  153, 153, 153
L 1598, -118, 31,  1570, -129, 31,  153, 153, 153
L 1570, -129, 31,  1569, -132, 49,  153, 153, 153
L 1569, -132, 49,  1570, -271, 47,  153, 153, 153
L 1570, -271, 47,  1570, -271, 47,  153, 153, 153
L 1570, -271, 47,  1577, -273, 31,  153, 153, 153
L 1577, -273, 31,  1577, -273, 31,  153, 153, 153
L 1577, -273, 31,  1602, -282, 31,  153, 153, 153
L 1602, -282, 31,  1607, -285, 51,  153, 153, 153
L 1607, -285, 51,  1623, -267, 51,  153, 153, 153
L 1623, -267, 51,  1623, -267, 51,  153, 153, 153
L 1623, -267, 51,  1622, -266, 47,  153, 153, 153
L 1622, -266, 47,  1609, -259, 47,  153, 153, 153
L 1609, -259, 47,  1592, -254, 31,  153, 153, 153
L 1592, -254, 31,  1589, -151, 49,  153, 153, 153
L 1589, -151, 49,  1611, -139, 31,  153, 153, 153
L 1611, -139, 31,  1611, -139, 31,  153, 153, 153
L 1611, -139, 31,  1623, -133, 31,  153, 153, 153
L 1623, -133, 31,  1631, -127, 31,  153, 153, 153
L 1631, -127, 31,  1643, -117, 31,  153, 153, 153
L 1643, -117, 31,  1649, -109, 31,  153, 153, 153
L 1649, -109, 31,  1649, -109, 31,  153, 153, 153
L 1649, -109, 31,  1664, -78, 31,  153, 153, 153
L 1664, -78, 31,  1664, -78, 31,  153, 153, 153
L 1664, -78, 31,  1755, -70, 49,  153, 153, 153
L 1755, -70, 49,  1777, -86, 31,  153, 153, 153
L 1777, -86, 31,  1777, -86, 31,  153, 153, 153
L 1777, -86, 31,  1777, -86, 31,  153, 153, 153
L 1777, -86, 31,  1790, -109, 31,  153, 153, 153
L 1790, -109, 31,  1792, -112, 31,  153, 153, 153
L 1792, -112, 31,  1802, -122, 31,  153, 153, 153
L 1802, -122, 31,  1807, -127, 31,  153, 153, 153
L 1807, -127, 31,  1807, -127, 31,  153, 153, 153
L 1807, -127, 31,  1824, -137, 31,  153, 153, 153
L 1824, -137, 31,  1828, -139, 31,  153, 153, 153
L 1828, -139, 31,  1839, -144, 31,  153, 153, 153
L 1839, -144, 31,  1849, -147, 31,  153, 153, 153
L 1849, -147, 31,  1849, -157, 49,  153, 153, 153
L 1849, -157, 49,  1849, -171, 49,  153, 153, 153
L 1849, -171, 49,  1849, -178, 49,  153, 153, 153
L 1849, -178, 49,  1849, -231, 49,  153, 153, 153
L 1849, -231, 49,  1844, -253, 31,  153, 153, 153
L 1844, -253, 31,  1837, -255, 31,  153, 153, 153
L 1837, -255, 31,  1818, -263, 31,  153, 153, 153
L 1818, -263, 31,  1813, -266, 31,  153, 153, 153
L 1813, -266, 31,  1813, -266, 31,  153, 153, 153
L 1813, -266, 31,  1791, -287, 31,  153, 153, 153
L 1791, -287, 31,  1791, -287, 31,  153, 153, 153
L 1791, -287, 31,  1780, -305, 31,  153, 153, 153
L 1780, -305, 31,  1771, -328, 31,  153, 153, 153
L 1771, -328, 31,  1766, -328, 49,  153, 153, 153
L 1766, -328, 49,  1670, -328, 49,  153, 153, 153
L 1670, -328, 49,  1664, -326, 31,  153, 153, 153
L 1664, -326, 31,  1662, -320, 31,  153, 153, 153
L 1662, -320, 31,  1653, -296, 51,  153, 153, 153
L 1653, -296, 51,  1647, -295, 51,  153, 153, 153
L 1647, -295, 51,  1632, -312, 51,  153, 153, 153
L 1632, -312, 51,  1632, -313, 50,  153, 153, 153
L 1632, -313, 50,  1635, -317, 31,  153, 153, 153
L 1635, -317, 31,  1639, -326, 31,  153, 153, 153
L 1639, -326, 31,  1646, -347, 31,  153, 153, 153
L 1646, -347, 31,  1647, -348, 49,  153, 153, 153
L 1647, -348, 49,  1788, -348, 49,  153, 153, 153
L 1788, -348, 49,  1789, -347, 41,  153, 153, 153
L 1789, -347, 41,  1791, -343, 31,  153, 153, 153
L 1791, -343, 31,  1793, -335, 31,  153, 153, 153
L 1793, -335, 31,  1793, -335, 31,  153, 153, 153
L 1793, -335, 31,  1802, -315, 31,  153, 153, 153
L 1802, -315, 31,  1804, -311, 31,  153, 153, 153
L 1804, -311, 31,  1807, -308, 31,  153, 153, 153
L 1807, -308, 31,  1807, -308, 31,  153, 153, 153
L 1807, -308, 31,  1826, -288, 31,  153, 153, 153
L 1826, -288, 31,  1826, -288, 31,  153, 153, 153
L 1826, -288, 31,  1849, -275, 31,  153, 153, 153
L 1849, -275, 31,  1869, -268, 49,  153, 153, 153
L 1869, -268, 49,  1869, -268, 49,  153, 153, 153
L 1869, -268, 49,  1869, -246, 49,  153, 153, 153
L 1869, -246, 49,  1867, -128, 31,  153, 153, 153
L 1867, -128, 31,  1864, -127, 31,  153, 153, 153
P 1932, 4, 0, 0, 0, 0, 2, Paladin
