L 26, 39, 2833,  -27, 39, 2858,  153, 153, 153
L -27, 39, 2858,  -40, 26, 2915,  153, 153, 153
L -40, 26, 2915,  -40, -27, 2870,  153, 153, 153
L -40, -27, 2870,  -27, -40, 2833,  153, 153, 153
L -27, -40, 2833,  26, -40, 2850,  153, 153, 153
L 26, -40, 2850,  39, -27, 2839,  153, 153, 153
L 39, -27, 2839,  39, 26, 2833,  153, 153, 153
L 39, 26, 2833,  26, 39, 2833,  153, 153, 153
L -15, 28, 2864,  -29, 14, 2865,  153, 153, 153
L -29, 14, 2865,  -29, -15, 2906,  153, 153, 153
L -29, -15, 2906,  -15, -29, 2865,  153, 153, 153
L -15, -29, 2865,  13, -30, 2908,  153, 153, 153
L 13, -30, 2908,  29, -14, 2880,  153, 153, 153
L 29, -14, 2880,  29, 13, 2877,  153, 153, 153
L 29, 13, 2877,  13, 28, 2868,  153, 153, 153
L 13, 28, 2868,  -15, 28, 2863,  153, 153, 153
L 11, -12, 2900,  -12, -12, 2850,  153, 153, 153
L -12, -12, 2850,  -12, 11, 2876,  153, 153, 153
L -12, 11, 2876,  11, 11, 2875,  153, 153, 153
L 11, 11, 2875,  11, -12, 2882,  153, 153, 153
L 11, 11, 202,  -12, 11, 163,  0, 0, 255
L -12, 11, 163,  -12, -12, 208,  0, 0, 255
L -12, -12, 208,  11, -12, 206,  0, 0, 255
L 11, -12, 206,  11, 11, 125,  0, 0, 255
L 95, -2, 231,  95, -12, 201,  0, 0, 255
L 95, -12, 201,  85, -12, 224,  0, 0, 255
L 85, -12, 224,  85, -2, 184,  0, 0, 255
L 85, -2, 184,  95, -2, 216,  0, 0, 255
L -12, 95, 128,  -2, 95, 164,  0, 0, 255
L -2, 95, 164,  -12, 95, 143,  0, 0, 255
L -12, 95, 143,  -12, 85, 245,  0, 0, 255
L -12, 85, 245,  -2, 85, 159,  0, 0, 255
L -2, 85, 159,  -2, 95, 223,  0, 0, 255
L 11, 85, 782,  1, 85, 773,  255, 0, 0
L 1, 85, 773,  1, 95, 691,  255, 0, 0
L 1, 95, 691,  11, 95, 596,  255, 0, 0
L 11, 95, 596,  11, 85, 648,  255, 0, 0
L 83, 27, -1673,  83, 41, -1673,  255, 255, 0
L 83, 41, -1673,  97, 41, -1673,  255, 255, 0
L 97, 41, -1673,  97, 27, -1673,  255, 255, 0
L 97, 27, -1673,  111, 27, -1673,  255, 255, 0
L 111, 27, -1673,  111, 13, -1673,  255, 255, 0
L 111, 13, -1673,  125, 13, -1673,  255, 255, 0
L 125, 13, -1673,  125, 0, -1673,  255, 255, 0
L 125, 0, -1673,  139, 0, -1673,  255, 255, 0
L 139, 0, -1673,  139, -14, -1673,  255, 255, 0
L 139, -14, -1673,  125, -14, -1673,  255, 255, 0
L 125, -14, -1673,  125, -28, -1673,  255, 255, 0
L 125, -28, -1673,  111, -28, -1673,  255, 255, 0
L 111, -28, -1673,  111, -42, -1664,  255, 255, 0
L 111, -42, -1664,  97, -42, -1644,  255, 255, 0
L 97, -42, -1644,  97, -56, -1654,  255, 255, 0
L 97, -56, -1654,  83, -56, -1657,  255, 255, 0
L 83, -56, -1657,  83, -42, -1662,  255, 255, 0
L 83, -42, -1662,  69, -42, -1673,  255, 255, 0
L 69, -42, -1673,  69, -28, -1657,  255, 255, 0
L 69, -28, -1657,  55, -28, -1673,  255, 255, 0
L 55, -28, -1673,  55, -14, -1673,  255, 255, 0
L 55, -14, -1673,  41, -14, -1673,  255, 255, 0
L 41, -14, -1673,  41, 0, -1673,  255, 255, 0
L 41, 0, -1673,  55, 0, -1673,  255, 255, 0
L 55, 0, -1673,  55, 13, -1673,  255, 255, 0
L 55, 13, -1673,  69, 13, -1673,  255, 255, 0
L 69, 13, -1673,  69, 27, -1673,  255, 255, 0
L 97, -14, -1376,  83, -14, -1318,  255, 255, 0
L 83, -14, -1318,  83, 0, -1275,  255, 255, 0
L 83, 0, -1275,  97, 0, -1363,  255, 255, 0
L 97, 0, -1363,  97, -14, -1223,  255, 255, 0
L -294, -14, -2652,  -294, 27, -2652,  255, 255, 0
L -294, 27, -2652,  -260, 49, -2793,  255, 255, 0
L -260, 49, -2793,  -246, 98, -2965,  255, 255, 0
L -246, 98, -2965,  -202, 133, -2995,  255, 255, 0
L -202, 133, -2995,  -179, 142, -2807,  255, 255, 0
L -179, 142, -2807,  -168, 167, -2652,  255, 255, 0
L -168, 167, -2652,  -126, 167, -2652,  255, 255, 0
L -126, 167, -2652,  -114, 133, -3087,  255, 255, 0
L -114, 133, -3087,  -72, 129, -3107,  255, 255, 0
L -72, 129, -3107,  -56, 111, -3491,  255, 255, 0
L -56, 111, -3491,  -28, 55, -3023,  255, 255, 0
L -28, 55, -3023,  -41, 24, -3348,  255, 255, 0
L -41, 24, -3348,  -32, -2, -3022,  255, 255, 0
L -32, -2, -3022,  -36, -42, -2080,  255, 255, 0
L -36, -42, -2080,  -56, -56, -2929,  255, 255, 0
L -56, -56, -2929,  -64, -78, -2820,  255, 255, 0
L -64, -78, -2820,  -116, -90, -2893,  255, 255, 0
L -116, -90, -2893,  -140, -69, -3222,  255, 255, 0
L -140, -69, -3222,  -162, -102, -2586,  255, 255, 0
L -162, -102, -2586,  -212, -80, -2939,  255, 255, 0
L -212, -80, -2939,  -222, -60, -3020,  255, 255, 0
L -222, -60, -3020,  -246, -46, -2981,  255, 255, 0
L -246, -46, -2981,  -259, -15, -2798,  255, 255, 0
L -259, -15, -2798,  -294, -14, -2652,  255, 255, 0
L -294, -14, -2652,  -294, 27, -2652,  255, 255, 0
L -168, 13, -3039,  -182, -14, -3166,  255, 255, 0
L -182, -14, -3166,  -154, 0, -3039,  255, 255, 0
L -154, 0, -3039,  -154, 0, -3039,  255, 255, 0
L -154, 0, -3039,  -140, -42, -3167,  255, 255, 0
L -140, -42, -3167,  -126, 0, -3015,  255, 255, 0
L -126, 0, -3015,  -98, -14, -3163,  255, 255, 0
L -98, -14, -3163,  -112, 13, -3039,  255, 255, 0
L -112, 13, -3039,  -70, 27, -3305,  255, 255, 0
L -70, 27, -3305,  -112, 41, -3039,  255, 255, 0
L -112, 41, -3039,  -98, 69, -3164,  255, 255, 0
L -98, 69, -3164,  -126, 55, -3039,  255, 255, 0
L -126, 55, -3039,  -140, 97, -3304,  255, 255, 0
L -140, 97, -3304,  -154, 55, -3039,  255, 255, 0
L -154, 55, -3039,  -182, 69, -3050,  255, 255, 0
L -182, 69, -3050,  -168, 41, -3024,  255, 255, 0
L -168, 41, -3024,  -210, 27, -3304,  255, 255, 0
L -210, 27, -3304,  -168, 13, -3039,  255, 255, 0
L -168, 13, -1600,  -182, -14, -1690,  255, 255, 0
L -182, -14, -1690,  -154, 0, -1600,  255, 255, 0
L -154, 0, -1600,  -154, 0, -1600,  255, 255, 0
L -154, 0, -1600,  -140, -42, -1600,  255, 255, 0
L -140, -42, -1600,  -126, 0, -1600,  255, 255, 0
L -126, 0, -1600,  -98, -14, -1600,  255, 255, 0
L -98, -14, -1600,  -112, 13, -1600,  255, 255, 0
L -112, 13, -1600,  -70, 27, -1600,  255, 255, 0
L -70, 27, -1600,  -112, 41, -1600,  255, 255, 0
L -112, 41, -1600,  -98, 69, -1600,  255, 255, 0
L -98, 69, -1600,  -126, 55, -1600,  255, 255, 0
L -126, 55, -1600,  -140, 97, -1600,  255, 255, 0
L -140, 97, -1600,  -154, 55, -1600,  255, 255, 0
L -154, 55, -1600,  -182, 69, -1600,  255, 255, 0
L -182, 69, -1600,  -168, 41, -1600,  255, 255, 0
L -168, 41, -1600,  -210, 27, -1600,  255, 255, 0
L -210, 27, -1600,  -168, 13, -1600,  255, 255, 0
L -224, -56, -1453,  -238, 27, -1533,  255, 255, 0
L -238, 27, -1533,  -224, 111, -1533,  255, 255, 0
L -224, 111, -1533,  -140, 125, -1533,  255, 255, 0
L -140, 125, -1533,  -56, 111, -1533,  255, 255, 0
L -56, 111, -1533,  -42, 27, -1533,  255, 255, 0
L -42, 27, -1533,  -56, -56, -1533,  255, 255, 0
L -56, -56, -1533,  -140, -70, -1533,  255, 255, 0
L -140, -70, -1533,  -224, -56, -1533,  255, 255, 0
L -252, -84, -833,  -266, 0, -833,  255, 255, 0
L -266, 0, -833,  -266, 55, -833,  255, 255, 0
L -266, 55, -833,  -252, 139, -833,  255, 255, 0
L -252, 139, -833,  -168, 153, -833,  255, 255, 0
L -168, 153, -833,  -112, 153, -833,  255, 255, 0
L -112, 153, -833,  -28, 139, -833,  255, 255, 0
L -28, 139, -833,  -14, 55, -833,  255, 255, 0
L -14, 55, -833,  0, 55, -833,  255, 255, 0
L 0, 55, -833,  13, 41, -866,  255, 255, 0
L 13, 41, -866,  27, 41, -821,  255, 255, 0
L 27, 41, -821,  27, 13, -818,  255, 255, 0
L 27, 13, -818,  13, 13, -878,  255, 255, 0
L 13, 13, -878,  -2, 0, -833,  255, 255, 0
L -2, 0, -833,  -14, 0, -833,  255, 255, 0
L -14, 0, -833,  -26, -84, -790,  255, 255, 0
L -26, -84, -790,  -112, -98, -833,  255, 255, 0
L -112, -98, -833,  -168, -98, -833,  255, 255, 0
L -168, -98, -833,  -252, -84, -833,  255, 255, 0
L 83, 13, -1113,  13, 13, -1113,  255, 255, 0
L 13, 13, -1113,  13, 41, -1113,  255, 255, 0
L 13, 41, -1113,  27, 41, -1113,  255, 255, 0
L 27, 41, -1113,  27, 27, -1113,  255, 255, 0
L 27, 27, -1113,  83, 27, -1113,  255, 255, 0
L 83, 27, -1113,  83, 13, -1113,  255, 255, 0
L 97, 13, -553,  69, 13, -506,  255, 255, 0
L 69, 13, -506,  69, 27, -577,  255, 255, 0
L 69, 27, -577,  83, 27, -594,  255, 255, 0
L 83, 27, -594,  83, 55, -553,  255, 255, 0
L 83, 55, -553,  97, 55, -553,  255, 255, 0
L 97, 55, -553,  97, 13, -490,  255, 255, 0
L 45, 13, -1049,  47, 13, -1113,  255, 255, 0
L 47, 13, -1113,  49, 13, -1113,  255, 255, 0
L 49, 13, -1113,  47, 17, -1113,  255, 255, 0
L 97, 69, 6,  97, 41, 40,  255, 255, 0
L 97, 41, 40,  83, 41, -12,  255, 255, 0
L 83, 41, -12,  83, 55, 6,  255, 255, 0
L 83, 55, 6,  27, 55, 6,  255, 255, 0
L 27, 55, 6,  27, 125, 6,  255, 255, 0
L 27, 125, 6,  0, 125, 6,  255, 255, 0
L 0, 125, 6,  0, 167, -211,  255, 255, 0
L 0, 167, -211,  -14, 167, 90,  255, 255, 0
L -14, 167, 90,  -14, 181, 60,  255, 255, 0
L -14, 181, 60,  27, 181, 6,  255, 255, 0
L 27, 181, 6,  27, 195, 6,  255, 255, 0
L 27, 195, 6,  13, 195, 6,  255, 255, 0
L 13, 195, 6,  13, 237, 6,  255, 255, 0
L 13, 237, 6,  55, 237, 6,  255, 255, 0
L 55, 237, 6,  55, 195, 6,  255, 255, 0
L 55, 195, 6,  41, 195, 6,  255, 255, 0
L 41, 195, 6,  41, 181, 6,  255, 255, 0
L 41, 181, 6,  83, 181, 6,  255, 255, 0
L 83, 181, 6,  83, 111, 6,  255, 255, 0
L 83, 111, 6,  97, 111, 6,  255, 255, 0
L 97, 111, 6,  97, 167, 6,  255, 255, 0
L 97, 167, 6,  111, 167, 6,  255, 255, 0
L 111, 167, 6,  111, 97, 6,  255, 255, 0
L 111, 97, 6,  83, 97, 6,  255, 255, 0
L 83, 97, 6,  83, 69, 6,  255, 255, 0
L 83, 69, 6,  97, 69, 6,  255, 255, 0
L 0, 181, -553,  0, 167, -553,  255, 255, 0
L 0, 167, -553,  -56, 167, -553,  255, 255, 0
L -56, 167, -553,  -56, 223, -553,  255, 255, 0
L -56, 223, -553,  -14, 223, -553,  255, 255, 0
L -14, 223, -553,  -14, 181, -553,  255, 255, 0
L -14, 181, -553,  0, 181, -496,  255, 255, 0
L 139, 125, 286,  125, 153, 286,  255, 255, 0
L 125, 153, 286,  97, 153, 348,  255, 255, 0
L 97, 153, 348,  97, 167, 362,  255, 255, 0
L 97, 167, 362,  125, 167, 286,  255, 255, 0
L 125, 167, 286,  139, 195, 286,  255, 255, 0
L 139, 195, 286,  153, 195, 286,  255, 255, 0
L 153, 195, 286,  153, 209, 286,  255, 255, 0
L 153, 209, 286,  181, 223, 286,  255, 255, 0
L 181, 223, 286,  195, 223, 286,  255, 255, 0
L 195, 223, 286,  223, 209, 286,  255, 255, 0
L 223, 209, 286,  223, 195, 286,  255, 255, 0
L 223, 195, 286,  237, 195, 286,  255, 255, 0
L 237, 195, 286,  251, 167, 286,  255, 255, 0
L 251, 167, 286,  251, 153, 286,  255, 255, 0
L 251, 153, 286,  237, 125, 286,  255, 255, 0
L 237, 125, 286,  223, 125, 286,  255, 255, 0
L 223, 125, 286,  223, 111, 286,  255, 255, 0
L 223, 111, 286,  195, 97, 286,  255, 255, 0
L 195, 97, 286,  181, 97, 286,  255, 255, 0
L 181, 97, 286,  153, 111, 286,  255, 255, 0
L 153, 111, 286,  153, 125, 286,  255, 255, 0
L 153, 125, 286,  139, 125, 286,  255, 255, 0
L 209, 139, 6,  167, 139, 6,  255, 255, 0
L 167, 139, 6,  167, 181, 6,  255, 255, 0
L 167, 181, 6,  209, 181, 6,  255, 255, 0
L 209, 181, 6,  209, 139, 6,  255, 255, 0
L 195, 153, 6,  195, 151, 6,  255, 255, 0
L 195, 151, 6,  181, 151, 6,  255, 255, 0
L 181, 151, 6,  181, 153, 6,  255, 255, 0
L 181, 153, 6,  179, 153, 6,  255, 255, 0
L 179, 153, 6,  179, 167, 6,  255, 255, 0
L 179, 167, 6,  181, 167, 6,  255, 255, 0
L 181, 167, 6,  181, 169, 6,  255, 255, 0
L 181, 169, 6,  195, 169, 6,  255, 255, 0
L 195, 169, 6,  195, 167, 6,  255, 255, 0
L 195, 167, 6,  197, 167, 6,  255, 255, 0
L 197, 167, 6,  197, 153, 6,  255, 255, 0
L 197, 153, 6,  195, 153, 6,  255, 255, 0
L 195, 153, 5,  195, 153, -63,  255, 255, 0
L 195, 153, -63,  181, 153, -221,  255, 255, 0
L 181, 153, -221,  181, 167, -281,  255, 255, 0
L 181, 167, -281,  195, 167, -350,  255, 255, 0
L 195, 167, -350,  195, 153, -336,  255, 255, 0
L 195, 167, -973,  195, 153, -973,  255, 255, 0
L 195, 153, -973,  139, 153, -973,  255, 255, 0
L 139, 153, -973,  139, 167, -973,  255, 255, 0
L 139, 167, -973,  195, 167, -973,  255, 255, 0
L 153, 209, -833,  153, 153, -779,  255, 255, 0
L 153, 153, -779,  139, 153, -768,  255, 255, 0
L 139, 153, -768,  139, 209, -810,  255, 255, 0
L 139, 209, -810,  125, 209, -833,  255, 255, 0
L 125, 209, -833,  125, 223, -833,  255, 255, 0
L 125, 223, -833,  111, 223, -722,  255, 255, 0
L 111, 223, -722,  111, 237, -1043,  255, 255, 0
L 111, 237, -1043,  97, 237, -1061,  255, 255, 0
L 97, 237, -1061,  97, 251, -1113,  255, 255, 0
L 97, 251, -1113,  83, 251, -1243,  255, 255, 0
L 83, 251, -1243,  83, 279, -1203,  255, 255, 0
L 83, 279, -1203,  97, 279, -1393,  255, 255, 0
L 97, 279, -1393,  97, 293, -1368,  255, 255, 0
L 97, 293, -1368,  83, 293, -833,  255, 255, 0
L 83, 293, -833,  83, 307, -833,  255, 255, 0
L 83, 307, -833,  111, 307, -831,  255, 255, 0
L 111, 307, -831,  111, 311, -830,  255, 255, 0
L 111, 311, -830,  111, 321, -833,  255, 255, 0
L 111, 321, -833,  97, 321, -833,  255, 255, 0
L 97, 321, -833,  97, 363, -833,  255, 255, 0
L 97, 363, -833,  139, 363, -808,  255, 255, 0
L 139, 363, -808,  139, 307, -893,  255, 255, 0
L 139, 307, -893,  153, 307, -940,  255, 255, 0
L 153, 307, -940,  153, 363, -833,  255, 255, 0
L 153, 363, -833,  195, 363, -833,  255, 255, 0
L 195, 363, -833,  195, 321, -833,  255, 255, 0
L 195, 321, -833,  181, 321, -827,  255, 255, 0
L 181, 321, -827,  181, 307, -810,  255, 255, 0
L 181, 307, -810,  209, 307, -833,  255, 255, 0
L 209, 307, -833,  209, 293, -833,  255, 255, 0
L 209, 293, -833,  195, 293, -858,  255, 255, 0
L 195, 293, -858,  195, 279, -926,  255, 255, 0
L 195, 279, -926,  209, 279, -664,  255, 255, 0
L 209, 279, -664,  209, 251, -662,  255, 255, 0
L 209, 251, -662,  195, 251, -1113,  255, 255, 0
L 195, 251, -1113,  195, 237, -1113,  255, 255, 0
L 195, 237, -1113,  181, 237, -1108,  255, 255, 0
L 181, 237, -1108,  181, 223, -702,  255, 255, 0
L 181, 223, -702,  167, 223, -833,  255, 255, 0
L 167, 223, -833,  167, 209, -833,  255, 255, 0
L 167, 209, -833,  153, 209, -833,  255, 255, 0
L 83, 251, -1176,  69, 251, -1113,  255, 255, 0
L 69, 251, -1113,  69, 237, -1113,  255, 255, 0
L 69, 237, -1113,  27, 237, -1113,  255, 255, 0
L 27, 237, -1113,  27, 293, -1100,  255, 255, 0
L 27, 293, -1100,  69, 293, -1113,  255, 255, 0
L 69, 293, -1113,  69, 279, -1113,  255, 255, 0
L 69, 279, -1113,  83, 279, -1171,  255, 255, 0
L 83, 279, -1171,  83, 279, -1393,  255, 255, 0
L 83, 279, -1393,  209, 279, -1393,  255, 255, 0
L 209, 279, -1393,  209, 279, -1163,  255, 255, 0
L 209, 279, -1163,  223, 279, -1113,  255, 255, 0
L 223, 279, -1113,  223, 293, -1113,  255, 255, 0
L 223, 293, -1113,  265, 293, -1113,  255, 255, 0
L 265, 293, -1113,  265, 237, -1108,  255, 255, 0
L 265, 237, -1108,  223, 237, -1113,  255, 255, 0
L 223, 237, -1113,  223, 251, -1113,  255, 255, 0
L 223, 251, -1113,  209, 251, -1142,  255, 255, 0
L 195, 279, -1673,  97, 279, -1662,  255, 255, 0
L 97, 279, -1662,  97, 293, -1666,  255, 255, 0
L 97, 293, -1666,  83, 293, -1673,  255, 255, 0
L 83, 293, -1673,  83, 307, -1673,  255, 255, 0
L 83, 307, -1673,  111, 307, -1673,  255, 255, 0
L 111, 307, -1673,  111, 321, -1673,  255, 255, 0
L 111, 321, -1673,  97, 321, -1673,  255, 255, 0
L 97, 321, -1673,  97, 363, -1673,  255, 255, 0
L 97, 363, -1673,  139, 363, -1673,  255, 255, 0
L 139, 363, -1673,  139, 307, -1664,  255, 255, 0
L 139, 307, -1664,  153, 307, -1673,  255, 255, 0
L 153, 307, -1673,  153, 363, -1673,  255, 255, 0
L 153, 363, -1673,  195, 363, -1673,  255, 255, 0
L 195, 363, -1673,  195, 321, -1673,  255, 255, 0
L 195, 321, -1673,  181, 321, -1673,  255, 255, 0
L 181, 321, -1673,  181, 307, -1673,  255, 255, 0
L 181, 307, -1673,  209, 307, -1670,  255, 255, 0
L 209, 307, -1670,  209, 293, -1628,  255, 255, 0
L 209, 293, -1628,  195, 293, -1652,  255, 255, 0
L 195, 293, -1652,  195, 279, -1673,  255, 255, 0
L 195, 279, -1673,  97, 279, -1662,  255, 255, 0
L 97, 167, -693,  153, 167, -647,  0, 255, 255
L 153, 167, -647,  153, 111, -693,  0, 255, 255
L 153, 111, -693,  139, 111, -693,  0, 255, 255
L 139, 111, -693,  139, 153, -779,  0, 255, 255
L 139, 153, -779,  97, 153, -692,  0, 255, 255
L 97, 153, -692,  97, 167, -693,  0, 255, 255
L 125, 97, -553,  111, 97, -553,  0, 255, 255
L 111, 97, -553,  111, 55, -553,  0, 255, 255
L 111, 55, -553,  97, 55, -553,  0, 255, 255
L 97, 55, -553,  97, 97, -553,  0, 255, 255
L 97, 97, -553,  83, 97, -553,  0, 255, 255
L 83, 97, -553,  83, 111, -553,  0, 255, 255
L 83, 111, -553,  55, 111, -553,  0, 255, 255
L 55, 111, -553,  55, 83, -553,  0, 255, 255
L 55, 83, -553,  41, 83, -553,  0, 255, 255
L 41, 83, -553,  41, 125, -553,  0, 255, 255
L 41, 125, -553,  83, 125, -553,  0, 255, 255
L 83, 125, -553,  83, 139, -553,  0, 255, 255
L 83, 139, -553,  97, 139, -553,  0, 255, 255
L 97, 139, -553,  97, 167, -506,  0, 255, 255
L 97, 167, -506,  111, 167, -448,  0, 255, 255
L 111, 167, -448,  111, 139, -553,  0, 255, 255
L 111, 139, -553,  125, 139, -553,  0, 255, 255
L 125, 139, -553,  125, 125, -553,  0, 255, 255
L 125, 125, -553,  153, 125, -497,  0, 255, 255
L 153, 125, -497,  153, 111, -592,  0, 255, 255
L 153, 111, -592,  125, 111, -553,  0, 255, 255
L 125, 111, -553,  125, 97, -553,  0, 255, 255
L 167, 69, -205,  167, 55, -198,  153, 0, 153
L 167, 55, -198,  97, 55, -223,  153, 0, 153
L 97, 55, -223,  97, 69, -258,  153, 0, 153
L 97, 69, -258,  167, 69, -230,  153, 0, 153
L -28, 83, -273,  -28, 97, -273,  0, 255, 255
L -28, 97, -273,  -14, 111, -273,  0, 255, 255
L -14, 111, -273,  0, 111, -273,  0, 255, 255
L 0, 111, -273,  13, 97, -273,  0, 255, 255
L 13, 97, -273,  55, 97, -291,  0, 255, 255
L 55, 97, -291,  55, 83, -278,  0, 255, 255
L 55, 83, -278,  13, 83, -273,  0, 255, 255
L 13, 83, -273,  0, 69, -273,  0, 255, 255
L 0, 69, -273,  -14, 69, -273,  0, 255, 255
L -14, 69, -273,  -28, 83, -273,  0, 255, 255
L -28, 83, 286,  -28, 97, 286,  0, 0, 255
L -28, 97, 286,  -14, 111, 286,  0, 0, 255
L -14, 111, 286,  13, 111, 286,  0, 0, 255
L 13, 111, 286,  27, 97, 286,  0, 0, 255
L 27, 97, 286,  27, 83, 286,  0, 0, 255
L 27, 83, 286,  13, 69, 286,  0, 0, 255
L 13, 69, 286,  13, 55, 286,  0, 0, 255
L 13, 55, 286,  55, 13, 286,  0, 0, 255
L 55, 13, 286,  69, 13, 286,  0, 0, 255
L 69, 13, 286,  83, 27, 286,  0, 0, 255
L 83, 27, 286,  97, 27, 286,  0, 0, 255
L 97, 27, 286,  111, 13, 286,  0, 0, 255
L 111, 13, 286,  111, -14, 286,  0, 0, 255
L 111, -14, 286,  97, -28, 286,  0, 0, 255
L 97, -28, 286,  83, -28, 286,  0, 0, 255
L 83, -28, 286,  69, -14, 286,  0, 0, 255
L 69, -14, 286,  55, -14, 286,  0, 0, 255
L 55, -14, 286,  13, -56, 285,  0, 0, 255
L 13, -56, 285,  13, -70, 286,  0, 0, 255
L 13, -70, 286,  27, -84, 286,  0, 0, 255
L 27, -84, 286,  27, -98, 286,  0, 0, 255
L 27, -98, 286,  13, -112, 286,  0, 0, 255
L 13, -112, 286,  -14, -112, 286,  0, 0, 255
L -14, -112, 286,  -28, -98, 286,  0, 0, 255
L -28, -98, 286,  -28, -84, 286,  0, 0, 255
L -28, -84, 286,  -14, -70, 286,  0, 0, 255
L -14, -70, 286,  -14, -56, 286,  0, 0, 255
L -14, -56, 286,  -56, -14, 286,  0, 0, 255
L -56, -14, 286,  -70, -14, 286,  0, 0, 255
L -70, -14, 286,  -84, -28, 286,  0, 0, 255
L -84, -28, 286,  -98, -28, 286,  0, 0, 255
L -98, -28, 286,  -112, -14, 286,  0, 0, 255
L -112, -14, 286,  -112, 13, 286,  0, 0, 255
L -112, 13, 286,  -98, 27, 286,  0, 0, 255
L -98, 27, 286,  -84, 27, 286,  0, 0, 255
L -84, 27, 286,  -70, 13, 286,  0, 0, 255
L -70, 13, 286,  -56, 13, 286,  0, 0, 255
L -56, 13, 286,  -14, 55, 286,  0, 0, 255
L -14, 55, 286,  -14, 69, 286,  0, 0, 255
L -14, 69, 286,  -28, 83, 286,  0, 0, 255
L -42, 27, 26,  -28, 41, 26,  0, 0, 255
L -28, 41, 26,  27, 41, 26,  0, 0, 255
L 27, 41, 26,  41, 27, 26,  0, 0, 255
L 41, 27, 26,  41, -28, 26,  0, 0, 255
L 41, -28, 26,  27, -42, 26,  0, 0, 255
L 27, -42, 26,  -28, -42, 26,  0, 0, 255
L -28, -42, 26,  -42, -28, 26,  0, 0, 255
L -42, -28, 26,  -42, 27, 26,  0, 0, 255
L 13, -28, 6,  -14, -28, 6,  0, 0, 255
L -14, -28, 6,  -28, -14, 6,  0, 0, 255
L -28, -14, 6,  -28, 13, 6,  0, 0, 255
L -28, 13, 6,  -14, 27, 6,  0, 0, 255
L -14, 27, 6,  13, 27, 6,  0, 0, 255
L 13, 27, 6,  27, 13, 6,  0, 0, 255
L 27, 13, 6,  27, -14, 6,  0, 0, 255
L 27, -14, 6,  13, -28, 6,  0, 0, 255
L 0, 125, 845,  0, 83, 947,  0, 0, 255
L 0, 83, 947,  13, 83, 797,  0, 0, 255
L 13, 83, 797,  13, 111, 850,  0, 0, 255
L 13, 111, 850,  41, 111, 845,  0, 0, 255
L 41, 111, 845,  41, 153, 845,  0, 0, 255
L 41, 153, 845,  55, 153, 845,  0, 0, 255
L 55, 153, 845,  55, 195, 845,  0, 0, 255
L 55, 195, 845,  13, 195, 845,  0, 0, 255
L 13, 195, 845,  13, 153, 845,  0, 0, 255
L 13, 153, 845,  27, 153, 845,  0, 0, 255
L 27, 153, 845,  27, 125, 848,  0, 0, 255
L 27, 125, 848,  0, 125, 845,  0, 0, 255
L -40, -108, 3005,  -40, -90, 3005,  153, 153, 153
L -40, -90, 3005,  -10, -90, 3005,  153, 153, 153
L -10, -90, 3005,  -10, -70, 3021,  153, 153, 153
L -10, -70, 3021,  -60, -60, 3085,  153, 153, 153
L -60, -60, 3085,  -28, -42, 2886,  153, 153, 153
L -28, -42, 2886,  -42, -28, 2853,  153, 153, 153
L -42, -28, 2853,  -60, -60, 3085,  153, 153, 153
L -60, -60, 3085,  -70, -10, 3005,  153, 153, 153
L -70, -10, 3005,  -110, -10, 3005,  153, 153, 153
L -110, -10, 3005,  -110, 9, 3005,  153, 153, 153
L -110, 9, 3005,  -70, 9, 3005,  153, 153, 153
L -70, 9, 3005,  -60, 59, 3085,  153, 153, 153
L -60, 59, 3085,  -42, 27, 3005,  153, 153, 153
L -42, 27, 3005,  -28, 41, 2915,  153, 153, 153
L -28, 41, 2915,  -60, 59, 3085,  153, 153, 153
L -60, 59, 3085,  -10, 69, 3005,  153, 153, 153
L -10, 69, 3005,  -10, 109, 3223,  153, 153, 153
L -10, 109, 3223,  9, 109, 3190,  153, 153, 153
L 9, 109, 3190,  9, 69, 3005,  153, 153, 153
L 9, 69, 3005,  59, 59, 3085,  153, 153, 153
L 59, 59, 3085,  27, 41, 3031,  153, 153, 153
L 27, 41, 3031,  39, 29, 3051,  153, 153, 153
L 39, 29, 3051,  59, 59, 3085,  153, 153, 153
L 59, 59, 3085,  69, 9, 3044,  153, 153, 153
L 69, 9, 3044,  109, 9, 3280,  153, 153, 153
L 109, 9, 3280,  109, -10, 3239,  153, 153, 153
L 109, -10, 3239,  69, -10, 3005,  153, 153, 153
L 69, -10, 3005,  59, -60, 3085,  153, 153, 153
L 59, -60, 3085,  41, -28, 3036,  153, 153, 153
L 41, -28, 3036,  27, -42, 3057,  153, 153, 153
L 27, -42, 3057,  59, -60, 3085,  153, 153, 153
L 59, -60, 3085,  9, -70, 3005,  153, 153, 153
L 9, -70, 3005,  9, -110, 3005,  153, 153, 153
L 9, -110, 3005,  -20, -110, 3005,  153, 153, 153
L -20, -110, 3005,  -20, -113, 3005,  153, 153, 153
L 55, -42, -553,  27, -42, -529,  0, 255, 0
L 27, -42, -529,  13, -56, -553,  0, 255, 0
L 13, -56, -553,  13, -70, -553,  0, 255, 0
L 13, -70, -553,  27, -84, -553,  0, 255, 0
L 27, -84, -553,  55, -84, -530,  0, 255, 0
L 55, -84, -530,  55, -70, -550,  0, 255, 0
L 55, -70, -550,  83, -70, -629,  0, 255, 0
L 83, -70, -629,  97, -56, -544,  0, 255, 0
L 97, -56, -544,  125, -56, -457,  0, 255, 0
L 125, -56, -457,  125, -42, -471,  0, 255, 0
L 125, -42, -471,  111, -42, -598,  0, 255, 0
L 111, -42, -598,  97, -28, -553,  0, 255, 0
L 97, -28, -553,  97, 0, -479,  0, 255, 0
L 97, 0, -479,  83, 0, -491,  0, 255, 0
L 83, 0, -491,  83, -42, -553,  0, 255, 0
L 83, -42, -553,  69, -56, -553,  0, 255, 0
L 69, -56, -553,  55, -56, -553,  0, 255, 0
L 55, -56, -553,  55, -42, -553,  0, 255, 0
L 69, -70, -781,  69, -98, -833,  0, 255, 0
L 69, -98, -833,  55, -98, -833,  0, 255, 0
L 55, -98, -833,  55, -126, -833,  0, 255, 0
L 55, -126, -833,  69, -140, -833,  0, 255, 0
L 69, -140, -833,  83, -140, -833,  0, 255, 0
L 83, -140, -833,  97, -126, -833,  0, 255, 0
L 97, -126, -833,  97, -98, -833,  0, 255, 0
L 97, -98, -833,  83, -98, -833,  0, 255, 0
L 83, -98, -833,  83, -70, -833,  0, 255, 0
L 83, -70, -833,  69, -70, -833,  0, 255, 0
L 139, -84, -413,  111, -84, -413,  255, 255, 0
L 111, -84, -413,  111, -42, -389,  255, 255, 0
L 111, -42, -389,  125, -42, -375,  255, 255, 0
L 125, -42, -375,  125, -70, -413,  255, 255, 0
L 125, -70, -413,  139, -70, -406,  255, 255, 0
L 139, -70, -406,  139, -84, -390,  255, 255, 0
L 111, -112, -273,  111, -126, -273,  0, 255, 0
L 111, -126, -273,  125, -126, -256,  0, 255, 0
L 125, -126, -256,  139, -140, -273,  0, 255, 0
L 139, -140, -273,  139, -154, -273,  0, 255, 0
L 139, -154, -273,  111, -154, -273,  0, 255, 0
L 111, -154, -273,  111, -210, -250,  0, 255, 0
L 111, -210, -250,  181, -210, -273,  0, 255, 0
L 181, -210, -273,  181, -154, -273,  0, 255, 0
L 181, -154, -273,  153, -154, -273,  0, 255, 0
L 153, -154, -273,  153, -140, -273,  0, 255, 0
L 153, -140, -273,  167, -126, -273,  0, 255, 0
L 167, -126, -273,  195, -126, -145,  0, 255, 0
L 195, -126, -145,  195, -112, -172,  0, 255, 0
L 195, -112, -172,  167, -112, -273,  0, 255, 0
L 167, -112, -273,  153, -98, -273,  0, 255, 0
L 153, -98, -273,  153, -70, -273,  0, 255, 0
L 153, -70, -273,  125, -70, -224,  0, 255, 0
L 125, -70, -224,  125, -84, -214,  0, 255, 0
L 125, -84, -214,  139, -84, -310,  0, 255, 0
L 139, -84, -310,  139, -98, -273,  0, 255, 0
L 139, -98, -273,  125, -112, -272,  0, 255, 0
L 125, -112, -272,  111, -112, -273,  0, 255, 0
L 153, -56, -689,  111, -56, -693,  0, 255, 255
L 111, -56, -693,  111, -42, -693,  0, 255, 255
L 111, -42, -693,  139, -42, -693,  0, 255, 255
L 139, -42, -693,  139, 0, -693,  0, 255, 255
L 139, 0, -693,  181, 0, -693,  0, 255, 255
L 181, 0, -693,  181, 13, -693,  0, 255, 255
L 181, 13, -693,  195, 27, -693,  0, 255, 255
L 195, 27, -693,  237, 27, -693,  0, 255, 255
L 237, 27, -693,  251, 13, -693,  0, 255, 255
L 251, 13, -693,  251, -28, -693,  0, 255, 255
L 251, -28, -693,  237, -42, -693,  0, 255, 255
L 237, -42, -693,  195, -42, -693,  0, 255, 255
L 195, -42, -693,  181, -28, -693,  0, 255, 255
L 181, -28, -693,  181, -14, -693,  0, 255, 255
L 181, -14, -693,  153, -14, -693,  0, 255, 255
L 153, -14, -693,  153, -56, -693,  0, 255, 255
L 237, -14, -802,  237, 0, -798,  0, 255, 255
L 237, 0, -798,  223, 13, -786,  0, 255, 255
L 223, 13, -786,  209, 13, -792,  0, 255, 255
L 209, 13, -792,  195, 0, -739,  0, 255, 255
L 195, 0, -739,  195, -14, -760,  0, 255, 255
L 195, -14, -760,  209, -28, -793,  0, 255, 255
L 209, -28, -793,  223, -28, -755,  0, 255, 255
L 223, -28, -755,  237, -14, -782,  0, 255, 255
L 195, 27, -1533,  181, 13, -1533,  153, 153, 153
L 181, 13, -1533,  181, -28, -1533,  153, 153, 153
L 181, -28, -1533,  195, -42, -1533,  153, 153, 153
L 195, -42, -1533,  237, -42, -1532,  153, 153, 153
L 237, -42, -1532,  251, -28, -1506,  153, 153, 153
L 251, -28, -1506,  251, 13, -1533,  153, 153, 153
L 251, 13, -1533,  237, 27, -1533,  153, 153, 153
L 237, 27, -1533,  195, 27, -1533,  153, 153, 153
L 209, -42, -1393,  223, -56, -1393,  153, 153, 153
L 223, -56, -1393,  223, -63, -1393,  153, 153, 153
L 223, -63, -1393,  209, -70, -1393,  153, 153, 153
L 209, -70, -1393,  195, -56, -1393,  153, 153, 153
L 195, -56, -1393,  181, -56, -1393,  153, 153, 153
L 181, -56, -1393,  167, -70, -1393,  153, 153, 153
L 167, -70, -1393,  167, -84, -1385,  153, 153, 153
L 167, -84, -1385,  181, -98, -1393,  153, 153, 153
L 181, -98, -1393,  195, -98, -1393,  153, 153, 153
L 195, -98, -1393,  209, -84, -1393,  153, 153, 153
L 209, -84, -1393,  223, -98, -1393,  153, 153, 153
L 223, -98, -1393,  251, -98, -1393,  153, 153, 153
L 251, -98, -1393,  265, -84, -1393,  153, 153, 153
L 265, -84, -1393,  265, -70, -1393,  153, 153, 153
L 265, -70, -1393,  251, -63, -1393,  153, 153, 153
L 251, -63, -1393,  251, -56, -1393,  153, 153, 153
L 251, -56, -1393,  265, -42, -1393,  153, 153, 153
L 265, -42, -1393,  279, -42, -1393,  153, 153, 153
L 279, -42, -1393,  293, -28, -1370,  153, 153, 153
L 293, -28, -1370,  279, -14, -1393,  153, 153, 153
L 279, -14, -1393,  279, 0, -1393,  153, 153, 153
L 279, 0, -1393,  293, 13, -1374,  153, 153, 153
L 293, 13, -1374,  279, 27, -1393,  153, 153, 153
L 279, 27, -1393,  265, 27, -1366,  153, 153, 153
L 265, 27, -1366,  251, 41, -1393,  153, 153, 153
L 251, 41, -1393,  251, 48, -1393,  153, 153, 153
L 251, 48, -1393,  265, 55, -1393,  153, 153, 153
L 265, 55, -1393,  265, 69, -1377,  153, 153, 153
L 265, 69, -1377,  251, 83, -1393,  153, 153, 153
L 251, 83, -1393,  223, 83, -1393,  153, 153, 153
L 223, 83, -1393,  209, 69, -1393,  153, 153, 153
L 209, 69, -1393,  209, 55, -1393,  153, 153, 153
L 209, 55, -1393,  223, 48, -1393,  153, 153, 153
L 223, 48, -1393,  223, 41, -1393,  153, 153, 153
L 223, 41, -1393,  209, 27, -1393,  153, 153, 153
L 293, 13, -1293,  307, 13, -1253,  153, 153, 153
L 307, 13, -1253,  321, 0, -1253,  153, 153, 153
L 321, 0, -1253,  321, -14, -1253,  153, 153, 153
L 321, -14, -1253,  307, -28, -1253,  153, 153, 153
L 307, -28, -1253,  293, -28, -1367,  153, 153, 153
L 307, 13, -1253,  335, 13, -1113,  153, 153, 153
L 335, 13, -1113,  349, 0, -1113,  153, 153, 153
L 349, 0, -1113,  349, -14, -1113,  153, 153, 153
L 349, -14, -1113,  335, -28, -1113,  153, 153, 153
L 335, -28, -1113,  307, -28, -1247,  153, 153, 153
L 223, -210, -833,  265, -210, -833,  153, 153, 153
L 265, -210, -833,  265, -224, -833,  153, 153, 153
L 265, -224, -833,  251, -238, -833,  153, 153, 153
L 251, -238, -833,  251, -280, -833,  153, 153, 153
L 251, -280, -833,  265, -294, -833,  153, 153, 153
L 265, -294, -833,  307, -294, -833,  153, 153, 153
L 307, -294, -833,  321, -280, -833,  153, 153, 153
L 321, -280, -833,  321, -238, -833,  153, 153, 153
L 321, -238, -833,  307, -224, -833,  153, 153, 153
L 307, -224, -833,  307, -210, -833,  153, 153, 153
L 307, -210, -833,  349, -210, -794,  153, 153, 153
L 349, -210, -794,  349, -140, -833,  153, 153, 153
L 349, -140, -833,  359, -140, -833,  153, 153, 153
L 359, -140, -833,  359, -112, -833,  153, 153, 153
L 359, -112, -833,  321, -112, -833,  153, 153, 153
L 321, -112, -833,  321, -140, -833,  153, 153, 153
L 321, -140, -833,  293, -140, -833,  153, 153, 153
L 293, -140, -833,  293, -112, -783,  153, 153, 153
L 293, -112, -783,  279, -112, -732,  153, 153, 153
L 279, -112, -732,  279, -140, -833,  153, 153, 153
L 279, -140, -833,  251, -140, -833,  153, 153, 153
L 251, -140, -833,  251, -112, -833,  153, 153, 153
L 251, -112, -833,  223, -112, -833,  153, 153, 153
L 223, -112, -833,  223, -210, -833,  153, 153, 153
L 265, -84, -1327,  279, -98, -1253,  255, 255, 0
L 279, -98, -1253,  279, -126, -1253,  255, 255, 0
L 279, -126, -1253,  293, -126, -1253,  255, 255, 0
L 293, -126, -1253,  293, -98, -1253,  255, 255, 0
L 293, -98, -1253,  307, -84, -1253,  255, 255, 0
L 307, -84, -1253,  307, -70, -1253,  255, 255, 0
L 307, -70, -1253,  293, -56, -1253,  255, 255, 0
L 293, -56, -1253,  279, -56, -1253,  255, 255, 0
L 279, -56, -1253,  265, -70, -1296,  255, 255, 0
L 209, 69, -1300,  195, 83, -1253,  255, 255, 0
L 195, 83, -1253,  181, 83, -1253,  255, 255, 0
L 181, 83, -1253,  167, 69, -1253,  255, 255, 0
L 167, 69, -1253,  153, 69, -1253,  255, 255, 0
L 153, 69, -1253,  153, 55, -1253,  255, 255, 0
L 153, 55, -1253,  167, 55, -1253,  255, 255, 0
L 167, 55, -1253,  181, 41, -1250,  255, 255, 0
L 181, 41, -1250,  195, 41, -1253,  255, 255, 0
L 195, 41, -1253,  209, 55, -1288,  255, 255, 0
L 265, 55, -1294,  279, 41, -1253,  255, 255, 0
L 279, 41, -1253,  293, 41, -1253,  255, 255, 0
L 293, 41, -1253,  307, 55, -1253,  255, 255, 0
L 307, 55, -1253,  307, 69, -1253,  255, 255, 0
L 307, 69, -1253,  293, 83, -1253,  255, 255, 0
L 293, 83, -1253,  279, 83, -1253,  255, 255, 0
L 279, 83, -1253,  265, 69, -1347,  255, 255, 0
L 195, -98, -1306,  195, -112, -1253,  255, 255, 0
L 195, -112, -1253,  181, -112, -1253,  255, 255, 0
L 181, -112, -1253,  181, -98, -1300,  255, 255, 0
L 181, -126, -693,  181, -98, -636,  0, 255, 255
L 181, -98, -636,  195, -98, -618,  0, 255, 255
L 195, -98, -618,  195, -126, -608,  0, 255, 255
L 195, -126, -608,  181, -126, -624,  0, 255, 255
L 359, -134, -783,  363, -132, -772,  0, 255, 255
L 363, -132, -772,  363, -140, -793,  0, 255, 255
L 363, -140, -793,  371, -158, -833,  0, 255, 255
L 371, -158, -833,  391, -168, -833,  0, 255, 255
L 391, -168, -833,  419, -168, -833,  0, 255, 255
L 419, -168, -833,  433, -126, -913,  0, 255, 255
L 433, -126, -913,  433, -112, -913,  0, 255, 255
L 433, -112, -913,  405, -84, -833,  0, 255, 255
L 405, -84, -833,  391, -84, -833,  0, 255, 255
L 391, -84, -833,  371, -98, -833,  0, 255, 255
L 371, -98, -833,  363, -112, -793,  0, 255, 255
L 363, -112, -793,  363, -118, -748,  0, 255, 255
L 363, -118, -748,  359, -120, -775,  0, 255, 255
L 405, -168, -673,  405, -182, -673,  0, 255, 255
L 405, -182, -673,  419, -196, -673,  0, 255, 255
L 419, -196, -673,  433, -196, -713,  0, 255, 255
L 433, -196, -713,  447, -210, -712,  0, 255, 255
L 447, -210, -712,  461, -210, -692,  0, 255, 255
L 461, -210, -692,  475, -196, -713,  0, 255, 255
L 475, -196, -713,  475, -182, -713,  0, 255, 255
L 475, -182, -713,  461, -168, -713,  0, 255, 255
L 461, -168, -713,  447, -168, -713,  0, 255, 255
L 447, -168, -713,  433, -182, -713,  0, 255, 255
L 433, -182, -713,  419, -168, -703,  0, 255, 255
L 433, -126, -913,  447, -140, -913,  0, 255, 255
L 447, -140, -913,  461, -140, -913,  0, 255, 255
L 461, -140, -913,  475, -126, -913,  0, 255, 255
L 475, -126, -913,  461, -98, -913,  0, 255, 255
L 461, -98, -913,  447, -98, -913,  0, 255, 255
L 447, -98, -913,  433, -112, -913,  0, 255, 255
L 461, -140, -912,  475, -154, -873,  0, 255, 255
L 475, -154, -873,  489, -154, -873,  0, 255, 255
L 489, -154, -873,  489, -140, -873,  0, 255, 255
L 489, -140, -873,  503, -140, -873,  0, 255, 255
L 503, -140, -873,  517, -126, -873,  0, 255, 255
L 517, -126, -873,  475, -126, -913,  0, 255, 255
L 503, -140, -775,  517, -154, -773,  0, 255, 255
L 517, -154, -773,  503, -168, -773,  0, 255, 255
L 503, -168, -773,  503, -182, -773,  0, 255, 255
L 503, -182, -773,  517, -196, -773,  0, 255, 255
L 517, -196, -773,  531, -196, -773,  0, 255, 255
L 531, -196, -773,  545, -182, -773,  0, 255, 255
L 545, -182, -773,  545, -168, -773,  0, 255, 255
L 545, -168, -773,  531, -154, -773,  0, 255, 255
L 531, -154, -773,  517, -154, -773,  0, 255, 255
L 531, -154, -773,  531, -140, -713,  0, 255, 255
L 531, -140, -713,  517, -126, -873,  0, 255, 255
L 447, -98, -891,  447, -70, -833,  0, 255, 255
L 447, -70, -833,  461, -56, -833,  0, 255, 255
L 461, -56, -833,  475, -56, -913,  0, 255, 255
L 475, -56, -913,  475, -70, -913,  0, 255, 255
L 475, -70, -913,  489, -84, -913,  0, 255, 255
L 489, -84, -913,  503, -84, -913,  0, 255, 255
L 503, -84, -913,  517, -70, -913,  0, 255, 255
L 517, -70, -913,  517, -56, -913,  0, 255, 255
L 517, -56, -913,  503, -42, -913,  0, 255, 255
L 503, -42, -913,  489, -42, -913,  0, 255, 255
L 489, -42, -913,  475, -56, -913,  0, 255, 255
L 475, -70, -913,  461, -84, -833,  0, 255, 255
L 461, -84, -833,  461, -98, -874,  0, 255, 255
P -100, -14, 0, 255, 255, 255, 2, Succor Point
P 240, 450, 0, 255, 255, 255, 2, Use Depth Filter 580 580
