L 2011.0789, -338.7089, -19.3900,  2000.8383, -319.7833, -15.3547,  64, 64, 64
L 2014.8348, -336.4491, -19.0500,  2011.0789, -338.7089, -19.3900,  64, 64, 64
L 2002.1560, -314.0070, -14.6858,  2014.8348, -336.4491, -19.0500,  64, 64, 64
L 1977.0886, -328.1431, -13.2796,  2002.1560, -314.0070, -14.6858,  64, 64, 64
L 1979.0546, -331.5518, -14.0565,  1977.0886, -328.1431, -13.2796,  64, 64, 64
L 2000.8383, -319.7833, -15.3547,  1979.0546, -331.5518, -14.0565,  64, 64, 64
L 2033.9512, -362.1537, -17.5873,  2029.9091, -364.3741, -17.9445,  64, 64, 64
L 2020.8362, -339.3098, -19.4060,  2033.9512, -362.1537, -17.5873,  64, 64, 64
L 2016.9360, -342.0534, -19.8742,  2020.8362, -339.3098, -19.4060,  64, 64, 64
L 2029.9091, -364.3741, -18.1897,  2016.9360, -342.0534, -19.8742,  64, 64, 64
L 2047.7972, -394.2239, -15.0926,  2051.6692, -392.3183, -14.5346,  64, 64, 64
L 2036.8158, -370.9141, -17.0280,  2047.7972, -394.2239, -15.0926,  64, 64, 64
L 2040.3845, -368.8228, -16.5954,  2036.8158, -370.9141, -17.0280,  64, 64, 64
L 2051.6692, -392.3183, -14.7729,  2040.3845, -368.8228, -16.5954,  64, 64, 64
L 2017.4938, -534.4587, -18.4594,  2022.5283, -508.2587, -18.1406,  64, 64, 64
L 2013.1156, -533.7206, -18.7514,  2017.4938, -534.4587, -18.4594,  64, 64, 64
L 2018.4674, -503.2570, -18.4141,  2013.1156, -533.7206, -18.7514,  64, 64, 64
L 2044.5469, -508.2068, -16.6745,  2018.4674, -503.2570, -18.4141,  64, 64, 64
L 2043.9901, -512.4778, -16.7090,  2044.5469, -508.2068, -16.6745,  64, 64, 64
L 2022.5288, -508.2588, -18.1406,  2043.9901, -512.4778, -16.7090,  64, 64, 64
L 1814.5817, -535.8965, 109.8806,  1804.1042, -535.8986, 109.8806,  64, 64, 64
L 1814.6577, -521.9429, 109.8806,  1814.5817, -535.8965, 109.8806,  64, 64, 64
L 1804.1714, -521.8579, 109.8806,  1814.6577, -521.9429, 109.8806,  64, 64, 64
L 1804.1042, -535.8986, 109.8806,  1804.1714, -521.8579, 109.8806,  64, 64, 64
L 1799.5775, -517.7290, 109.8806,  1799.5765, -560.4712, 109.8806,  64, 64, 64
L 1842.3197, -517.7290, 109.8806,  1799.5775, -517.7290, 109.8806,  64, 64, 64
L 1842.3197, -560.4711, 109.8806,  1842.3197, -517.7290, 109.8806,  64, 64, 64
L 1799.5760, -560.4712, 109.8806,  1842.3197, -560.4711, 109.8806,  64, 64, 64
L 1814.2465, -565.3044, 53.0290,  1811.1722, -565.3306, 53.0290,  64, 64, 64
L 1814.2080, -560.4807, 52.9001,  1814.2465, -565.3044, 53.0290,  64, 64, 64
L 1799.5767, -560.4712, 52.9001,  1814.2080, -560.4807, 52.9001,  64, 64, 64
L 1799.5775, -517.7290, 52.9001,  1799.5767, -560.4712, 52.9001,  64, 64, 64
L 1842.3197, -517.7290, 52.9001,  1799.5775, -517.7290, 52.9001,  64, 64, 64
L 1842.3196, -560.4712, 52.9001,  1842.3197, -517.7290, 52.9001,  64, 64, 64
L 1825.8085, -561.1414, 53.2282,  1842.3196, -560.4712, 52.9001,  64, 64, 64
L 1826.0648, -565.2426, 53.0290,  1825.8085, -561.1414, 53.2282,  64, 64, 64
L 1847.1791, -563.8942, 43.3693,  1826.0648, -565.2426, 53.0290,  64, 64, 64
L 1847.1791, -547.0932, 37.8161,  1847.1791, -563.8942, 43.3693,  64, 64, 64
L 1847.1791, -547.7638, 37.4799,  1847.1790, -512.8670, 54.2380,  64, 64, 64
L 1857.3855, -574.0617, 25.9175,  1857.4408, -549.8941, 36.5051,  64, 64, 64
L 1810.9795, -574.5370, 25.2948,  1857.4352, -574.1628, 25.8737,  64, 64, 64
L 1810.6805, -565.3305, 29.3120,  1810.9795, -574.5370, 25.2948,  64, 64, 64
L 1794.7173, -564.6246, 29.5025,  1810.6805, -565.3305, 29.3120,  64, 64, 64
L 1794.9027, -512.9190, 42.9200,  1794.7173, -564.6246, 29.5025,  64, 64, 64
L 1847.1790, -512.8670, 54.6049,  1794.9027, -512.9190, 42.9200,  64, 64, 64
L 1890.0686, -671.2499, -11.3711,  1888.4775, -649.4601, -11.1075,  64, 64, 64
L 1894.8038, -670.4927, -11.4068,  1890.0686, -671.2499, -11.3711,  64, 64, 64
L 1892.4520, -644.6731, -8.9322,  1894.8038, -670.4927, -11.4068,  64, 64, 64
L 1862.3645, -647.3328, -8.8514,  1892.4520, -644.6731, -8.9322,  64, 64, 64
L 1863.0032, -651.9483, -10.2114,  1862.3645, -647.3328, -8.8514,  64, 64, 64
L 1888.4775, -649.4601, -11.1075,  1863.0032, -651.9483, -10.2114,  64, 64, 64
L 1953.6797, -795.0792, -7.6552,  1955.7228, -795.0247, -7.6552,  100, 50, 0
L 1958.6233, -803.6077, -7.6552,  1953.6797, -795.0792, -7.6552,  100, 50, 0
L 1968.6359, -809.6631, -7.6552,  1958.6233, -803.6077, -7.6552,  100, 50, 0
L 1978.7688, -809.5690, -7.6552,  1968.6359, -809.6631, -7.6552,  100, 50, 0
L 1987.5300, -804.2731, -7.6552,  1978.7688, -809.5690, -7.6552,  100, 50, 0
L 1992.6588, -795.6326, -7.6552,  1987.5300, -804.2731, -7.6552,  100, 50, 0
L 1992.9237, -785.2432, -7.6552,  1992.6588, -795.6326, -7.6552,  100, 50, 0
L 1987.3521, -775.7562, -7.6552,  1992.9237, -785.2432, -7.6552,  100, 50, 0
L 1978.5342, -770.3797, -7.6552,  1987.3521, -775.7562, -7.6552,  100, 50, 0
L 1967.8835, -770.5891, -7.6552,  1978.5342, -770.3797, -7.6552,  100, 50, 0
L 1959.0688, -776.0969, -7.6552,  1967.8835, -770.5891, -7.6552,  100, 50, 0
L 1953.7317, -785.1390, -7.6552,  1959.0688, -776.0969, -7.6552,  100, 50, 0
L 1955.3552, -785.6552, -7.6552,  1953.7317, -785.1390, -7.6552,  100, 50, 0
L 1960.0653, -777.4771, -7.6552,  1955.5642, -785.3854, -7.6552,  100, 50, 0
L 1968.9941, -772.2566, -7.4141,  1960.0653, -777.4771, -7.6552,  100, 50, 0
L 1977.2911, -772.2550, -7.4141,  1968.9941, -772.2566, -7.4141,  100, 50, 0
L 1985.9148, -776.6749, -7.4100,  1977.2911, -772.2550, -7.4141,  100, 50, 0
L 1991.3101, -785.3775, -7.4141,  1985.9148, -776.6749, -7.4100,  100, 50, 0
L 1991.1587, -795.0807, -7.4377,  1991.3101, -785.3775, -7.4141,  100, 50, 0
L 1986.4257, -802.9958, -7.4350,  1991.1587, -795.0807, -7.4377,  100, 50, 0
L 1978.2031, -807.7433, -7.6552,  1986.4257, -802.9958, -7.4350,  100, 50, 0
L 1970.0625, -805.8832, -5.7220,  1978.2031, -807.7433, -7.6552,  100, 50, 0
L 1960.4293, -802.9246, -7.6552,  1970.0625, -805.8832, -5.7220,  100, 50, 0
L 1955.7225, -794.8226, -7.6552,  1960.4293, -802.9246, -7.6552,  100, 50, 0
L 1934.9846, -834.0352, -7.6552,  1932.7529, -834.9034, -7.6552,  100, 50, 0
L 1929.4198, -823.6819, -7.6552,  1934.9846, -834.0352, -7.6552,  100, 50, 0
L 1920.5115, -820.0601, -7.6552,  1929.4198, -823.6819, -7.6552,  100, 50, 0
L 1910.1561, -819.8729, -7.6552,  1920.5115, -820.0601, -7.6552,  100, 50, 0
L 1901.0374, -825.2178, -7.6552,  1910.1561, -819.8729, -7.6552,  100, 50, 0
L 1895.7275, -834.3629, -7.6552,  1901.0374, -825.2178, -7.6552,  100, 50, 0
L 1895.5553, -845.1667, -7.6552,  1895.7275, -834.3629, -7.6552,  100, 50, 0
L 1900.6560, -853.4897, -7.6552,  1895.5553, -845.1667, -7.6552,  100, 50, 0
L 1909.8542, -859.1912, -7.6538,  1900.6560, -853.4897, -7.6552,  100, 50, 0
L 1920.1536, -859.2470, -7.6552,  1909.8542, -859.1912, -7.6538,  100, 50, 0
L 1929.4659, -853.2132, -7.6552,  1920.1536, -859.2470, -7.6552,  100, 50, 0
L 1935.1797, -845.0762, -7.6552,  1929.4659, -853.2132, -7.6552,  100, 50, 0
L 1932.8834, -844.6005, -7.6552,  1935.1797, -845.0762, -7.6552,  100, 50, 0
L 1927.9431, -852.4278, -7.4383,  1932.8834, -844.6005, -7.6552,  100, 50, 0
L 1919.3297, -857.4095, -7.4282,  1927.9431, -852.4278, -7.4383,  100, 50, 0
L 1909.9603, -857.2660, -7.4141,  1919.3297, -857.4095, -7.4282,  100, 50, 0
L 1903.8833, -853.4815, -7.4141,  1909.9603, -857.2660, -7.4141,  100, 50, 0
L 1897.4481, -844.6302, -7.4141,  1903.8833, -853.4815, -7.4141,  100, 50, 0
L 1897.3578, -836.3510, -7.4141,  1897.4481, -844.6302, -7.4141,  100, 50, 0
L 1901.7307, -827.3160, -7.4141,  1897.3578, -836.3510, -7.4141,  100, 50, 0
L 1909.7130, -822.0018, -7.6552,  1901.7307, -827.3160, -7.4141,  100, 50, 0
L 1919.0886, -821.7573, -7.6552,  1909.7130, -822.0018, -7.6552,  100, 50, 0
L 1928.6852, -825.0381, -6.9463,  1919.0886, -821.7573, -7.6552,  100, 50, 0
L 1932.9429, -835.0264, -7.6552,  1928.6852, -825.0381, -6.9463,  100, 50, 0
L 2343.2917, -879.1825, -7.6552,  2340.6118, -879.1099, -7.6552,  100, 50, 0
L 2343.3293, -877.3162, -7.6552,  2343.2917, -879.1825, -7.6552,  100, 50, 0
L 2338.6348, -877.5290, -7.6552,  2343.3293, -877.3162, -7.6552,  100, 50, 0
L 2330.7664, -882.7210, -7.6552,  2338.6348, -877.5290, -7.6552,  100, 50, 0
L 2324.9778, -891.9396, -7.6552,  2330.7664, -882.7210, -7.6552,  100, 50, 0
L 2325.4368, -902.8512, -7.6552,  2324.9778, -891.9396, -7.6552,  100, 50, 0
L 2330.8494, -911.7924, -7.6552,  2325.4368, -902.8512, -7.6552,  100, 50, 0
L 2339.9011, -916.7411, -7.6552,  2330.8494, -911.7924, -7.6552,  100, 50, 0
L 2350.9780, -916.2843, -7.5353,  2339.9011, -916.7411, -7.6552,  100, 50, 0
L 2359.0342, -911.3785, -7.4879,  2350.9780, -916.2843, -7.5353,  100, 50, 0
L 2364.8357, -902.0395, -7.5432,  2359.0342, -911.3785, -7.4879,  100, 50, 0
L 2364.7087, -891.6390, -7.6552,  2364.8357, -902.0395, -7.5432,  100, 50, 0
L 2359.0720, -882.7978, -7.6552,  2364.7087, -891.6390, -7.6552,  100, 50, 0
L 2349.9292, -877.2483, -7.6552,  2359.0720, -882.7978, -7.6552,  100, 50, 0
L 2345.4148, -877.0031, -7.6552,  2349.9292, -877.2483, -7.6552,  100, 50, 0
L 2345.3269, -878.7258, -6.5919,  2345.4148, -877.0031, -7.6552,  100, 50, 0
L 2349.5254, -879.1580, -7.6552,  2345.3269, -878.7258, -6.5919,  100, 50, 0
L 2357.4912, -883.7061, -7.6552,  2349.5254, -879.1580, -7.6552,  100, 50, 0
L 2362.5737, -892.0732, -7.4834,  2357.4912, -883.7061, -7.6552,  100, 50, 0
L 2362.7048, -901.8435, -7.4141,  2362.5737, -892.0732, -7.4834,  100, 50, 0
L 2358.3369, -909.5018, -7.4141,  2362.7048, -901.8435, -7.4141,  100, 50, 0
L 2349.9988, -914.7018, -7.4141,  2358.3369, -909.5018, -7.4141,  100, 50, 0
L 2340.7329, -914.9243, -7.4138,  2349.9988, -914.7018, -7.4141,  100, 50, 0
L 2332.3960, -910.5028, -7.4560,  2340.7329, -914.9243, -7.4138,  100, 50, 0
L 2327.0173, -901.7374, -7.6552,  2332.3960, -910.5028, -7.4560,  100, 50, 0
L 2326.9641, -892.4935, -7.6552,  2327.0173, -901.7374, -7.6552,  100, 50, 0
L 2331.8789, -883.8430, -7.6552,  2326.9641, -892.4935, -7.6552,  100, 50, 0
L 2340.6118, -879.1099, -7.6552,  2331.8789, -883.8430, -7.6552,  100, 50, 0
L 2331.8643, -584.8817, -7.6552,  2331.8643, -584.8817, -7.6552,  100, 50, 0
L 2334.0176, -585.2963, -7.6552,  2332.3730, -584.9796, -7.6552,  100, 50, 0
L 2333.8237, -582.6350, -7.6552,  2334.0176, -585.2963, -7.6552,  100, 50, 0
L 2335.1921, -592.1151, -7.6552,  2340.0881, -599.1915, -7.6552,  100, 50, 0
L 2334.5591, -589.0722, -7.6552,  2335.1921, -592.1151, -7.6552,  100, 50, 0
L 2332.3735, -588.9462, -7.6552,  2334.5591, -589.0722, -7.6552,  100, 50, 0
L 2332.4702, -592.1086, -7.6552,  2332.3735, -588.9462, -7.6552,  100, 50, 0
L 2339.9187, -600.8656, -7.6552,  2332.4702, -592.1086, -7.6552,  100, 50, 0
L 2349.3862, -605.0269, -7.6552,  2339.9187, -600.8656, -7.6552,  100, 50, 0
L 2359.4124, -603.6600, -7.6552,  2349.3862, -605.0269, -7.6552,  100, 50, 0
L 2367.7505, -597.0427, -7.6552,  2359.4124, -603.6600, -7.6552,  100, 50, 0
L 2371.5684, -587.2568, -7.6552,  2367.7505, -597.0427, -7.6552,  100, 50, 0
L 2370.4604, -577.9865, -7.5660,  2371.5684, -587.2568, -7.6552,  100, 50, 0
L 2364.3052, -569.2419, -7.6552,  2370.4604, -577.9865, -7.5660,  100, 50, 0
L 2355.3381, -564.7539, -7.6552,  2364.3052, -569.2419, -7.6552,  100, 50, 0
L 2344.4807, -566.0725, -7.6552,  2355.3381, -564.7539, -7.6552,  100, 50, 0
L 2336.3157, -572.4209, -7.6552,  2344.4807, -566.0725, -7.6552,  100, 50, 0
L 2331.9619, -581.6934, -7.5753,  2336.3157, -572.4209, -7.6552,  100, 50, 0
L 2332.3730, -584.9796, -6.9445,  2331.9619, -581.6934, -7.5753,  100, 50, 0
L 2337.6255, -573.0780, -7.6552,  2333.7092, -582.6146, -7.6552,  100, 50, 0
L 2347.1907, -567.4594, -7.4286,  2337.6255, -573.0780, -7.6552,  100, 50, 0
L 2354.5381, -566.9061, -7.4141,  2347.1907, -567.4594, -7.4286,  100, 50, 0
L 2363.9119, -570.1606, -7.6552,  2354.5381, -566.9061, -7.4141,  100, 50, 0
L 2365.6428, -573.4574, -7.4141,  2363.9119, -570.1606, -7.6552,  100, 50, 0
L 2369.7922, -586.0579, -7.4141,  2365.6428, -573.4574, -7.4141,  100, 50, 0
L 2370.0952, -588.0175, -7.4836,  2369.7683, -586.1516, -7.4141,  100, 50, 0
L 2366.2002, -596.8138, -7.6552,  2370.0952, -588.0175, -7.4836,  100, 50, 0
L 2359.4375, -601.5141, -7.6552,  2366.2002, -596.8138, -7.6552,  100, 50, 0
L 2349.2283, -604.1201, -7.6552,  2359.4375, -601.5141, -7.6552,  100, 50, 0
L 2340.1748, -599.1682, -7.6552,  2349.2283, -604.1201, -7.6552,  100, 50, 0
L 2589.3689, -418.3125, -10.1240,  2589.7439, -395.0625, -10.1240,  150, 0, 200
L 2478.0635, -512.3199, -2.4659,  2460.6011, -513.1069, 7.9782,  0, 125, 0
L 2497.4761, -502.0986, -10.3683,  2478.0635, -512.3199, -2.4659,  0, 125, 0
L 2546.1213, -502.3124, -10.1240,  2497.4761, -502.0986, -10.3683,  0, 125, 0
L 2557.9624, -490.6008, -10.1240,  2546.1213, -502.3124, -10.1240,  0, 125, 0
L 2557.1389, -432.0555, -10.1240,  2557.9624, -490.6008, -10.1240,  0, 125, 0
L 2570.1592, -418.3571, -10.1240,  2557.1389, -432.0555, -10.1240,  0, 125, 0
L 2605.5850, -417.8534, -10.1240,  2570.1592, -418.3571, -10.1240,  0, 125, 0
L 2618.7776, -430.6355, -10.1240,  2605.5850, -417.8534, -10.1240,  0, 125, 0
L 2618.7810, -490.2588, -10.1240,  2618.7776, -430.6355, -10.1240,  0, 125, 0
L 2630.6265, -502.3125, -10.1240,  2618.7810, -490.2588, -10.1240,  0, 125, 0
L 2497.0735, -479.4041, -10.3723,  2460.0122, -475.9965, 1.6791,  0, 125, 0
L 2522.2437, -479.0815, -10.1256,  2497.0735, -479.4041, -10.3723,  0, 125, 0
L 2534.7288, -466.8785, -10.1240,  2522.2437, -479.0815, -10.1256,  0, 125, 0
L 2535.4380, -406.1861, -10.1240,  2534.7288, -466.8785, -10.1240,  0, 125, 0
L 2547.2456, -395.0625, -10.1240,  2535.4380, -406.1861, -10.1240,  0, 125, 0
L 2630.1985, -395.0625, -10.1240,  2547.2456, -395.0625, -10.1240,  0, 125, 0
L 2641.3174, -406.5842, -10.1240,  2630.1985, -395.0625, -10.1240,  0, 125, 0
L 2635.9539, -502.3125, -10.1240,  2641.3174, -406.5842, -10.1240,  0, 125, 0
L -1442.6327, 831.5404, -10.1240,  -1416.4556, 831.5823, -10.1240,  150, 0, 200
L -1208.3396, 773.3250, -2.4246,  -1270.7728, 737.9510, 65.3848,  0, 125, 0
L -1326.2354, 777.4050, -10.4939,  -1208.3396, 773.3250, -2.4246,  0, 125, 0
L -1376.9891, 788.2562, -10.3102,  -1326.2354, 777.4050, -10.4939,  0, 125, 0
L -1415.8411, 789.1215, -10.1248,  -1376.9891, 788.2562, -10.3102,  0, 125, 0
L -1442.6254, 815.9057, -10.1240,  -1415.8411, 789.1215, -10.1248,  0, 125, 0
L -1442.6290, 851.6638, -10.1235,  -1442.6254, 815.9057, -10.1240,  0, 125, 0
L -1207.8220, 824.6070, -2.5957,  -1270.0829, 857.7826, 60.7894,  0, 125, 0
L -1416.4126, 815.6211, -10.1240,  -1207.8220, 824.6070, -2.5957,  0, 125, 0
L -1416.2811, 838.4983, -10.1240,  -1416.4126, 815.6211, -10.1240,  0, 125, 0
L 48.6250, -908.6901, -12.9734,  48.6253, -793.0790, -33.5040,  64, 64, 64
L 48.6250, -305.1272, -18.9875,  48.6251, -426.3771, -24.7899,  64, 64, 64
L 48.6250, 91.1303, 3.0318,  48.6250, -55.5918, -1.6994,  64, 64, 64
L 101.0029, -595.7213, -43.4090,  100.2255, -616.8939, -33.8909,  64, 64, 64
L 84.7344, -595.3314, -49.4637,  101.0029, -595.7213, -43.4090,  64, 64, 64
L 100.2255, -616.8939, -33.8621,  95.6296, -616.7811, -33.8621,  64, 64, 64
L 95.3468, -628.2971, -33.8621,  100.2048, -628.4164, -33.8621,  64, 64, 64
L 100.1350, -631.2598, -34.0614,  100.2048, -628.4164, -34.0614,  64, 64, 64
L 96.0300, -600.4681, -34.1903,  95.6296, -616.7811, -34.1903,  64, 64, 64
L 94.9811, -643.1989, -34.1903,  95.3468, -628.2971, -34.1903,  64, 64, 64
L 53.3007, -599.4207, -34.1903,  52.2516, -642.1500, -34.1903,  64, 64, 64
L 96.0273, -600.4697, -34.1903,  53.3007, -599.4207, -34.1903,  64, 64, 64
L 52.2515, -642.1500, -34.1903,  94.9811, -643.1975, -34.1903,  64, 64, 64
L 70.3177, -627.3679, 22.7902,  70.3547, -637.9924, 22.7902,  64, 64, 64
L 56.9887, -627.2793, 22.7902,  70.3177, -627.3679, 22.7902,  64, 64, 64
L 56.4935, -637.6169, 22.7902,  56.9887, -627.2793, 22.7902,  64, 64, 64
L 70.3547, -637.9924, 22.7902,  56.4935, -637.6169, 22.7902,  64, 64, 64
L 52.2516, -642.1500, 22.7902,  94.9810, -643.1989, 22.7902,  64, 64, 64
L 53.3007, -599.4207, 22.7902,  52.2516, -642.1500, 22.7902,  64, 64, 64
L 96.0300, -600.4695, 22.7902,  53.3007, -599.4207, 22.7902,  64, 64, 64
L 94.9810, -643.1989, 22.7902,  96.0300, -600.4695, 22.7902,  64, 64, 64
L 70.8245, -118.3464, 55.9481,  70.7479, -128.8086, 55.9481,  64, 64, 64
L 57.1510, -118.0259, 55.9481,  70.8245, -118.3464, 55.9481,  64, 64, 64
L 56.6693, -128.7870, 55.9481,  57.1510, -118.0259, 55.9481,  64, 64, 64
L 70.7479, -128.8086, 55.9481,  56.6693, -128.7870, 55.9481,  64, 64, 64
L 52.5163, -133.1938, 55.9481,  95.2553, -133.7183, 55.9481,  64, 64, 64
L 53.0408, -90.4548, 55.9481,  52.5163, -133.1938, 55.9481,  64, 64, 64
L 95.7798, -90.9793, 55.9481,  53.0408, -90.4548, 55.9481,  64, 64, 64
L 95.2553, -133.7183, 55.9481,  95.7798, -90.9793, 55.9481,  64, 64, 64
L 100.4386, -107.3541, -0.7043,  95.5796, -107.2945, -0.7043,  64, 64, 64
L 100.2583, -122.0411, -0.9035,  100.2972, -118.8728, -0.9035,  64, 64, 64
L 95.4382, -118.8132, -0.7043,  100.2972, -118.8728, -0.7043,  64, 64, 64
L 95.2553, -133.7183, -1.0324,  95.4382, -118.8132, -1.0324,  64, 64, 64
L 52.5163, -133.1938, -1.0324,  95.2553, -133.7183, -1.0324,  64, 64, 64
L 53.0408, -90.4548, -1.0324,  52.5163, -133.1938, -1.0324,  64, 64, 64
L 95.7798, -90.9793, -1.0324,  53.0408, -90.4548, -1.0324,  64, 64, 64
L 95.5796, -107.2945, -1.0324,  95.7798, -90.9793, -1.0324,  64, 64, 64
L 100.6095, -93.4278, -4.5890,  100.4386, -107.3541, -0.9035,  64, 64, 64
L 169.1071, 216.0334, 15.7822,  179.8096, 230.4641, 8.2290,  64, 64, 64
L 165.2040, 218.9282, 15.9814,  169.1071, 216.0334, 15.9814,  64, 64, 64
L 162.2450, 206.7809, 15.7822,  160.2294, 204.0632, 15.7822,  64, 64, 64
L 158.3419, 209.6756, 15.9814,  162.2450, 206.7809, 15.9814,  64, 64, 64
L 140.5929, 257.4952, 15.6533,  115.1314, 223.1643, 15.6533,  64, 64, 64
L 174.9238, 232.0336, 15.6533,  140.5929, 257.4952, 15.6533,  64, 64, 64
L 165.2040, 218.9282, 15.6533,  174.9238, 232.0336, 15.6533,  64, 64, 64
L 149.4622, 197.7028, 15.6533,  158.3419, 209.6756, 15.6533,  64, 64, 64
L 115.1314, 223.1643, 15.6533,  149.4622, 197.7028, 15.6533,  64, 64, 64
L 138.6274, 224.6555, 72.6338,  132.4539, 216.1562, 72.6338,  64, 64, 64
L 127.6687, 232.5762, 72.6338,  138.6274, 224.6555, 72.6338,  64, 64, 64
L 121.1971, 224.3925, 72.6338,  127.6687, 232.5762, 72.6338,  64, 64, 64
L 132.4539, 216.1562, 72.6338,  121.1971, 224.3925, 72.6338,  64, 64, 64
L 115.1314, 223.1643, 72.6338,  149.4622, 197.7028, 72.6338,  64, 64, 64
L 140.5929, 257.4951, 72.6338,  115.1314, 223.1643, 72.6338,  64, 64, 64
L 174.9237, 232.0336, 72.6338,  140.5929, 257.4951, 72.6338,  64, 64, 64
L 149.4622, 197.7028, 72.6338,  174.9237, 232.0336, 72.6338,  64, 64, 64
L 327.0937, 557.9670, 75.2016,  360.6889, 590.7844, 55.0898,  64, 64, 64
L 326.0624, 455.7027, 35.4586,  327.0937, 557.9670, 75.2016,  64, 64, 64
L 485.6443, 754.5670, 53.8305,  486.6492, 756.9113, 53.8305,  64, 64, 64
L 482.1829, 758.8258, 54.0298,  486.6492, 756.9113, 54.0298,  64, 64, 64
L 491.2748, 767.7177, 53.8305,  486.9032, 769.8243, 53.7016,  64, 64, 64
L 499.3483, 787.0870, 44.4829,  491.2748, 767.7177, 53.8305,  64, 64, 64
L 472.5203, 798.5405, 33.7899,  499.3483, 787.0870, 44.4829,  64, 64, 64
L 453.8651, 801.2504, 53.7016,  437.0251, 761.9654, 53.7016,  64, 64, 64
L 493.0435, 784.4559, 53.7016,  453.8651, 801.2504, 53.7016,  64, 64, 64
L 486.9032, 769.8243, 53.7016,  493.0435, 784.4559, 53.7016,  64, 64, 64
L 476.3100, 745.1252, 53.7016,  482.1829, 758.8258, 53.7016,  64, 64, 64
L 437.0250, 761.9653, 53.7016,  476.3100, 745.1252, 53.7016,  64, 64, 64
L 459.6697, 768.9135, 110.6821,  446.8587, 774.3173, 110.6821,  64, 64, 64
L 455.7845, 759.0560, 110.6821,  459.6697, 768.9135, 110.6821,  64, 64, 64
L 442.6507, 764.5587, 110.6821,  455.7845, 759.0560, 110.6821,  64, 64, 64
L 446.8587, 774.3173, 110.6821,  442.6507, 764.5587, 110.6821,  64, 64, 64
L 476.3100, 745.1252, 110.6821,  493.1501, 784.4102, 110.6821,  64, 64, 64
L 437.0250, 761.9653, 110.6821,  476.3100, 745.1252, 110.6821,  64, 64, 64
L 453.8637, 801.2470, 110.6821,  437.0250, 761.9653, 110.6821,  64, 64, 64
L 493.1502, 784.4102, 110.6821,  453.8637, 801.2470, 110.6821,  64, 64, 64
L 1263.7650, 386.6358, 7.5313,  1257.0963, 507.1245, 7.8745,  60, 40, 0
L 1210.9177, 354.1789, 1.4232,  1263.7650, 386.6358, 7.5313,  60, 40, 0
L 1175.2252, 289.4098, -0.8257,  1210.9177, 354.1789, 1.4232,  60, 40, 0
L 1136.8545, 284.1085, -2.1665,  1175.2252, 289.4098, -0.8257,  60, 40, 0
L 1079.5778, 194.0336, -5.4969,  1136.8545, 284.1085, -2.1665,  60, 40, 0
L 1036.7622, 182.4347, -4.3186,  1079.5778, 194.0336, -5.4969,  60, 40, 0
L 962.8668, 94.5738, -2.7949,  1036.7622, 182.4347, -4.3186,  60, 40, 0
L 771.8091, 103.9543, -1.9876,  962.8668, 94.5738, -2.7949,  60, 40, 0
L 742.1232, 90.7211, -1.4469,  771.8091, 103.9543, -1.9876,  60, 40, 0
L 722.5097, 98.6661, -1.2674,  742.1232, 90.7211, -1.4469,  60, 40, 0
L 656.5847, 81.5816, -0.0743,  722.5097, 98.6661, -1.2674,  60, 40, 0
L 657.1845, 1.4166, 2.4521,  656.5847, 81.5816, -0.0743,  60, 40, 0
L 376.1773, 103.3401, -0.2515,  56.4129, 102.7943, 1.0320,  60, 40, 0
L 444.5562, -6.3542, 0.4658,  376.1773, 103.3401, -0.2515,  60, 40, 0
L 638.0737, 8.6598, 2.4107,  444.5562, -6.3542, 0.4658,  60, 40, 0
L 668.1727, -4.4966, 2.7537,  638.0737, 8.6598, 2.4107,  60, 40, 0
L 681.7709, 2.1148, 2.3966,  668.1727, -4.4966, 2.7537,  60, 40, 0
L 777.9168, -1.9138, 2.6258,  681.7709, 2.1148, 2.3966,  60, 40, 0
L 809.4925, -51.8977, 5.0646,  777.9168, -1.9138, 2.6258,  60, 40, 0
L 864.7219, -82.6170, 8.5218,  809.4925, -51.8977, 5.0646,  60, 40, 0
L 873.0425, -122.9397, 12.1557,  864.7219, -82.6170, 8.5218,  60, 40, 0
L 968.0347, -176.9093, 10.0727,  873.0425, -122.9397, 12.1557,  60, 40, 0
L 965.4247, -217.2847, 17.4029,  968.0347, -176.9093, 10.0727,  60, 40, 0
L 1014.8734, -259.9702, 18.6957,  965.4247, -217.2847, 17.4029,  60, 40, 0
L 1062.7488, -282.1608, 15.0362,  1014.8734, -259.9702, 18.6957,  60, 40, 0
L 1141.4562, -402.6666, 19.1906,  1062.7488, -282.1608, 15.0362,  60, 40, 0
L 1258.8456, -406.4405, 5.3245,  1141.4562, -402.6666, 19.1906,  60, 40, 0
L 1332.8508, -314.1216, -2.1082,  1258.8456, -406.4405, 5.3245,  60, 40, 0
L 1371.6101, -310.2578, -2.2455,  1332.8508, -314.1216, -2.1082,  60, 40, 0
L 1396.6713, -271.1797, -3.0307,  1371.6101, -310.2578, -2.2455,  60, 40, 0
L 1544.1804, -98.0086, 0.1504,  1396.6713, -271.1797, -3.0307,  60, 40, 0
L 1877.1517, -96.9301, 2.3720,  1544.1804, -98.0086, 0.1504,  60, 40, 0
L 1966.2413, -173.8244, -3.8506,  1877.1517, -96.9301, 2.3720,  60, 40, 0
L 1970.2897, -213.5761, -6.1964,  1966.2413, -173.8244, -3.8506,  60, 40, 0
L 2059.7153, -271.7128, -9.4128,  1970.2897, -213.5761, -6.1964,  60, 40, 0
L 2113.8867, -359.3235, -8.1761,  2059.7153, -271.7128, -9.4128,  60, 40, 0
L 2164.4268, -374.2378, -8.8185,  2113.8867, -359.3235, -8.1761,  60, 40, 0
L 2172.4587, -424.6270, -9.4127,  2164.4268, -374.2378, -8.8185,  60, 40, 0
L 2243.2954, -502.8076, -7.6552,  2172.4587, -424.6270, -9.4127,  60, 40, 0
L 2364.5823, -506.1391, -7.6552,  2243.2954, -502.8076, -7.6552,  60, 40, 0
L 28.4200, 112.1566, 1.5082,  48.6250, 112.1563, 1.3866,  64, 64, 64
L 48.6250, 91.1303, 0.7204,  28.0474, 91.1021, 0.8241,  64, 64, 64
L 66.8750, -49.2922, -1.6093,  66.8615, 77.7970, 0.0539,  64, 64, 64
L 48.6250, -85.5409, -1.6870,  48.6250, -55.3971, -1.6995,  64, 64, 64
L 100.8302, -86.1457, -3.9414,  48.6250, -85.5409, -1.6870,  64, 64, 64
L 100.6115, -93.2676, -4.5745,  100.8302, -86.1457, -3.9414,  64, 64, 64
L 109.2112, -122.5849, -8.0060,  109.3509, -94.2104, -5.4201,  64, 64, 64
L 100.2505, -122.6758, -7.2358,  109.2112, -122.5849, -8.0060,  64, 64, 64
L 100.1629, -138.2327, -8.6526,  100.2505, -122.6758, -7.2358,  64, 64, 64
L 48.6250, -138.0058, -4.1545,  100.1629, -138.2327, -8.6526,  64, 64, 64
L 48.6250, -305.6595, -18.6827,  48.6250, -138.0058, -4.1545,  64, 64, 64
L 66.8750, -428.8629, -29.7930,  66.8745, -299.5502, -23.2705,  64, 64, 64
L 48.6250, -594.6062, -44.8911,  48.6250, -423.8020, -23.8845,  64, 64, 64
L 84.1366, -595.3168, -49.6320,  48.6250, -594.6062, -44.8911,  64, 64, 64
L 109.8166, -585.6276, -51.6942,  87.5519, -585.2755, -48.9017,  64, 64, 64
L 108.9799, -632.2199, -56.9554,  109.8166, -585.6276, -51.6942,  64, 64, 64
L 100.1114, -632.2184, -55.8550,  108.9799, -632.2199, -56.9554,  64, 64, 64
L 99.4080, -648.1631, -57.6002,  100.1114, -632.2184, -55.8550,  64, 64, 64
L 48.6250, -646.9218, -51.1573,  99.4080, -648.1631, -57.6002,  64, 64, 64
L 48.6250, -794.8687, -33.2268,  48.6250, -646.9218, -51.1573,  64, 64, 64
L 66.8750, -900.6071, -13.1060,  66.8750, -794.2749, -34.4287,  64, 64, 64
L 48.6250, -1129.5704, 115.4049,  48.6251, -906.9386, -13.1595,  64, 64, 64
L 2441.5732, -1167.7128, 177.0589,  48.6242, -1129.5704, 115.4050,  0, 125, 0
L 2460.6011, -513.1069, 36.9824,  2441.5732, -1167.7128, 177.0589,  0, 125, 0
L 2358.0229, 1180.0239, 86.3327,  2460.5623, -476.8290, 39.3049,  0, 125, 0
L 477.4052, 1142.5624, 130.3586,  2358.0229, 1180.0239, 86.3327,  0, 125, 0
L 477.4494, 863.3041, 29.2538,  477.4052, 1142.5624, 130.3586,  64, 64, 64
L 452.1143, 807.2879, 39.6678,  477.4494, 863.3041, 29.2538,  64, 64, 64
L 472.7004, 798.4633, 33.7349,  452.1143, 807.2879, 39.6678,  64, 64, 64
L 511.7205, 792.8702, 21.9198,  474.8672, 808.4352, 32.8500,  64, 64, 64
L 493.4599, 749.9153, 28.2046,  511.7205, 792.8702, 21.9198,  64, 64, 64
L 485.1508, 753.4157, 30.7873,  493.4599, 749.9153, 28.2046,  64, 64, 64
L 479.1026, 738.9328, 32.1783,  485.1508, 753.4157, 30.7873,  64, 64, 64
L 431.0312, 759.2477, 47.6256,  479.1026, 738.9328, 32.1783,  64, 64, 64
L 431.1287, 660.7194, 43.7182,  431.0303, 759.2481, 47.6623,  64, 64, 64
L 358.1637, 588.3177, 56.0177,  431.1287, 660.7194, 43.7182,  64, 64, 64
L 345.4062, 537.4240, 50.3372,  345.1177, 435.8879, 29.0625,  64, 64, 64
L 377.3638, 588.2663, 50.0490,  345.4062, 537.4240, 50.3372,  64, 64, 64
L 326.0621, 455.7087, 35.4594,  326.0621, 455.7087, 35.4594,  64, 64, 64
L 180.3920, 354.8130, 26.7068,  326.0621, 455.7087, 35.4594,  64, 64, 64
L 138.1268, 262.3274, 12.5656,  180.3920, 354.8130, 26.7068,  64, 64, 64
L 181.7124, 232.8973, 8.4160,  138.1268, 262.3274, 12.5656,  64, 64, 64
L 179.4145, 229.9313, 8.2787,  181.7124, 232.8973, 8.4160,  64, 64, 64
L 167.2319, 198.5125, 5.7203,  187.4303, 226.0464, 7.7423,  64, 64, 64
L 159.9794, 203.7261, 6.1576,  167.2319, 198.5125, 5.7203,  64, 64, 64
L 150.7319, 191.1544, 5.1824,  159.9794, 203.7261, 6.1576,  64, 64, 64
L 108.3773, 222.8616, 8.6559,  150.7319, 191.1544, 5.1824,  64, 64, 64
L 48.6250, 151.8320, 2.7577,  108.3773, 222.8616, 8.6559,  64, 64, 64
L 48.6250, 112.1563, 1.6170,  48.6250, 151.8320, 2.7577,  64, 64, 64
L -1239.5996, 1152.1854, 72.2274,  456.6562, 1142.5625, 127.3112,  0, 125, 0
L -1244.6833, 1103.2338, 93.2612,  -1239.5996, 1152.1854, 72.2274,  0, 125, 0
L -1270.1936, 858.7412, 60.8844,  -1244.6833, 1103.2338, 93.2612,  0, 125, 0
L -1248.8480, -1167.7076, 104.9772,  -1270.7728, 737.9510, 63.8979,  0, 125, 0
L -1004.7574, -1160.4956, 27.9010,  -1248.8480, -1167.7076, 104.9772,  0, 125, 0
L -870.2144, -1156.5234, 32.1555,  -1004.7574, -1160.4956, 27.9010,  0, 125, 0
L -509.8268, -1145.9086, 120.5323,  -870.2144, -1156.5234, 32.1555,  0, 125, 0
L -297.9702, -1139.6512, 25.2550,  -509.8268, -1145.9086, 120.5323,  0, 125, 0
L -94.0983, -1133.6296, 112.8335,  -297.9702, -1139.6512, 25.2550,  0, 125, 0
L 27.8761, -1130.0580, 118.2604,  -94.0983, -1133.6296, 112.8335,  0, 125, 0
L 27.8750, -995.6313, 9.2044,  27.8761, -1130.0580, 118.2604,  64, 64, 64
L 28.0474, 91.1021, 0.8510,  27.8750, -995.6313, 9.2044,  64, 64, 64
L 28.0123, 112.0020, 1.5061,  28.0123, 112.0020, 1.5061,  64, 64, 64
L 27.5840, 150.7282, 2.7624,  28.0123, 112.0020, 1.5061,  64, 64, 64
L 112.8510, 253.1195, 11.4845,  27.5840, 150.7282, 2.7624,  64, 64, 64
L 159.3985, 354.6279, 27.4987,  112.8510, 253.1195, 11.4845,  64, 64, 64
L 306.3438, 456.9720, 39.8253,  159.3985, 354.6279, 27.4987,  64, 64, 64
L 306.3437, 558.0958, 66.2871,  306.3438, 456.9720, 39.8253,  64, 64, 64
L 410.2812, 659.8141, 50.1491,  306.3437, 558.0958, 66.2871,  64, 64, 64
L 410.2812, 758.3894, 53.9745,  410.2812, 659.8141, 50.1491,  64, 64, 64
L 456.6563, 862.7994, 35.6024,  410.2812, 758.3894, 53.9745,  64, 64, 64
L 456.6562, 1142.5625, 127.3112,  456.6563, 862.7994, 35.6024,  64, 64, 64
L 2210.9585, -649.9674, -7.6552,  2202.1943, -653.0228, -7.6552,  100, 50, 0
L 2202.1943, -653.0228, -7.6552,  2195.9097, -661.1642, -7.6552,  100, 50, 0
L 2195.9097, -661.1642, -7.6552,  2194.4238, -669.6829, -7.6552,  100, 50, 0
L 2194.4238, -669.6829, -7.6552,  2197.7759, -679.0815, -7.6552,  100, 50, 0
L 2197.7759, -679.0815, -7.6552,  2205.4741, -685.1287, -7.4141,  100, 50, 0
L 2205.4741, -685.1287, -7.4141,  2215.2007, -686.4053, -7.4141,  100, 50, 0
L 2215.2007, -686.4053, -7.4141,  2223.7642, -682.9885, -7.4141,  100, 50, 0
L 2223.7642, -682.9885, -7.4141,  2229.6619, -675.5466, -7.4141,  100, 50, 0
L 2229.6619, -675.5466, -7.4141,  2231.0986, -666.8898, -7.4204,  100, 50, 0
L 2231.0986, -666.8898, -7.4204,  2227.5789, -657.2036, -7.6552,  100, 50, 0
L 2227.5789, -657.2036, -7.6552,  2220.6523, -651.3156, -7.6552,  100, 50, 0
L 2220.6523, -651.3156, -7.6552,  2220.1082, -649.1578, -7.6552,  100, 50, 0
L 2220.1082, -649.1578, -7.6552,  2221.2029, -649.7562, -7.6552,  100, 50, 0
L 2221.2029, -649.7562, -7.6552,  2230.4277, -657.5579, -7.6552,  100, 50, 0
L 2230.4277, -657.5579, -7.6552,  2232.9683, -666.7374, -7.6552,  100, 50, 0
L 2232.9683, -666.7374, -7.6552,  2231.0940, -677.9336, -7.6552,  100, 50, 0
L 2231.0940, -677.9336, -7.6552,  2225.0042, -684.0707, -7.6552,  100, 50, 0
L 2225.0042, -684.0707, -7.6552,  2215.2117, -688.3124, -7.6552,  100, 50, 0
L 2215.2117, -688.3124, -7.6552,  2204.1931, -686.1218, -7.6552,  100, 50, 0
L 2204.1931, -686.1218, -7.6552,  2196.7173, -679.9899, -7.6552,  100, 50, 0
L 2196.7173, -679.9899, -7.6552,  2192.2178, -670.1215, -7.6552,  100, 50, 0
L 2192.2178, -670.1215, -7.6552,  2194.2493, -659.2247, -7.6552,  100, 50, 0
L 2194.2493, -659.2247, -7.6552,  2201.7041, -651.2795, -7.6552,  100, 50, 0
L 2201.7041, -651.2795, -7.6552,  2210.9404, -647.7543, -7.6552,  100, 50, 0
L 2210.9404, -647.7543, -7.6552,  2210.8972, -649.9977, -7.6552,  100, 50, 0
L 2223.9207, -575.7994, -7.6552,  2218.5076, -567.1240, -7.6508,  100, 50, 0
L 2218.5076, -567.1240, -7.6508,  2210.9138, -562.8342, -7.6552,  100, 50, 0
L 2210.9138, -562.8342, -7.6552,  2201.2029, -562.9913, -7.4374,  100, 50, 0
L 2201.2029, -562.9913, -7.4374,  2193.8252, -567.1695, -7.5407,  100, 50, 0
L 2193.8252, -567.1695, -7.5407,  2189.1018, -575.5294, -7.4142,  100, 50, 0
L 2189.1018, -575.5294, -7.4142,  2188.1619, -585.1500, -7.6552,  100, 50, 0
L 2188.1619, -585.1500, -7.6552,  2193.3682, -593.4818, -7.4142,  100, 50, 0
L 2193.3682, -593.4818, -7.4142,  2201.1343, -598.8474, -7.6552,  100, 50, 0
L 2201.1343, -598.8474, -7.6552,  2209.9373, -598.1561, -7.4142,  100, 50, 0
L 2209.9373, -598.1561, -7.4142,  2219.0969, -593.7023, -7.6552,  100, 50, 0
L 2219.0969, -593.7023, -7.6552,  2224.0127, -585.5162, -7.6552,  100, 50, 0
L 2224.0127, -585.5162, -7.6552,  2225.8694, -585.4616, -7.6308,  100, 50, 0
L 2225.8694, -585.4616, -7.6308,  2220.1946, -595.1609, -7.6552,  100, 50, 0
L 2220.1946, -595.1609, -7.6552,  2210.4651, -600.0649, -7.4000,  100, 50, 0
L 2210.4651, -600.0649, -7.4000,  2200.4478, -600.0240, -7.6552,  100, 50, 0
L 2200.4478, -600.0240, -7.6552,  2191.7468, -594.5973, -7.6552,  100, 50, 0
L 2191.7468, -594.5973, -7.6552,  2186.8020, -586.1025, -7.6552,  100, 50, 0
L 2186.8020, -586.1025, -7.6552,  2186.9751, -576.0588, -7.6552,  100, 50, 0
L 2186.9751, -576.0588, -7.6552,  2192.0334, -566.6181, -7.6562,  100, 50, 0
L 2192.0334, -566.6181, -7.6562,  2200.8018, -561.2959, -7.3058,  100, 50, 0
L 2200.8018, -561.2959, -7.3058,  2211.4016, -560.9857, -7.6552,  100, 50, 0
L 2211.4016, -560.9857, -7.6552,  2219.8132, -566.1642, -7.6552,  100, 50, 0
L 2219.8132, -566.1642, -7.6552,  2225.4297, -574.8071, -7.3839,  100, 50, 0
L 2225.4297, -574.8071, -7.3839,  2224.0049, -575.6765, -7.6552,  100, 50, 0
L 2280.8643, -349.8417, -7.6552,  2288.7217, -345.5456, -7.6552,  100, 50, 0
L 2288.7217, -345.5456, -7.6552,  2293.9946, -337.2734, -7.6552,  100, 50, 0
L 2293.9946, -337.2734, -7.6552,  2293.8396, -328.2442, -7.6552,  100, 50, 0
L 2293.8396, -328.2442, -7.6552,  2289.3152, -319.2349, -7.6552,  100, 50, 0
L 2289.3152, -319.2349, -7.6552,  2280.3005, -314.3955, -7.4142,  100, 50, 0
L 2280.3005, -314.3955, -7.4142,  2271.5288, -314.4872, -7.4142,  100, 50, 0
L 2271.5288, -314.4872, -7.4142,  2263.3015, -318.8387, -7.4142,  100, 50, 0
L 2263.3015, -318.8387, -7.4142,  2258.5002, -327.3494, -7.4142,  100, 50, 0
L 2258.5002, -327.3494, -7.4142,  2258.4351, -336.5583, -7.4142,  100, 50, 0
L 2258.4351, -336.5583, -7.4142,  2263.1863, -345.0184, -7.4559,  100, 50, 0
L 2263.1863, -345.0184, -7.4559,  2271.6995, -349.8555, -7.6552,  100, 50, 0
L 2271.6995, -349.8555, -7.6552,  2271.5510, -351.8494, -7.6552,  100, 50, 0
L 2271.5510, -351.8494, -7.6552,  2261.7156, -345.9167, -7.6552,  100, 50, 0
L 2261.7156, -345.9167, -7.6552,  2256.4685, -337.4708, -7.6552,  100, 50, 0
L 2256.4685, -337.4708, -7.6552,  2256.6980, -326.2984, -7.6552,  100, 50, 0
L 2256.6980, -326.2984, -7.6552,  2262.5608, -317.6547, -7.6552,  100, 50, 0
L 2262.5608, -317.6547, -7.6552,  2271.3840, -312.9818, -7.3175,  100, 50, 0
L 2271.3840, -312.9818, -7.3175,  2281.4302, -312.9612, -7.6552,  100, 50, 0
L 2281.4302, -312.9612, -7.6552,  2289.8213, -317.9971, -7.1405,  100, 50, 0
L 2289.8213, -317.9971, -7.1405,  2295.7393, -327.1097, -7.6552,  100, 50, 0
L 2295.7393, -327.1097, -7.6552,  2295.6301, -337.4186, -7.6552,  100, 50, 0
L 2295.6301, -337.4186, -7.6552,  2290.4211, -346.3607, -7.6552,  100, 50, 0
L 2290.4211, -346.3607, -7.6552,  2281.6584, -351.4380, -7.3930,  100, 50, 0
L 2281.6584, -351.4380, -7.3930,  2281.0029, -349.8714, -7.6552,  100, 50, 0
L 1989.1135, -617.4488, -12.3370,  1986.1250, -620.1238, -12.1748,  64, 64, 64
L 1986.1250, -620.1238, -12.1748,  1974.3976, -601.9542, -14.7564,  64, 64, 64
L 1974.3976, -601.9542, -14.7564,  1979.1489, -599.2632, -14.8375,  64, 64, 64
L 1979.1489, -599.2632, -14.8375,  1989.1135, -617.4488, -11.9839,  64, 64, 64
L 1832.3890, 524.6374, 121.4632,  1826.8180, 506.9849, 121.8829,  64, 64, 64
L 1826.8180, 506.9849, 121.8829,  1842.0739, 500.8601, 121.2708,  64, 64, 64
L 1842.0739, 500.8601, 121.2708,  1848.5703, 518.6879, 120.1416,  64, 64, 64
L 1848.5703, 518.6879, 120.1416,  1832.3890, 524.6374, 120.7503,  64, 64, 64
L 1815.5728, 491.2201, 123.1645,  1823.1812, 487.5987, 122.9148,  64, 64, 64
L 1823.1812, 487.5987, 122.9148,  1820.3313, 480.2501, 123.3901,  64, 64, 64
L 1820.3313, 480.2501, 123.3901,  1812.5592, 483.6603, 123.6896,  64, 64, 64
L 1812.5592, 483.6603, 123.6896,  1815.5728, 491.2201, 123.2606,  64, 64, 64
L 1838.2913, 482.4506, 122.2920,  1834.5566, 474.8600, 122.8057,  64, 64, 64
L 1834.5566, 474.8600, 122.8057,  1827.1121, 477.5267, 123.1181,  64, 64, 64
L 1827.1121, 477.5267, 123.1181,  1830.4574, 485.6106, 122.5832,  64, 64, 64
L 1830.4574, 485.6106, 122.5832,  1838.2913, 482.4506, 122.3034,  64, 64, 64
L 1863.2389, 491.3631, 120.0881,  1866.0579, 498.2096, 119.7606,  64, 64, 64
L 1866.0579, 498.2096, 119.7606,  1873.6296, 495.1429, 119.1288,  64, 64, 64
L 1873.6296, 495.1429, 119.1288,  1871.0812, 487.9162, 119.4378,  64, 64, 64
L 1871.0812, 487.9162, 119.4378,  1862.7349, 490.9325, 120.1375,  64, 64, 64
L 1868.7512, 505.8020, 119.4354,  1871.8315, 513.3452, 119.0384,  64, 64, 64
L 1871.8315, 513.3452, 119.0384,  1879.4501, 509.6856, 118.4477,  64, 64, 64
L 1879.4501, 509.6856, 118.4477,  1876.5875, 502.0648, 118.7881,  64, 64, 64
L 1876.5875, 502.0648, 118.7881,  1868.5717, 505.4485, 119.4553,  64, 64, 64
L 1857.8604, 533.0485, 119.0314,  1850.1390, 536.0397, 119.3144,  64, 64, 64
L 1850.1390, 536.0397, 119.3144,  1854.2115, 544.2786, 118.7314,  64, 64, 64
L 1854.2115, 544.2786, 118.7314,  1860.7749, 540.5807, 118.5132,  64, 64, 64
L 1860.7749, 540.5807, 118.5132,  1857.8604, 533.0485, 118.9264,  64, 64, 64
L 1862.5510, 539.6877, 118.3412,  1868.6095, 545.9257, 117.8380,  64, 64, 64
L 1868.6095, 545.9257, 117.8380,  1849.6381, 564.9866, 115.1862,  64, 64, 64
L 1849.6381, 564.9866, 115.1862,  1843.5602, 559.0363, 116.9513,  64, 64, 64
L 1843.5602, 559.0363, 116.9513,  1862.5510, 539.6877, 118.4642,  64, 64, 64
L 1838.5911, 549.4795, 119.6888,  1835.9668, 541.9335, 120.3082,  64, 64, 64
L 1835.9668, 541.9335, 120.3082,  1844.2661, 538.0014, 119.5669,  64, 64, 64
L 1844.2661, 538.0014, 119.5669,  1846.7559, 546.3142, 119.0712,  64, 64, 64
L 1846.7559, 546.3142, 119.0712,  1838.5911, 549.4795, 119.3551,  64, 64, 64
L 1810.6560, 535.8176, 121.5587,  1818.9556, 532.2347, 121.2594,  64, 64, 64
L 1818.9556, 532.2347, 121.2594,  1814.7653, 524.8408, 121.8133,  64, 64, 64
L 1814.7653, 524.8408, 121.8133,  1807.9615, 527.7574, 122.0795,  64, 64, 64
L 1807.9615, 527.7574, 122.0795,  1810.6560, 535.8176, 121.6639,  64, 64, 64
L 1807.4384, 510.8163, 122.8894,  1798.8057, 509.4749, 123.3859,  64, 64, 64
L 1798.8057, 509.4749, 123.3859,  1797.0441, 517.9122, 123.1291,  64, 64, 64
L 1797.0441, 517.9122, 123.1291,  1806.3030, 519.0837, 122.5441,  64, 64, 64
L 1806.3030, 519.0837, 122.5441,  1807.4384, 510.8163, 122.8041,  64, 64, 64
L 1803.4193, 518.8553, 122.7318,  1784.8945, 537.7587, 121.8841,  64, 64, 64
L 1784.8945, 537.7587, 121.8841,  1792.0480, 542.9924, 121.4167,  64, 64, 64
L 1792.0480, 542.9924, 121.4167,  1809.8080, 524.8292, 122.0973,  64, 64, 64
L 1809.8080, 524.8292, 122.0973,  1803.4193, 518.8553, 122.7125,  64, 64, 64
L 2265.4668, 880.5646, -0.8495,  2252.5059, 866.7295, -0.0115,  100, 50, 0
L 2252.5059, 866.7295, -0.0115,  2252.5862, 857.6953, 0.2253,  100, 50, 0
L 2252.5862, 857.6953, 0.2253,  2257.8594, 848.5573, 0.2847,  100, 50, 0
L 2257.8594, 848.5573, 0.2847,  2266.3298, 844.0103, 0.1554,  100, 50, 0
L 2266.3298, 844.0103, 0.1554,  2274.2451, 843.6688, -0.1477,  100, 50, 0
L 2274.2451, 843.6688, -0.1477,  2282.8940, 848.5881, 0.1449,  100, 50, 0
L 2282.8940, 848.5881, 0.1449,  2287.8564, 857.9969, 0.1449,  100, 50, 0
L 2287.8564, 857.9969, 0.1449,  2287.5820, 866.9885, 0.1449,  100, 50, 0
L 2286.5476, 876.1453, -1.6338,  2286.5476, 876.1453, -1.6338,  100, 50, 0
L 2287.9148, 866.0490, 0.1449,  2283.4436, 874.3586, 0.1292,  100, 50, 0
L 2283.4436, 874.3586, 0.1292,  2274.6707, 879.6249, -1.2474,  100, 50, 0
L 2274.6707, 879.6249, -1.2474,  2274.9915, 882.3720, -1.3333,  100, 50, 0
L 2274.9915, 882.3720, -1.3333,  2284.8989, 877.0250, -1.5907,  100, 50, 0
L 2284.8989, 877.0250, -1.5907,  2290.2778, 867.2784, -1.5487,  100, 50, 0
L 2290.2778, 867.2784, -1.5487,  2289.9822, 855.5867, -1.2261,  100, 50, 0
L 2289.9822, 855.5867, -1.2261,  2284.2122, 847.3660, -0.7226,  100, 50, 0
L 2284.2122, 847.3660, -0.7226,  2274.6975, 842.2921, -0.1017,  100, 50, 0
L 2274.6975, 842.2921, -0.1017,  2265.8823, 842.1308, 0.2611,  100, 50, 0
L 2265.8823, 842.1308, 0.2611,  2255.9063, 847.6285, 0.4067,  100, 50, 0
L 2255.9063, 847.6285, 0.4067,  2250.4465, 856.7025, 0.3380,  100, 50, 0
L 2250.4465, 856.7025, 0.3380,  2250.4595, 866.2670, 0.0833,  100, 50, 0
L 2250.4595, 866.2670, 0.0833,  2256.1907, 875.8868, -0.1006,  100, 50, 0
L 2256.1907, 875.8868, -0.1006,  2264.4099, 882.1359, -0.9006,  100, 50, 0
L 2264.4099, 882.1359, -0.9006,  2265.4668, 880.5646, -0.9018,  100, 50, 0
L -470.5687, 1099.7246, -1.8322,  -469.0603, 1097.1266, -1.7272,  100, 50, 0
L -469.0603, 1097.1266, -1.7272,  -454.5638, 1093.5321, -1.0583,  100, 50, 0
L -454.5638, 1093.5321, -1.0583,  -441.8543, 1100.5601, -0.6337,  100, 50, 0
L -441.8543, 1100.5601, -0.6337,  -437.0899, 1115.5916, -0.6638,  100, 50, 0
L -437.0899, 1115.5916, -0.6638,  -444.7961, 1128.7141, -0.8188,  100, 50, 0
L -444.7961, 1128.7141, -0.8188,  -458.5612, 1133.2185, -1.8404,  100, 50, 0
L -458.5612, 1133.2185, -1.8404,  -472.1679, 1126.0647, -2.3042,  100, 50, 0
L -472.1679, 1126.0647, -2.3042,  -477.0622, 1110.9490, -2.2792,  100, 50, 0
L -477.0622, 1110.9490, -2.2792,  -475.4035, 1107.7943, -2.1608,  100, 50, 0
L -1134.2277, 897.7906, -10.3169,  -1136.7234, 894.8913, -10.1787,  100, 50, 0
L -1136.7234, 894.8913, -10.1787,  -1151.2510, 894.5421, -9.6753,  100, 50, 0
L -1151.2510, 894.5421, -9.6753,  -1162.4463, 905.4683, -9.1043,  100, 50, 0
L -1162.4463, 905.4683, -9.1043,  -1163.0720, 920.4904, -9.0724,  100, 50, 0
L -1163.0720, 920.4904, -9.0724,  -1153.8688, 931.7861, -9.5418,  100, 50, 0
L -1153.8688, 931.7861, -9.5418,  -1136.9374, 932.4641, -10.4047,  100, 50, 0
L -1136.9374, 932.4641, -10.4047,  -1126.7576, 922.7791, -10.9241,  100, 50, 0
L -1126.7576, 922.7791, -10.9241,  -1125.6810, 906.9750, -10.7706,  100, 50, 0
L -1125.6810, 906.9750, -10.7706,  -1127.3679, 904.9644, -10.6758,  100, 50, 0
L -1127.3679, 904.9644, -10.6758,  -1127.3679, 904.9644, -10.6758,  100, 50, 0
L -1140.6052, 868.8036, -9.4091,  -1140.1503, 871.5671, -9.4916,  100, 50, 0
L -1140.1503, 871.5671, -9.4916,  -1150.4480, 881.5671, -9.4896,  100, 50, 0
L -1150.4480, 881.5671, -9.4896,  -1167.4572, 881.9641, -8.8488,  100, 50, 0
L -1167.4572, 881.9641, -8.8488,  -1177.7156, 870.2850, -8.3189,  100, 50, 0
L -1177.7156, 870.2850, -8.3189,  -1176.8097, 855.2552, -8.1411,  100, 50, 0
L -1176.8097, 855.2552, -8.1411,  -1166.3677, 845.1120, -8.2655,  100, 50, 0
L -1166.3677, 845.1120, -8.2655,  -1150.8601, 845.6880, -8.4059,  100, 50, 0
L -1150.8601, 845.6880, -8.4059,  -1140.3469, 855.6945, -9.0798,  100, 50, 0
L -1140.3469, 855.6945, -9.0798,  -1140.3145, 859.7572, -9.1848,  100, 50, 0
L -1113.7445, 314.9584, -6.3540,  -1113.2473, 312.7182, -5.7215,  100, 50, 0
L -1113.2473, 312.7182, -5.7215,  -1119.7367, 299.1069, -6.1399,  100, 50, 0
L -1119.7367, 299.1069, -6.1399,  -1135.5222, 294.2109, -5.5376,  100, 50, 0
L -1135.5222, 294.2109, -5.5376,  -1147.3059, 300.7683, -5.3460,  100, 50, 0
L -1147.3059, 300.7683, -5.3460,  -1152.2301, 314.9362, -5.1394,  100, 50, 0
L -1152.2301, 314.9362, -5.1394,  -1145.7852, 328.7875, -5.5155,  100, 50, 0
L -1145.7852, 328.7875, -5.5155,  -1131.2708, 333.6859, -5.9887,  100, 50, 0
L -1131.2708, 333.6859, -5.9887,  -1117.8671, 327.1197, -6.4195,  100, 50, 0
L -1117.8671, 327.1197, -6.4195,  -1116.9108, 324.5260, -6.3339,  100, 50, 0
L -1060.8452, 316.5927, -7.2034,  -1059.5267, 319.0627, -7.1821,  100, 50, 0
L -1059.5267, 319.0627, -7.1821,  -1045.6555, 325.6942, -6.6136,  100, 50, 0
L -1045.6555, 325.6942, -6.6136,  -1032.1447, 321.0158, -6.6155,  100, 50, 0
L -1032.1447, 321.0158, -6.6155,  -1024.7583, 307.3877, -6.7708,  100, 50, 0
L -1024.7583, 307.3877, -6.7708,  -1029.5477, 293.3935, -6.9157,  100, 50, 0
L -1029.5477, 293.3935, -6.9157,  -1043.8776, 286.1414, -7.1089,  100, 50, 0
L -1043.8776, 286.1414, -7.1089,  -1057.7983, 291.3822, -6.8332,  100, 50, 0
L -1057.7983, 291.3822, -6.8332,  -1064.3010, 304.6837, -7.2609,  100, 50, 0
L -1064.3010, 304.6837, -7.2609,  -1063.8717, 307.8148, -7.2533,  100, 50, 0
L -1135.4076, -947.5565, -3.2267,  -1137.3535, -964.8969, -3.5995,  100, 50, 0
L -1137.3535, -964.8969, -3.5995,  -1154.1166, -963.3304, -2.0782,  100, 50, 0
L -1154.1166, -963.3304, -2.0782,  -1152.3196, -945.8565, -1.5700,  100, 50, 0
L -1152.3196, -945.8565, -1.5700,  -1135.4076, -947.5565, -3.1767,  100, 50, 0
L -1122.9337, -987.0098, -6.1299,  -1110.2618, -1001.2364, -6.7235,  100, 50, 0
L -1110.2618, -1001.2364, -6.7235,  -1124.1573, -1012.2636, -6.0725,  100, 50, 0
L -1124.1573, -1012.2636, -6.0725,  -1136.0089, -998.8009, -5.5173,  100, 50, 0
L -1136.0089, -998.8009, -5.5173,  -1122.7434, -986.8431, -6.1388,  100, 50, 0
L -1086.3610, -986.8804, -7.5925,  -1080.0964, -995.1268, -7.4946,  100, 50, 0
L -1080.0964, -995.1268, -7.4946,  -1084.4417, -1002.2777, -7.5502,  100, 50, 0
L -1084.4417, -1002.2777, -7.5502,  -1093.4437, -1002.4885, -7.2857,  100, 50, 0
L -1093.4437, -1002.4885, -7.2857,  -1097.4171, -995.6884, -7.3252,  100, 50, 0
L -1097.4171, -995.6884, -7.3252,  -1093.5212, -987.3013, -7.5077,  100, 50, 0
L 1156.6393, 343.1996, -1.2399,  1164.8623, 348.0935, -0.8541,  100, 50, 0
L 1164.8623, 348.0935, -0.8541,  1169.5377, 356.4961, -0.5721,  100, 50, 0
L 1169.5377, 356.4961, -0.5721,  1169.5238, 365.3383, -0.4907,  100, 50, 0
L 1169.5238, 365.3383, -0.4907,  1165.1460, 373.7696, -0.6192,  100, 50, 0
L 1165.1460, 373.7696, -0.6192,  1156.4869, 378.7448, -0.3751,  100, 50, 0
L 1156.4869, 378.7448, -0.3751,  1146.9922, 378.8787, -0.3751,  100, 50, 0
L 1146.9922, 378.8787, -0.3751,  1138.3674, 373.0114, -0.3751,  100, 50, 0
L 1138.3674, 373.0114, -0.3751,  1134.1891, 365.0478, -0.3751,  100, 50, 0
L 1134.1891, 365.0478, -0.3751,  1134.3918, 356.0977, -0.3751,  100, 50, 0
L 1134.3918, 356.0977, -0.3751,  1139.9159, 347.6017, -0.4603,  100, 50, 0
L 1139.9159, 347.6017, -0.4603,  1147.5883, 343.1393, -1.6647,  100, 50, 0
L 1147.9974, 343.3030, -1.6455,  1146.5809, 340.7359, -1.7119,  100, 50, 0
L 1146.5809, 340.7359, -1.7119,  1137.3806, 347.0995, -1.5667,  100, 50, 0
L 1137.3806, 347.0995, -1.5667,  1131.7280, 357.2128, -2.3398,  100, 50, 0
L 1131.7280, 357.2128, -2.3398,  1131.4266, 365.8172, -2.2709,  100, 50, 0
L 1131.4266, 365.8172, -2.2709,  1137.6416, 375.7401, -1.8884,  100, 50, 0
L 1137.6416, 375.7401, -1.8884,  1146.9086, 380.8596, -1.4083,  100, 50, 0
L 1146.9086, 380.8596, -1.4083,  1156.9451, 380.4467, -0.9088,  100, 50, 0
L 1156.9451, 380.4467, -0.9088,  1166.6403, 374.8863, -0.5391,  100, 50, 0
L 1166.6403, 374.8863, -0.5391,  1171.8986, 365.8615, -0.3749,  100, 50, 0
L 1171.8986, 365.8615, -0.3749,  1172.1484, 356.0159, -0.4542,  100, 50, 0
L 1172.1484, 356.0159, -0.4542,  1165.3828, 346.0110, -0.8280,  100, 50, 0
L 1165.3828, 346.0110, -0.8280,  1157.2325, 340.8579, -1.2120,  100, 50, 0
L 1157.2325, 340.8579, -1.2120,  1156.9767, 343.0933, -1.2241,  100, 50, 0
P 1263.8687, 557.6389, 9.9064,  0, 0, 0,  3,  Knowledge_Portal
P 2344.8545, -896.8146, -6.1641,  0, 0, 0,  3,  Bim_(Baker)
P 2272.7036, -338.9176, -6.1642,  0, 0, 0,  3,  Hanga_(Smith)
P 2212.5325, -663.3465, -4.2656,  0, 0, 0,  3,  Sonsa_(Tailor)
P 2207.5088, -580.7158, -6.1642,  0, 0, 0,  3,  Tipa_(Tailor)
P 2347.9072, -586.0494, -6.1641,  0, 0, 0,  3,  Topper_(Pottery)
P -1389.9515, 803.7581, -8.3741,  0, 0, 0,  3,  to_Runnyeye_Citadel
P 2550.5840, -408.3348, -8.2490,  0, 0, 0,  3,  to_Rivervale
P 1834.7112, 531.2221, 120.4015,  0, 0, 0,  3,  Druid_Circle
