L 1804, 2227, 37,  1804, 2227, 37,  153, 153, 153
L 1804, 2227, 37,  1804, 2207, 37,  153, 153, 153
L 1804, 2207, 37,  1789, 2192, 37,  153, 153, 153
L 1789, 2192, 37,  1742, 2192, 35,  153, 153, 153
L 1742, 2192, 35,  1724, 2175, -118,  153, 153, 153
L 1724, 2175, -118,  1724, 2175, -118,  0, 0, 255
L 1724, 2175, -118,  1742, 2140, -142,  0, 0, 255
L 1742, 2140, -142,  1805, 2140, -142,  0, 0, 255
L 1805, 2140, -142,  1805, 2128, -142,  0, 0, 255
L 1805, 2128, -142,  1740, 2127, -142,  0, 0, 255
L 1740, 2127, -142,  1724, 2096, -142,  0, 0, 255
L 1724, 2096, -142,  1694, 2080, -142,  0, 0, 255
L 1694, 2080, -142,  1677, 2080, -1963,  0, 0, 255
L 1677, 2080, -1963,  1676, 2156, -2075,  0, 0, 255
L 1676, 2156, -2075,  1631, 2156, -1939,  0, 0, 255
L 1631, 2156, -1939,  1600, 2140, -1906,  0, 0, 255
L 1600, 2140, -1906,  1584, 2109, -1889,  0, 0, 255
L 1584, 2109, -1889,  1584, 2109, -1889,  0, 0, 255
L 1584, 2109, -1889,  1584, 2109, -1889,  153, 153, 153
L 1584, 2109, -1889,  1534, 2108, -1721,  153, 153, 153
L 1534, 2108, -1721,  1517, 2156, -1721,  153, 153, 153
L 1677, 2080, -1980,  1677, 2080, -1980,  0, 0, 255
L 1677, 2080, -1980,  1644, 2046, -1933,  0, 0, 255
L 1644, 2046, -1933,  1617, 2046, -1904,  0, 0, 255
L 1617, 2046, -1904,  1600, 2064, -1896,  0, 0, 255
L 1600, 2064, -1896,  1583, 2096, -1885,  0, 0, 255
L 1583, 2096, -1885,  1583, 2096, -1885,  153, 153, 153
L 1583, 2096, -1885,  1533, 2080, -1721,  153, 153, 153
L 1533, 2080, -1721,  1516, 2047, -1721,  153, 153, 153
L 1516, 2047, -1721,  1516, 1967, -1721,  153, 153, 153
L 1516, 1967, -1721,  1453, 1905, -1721,  153, 153, 153
L 1453, 1905, -1721,  1358, 1904, -1721,  153, 153, 153
L 1358, 1904, -1721,  1325, 1857, -1721,  153, 153, 153
L 1325, 1857, -1721,  1278, 1856, -1721,  153, 153, 153
L 1278, 1856, -1721,  1244, 1823, -1721,  153, 153, 153
L 1244, 1823, -1721,  1260, 1790, -1721,  153, 153, 153
L 1260, 1790, -1721,  1251, 1771, -1721,  153, 153, 153
L 1251, 1771, -1721,  1201, 1791, -1670,  153, 153, 153
L 1201, 1791, -1670,  1216, 1821, -1721,  153, 153, 153
L 1216, 1821, -1721,  1182, 1873, -1721,  153, 153, 153
L 1182, 1873, -1721,  1167, 1873, -1721,  153, 153, 153
L 1167, 1873, -1721,  1135, 1904, -1721,  153, 153, 153
L 1135, 1904, -1721,  1107, 1905, -1721,  153, 153, 153
L 1107, 1905, -1721,  1097, 1912, -1721,  153, 153, 153
L 1097, 1912, -1721,  1038, 1888, -1721,  153, 153, 153
L 1793, 2224, 37,  1793, 2224, 37,  153, 153, 153
L 1793, 2224, 37,  1792, 2221, 37,  153, 153, 153
L 1792, 2221, 37,  1776, 2205, 37,  153, 153, 153
L 1776, 2205, 37,  1727, 2204, 22,  153, 153, 153
L 1727, 2204, 22,  1696, 2172, -142,  153, 153, 153
L 1696, 2172, -142,  1696, 2172, -142,  0, 0, 255
L 1696, 2172, -142,  1677, 2156, -1921,  0, 0, 255
L 1517, 2156, -1721,  1517, 2156, -1721,  153, 153, 153
L 1517, 2156, -1721,  1487, 2156, -1721,  153, 153, 153
L 1487, 2156, -1721,  1473, 2141, -1721,  153, 153, 153
L 1473, 2141, -1721,  1473, 2079, -1721,  153, 153, 153
L 1473, 2079, -1721,  1488, 2049, -1721,  153, 153, 153
L 1488, 2049, -1721,  1489, 1983, -1721,  153, 153, 153
L 1489, 1983, -1721,  1440, 1933, -1721,  153, 153, 153
L 1440, 1933, -1721,  1358, 1932, -1721,  153, 153, 153
L 1358, 1932, -1721,  1292, 1965, -1721,  153, 153, 153
L 1292, 1965, -1721,  1293, 2031, -1721,  153, 153, 153
L 1293, 2031, -1721,  1307, 2061, -1721,  153, 153, 153
L 1307, 2061, -1721,  1278, 2076, -1721,  153, 153, 153
L 1278, 2076, -1721,  1246, 2107, -1721,  153, 153, 153
L 1246, 2107, -1721,  1217, 2093, -1721,  153, 153, 153
L 1217, 2093, -1721,  1217, 2063, -1721,  153, 153, 153
L 1217, 2063, -1721,  1231, 2048, -1721,  153, 153, 153
L 1231, 2048, -1721,  1246, 2048, -1721,  153, 153, 153
L 1246, 2048, -1721,  1263, 2033, -1721,  153, 153, 153
L 1263, 2033, -1721,  1281, 1999, -1721,  153, 153, 153
L 1281, 1999, -1721,  1264, 1964, -1721,  153, 153, 153
L 1264, 1964, -1721,  1215, 1948, -1721,  153, 153, 153
L 1215, 1948, -1721,  1135, 1932, -1721,  153, 153, 153
L 1135, 1932, -1721,  1086, 1932, -1721,  153, 153, 153
L 1086, 1932, -1721,  1022, 1948, -1711,  153, 153, 153
L 1022, 1948, -1711,  972, 1964, -1721,  153, 153, 153
L 972, 1964, -1721,  972, 2110, -1721,  153, 153, 153
L 972, 2110, -1721,  974, 2112, -2201,  153, 153, 153
L 974, 2112, -2201,  928, 2112, -2201,  153, 153, 153
L 1165, 1324, -1721,  1165, 1324, -1721,  153, 153, 153
L 1165, 1324, -1721,  1180, 1278, -1721,  153, 153, 153
L 1180, 1278, -1721,  1229, 1261, -1721,  153, 153, 153
L 1229, 1261, -1721,  1244, 1215, -1721,  153, 153, 153
L 1244, 1215, -1721,  1228, 1183, -1721,  153, 153, 153
L 1228, 1183, -1721,  1261, 1165, -1721,  153, 153, 153
L 1261, 1165, -1721,  1276, 1135, -1721,  153, 153, 153
L 1276, 1135, -1721,  1261, 1105, -1721,  153, 153, 153
L 1261, 1105, -1721,  1231, 1105, -1721,  153, 153, 153
L 1231, 1105, -1721,  1198, 1137, -1721,  153, 153, 153
L 1198, 1137, -1721,  1166, 1137, -1721,  153, 153, 153
L 1166, 1137, -1721,  1135, 1153, -1721,  153, 153, 153
L 1135, 1153, -1721,  1102, 1185, -1721,  153, 153, 153
L 1102, 1185, -1721,  1071, 1185, -1721,  153, 153, 153
L 1071, 1185, -1721,  1022, 1201, -1721,  153, 153, 153
L 1022, 1201, -1721,  989, 1168, -1721,  153, 153, 153
L 989, 1168, -1721,  957, 1152, -1721,  153, 153, 153
L 957, 1152, -1721,  988, 1069, -1721,  153, 153, 153
L 988, 1069, -1721,  988, 1039, -1721,  153, 153, 153
L 988, 1039, -1721,  958, 1009, -1721,  153, 153, 153
L 958, 1009, -1721,  877, 1008, -1721,  153, 153, 153
L 877, 1008, -1721,  861, 993, -1721,  153, 153, 153
L 861, 993, -1721,  860, 944, -1721,  153, 153, 153
L 860, 944, -1721,  853, 937, -1721,  153, 153, 153
L 853, 937, -1721,  849, 935, -1702,  153, 153, 153
L 849, 935, -1702,  842, 927, -1702,  153, 153, 153
L 842, 927, -1702,  843, 923, -1701,  153, 153, 153
L 843, 923, -1701,  844, 922, -1701,  153, 153, 153
L 844, 922, -1701,  844, 919, -1701,  153, 153, 153
L 844, 919, -1701,  845, 894, -1721,  153, 153, 153
L 845, 894, -1721,  861, 877, -1721,  153, 153, 153
L 861, 877, -1721,  909, 876, -1721,  153, 153, 153
L 909, 876, -1721,  924, 862, -1721,  153, 153, 153
L 924, 862, -1721,  924, 843, -1721,  153, 153, 153
L 913, 841, -1721,  913, 841, -1721,  153, 153, 153
L 913, 841, -1721,  912, 848, -1721,  153, 153, 153
L 912, 848, -1721,  896, 865, -1721,  153, 153, 153
L 896, 865, -1721,  848, 865, -1721,  153, 153, 153
L 848, 865, -1721,  817, 896, -1721,  153, 153, 153
L 817, 896, -1721,  817, 918, -1703,  153, 153, 153
L 817, 918, -1703,  818, 923, -1701,  153, 153, 153
L 818, 923, -1701,  818, 930, -1701,  153, 153, 153
L 818, 930, -1701,  814, 934, -1701,  153, 153, 153
L 814, 934, -1701,  808, 936, -1721,  153, 153, 153
L 808, 936, -1721,  801, 944, -1721,  153, 153, 153
L 801, 944, -1721,  801, 1006, -1721,  153, 153, 153
L 801, 1006, -1721,  816, 1021, -1721,  153, 153, 153
L 816, 1021, -1721,  847, 1036, -1721,  153, 153, 153
L 847, 1036, -1721,  911, 1036, -1721,  153, 153, 153
L 911, 1036, -1721,  945, 1070, -1721,  153, 153, 153
L 945, 1070, -1721,  928, 1152, -1721,  153, 153, 153
L 928, 1152, -1721,  881, 1184, -1721,  153, 153, 153
L 881, 1184, -1721,  864, 1232, -1721,  153, 153, 153
L 864, 1232, -1721,  781, 1232, -1721,  153, 153, 153
L 781, 1232, -1721,  717, 1200, -1721,  153, 153, 153
L 717, 1200, -1721,  716, 1135, -1721,  153, 153, 153
L 716, 1135, -1721,  685, 1057, -1721,  153, 153, 153
L 685, 1057, -1721,  639, 1057, -1721,  153, 153, 153
L 639, 1057, -1721,  590, 1025, -1721,  153, 153, 153
L 590, 1025, -1721,  560, 1025, -1721,  153, 153, 153
L 560, 1025, -1721,  528, 1104, -1721,  153, 153, 153
L 528, 1104, -1721,  496, 1105, -1721,  153, 153, 153
L 496, 1105, -1721,  482, 1136, -1719,  153, 153, 153
L 482, 1136, -1719,  496, 1164, -1721,  153, 153, 153
L 496, 1164, -1721,  541, 1164, -1721,  153, 153, 153
L 541, 1164, -1721,  557, 1133, -1721,  153, 153, 153
L 557, 1133, -1721,  590, 1132, -1721,  153, 153, 153
L 590, 1132, -1721,  639, 1084, -1721,  153, 153, 153
L 639, 1084, -1721,  689, 1135, -1721,  153, 153, 153
L 689, 1135, -1721,  689, 1198, -1721,  153, 153, 153
L 689, 1198, -1721,  641, 1264, -1721,  153, 153, 153
L 641, 1264, -1721,  576, 1265, -1721,  153, 153, 153
L 576, 1265, -1721,  545, 1311, -1721,  153, 153, 153
L 545, 1311, -1721,  545, 1406, -1876,  153, 153, 153
L 545, 1406, -1876,  509, 1441, -1881,  153, 153, 153
L 509, 1441, -1881,  465, 1456, -1881,  153, 153, 153
L 465, 1456, -1881,  449, 1503, -1881,  153, 153, 153
L 449, 1503, -1881,  398, 1457, -1723,  153, 153, 153
L 398, 1457, -1723,  397, 1407, -1653,  153, 153, 153
L 397, 1407, -1653,  381, 1391, -1721,  153, 153, 153
L 381, 1391, -1721,  381, 1358, -1721,  153, 153, 153
L 381, 1358, -1721,  397, 1326, -1721,  153, 153, 153
L 397, 1326, -1721,  397, 1295, -1721,  153, 153, 153
L 397, 1295, -1721,  381, 1265, -1721,  153, 153, 153
L 381, 1265, -1721,  352, 1265, -1721,  153, 153, 153
L 352, 1265, -1721,  337, 1280, -1721,  153, 153, 153
L 337, 1280, -1721,  337, 1310, -1721,  153, 153, 153
L 337, 1310, -1721,  353, 1359, -1721,  153, 153, 153
L 353, 1359, -1721,  300, 1393, -1726,  153, 153, 153
L 300, 1393, -1726,  176, 1393, -1881,  153, 153, 153
L 176, 1393, -1881,  144, 1425, -1881,  153, 153, 153
L 144, 1425, -1881,  112, 1425, -1881,  153, 153, 153
L 112, 1425, -1881,  77, 1456, -1881,  153, 153, 153
L 77, 1456, -1881,  45, 1440, -1881,  153, 153, 153
L 45, 1440, -1881,  45, 1359, -1881,  153, 153, 153
L 45, 1359, -1881,  94, 1340, -1878,  153, 153, 153
L 94, 1340, -1878,  107, 1330, -1873,  153, 153, 153
L 107, 1330, -1873,  77, 1249, -1881,  153, 153, 153
L 77, 1249, -1881,  64, 1249, -1881,  153, 153, 153
L 64, 1249, -1881,  33, 1264, -1881,  153, 153, 153
L 33, 1264, -1881,  17, 1312, -1881,  153, 153, 153
L 17, 1312, -1881,  -15, 1313, -1881,  153, 153, 153
L -15, 1313, -1881,  -46, 1328, -1881,  153, 153, 153
L -46, 1328, -1881,  -63, 1392, -1881,  153, 153, 153
L -63, 1392, -1881,  -96, 1393, -1881,  153, 153, 153
L -96, 1393, -1881,  -159, 1409, -1881,  153, 153, 153
L -159, 1409, -1881,  -223, 1409, -1881,  153, 153, 153
L -223, 1409, -1881,  -258, 1360, -1881,  153, 153, 153
L -258, 1360, -1881,  -194, 1278, -1881,  153, 153, 153
L -194, 1278, -1881,  -178, 1198, -1881,  153, 153, 153
L -178, 1198, -1881,  -161, 1196, -1881,  153, 153, 153
L -161, 1196, -1881,  -130, 1166, -1881,  153, 153, 153
L -130, 1166, -1881,  -130, 1119, -1881,  153, 153, 153
L -130, 1119, -1881,  -145, 1105, -1881,  153, 153, 153
L -145, 1105, -1881,  -162, 1104, -1881,  153, 153, 153
L -162, 1104, -1881,  -177, 1089, -1881,  153, 153, 153
L -177, 1089, -1881,  -207, 1089, -1881,  153, 153, 153
L -207, 1089, -1881,  -222, 1104, -1881,  153, 153, 153
L -222, 1104, -1881,  -239, 1105, -1881,  153, 153, 153
L -239, 1105, -1881,  -254, 1119, -1881,  153, 153, 153
L -254, 1119, -1881,  -254, 1134, -1881,  153, 153, 153
L -254, 1134, -1881,  -239, 1164, -1881,  153, 153, 153
L -239, 1164, -1881,  -223, 1165, -1881,  153, 153, 153
L -223, 1165, -1881,  -206, 1199, -1881,  153, 153, 153
L -206, 1199, -1881,  -238, 1279, -1881,  153, 153, 153
L -238, 1279, -1881,  -287, 1328, -1881,  153, 153, 153
L -287, 1328, -1881,  -321, 1297, -1881,  153, 153, 153
L -321, 1297, -1881,  -353, 1296, -1881,  153, 153, 153
L -353, 1296, -1881,  -386, 1198, -1881,  153, 153, 153
L -386, 1198, -1881,  -386, 1166, -1881,  153, 153, 153
L -386, 1166, -1881,  -355, 1134, -1881,  153, 153, 153
L -355, 1134, -1881,  -369, 1105, -1881,  153, 153, 153
L -369, 1105, -1881,  -383, 1105, -1881,  153, 153, 153
L -383, 1105, -1881,  -414, 1120, -1881,  153, 153, 153
L -414, 1120, -1881,  -414, 1150, -1881,  153, 153, 153
L -414, 1150, -1881,  -433, 1153, -1881,  153, 153, 153
L -433, 1153, -1881,  -463, 1137, -1881,  153, 153, 153
L -463, 1137, -1881,  -480, 1137, -1881,  153, 153, 153
L -480, 1137, -1881,  -497, 1106, -1881,  153, 153, 153
L -497, 1106, -1881,  -542, 1089, -1881,  153, 153, 153
L -542, 1089, -1881,  -559, 1089, -1881,  153, 153, 153
L -559, 1089, -1881,  -590, 1120, -1881,  153, 153, 153
L -590, 1120, -1881,  -622, 1121, -1881,  153, 153, 153
L -622, 1121, -1881,  -637, 1151, -1881,  153, 153, 153
L -637, 1151, -1881,  -669, 1183, -1881,  153, 153, 153
L -669, 1183, -1881,  -669, 1197, -1881,  153, 153, 153
L -669, 1197, -1881,  -624, 1212, -1881,  153, 153, 153
L -624, 1212, -1881,  -577, 1196, -1881,  153, 153, 153
L -577, 1196, -1881,  -558, 1180, -1881,  153, 153, 153
L -558, 1180, -1881,  -513, 1180, -1881,  153, 153, 153
L -513, 1180, -1881,  -478, 1164, -1881,  153, 153, 153
L -478, 1164, -1881,  -430, 1165, -1881,  153, 153, 153
L -430, 1165, -1881,  -398, 1197, -1881,  153, 153, 153
L -398, 1197, -1881,  -398, 1246, -1881,  153, 153, 153
L -398, 1246, -1881,  -414, 1311, -1881,  153, 153, 153
L -414, 1311, -1881,  -430, 1343, -1881,  153, 153, 153
L -430, 1343, -1881,  -430, 1365, -1881,  153, 153, 153
L -430, 1365, -1881,  -424, 1382, -1881,  153, 153, 153
L -424, 1382, -1881,  -438, 1399, -1881,  153, 153, 153
L -438, 1399, -1881,  -446, 1428, -1881,  153, 153, 153
L -446, 1428, -1881,  -445, 1458, -1888,  153, 153, 153
L -445, 1458, -1888,  -430, 1521, -2041,  153, 153, 153
L -430, 1521, -2041,  -430, 1581, -2041,  153, 153, 153
L -430, 1581, -2041,  -479, 1632, -2041,  153, 153, 153
L -479, 1632, -2041,  -575, 1648, -2189,  153, 153, 153
L -575, 1648, -2189,  -610, 1633, -2201,  153, 153, 153
L -610, 1633, -2201,  -638, 1633, -2201,  153, 153, 153
L -638, 1633, -2201,  -706, 1551, -2201,  153, 153, 153
L -706, 1551, -2201,  -706, 1440, -2361,  153, 153, 153
L -706, 1440, -2361,  -751, 1410, -2361,  153, 153, 153
L -751, 1410, -2361,  -897, 1409, -2510,  153, 153, 153
L -897, 1409, -2510,  -975, 1393, -2521,  153, 153, 153
L -975, 1393, -2521,  -1008, 1425, -2521,  153, 153, 153
L -1008, 1425, -2521,  -1120, 1425, -2672,  153, 153, 153
L -1120, 1425, -2672,  -1169, 1376, -2681,  153, 153, 153
L -1169, 1376, -2681,  -1185, 1282, -2823,  153, 153, 153
L -1185, 1282, -2823,  -1138, 1245, -2841,  153, 153, 153
L -1138, 1245, -2841,  -1138, 1217, -2841,  153, 153, 153
L -1138, 1217, -2841,  -1169, 1185, -2841,  153, 153, 153
L -1169, 1185, -2841,  -1199, 1185, -2841,  153, 153, 153
L -1199, 1185, -2841,  -1231, 1217, -2841,  153, 153, 153
L -1231, 1217, -2841,  -1279, 1185, -2841,  153, 153, 153
L -1279, 1185, -2841,  -1327, 1185, -2841,  153, 153, 153
L -1327, 1185, -2841,  -1373, 1216, -2841,  153, 153, 153
L -1373, 1216, -2841,  -1390, 1264, -2841,  153, 153, 153
L -1390, 1264, -2841,  -1437, 1265, -2844,  153, 153, 153
L -1437, 1265, -2844,  -1501, 1312, -2917,  153, 153, 153
L -1501, 1312, -2917,  -1502, 1360, -3001,  153, 153, 153
L -1502, 1360, -3001,  -1537, 1426, -3001,  153, 153, 153
L -1537, 1426, -3001,  -1551, 1425, -3001,  153, 153, 153
L -1551, 1425, -3001,  -1597, 1456, -3001,  153, 153, 153
L -1597, 1456, -3001,  -1597, 1502, -3001,  153, 153, 153
L -1597, 1502, -3001,  -1629, 1520, -3001,  153, 153, 153
L -1629, 1520, -3001,  -1645, 1551, -3001,  153, 153, 153
L -1645, 1551, -3001,  -1645, 1581, -3001,  153, 153, 153
L -1645, 1581, -3001,  -1630, 1632, -3101,  153, 153, 153
L -1630, 1632, -3101,  -1645, 1663, -3136,  153, 153, 153
L -1645, 1663, -3136,  -1645, 1663, -3136,  0, 0, 255
L -1645, 1663, -3136,  -1661, 1695, -3191,  0, 0, 255
L -1661, 1695, -3191,  -1661, 1742, -3191,  0, 0, 255
L -1661, 1742, -3191,  -1628, 1789, -3191,  0, 0, 255
L -1628, 1789, -3191,  -1600, 1803, -3191,  0, 0, 255
L -1600, 1803, -3191,  -1552, 1788, -3203,  0, 0, 255
L -1552, 1788, -3203,  -1522, 1758, -3360,  0, 0, 255
L -1522, 1758, -3360,  -1487, 1740, -3471,  0, 0, 255
L -1487, 1740, -3471,  -1437, 1741, -3480,  0, 0, 255
L -1437, 1741, -3480,  -1391, 1788, -3480,  0, 0, 255
L -1391, 1788, -3480,  -1389, 1836, -3480,  0, 0, 255
L -1389, 1836, -3480,  -1404, 1869, -3324,  0, 0, 255
L -1404, 1869, -3324,  -1421, 1887, -3303,  0, 0, 255
L -1421, 1887, -3303,  -1419, 1939, -3245,  0, 0, 255
L -1419, 1939, -3245,  -1406, 1964, -3170,  0, 0, 255
L -1406, 1964, -3170,  -1406, 1964, -3170,  153, 153, 153
L -1406, 1964, -3170,  -1390, 1997, -3008,  153, 153, 153
L -1390, 1997, -3008,  -1359, 2012, -3009,  153, 153, 153
L -1359, 2012, -3009,  -1344, 2012, -3027,  153, 153, 153
L -1344, 2012, -3027,  -1313, 1997, -3058,  153, 153, 153
L -1313, 1997, -3058,  -1298, 1950, -3155,  153, 153, 153
L -1298, 1950, -3155,  -1298, 1934, -3154,  153, 153, 153
L -1298, 1934, -3154,  -1314, 1919, -3268,  153, 153, 153
L -1314, 1919, -3268,  -1314, 1919, -3268,  0, 0, 255
L -1314, 1919, -3268,  -1329, 1888, -3301,  0, 0, 255
L -1329, 1888, -3301,  -1359, 1873, -3317,  0, 0, 255
L -1359, 1873, -3317,  -1378, 1839, -3378,  0, 0, 255
L -1378, 1839, -3378,  -1378, 1775, -3454,  0, 0, 255
L -1378, 1775, -3454,  -1424, 1729, -3480,  0, 0, 255
L -1424, 1729, -3480,  -1486, 1729, -3480,  0, 0, 255
L -1486, 1729, -3480,  -1520, 1712, -3344,  0, 0, 255
L -1520, 1712, -3344,  -1522, 1682, -3360,  0, 0, 255
L -1522, 1682, -3360,  -1568, 1649, -3200,  0, 0, 255
L -1568, 1649, -3200,  -1584, 1649, -3175,  0, 0, 255
L -1584, 1648, -3175,  -1584, 1648, -3175,  153, 153, 153
L -1584, 1648, -3175,  -1613, 1634, -3085,  153, 153, 153
L -1613, 1634, -3085,  -1619, 1630, -3075,  153, 153, 153
L -1619, 1630, -3075,  -1616, 1579, -3001,  153, 153, 153
L -1616, 1579, -3001,  -1601, 1548, -3001,  153, 153, 153
L -1601, 1548, -3001,  -1570, 1533, -3001,  153, 153, 153
L -1570, 1533, -3001,  -1534, 1549, -3001,  153, 153, 153
L -1534, 1549, -3001,  -1517, 1583, -2985,  153, 153, 153
L -1517, 1583, -2985,  -1517, 1616, -2841,  153, 153, 153
L -1517, 1616, -2841,  -1517, 1629, -2841,  153, 153, 153
L -1517, 1629, -2841,  -1486, 1660, -2841,  153, 153, 153
L -1486, 1660, -2841,  -1424, 1660, -2683,  153, 153, 153
L -1424, 1660, -2683,  -1405, 1678, -2705,  153, 153, 153
L -1405, 1678, -2705,  -1406, 1696, -2761,  153, 153, 153
L -1458, 1518, -3001,  -1458, 1518, -3001,  153, 153, 153
L -1458, 1518, -3001,  -1473, 1472, -3001,  153, 153, 153
L -1473, 1472, -3001,  -1505, 1440, -3001,  153, 153, 153
L -1505, 1440, -3001,  -1457, 1357, -2988,  153, 153, 153
L -1457, 1357, -2988,  -1361, 1292, -2841,  153, 153, 153
L -1361, 1292, -2841,  -1281, 1308, -2841,  153, 153, 153
L -1281, 1308, -2841,  -1217, 1277, -2841,  153, 153, 153
L -1217, 1277, -2841,  -1213, 1374, -2682,  153, 153, 153
L -1213, 1374, -2682,  -1198, 1421, -2681,  153, 153, 153
L -1198, 1421, -2681,  -1119, 1452, -2669,  153, 153, 153
L -1119, 1452, -2669,  -1008, 1452, -2521,  153, 153, 153
L -1008, 1452, -2521,  -896, 1436, -2510,  153, 153, 153
L -896, 1436, -2510,  -784, 1436, -2362,  153, 153, 153
L -784, 1436, -2362,  -734, 1485, -2361,  153, 153, 153
L -734, 1485, -2361,  -733, 1550, -2202,  153, 153, 153
L -733, 1550, -2202,  -671, 1644, -2201,  153, 153, 153
L -671, 1644, -2201,  -654, 1677, -2201,  153, 153, 153
L -654, 1677, -2201,  -608, 1692, -2201,  153, 153, 153
L -608, 1692, -2201,  -576, 1676, -2193,  153, 153, 153
L -576, 1676, -2193,  -433, 1676, -2041,  153, 153, 153
L -433, 1676, -2041,  -402, 1629, -2041,  153, 153, 153
L -402, 1629, -2041,  -401, 1452, -1881,  153, 153, 153
L -401, 1452, -1881,  -350, 1404, -1881,  153, 153, 153
L -350, 1404, -1881,  -305, 1388, -1881,  153, 153, 153
L -305, 1388, -1881,  -286, 1438, -1881,  153, 153, 153
L -286, 1438, -1881,  -271, 1452, -1881,  153, 153, 153
L -271, 1452, -1881,  -257, 1452, -1881,  153, 153, 153
L -257, 1452, -1881,  -226, 1437, -1881,  153, 153, 153
L -226, 1437, -1881,  -158, 1420, -1881,  153, 153, 153
L -158, 1420, -1881,  -65, 1436, -1881,  153, 153, 153
L -65, 1436, -1881,  -15, 1484, -1881,  153, 153, 153
L -15, 1484, -1881,  30, 1468, -1881,  153, 153, 153
L 30, 1468, -1881,  65, 1502, -1881,  153, 153, 153
L 65, 1502, -1881,  31, 1553, -1881,  153, 153, 153
L 31, 1553, -1881,  0, 1553, -1881,  153, 153, 153
L 0, 1553, -1881,  -30, 1568, -1881,  153, 153, 153
L -30, 1568, -1881,  -30, 1598, -1881,  153, 153, 153
L -30, 1598, -1881,  0, 1628, -1881,  153, 153, 153
L 0, 1628, -1881,  46, 1644, -1881,  153, 153, 153
L 46, 1644, -1881,  76, 1614, -1881,  153, 153, 153
L 76, 1614, -1881,  61, 1583, -1881,  153, 153, 153
L 61, 1583, -1881,  109, 1549, -1881,  153, 153, 153
L 109, 1549, -1881,  109, 1517, -1881,  153, 153, 153
L 109, 1517, -1881,  157, 1485, -1881,  153, 153, 153
L 157, 1485, -1881,  157, 1454, -1881,  153, 153, 153
L 157, 1454, -1881,  175, 1451, -1881,  153, 153, 153
L 175, 1451, -1881,  225, 1420, -1867,  153, 153, 153
L 225, 1420, -1867,  302, 1420, -1723,  153, 153, 153
L 302, 1420, -1723,  352, 1468, -1721,  153, 153, 153
L 352, 1468, -1721,  382, 1468, -1721,  153, 153, 153
L 382, 1468, -1721,  449, 1534, -1881,  153, 153, 153
L 449, 1534, -1881,  465, 1597, -1859,  153, 153, 153
L 465, 1597, -1859,  525, 1612, -1881,  153, 153, 153
L 525, 1612, -1881,  637, 1612, -1832,  153, 153, 153
L 637, 1612, -1832,  637, 1581, -1881,  153, 153, 153
L 637, 1581, -1881,  690, 1564, -1868,  153, 153, 153
L 690, 1564, -1868,  877, 1564, -1690,  153, 153, 153
L 877, 1564, -1690,  907, 1534, -1711,  153, 153, 153
L 907, 1534, -1711,  909, 1503, -1711,  153, 153, 153
L 909, 1503, -1711,  926, 1498, -1721,  153, 153, 153
L 926, 1498, -1721,  957, 1471, -1711,  153, 153, 153
L 957, 1471, -1711,  991, 1470, -1721,  153, 153, 153
L 991, 1470, -1721,  1007, 1502, -1721,  153, 153, 153
L 1007, 1502, -1721,  1009, 1520, -1797,  153, 153, 153
L 1009, 1520, -1797,  1022, 1535, -1870,  153, 153, 153
L 1022, 1535, -1870,  1024, 1566, -2052,  153, 153, 153
L 1024, 1566, -2052,  1003, 1586, -2201,  153, 153, 153
L 1055, 1425, -1721,  1055, 1425, -1721,  153, 153, 153
L 1055, 1425, -1721,  1037, 1441, -1721,  153, 153, 153
L 1037, 1441, -1721,  1022, 1441, -1721,  153, 153, 153
L 1022, 1441, -1721,  991, 1425, -1718,  153, 153, 153
L 991, 1425, -1718,  978, 1392, -1696,  153, 153, 153
L 978, 1392, -1696,  965, 1385, -1677,  153, 153, 153
L 965, 1385, -1677,  962, 1424, -1654,  153, 153, 153
L 962, 1424, -1654,  944, 1456, -1721,  153, 153, 153
L 944, 1456, -1721,  928, 1457, -1721,  153, 153, 153
L 928, 1457, -1721,  881, 1534, -1711,  153, 153, 153
L 881, 1534, -1711,  703, 1537, -1839,  153, 153, 153
L 703, 1537, -1839,  681, 1505, -1773,  153, 153, 153
L 681, 1505, -1773,  648, 1504, -1881,  153, 153, 153
L 648, 1504, -1881,  603, 1438, -1881,  153, 153, 153
L 603, 1438, -1881,  573, 1408, -1881,  153, 153, 153
L 573, 1408, -1881,  573, 1341, -1721,  153, 153, 153
L 573, 1341, -1721,  638, 1292, -1721,  153, 153, 153
L 638, 1292, -1721,  719, 1292, -1721,  153, 153, 153
L 719, 1292, -1721,  783, 1260, -1721,  153, 153, 153
L 783, 1260, -1721,  862, 1260, -1721,  153, 153, 153
L 862, 1260, -1721,  913, 1295, -1721,  153, 153, 153
L 913, 1295, -1721,  908, 1305, -1721,  153, 153, 153
L 908, 1305, -1721,  908, 1332, -1721,  153, 153, 153
L 908, 1332, -1721,  954, 1365, -1721,  153, 153, 153
L 954, 1365, -1721,  986, 1365, -1721,  153, 153, 153
L 986, 1365, -1721,  1022, 1356, -1721,  153, 153, 153
L 1022, 1356, -1721,  1056, 1388, -1721,  153, 153, 153
L 1056, 1388, -1721,  1071, 1388, -1721,  153, 153, 153
L 1071, 1388, -1721,  1101, 1372, -1721,  153, 153, 153
L 1101, 1372, -1721,  1116, 1326, -1721,  153, 153, 153
L 1116, 1326, -1721,  1165, 1324, -1721,  153, 153, 153
L 1165, 1324, -1721,  1181, 1277, -1721,  153, 153, 153
L 1181, 1277, -1721,  1229, 1260, -1721,  153, 153, 153
L 1117, 1213, -1721,  1117, 1213, -1721,  153, 153, 153
L 1117, 1213, -1721,  1169, 1214, -1721,  153, 153, 153
L 1169, 1214, -1721,  1152, 1248, -1721,  153, 153, 153
L 1152, 1248, -1721,  1119, 1249, -1721,  153, 153, 153
L 1119, 1249, -1721,  1117, 1213, -1721,  153, 153, 153
L 1005, 1261, -1721,  1005, 1261, -1721,  153, 153, 153
L 1005, 1261, -1721,  1055, 1276, -1721,  153, 153, 153
L 1055, 1276, -1721,  1024, 1328, -1721,  153, 153, 153
L 1024, 1328, -1721,  972, 1294, -1721,  153, 153, 153
L 972, 1294, -1721,  1005, 1261, -1721,  153, 153, 153
L -1458, 1518, -3001,  -1458, 1518, -3001,  153, 153, 153
L -1458, 1518, -3001,  -1489, 1548, -3001,  153, 153, 153
L -1489, 1548, -3001,  -1506, 1582, -2995,  153, 153, 153
L -1506, 1582, -2995,  -1506, 1615, -2841,  153, 153, 153
L -1506, 1615, -2841,  -1472, 1648, -2841,  153, 153, 153
L -1472, 1648, -2841,  -1417, 1649, -2681,  153, 153, 153
L -1417, 1649, -2681,  -1391, 1649, -2697,  153, 153, 153
L -1391, 1649, -2697,  -1359, 1633, -2697,  153, 153, 153
L -1359, 1633, -2697,  -1329, 1633, -2697,  153, 153, 153
L -1329, 1633, -2697,  -1314, 1678, -2707,  153, 153, 153
L -1314, 1678, -2707,  -1345, 1708, -2697,  153, 153, 153
L -1345, 1708, -2697,  -1389, 1708, -2716,  153, 153, 153
L -1389, 1708, -2716,  -1391, 1708, -2761,  0, 0, 255
L -1391, 1708, -2761,  -1381, 1698, -2749,  0, 0, 255
L -1381, 1698, -2749,  -1346, 1692, -2747,  0, 0, 255
L -1346, 1692, -2747,  -1327, 1673, -2748,  0, 0, 255
L -1327, 1673, -2748,  -1335, 1650, -2750,  0, 0, 255
L -1335, 1650, -2750,  -1360, 1648, -2747,  0, 0, 255
L -1360, 1648, -2747,  -1376, 1656, -2751,  0, 0, 255
L -1376, 1656, -2751,  -1391, 1675, -2750,  0, 0, 255
L -1391, 1675, -2750,  -1392, 1686, -2746,  0, 0, 255
L -1392, 1686, -2746,  -1406, 1696, -2761,  0, 0, 255
L -1406, 1696, -2761,  -1522, 1695, -3208,  0, 0, 255
L -1522, 1695, -3208,  -1522, 1694, -3231,  0, 0, 255
L -1392, 1708, -2761,  -1392, 1708, -2761,  0, 0, 255
L -1392, 1708, -2761,  -1522, 1711, -3207,  0, 0, 255
L 1055, 1425, -1721,  1055, 1425, -1721,  153, 153, 153
L 1055, 1425, -1721,  1087, 1425, -1721,  153, 153, 153
L 1087, 1425, -1721,  1104, 1393, -1721,  153, 153, 153
L 1104, 1393, -1721,  1150, 1393, -1721,  153, 153, 153
L 1150, 1393, -1721,  1168, 1361, -1721,  153, 153, 153
L 1168, 1361, -1721,  1182, 1361, -1721,  153, 153, 153
L 1182, 1361, -1721,  1216, 1329, -1650,  153, 153, 153
L 1216, 1329, -1650,  1232, 1330, -1607,  153, 153, 153
L 1232, 1330, -1607,  1260, 1344, -1721,  153, 153, 153
L 1260, 1344, -1721,  1263, 1362, -1721,  153, 153, 153
L 1263, 1362, -1721,  1277, 1361, -1721,  153, 153, 153
L 1277, 1361, -1721,  1292, 1407, -1630,  153, 153, 153
L 1292, 1407, -1630,  1276, 1438, -1721,  153, 153, 153
L 1276, 1438, -1721,  1276, 1549, -1723,  153, 153, 153
L 1276, 1549, -1723,  1310, 1601, -1713,  153, 153, 153
L 1310, 1601, -1713,  1375, 1601, -1625,  153, 153, 153
L 1375, 1601, -1625,  1423, 1617, -1537,  153, 153, 153
L 1423, 1617, -1537,  1492, 1617, -1227,  153, 153, 153
L 1492, 1617, -1227,  1517, 1617, -1227,  153, 153, 153
L 1517, 1617, -1227,  1564, 1680, -1108,  153, 153, 153
L 1564, 1680, -1108,  1565, 1825, -571,  153, 153, 153
L 1565, 1825, -571,  1661, 1888, -430,  153, 153, 153
L 1661, 1888, -430,  1760, 1889, 54,  153, 153, 153
L 1760, 1889, 54,  1837, 1889, 221,  153, 153, 153
L 1837, 1889, 221,  1837, 1889, 221,  153, 153, 153
L 1837, 1889, 221,  1868, 1967, 333,  153, 153, 153
L 1868, 1967, 333,  1868, 1986, 348,  153, 153, 153
L 1868, 1986, 348,  1868, 2046, 222,  153, 153, 153
L 1868, 2046, 222,  1868, 2046, 222,  0, 0, 255
L 1868, 2046, 222,  1886, 2049, 186,  0, 0, 255
L 1886, 2049, 186,  1923, 2081, 217,  0, 0, 255
L 1923, 2081, 217,  1952, 2064, 217,  0, 0, 255
L 1952, 2064, 217,  1952, 1999, 257,  0, 0, 255
L 1952, 1999, 257,  1952, 1984, 977,  0, 0, 255
L 1952, 1984, 977,  1964, 1984, 977,  0, 0, 255
L 1964, 1984, 977,  1964, 1999, 257,  0, 0, 255
L 1964, 1999, 257,  1964, 2077, 251,  0, 0, 255
L 1964, 2077, 251,  1933, 2092, 217,  0, 0, 255
L 1933, 2092, 217,  1918, 2092, 188,  0, 0, 255
L 1918, 2092, 188,  1883, 2110, 157,  0, 0, 255
L 1883, 2110, 157,  1869, 2140, 177,  0, 0, 255
L 1869, 2140, 177,  1805, 2140, -142,  0, 0, 255
L 1805, 2128, -142,  1805, 2128, -142,  0, 0, 255
L 1805, 2128, -142,  1822, 2128, 177,  0, 0, 255
L 1822, 2128, 177,  1856, 2112, 174,  0, 0, 255
L 1856, 2112, 174,  1857, 2053, 209,  0, 0, 255
L 1857, 2053, 209,  1857, 2053, 209,  153, 153, 153
L 1857, 2053, 209,  1857, 2047, 218,  153, 153, 153
L 1857, 2047, 218,  1841, 1984, 354,  153, 153, 153
L 1841, 1984, 354,  1808, 1918, 256,  153, 153, 153
L 1808, 1918, 256,  1758, 1900, 47,  153, 153, 153
L 1758, 1900, 47,  1675, 1900, -332,  153, 153, 153
L 1675, 1900, -332,  1631, 1900, -483,  153, 153, 153
L 1631, 1900, -483,  1553, 1853, -587,  153, 153, 153
L 1553, 1853, -587,  1552, 1693, -1084,  153, 153, 153
L 1552, 1693, -1084,  1487, 1628, -1205,  153, 153, 153
L 1487, 1628, -1205,  1342, 1628, -1668,  153, 153, 153
L 1342, 1628, -1668,  1312, 1613, -1708,  153, 153, 153
L 1312, 1613, -1708,  1296, 1612, -1721,  153, 153, 153
L 1296, 1612, -1721,  1265, 1567, -1721,  153, 153, 153
L 1265, 1567, -1721,  1265, 1487, -1864,  153, 153, 153
L 1265, 1487, -1864,  1249, 1438, -1721,  153, 153, 153
L 1249, 1438, -1721,  1198, 1420, -1721,  153, 153, 153
L 1198, 1420, -1721,  1183, 1420, -1721,  153, 153, 153
L 1183, 1420, -1721,  1151, 1404, -1721,  153, 153, 153
L 1151, 1404, -1721,  1119, 1404, -1721,  153, 153, 153
L 1119, 1404, -1721,  1101, 1436, -1721,  153, 153, 153
L 1101, 1436, -1721,  1084, 1438, -1721,  153, 153, 153
L 1084, 1438, -1721,  1071, 1464, -1721,  153, 153, 153
L 1071, 1464, -1721,  1052, 1468, -1721,  153, 153, 153
L 1052, 1468, -1721,  1021, 1501, -1721,  153, 153, 153
L 1021, 1501, -1721,  1036, 1535, -1873,  153, 153, 153
L 1036, 1535, -1873,  1036, 1581, -2073,  153, 153, 153
L 1036, 1581, -2073,  1004, 1614, -2201,  153, 153, 153
L 1004, 1614, -2201,  973, 1660, -2201,  153, 153, 153
L 973, 1660, -2201,  943, 1660, -2201,  153, 153, 153
L 943, 1660, -2201,  911, 1676, -2201,  153, 153, 153
L 911, 1676, -2201,  878, 1660, -2201,  153, 153, 153
L 878, 1660, -2201,  815, 1660, -2201,  153, 153, 153
L 815, 1660, -2201,  781, 1710, -2201,  153, 153, 153
L 781, 1710, -2201,  765, 1789, -2201,  153, 153, 153
L 765, 1789, -2201,  764, 1838, -2201,  153, 153, 153
L 764, 1838, -2201,  748, 1870, -2201,  153, 153, 153
L 748, 1870, -2201,  764, 1903, -2201,  153, 153, 153
L 764, 1903, -2201,  880, 1904, -2201,  153, 153, 153
L 880, 1904, -2201,  913, 1872, -2201,  153, 153, 153
L 913, 1872, -2201,  943, 1857, -2201,  153, 153, 153
L 943, 1857, -2201,  975, 1857, -2201,  153, 153, 153
L 975, 1857, -2201,  1007, 1874, -2201,  153, 153, 153
L 1007, 1874, -2201,  1020, 1887, -2201,  153, 153, 153
L 1020, 1887, -2201,  1019, 1933, -2201,  153, 153, 153
L 1019, 1933, -2201,  1020, 1949, -2201,  153, 153, 153
L 1020, 1949, -2201,  974, 1963, -2201,  153, 153, 153
L 974, 1963, -2201,  927, 1963, -2201,  153, 153, 153
L 927, 1963, -2201,  885, 1950, -2201,  153, 153, 153
L 885, 1950, -2201,  815, 1932, -2201,  153, 153, 153
L 815, 1932, -2201,  767, 1932, -2201,  153, 153, 153
L 767, 1932, -2201,  733, 1966, -2201,  153, 153, 153
L 733, 1966, -2201,  732, 2030, -2201,  153, 153, 153
L 732, 2030, -2201,  764, 2063, -2201,  153, 153, 153
L 764, 2063, -2201,  845, 2064, -2201,  153, 153, 153
L 845, 2064, -2201,  860, 2095, -2201,  153, 153, 153
L 860, 2095, -2201,  860, 2126, -2201,  153, 153, 153
L 860, 2126, -2201,  844, 2158, -2201,  153, 153, 153
L 844, 2158, -2201,  828, 2207, -2201,  153, 153, 153
L 828, 2207, -2201,  860, 2239, -2201,  153, 153, 153
L 860, 2239, -2201,  860, 2253, -2201,  153, 153, 153
L 860, 2253, -2201,  830, 2300, -2201,  153, 153, 153
L 830, 2300, -2201,  862, 2352, -2201,  153, 153, 153
L 862, 2352, -2201,  910, 2352, -2201,  153, 153, 153
L 910, 2352, -2201,  944, 2320, -2201,  153, 153, 153
L 944, 2320, -2201,  945, 2273, -2201,  153, 153, 153
L 945, 2273, -2201,  914, 2223, -2201,  153, 153, 153
L 914, 2223, -2201,  913, 2192, -2201,  153, 153, 153
L 913, 2192, -2201,  897, 2143, -2201,  153, 153, 153
L 897, 2143, -2201,  926, 2114, -2201,  153, 153, 153
L 926, 2114, -2201,  974, 2112, -2201,  153, 153, 153
L 974, 2112, -2201,  1004, 2127, -2201,  153, 153, 153
L 1004, 2127, -2201,  1005, 2192, -2201,  153, 153, 153
L 1005, 2192, -2201,  1020, 2239, -2201,  153, 153, 153
L 1020, 2239, -2201,  1020, 2253, -2201,  153, 153, 153
L 1020, 2253, -2201,  988, 2270, -2201,  153, 153, 153
L 988, 2270, -2201,  972, 2318, -2201,  153, 153, 153
L 972, 2318, -2201,  941, 2365, -2201,  153, 153, 153
L 941, 2365, -2201,  910, 2380, -2201,  153, 153, 153
L 910, 2380, -2201,  863, 2364, -2201,  153, 153, 153
L 863, 2364, -2201,  832, 2364, -2201,  153, 153, 153
L 832, 2364, -2201,  801, 2317, -2201,  153, 153, 153
L 801, 2317, -2201,  801, 2303, -2201,  153, 153, 153
L 801, 2303, -2201,  785, 2254, -2201,  153, 153, 153
L 785, 2254, -2201,  785, 2223, -2201,  153, 153, 153
L 785, 2223, -2201,  817, 2207, -2201,  153, 153, 153
L 817, 2207, -2201,  817, 2159, -2201,  153, 153, 153
L 817, 2159, -2201,  848, 2128, -2201,  153, 153, 153
L 848, 2128, -2201,  817, 2077, -2201,  153, 153, 153
L 817, 2077, -2201,  753, 2076, -2201,  153, 153, 153
L 753, 2076, -2201,  721, 2045, -2201,  153, 153, 153
L 721, 2045, -2201,  721, 1966, -2201,  153, 153, 153
L 721, 1966, -2201,  689, 1949, -2201,  153, 153, 153
L 689, 1949, -2201,  655, 1963, -2201,  153, 153, 153
L 655, 1963, -2201,  640, 1964, -2201,  153, 153, 153
L 640, 1964, -2201,  609, 1949, -2201,  153, 153, 153
L 609, 1949, -2201,  609, 1919, -2201,  153, 153, 153
L 609, 1919, -2201,  624, 1889, -2201,  153, 153, 153
L 624, 1889, -2201,  654, 1889, -2201,  153, 153, 153
L 654, 1889, -2201,  687, 1858, -2201,  153, 153, 153
L 687, 1858, -2201,  719, 1856, -2201,  153, 153, 153
L 719, 1856, -2201,  753, 1791, -2201,  153, 153, 153
L 753, 1791, -2201,  753, 1679, -2201,  153, 153, 153
L 753, 1679, -2201,  783, 1649, -2201,  153, 153, 153
L 783, 1649, -2201,  876, 1649, -2201,  153, 153, 153
L 876, 1649, -2201,  897, 1614, -2201,  153, 153, 153
L 897, 1614, -2201,  882, 1570, -2201,  153, 153, 153
L 882, 1570, -2201,  881, 1537, -2183,  153, 153, 153
L 881, 1537, -2183,  896, 1505, -2201,  153, 153, 153
L 896, 1505, -2201,  908, 1505, -2201,  153, 153, 153
L 908, 1505, -2201,  926, 1505, -2201,  153, 153, 153
L 926, 1505, -2201,  958, 1474, -2201,  153, 153, 153
L 958, 1474, -2201,  989, 1473, -2201,  153, 153, 153
L 989, 1473, -2201,  1004, 1502, -2191,  153, 153, 153
L 1004, 1502, -2191,  1004, 1518, -2201,  153, 153, 153
L 1004, 1518, -2201,  1020, 1535, -2168,  153, 153, 153
L 1020, 1535, -2168,  1020, 1565, -2201,  153, 153, 153
L 928, 2112, -2201,  928, 2112, -2201,  153, 153, 153
L 928, 2112, -2201,  945, 2079, -1721,  153, 153, 153
L 945, 2079, -1721,  945, 2015, -1721,  153, 153, 153
L 945, 2015, -1721,  930, 1968, -1721,  153, 153, 153
L 930, 1968, -1721,  925, 1963, -1721,  153, 153, 153
L 925, 1963, -1721,  917, 1961, -1721,  153, 153, 153
L 961, 2093, -1713,  961, 2093, -1713,  153, 153, 153
L 961, 2093, -1713,  961, 1639, -2201,  153, 153, 153
L 956, 2080, -1711,  956, 2080, -1711,  153, 153, 153
L 956, 2080, -1711,  956, 1659, -2164,  153, 153, 153
L 974, 1857, -2201,  974, 1857, -2201,  153, 153, 153
L 974, 1857, -2201,  973, 1660, -2201,  153, 153, 153
L 943, 1857, -2201,  943, 1857, -2201,  153, 153, 153
L 943, 1857, -2201,  942, 1660, -2201,  153, 153, 153
L 1037, 1889, -1721,  1037, 1889, -1721,  153, 153, 153
L 1037, 1889, -1721,  1020, 1887, -2201,  153, 153, 153
L 1026, 1934, -1721,  1026, 1934, -1721,  153, 153, 153
L 1026, 1934, -1721,  972, 1953, -1721,  153, 153, 153
L 972, 1953, -1721,  929, 1952, -1721,  153, 153, 153
L 929, 1952, -1721,  917, 1961, -1721,  153, 153, 153
L 875, 1933, -1721,  875, 1933, -1721,  153, 153, 153
L 875, 1933, -1721,  875, 1947, -1631,  153, 153, 153
L 875, 1947, -1631,  891, 1952, -1663,  153, 153, 153
L 891, 1952, -1663,  897, 1945, -1691,  153, 153, 153
L 897, 1945, -1691,  875, 1933, -1721,  153, 153, 153
L -98, 1031, -1066,  -98, 1031, -1065,  153, 153, 153
L -98, 1031, -1065,  -98, 1054, -1082,  153, 153, 153
L -98, 1054, -1082,  -113, 1068, -1080,  153, 153, 153
L -113, 1068, -1080,  -160, 1068, -1082,  153, 153, 153
L -160, 1068, -1082,  -171, 1078, -1060,  153, 153, 153
L -171, 1078, -1060,  -175, 1078, -1059,  153, 153, 153
L -175, 1078, -1059,  -180, 1088, -1061,  153, 153, 153
L -180, 1088, -1061,  -162, 1104, -1075,  153, 153, 153
L -221, 1103, -1081,  -221, 1103, -1078,  153, 153, 153
L -221, 1103, -1078,  -212, 1095, -1061,  153, 153, 153
L -212, 1095, -1061,  -205, 1090, -1059,  153, 153, 153
L -205, 1090, -1059,  -202, 1084, -1063,  153, 153, 153
L -202, 1084, -1063,  -175, 1057, -1078,  153, 153, 153
L -175, 1057, -1078,  -127, 1057, -1081,  153, 153, 153
L -127, 1057, -1081,  -111, 1041, -1081,  153, 153, 153
L -111, 1041, -1081,  -110, 1035, -1079,  153, 153, 153
L -110, 1035, -1079,  -110, 1033, -1081,  153, 153, 153
P 1400, 2300, 0, 255, 255, 255, 2, Frontier Mountains
P 924, 850, 0, 255, 255, 255, 2, Mines of Droga
P -98, 1034, 0, 255, 255, 255, 2, Mines of Droga
