P 277.0845, -314.7926, 0.0010,  0, 0, 0,  3,  Sheerie_(Berserker_Tomes)
P 255.0891, -287.3335, 0.0010,  0, 0, 127,  3,  Baddi_(GM_Berserker)
L -392.4688, 216.5313, 10.6260,  -392.4688, 216.5313, 10.6260,  0, 0, 0
L -366.9211, 216.4511, 10.6260,  -392.4688, 216.5313, 10.6260,  127, 127, 127
L -366.4688, 242.5313, 10.6260,  -366.9211, 216.4511, 10.6260,  127, 127, 127
L -338.5000, 236.7509, 4.6260,  -332.5000, 243.2812, 0.6260,  127, 127, 127
L -341.5000, 236.5313, 6.6260,  -338.5000, 236.7509, 4.6260,  127, 127, 127
L -386.6884, 188.5625, 4.6260,  -392.5315, 182.4876, 0.6257,  127, 127, 127
L -392.4688, 198.0208, 10.6260,  -392.0707, 197.4299, 10.6260,  0, 0, 0
L -390.7177, 195.4217, 10.6260,  -392.4688, 198.0208, 10.6260,  127, 127, 127
L -386.4688, 191.5625, 6.6260,  -390.7177, 195.4217, 10.6260,  127, 127, 127
L -386.6884, 188.5625, 4.6260,  -386.4688, 191.5625, 6.6260,  127, 127, 127
L -344.5874, 195.7495, 9.7719,  -346.5544, 193.7884, 8.6260,  127, 127, 127
L -338.3193, 197.8830, 4.6260,  -332.5000, 192.0934, 2.6260,  127, 127, 127
L -344.5000, 195.8356, 8.6260,  -341.5000, 198.2812, 6.6260,  127, 127, 127
L -345.7792, 194.5625, 8.6260,  -348.2493, 191.5625, 6.6260,  127, 127, 127
L -345.0298, 185.5625, 2.6260,  -347.8603, 188.3931, 4.6260,  127, 127, 127
L -348.2500, 191.5625, 6.6260,  -347.8603, 188.3931, 4.6260,  127, 127, 127
L -345.0300, 185.5625, 2.6260,  -342.2650, 182.7971, 2.5384,  127, 127, 127
L -341.5000, 198.2809, 6.6260,  -338.3193, 197.8830, 4.6260,  127, 127, 127
L -251.2812, 257.5313, 22.7453,  -330.0658, 257.6005, 0.6260,  0, 127, 0
L -251.2812, 195.3125, 22.7453,  -329.5000, 194.9825, 0.7376,  0, 127, 0
L -251.2812, 257.5313, 22.7453,  -251.2812, 195.3125, 22.7453,  0, 127, 0
L 89.5363, 112.2553, -31.2283,  72.1986, 112.2976, -31.2868,  127, 64, 0
L 72.2700, 112.1956, -31.1702,  72.3924, 106.1636, -30.3740,  127, 64, 0
L 72.3089, 131.5626, -26.4611,  89.6048, 131.5624, -26.4624,  127, 64, 0
L 89.9788, 149.5682, -11.4045,  72.1952, 149.5098, -11.4443,  127, 64, 0
L -1067.7402, -332.5000, 76.5947,  -1040.9564, -299.7263, 76.5947,  0, 0, 0
L -1091.3846, -332.5000, 76.5947,  -1067.7402, -332.5000, 76.5947,  0, 0, 0
L -1118.1875, -299.7410, 76.5947,  -1091.3846, -332.5000, 76.5947,  0, 0, 0
L -1118.1733, -278.9173, 76.5947,  -1118.1875, -299.7410, 76.5947,  0, 0, 0
L -1163.3999, -278.5000, 76.5947,  -1118.1733, -278.9173, 76.5947,  0, 0, 0
L -1178.1563, -266.7256, 76.5947,  -1163.3999, -278.5000, 76.5947,  0, 0, 0
L -1178.1563, -246.0614, 76.5947,  -1178.1563, -266.7256, 76.5947,  0, 0, 0
L -1163.3760, -231.2812, 76.5947,  -1178.1563, -246.0614, 76.5947,  0, 0, 0
L -1133.5577, -231.2812, 76.5947,  -1163.3760, -231.2812, 76.5947,  0, 0, 0
L -1091.5266, -237.2813, 76.5947,  -1133.5577, -231.2812, 76.5947,  0, 0, 0
L -1067.7672, -237.2812, 76.5947,  -1091.5266, -237.2813, 76.5947,  0, 0, 0
L -1105.5248, -665.3045, 76.5947,  -1085.4375, -680.3438, 76.5947,  0, 0, 0
L 200.5313, -555.4063, 0.6260,  138.3119, -555.4063, 0.6260,  127, 64, 0
L 200.5313, -565.4063, 4.6260,  200.5313, -544.8130, 0.6260,  0, 0, 0
L 155.0397, -565.4063, 4.6260,  200.5313, -565.4063, 4.6260,  0, 0, 0
L 143.2565, -558.4244, 4.6260,  155.0397, -565.4063, 4.6260,  0, 0, 0
L 138.3122, -555.4063, 0.6260,  143.2565, -558.4244, 4.6260,  0, 0, 0
L 138.3125, -502.1874, 0.6260,  138.3122, -555.4063, 0.6260,  0, 0, 0
L 138.3125, -502.1874, 0.6260,  200.5313, -502.1873, 0.6260,  127, 64, 0
L 153.0603, -491.1875, 4.6260,  138.3125, -502.1874, 0.6260,  0, 0, 0
L 200.5313, -491.1870, 4.6260,  153.0603, -491.1875, 4.6260,  0, 0, 0
L 200.5313, -502.1872, 0.6260,  200.5313, -491.1870, 4.6260,  0, 0, 0
L 200.5238, -515.5743, 0.6260,  200.5313, -502.1875, 0.6260,  0, 0, 0
L 212.1742, -520.1562, 0.6260,  200.5238, -515.5743, 0.6260,  0, 0, 0
L 214.0639, -520.1215, 0.6260,  212.1742, -520.1562, 0.6260,  0, 0, 0
L 214.2813, -436.9915, 0.6260,  214.0639, -520.1215, 0.6260,  0, 0, 0
L 246.2352, -411.0238, 0.6260,  214.2813, -436.9915, 0.6260,  0, 0, 0
L 246.2813, -340.0522, 0.6260,  246.2352, -411.0238, 0.6260,  0, 0, 0
L 244.0175, -336.4984, 0.6260,  246.2813, -340.0522, 0.6260,  0, 0, 0
L 220.3407, -320.6783, 0.6260,  244.0175, -336.4984, 0.6260,  0, 0, 0
L 219.5313, -331.5000, 0.6260,  220.3407, -320.6783, 0.6260,  0, 0, 0
L 192.9724, -331.4988, 0.6260,  219.5313, -331.5000, 0.6260,  0, 0, 0
L 192.5625, -333.7696, 0.6260,  192.9724, -331.4988, 0.6260,  0, 0, 0
L 212.5313, -354.9937, 0.6260,  192.5625, -333.7696, 0.6260,  0, 0, 0
L 212.5313, -375.6342, 0.6260,  212.5313, -354.9937, 0.6260,  0, 0, 0
L 199.8000, -383.4688, 0.6260,  212.5313, -375.6342, 0.6260,  0, 0, 0
L 180.0018, -383.4688, 0.6260,  199.8000, -383.4688, 0.6260,  0, 0, 0
L 182.2455, -379.5688, 0.6260,  180.0018, -383.4688, 0.6260,  0, 0, 0
L 179.3360, -377.4789, 0.6260,  182.2455, -379.5688, 0.6260,  0, 0, 0
L 175.6337, -382.0714, 0.6260,  179.3360, -377.4789, 0.6260,  0, 0, 0
L 177.3292, -383.4688, 0.6260,  175.6337, -382.0714, 0.6260,  0, 0, 0
L 165.7902, -375.4988, 0.6260,  177.3292, -383.4688, 0.6260,  0, 0, 0
L 154.8148, -383.4688, 0.6260,  165.7902, -375.4988, 0.6260,  0, 0, 0
L 136.0436, -383.4688, 0.6260,  154.8148, -383.4688, 0.6260,  0, 0, 0
L 131.6116, -380.7414, 0.6260,  136.0436, -383.4688, 0.6260,  0, 0, 0
L 139.5721, -376.5574, 0.6260,  131.6116, -380.7414, 0.6260,  0, 0, 0
L 136.8916, -371.3199, 0.6260,  139.5721, -376.5574, 0.6260,  0, 0, 0
L 128.3190, -375.6573, 0.6260,  136.8916, -371.3199, 0.6260,  0, 0, 0
L 130.4277, -380.0128, 0.6260,  128.3190, -375.6573, 0.6260,  0, 0, 0
L 123.3150, -375.6357, 0.6260,  130.4277, -380.0128, 0.6260,  0, 0, 0
L 123.3125, -354.9435, 0.6260,  123.3150, -375.6357, 0.6260,  0, 0, 0
L 135.3042, -333.9607, 0.6260,  123.3125, -354.9435, 0.6260,  0, 0, 0
L 135.2251, -331.6343, 0.6260,  135.3042, -333.9607, 0.6260,  0, 0, 0
L 129.3123, -331.5000, 0.6260,  135.2251, -331.6343, 0.6260,  0, 0, 0
L 129.3124, -320.8683, 0.6260,  129.3123, -331.5000, 0.6260,  0, 0, 0
L 126.0611, -320.4962, 0.6260,  129.3124, -320.8683, 0.6260,  0, 0, 0
L 125.5625, -331.7358, 0.6260,  126.0611, -320.4962, 0.6260,  0, 0, 0
L 102.0059, -377.9471, 0.6260,  125.5625, -331.7358, 0.6260,  0, 0, 0
L 84.6401, -433.6059, 0.6260,  102.0059, -377.9471, 0.6260,  0, 0, 0
L 47.8195, -468.4375, 0.6260,  84.6401, -433.6059, 0.6260,  0, 0, 0
L -16.1345, -468.4624, 0.6260,  47.8195, -468.4375, 0.6260,  0, 0, 0
L -30.2090, -486.4639, 0.6260,  -16.1345, -468.4624, 0.6260,  0, 0, 0
L -30.3031, -499.0913, 0.6260,  -30.2090, -486.4639, 0.6260,  0, 0, 0
L -0.3750, -501.1633, 15.2095,  -30.3031, -499.0913, 0.6260,  0, 0, 0
L 17.7405, -506.1291, 17.6260,  -0.3750, -501.1633, 15.2095,  0, 0, 0
L 41.5840, -552.8522, 17.6260,  17.7405, -506.1291, 17.6260,  0, 0, 0
L 34.6912, -617.1047, 17.6260,  41.5840, -552.8522, 17.6260,  0, 0, 0
L 18.3441, -658.8596, 17.6260,  34.6912, -617.1047, 17.6260,  0, 0, 0
L -0.3750, -692.4354, 15.2095,  18.3441, -658.8596, 17.6260,  0, 0, 0
L -30.0722, -704.3438, 0.6260,  -0.3750, -692.4354, 15.2095,  0, 0, 0
L -116.8617, -704.3438, 16.3406,  -30.0722, -704.3438, 0.6260,  0, 0, 0
L -145.9534, -686.3437, 25.6260,  -116.8617, -704.3438, 16.3406,  0, 0, 0
L -198.1267, -686.4153, 40.6670,  -145.9534, -686.3437, 25.6260,  0, 0, 0
L -256.5424, -744.6216, 56.2654,  -198.1267, -686.4153, 40.6670,  0, 0, 0
L -615.1238, -551.4063, 0.6260,  -615.3116, -519.5476, 0.6260,  0, 127, 0
L -658.5177, -551.4063, 0.6260,  -615.1238, -551.4063, 0.6260,  0, 127, 0
L -670.6364, -551.4063, 0.6260,  -658.2780, -551.4062, 0.6260,  0, 0, 0
L -801.3055, -373.9717, -65.2940,  -765.5124, -331.2500, -65.6505,  0, 0, 0
L -801.3125, -448.6440, -42.0358,  -801.3055, -373.9717, -65.2940,  0, 0, 0
L -765.5266, -480.4531, -40.5088,  -801.3125, -448.6440, -42.0358,  0, 0, 0
L -662.4178, -485.5722, 0.6260,  -765.5266, -480.4531, -40.5088,  0, 0, 0
L -659.2949, -518.8790, 0.6260,  -662.4178, -485.5722, 0.6260,  0, 0, 0
L -670.1733, -519.1563, 0.6260,  -659.2949, -518.8790, 0.6260,  0, 0, 0
L -703.8020, -538.3250, 0.6260,  -670.1733, -519.1563, 0.6260,  0, 0, 0
L -741.3438, -567.9732, 0.6260,  -703.8020, -538.3250, 0.6260,  0, 0, 0
L -741.3431, -601.7067, 0.6260,  -741.3438, -567.9732, 0.6260,  0, 0, 0
L -782.2892, -645.1249, 0.6260,  -741.3431, -601.7067, 0.6260,  0, 0, 0
L -791.3125, -645.1249, 0.6260,  -781.3182, -645.0478, 0.6260,  0, 0, 0
L -741.5470, -728.0171, 0.6260,  -740.4161, -730.2713, 0.6260,  0, 0, 0
L -742.3727, -721.5148, 0.6260,  -741.5518, -727.9726, 0.6260,  0, 0, 0
L -742.3948, -721.4838, 0.6260,  -783.2148, -675.3436, 0.6260,  0, 0, 0
L -671.1101, -647.0667, 0.6260,  -671.3186, -675.9119, 0.6260,  0, 0, 0
L -671.4452, -644.4194, 0.6260,  -671.1101, -647.0667, 0.6260,  0, 0, 0
L -704.0937, -601.4004, 0.6260,  -671.4452, -644.4194, 0.6260,  0, 0, 0
L -704.0940, -567.8443, 0.6260,  -704.0937, -601.4004, 0.6260,  0, 0, 0
L -671.0129, -551.5034, 0.6260,  -704.0940, -567.8443, 0.6260,  0, 0, 0
L -632.5259, -602.3718, 15.1203,  -671.0129, -551.5034, 0.6260,  0, 0, 0
L -615.0677, -602.3749, 15.1209,  -632.5259, -602.3718, 15.1203,  0, 0, 0
L -545.3048, -683.8328, 28.9686,  -615.0677, -602.3749, 15.1209,  0, 0, 0
L -523.8265, -726.1789, 46.5947,  -545.2892, -683.8120, 28.9598,  0, 0, 0
L -467.6524, -785.3125, 46.5947,  -523.8265, -726.1789, 46.5947,  0, 0, 0
L -301.8073, -784.2542, 47.0650,  -467.6524, -785.3125, 46.5947,  0, 0, 0
L -257.5680, -745.5195, 56.0569,  -301.8073, -784.2542, 47.0650,  0, 0, 0
L -362.9487, -726.1077, 46.5947,  -255.2712, -660.4557, 56.5238,  0, 0, 0
L -417.0214, -684.0557, 29.0624,  -362.9487, -726.1077, 46.5947,  0, 0, 0
L -432.1583, -603.3785, 16.0699,  -417.0214, -684.0557, 29.0624,  0, 0, 0
L -432.1962, -518.8298, 0.6378,  -432.1583, -603.3785, 16.0699,  0, 0, 0
L -444.1718, -485.9948, 0.6260,  -432.1962, -518.8298, 0.6378,  0, 0, 0
L -444.1875, -442.0148, 0.6260,  -444.1718, -485.9948, 0.6260,  0, 0, 0
L -422.7054, -320.2247, 30.9024,  -444.1875, -442.0148, 0.6260,  0, 0, 0
L -357.2187, -257.7457, 56.5947,  -422.7054, -320.2247, 30.9024,  0, 0, 0
L -503.4002, -122.8879, 9.4005,  -503.4375, -158.6330, 30.4689,  0, 0, 0
L -488.4999, -78.2170, 0.6773,  -503.4002, -122.8879, 9.4005,  0, 0, 0
L -437.4469, -33.0835, 0.6260,  -488.4999, -78.2170, 0.6773,  0, 0, 0
L -437.4185, 17.9674, 0.6260,  -437.4469, -33.0835, 0.6260,  0, 0, 0
L -419.6113, 59.5585, 0.6260,  -437.4185, 17.9674, 0.6260,  0, 0, 0
L -395.4803, 104.8456, 16.5659,  -419.6113, 59.5585, 0.6260,  0, 0, 0
L -395.4688, 140.9467, 0.6055,  -395.4803, 104.8456, 16.5659,  0, 0, 0
L -424.4687, 171.0891, 0.6260,  -395.4688, 140.9467, 0.6055,  0, 0, 0
L -424.4687, 185.5625, 0.6260,  -424.4687, 171.0891, 0.6260,  0, 0, 0
L -399.9106, -231.8965, 56.5947,  -395.1800, -232.4712, 56.5947,  127, 127, 127
L -401.3575, -245.0003, 56.5947,  -399.9106, -231.8965, 56.5947,  127, 127, 127
L -361.4406, -249.1975, 56.5947,  -401.3575, -245.0003, 56.5947,  127, 127, 127
L -360.9110, -244.8048, 56.5947,  -361.4406, -249.1975, 56.5947,  127, 127, 127
L -398.3244, -220.0964, 56.5947,  -394.0384, -220.1652, 56.5947,  127, 127, 127
L -397.3508, -207.0938, 56.5947,  -398.3244, -220.0964, 56.5947,  127, 127, 127
L -357.6394, -211.5307, 56.5947,  -397.3508, -207.0938, 56.5947,  127, 127, 127
L -360.9495, -245.1313, 56.5947,  -357.6394, -211.5307, 56.5947,  127, 127, 127
L -392.5565, -211.6102, 56.5947,  -394.0436, -219.9430, 56.5947,  127, 127, 127
L -396.4193, -241.3053, 56.5947,  -395.2459, -232.1759, 56.5947,  127, 127, 127
L -365.4024, -244.7450, 56.5947,  -396.4193, -241.3053, 56.5947,  127, 127, 127
L -362.4653, -215.2800, 56.5947,  -365.4024, -244.7450, 56.5947,  127, 127, 127
L -392.7747, -211.8932, 57.2197,  -362.4653, -215.2800, 57.2197,  127, 127, 127
L -424.4156, 217.5377, 14.6260,  -426.6435, 217.2812, 15.7360,  127, 127, 127
L -424.4685, 215.4511, 13.9499,  -424.4156, 217.5377, 14.6260,  127, 127, 127
L -452.4375, 217.2812, 31.2701,  -425.8458, 217.3265, 15.2556,  127, 127, 127
L -425.2082, 237.5313, 14.8716,  -452.4375, 237.5313, 31.2701,  127, 127, 127
L -402.2188, 216.4880, 14.4436,  -425.2082, 237.5313, 14.8716,  127, 127, 127
L -402.2187, 194.1808, 4.6260,  -402.2188, 216.4880, 14.4436,  127, 127, 127
L -424.4687, 215.8342, 14.1323,  -424.4687, 187.7629, 2.6260,  127, 127, 127
L -402.2187, 193.8599, 4.6260,  -424.4688, 193.8282, 4.6260,  127, 127, 127
L -402.2187, 194.2273, 4.6260,  -401.9560, 187.2946, 2.6260,  127, 127, 127
L -401.9655, 188.2721, 2.6260,  -402.0374, 185.5269, 0.6260,  127, 127, 127
L -424.4688, 188.5625, 2.6260,  -401.9754, 188.5388, 2.6260,  127, 127, 127
L -424.4687, 188.5625, 2.6260,  -424.4687, 185.9953, 2.6260,  127, 127, 127
L -402.1087, 185.5625, 0.6260,  -424.4688, 185.5625, 0.6260,  127, 127, 127
L -401.4688, 188.0322, 0.6260,  -402.1087, 185.5625, 0.6260,  127, 127, 127
L -396.1133, 182.6694, 0.6260,  -401.4688, 188.0322, 0.6260,  127, 127, 127
L -338.3461, 182.9361, 0.6260,  -396.1133, 182.6694, 0.6260,  127, 127, 127
L -332.5000, 189.2263, 0.6260,  -338.3461, 182.9361, 0.6260,  127, 127, 127
L -332.5000, 192.0934, 0.6260,  -332.5000, 189.2263, 0.6260,  127, 127, 127
L -329.5000, 195.0970, 0.7376,  -332.5000, 191.7553, 0.6260,  127, 127, 127
L -329.7997, 243.2736, 0.6532,  -329.5000, 194.9715, 0.7401,  127, 127, 127
L -332.5000, 243.2811, 0.6260,  -329.7997, 243.2736, 0.6532,  127, 127, 127
L -332.8939, 246.4555, 0.6260,  -332.5000, 243.2812, 0.6260,  127, 127, 127
L -338.5000, 252.0614, 0.6260,  -332.8939, 246.4555, 0.6260,  127, 127, 127
L -338.0698, 275.1498, 0.6260,  -338.5000, 252.0614, 0.6260,  127, 127, 127
L -329.6082, 293.4592, 0.7144,  -338.5000, 274.7196, 0.6260,  127, 127, 127
L -250.5457, 282.5642, 23.7055,  -329.6082, 293.4592, 0.7144,  127, 127, 127
L -186.9800, 296.4818, 36.5576,  -250.5481, 282.5648, 23.7050,  0, 0, 0
L -186.2284, 296.1327, 36.3182,  -186.9800, 296.4818, 36.5576,  0, 0, 0
L -86.4286, 250.6976, 0.6260,  -186.2284, 296.1327, 36.3182,  0, 0, 0
L -36.3241, 273.2719, 0.6260,  -86.4286, 250.6976, 0.6260,  0, 0, 0
L -17.6250, 303.1879, 0.6260,  -36.3241, 273.2719, 0.6260,  0, 0, 0
L -17.6250, 371.4688, 0.6260,  -17.6250, 303.1879, 0.6260,  0, 0, 0
L -17.6250, 371.4688, 0.6260,  10.4129, 371.4687, 0.6260,  0, 0, 0
L -22.2131, 220.2330, 0.6260,  -23.7811, 219.7503, 0.6260,  0, 0, 0
L 11.8096, 266.1331, 0.6260,  12.0826, 265.6711, 0.6260,  125, 125, 125
L 21.9844, 234.1383, 0.6260,  17.2128, 232.4048, 0.6260,  125, 125, 125
L 11.9738, 265.8828, 0.6260,  21.9844, 234.1383, 0.6260,  125, 125, 125
L 3.1871, 263.8188, 0.6260,  1.6076, 263.2977, 0.6260,  125, 125, 125
L 2.9222, 263.7313, 0.6260,  11.7630, 266.2412, 0.6260,  125, 125, 125
L 1.0805, 262.9903, 0.6260,  2.8159, 263.6962, 0.6260,  125, 125, 125
L 2.4928, 259.4734, 0.6260,  1.0805, 262.9903, 0.6260,  125, 125, 125
L 9.5324, 262.0392, 0.6260,  2.4928, 259.4734, 0.6260,  125, 125, 125
L 9.5331, 262.0370, 0.6260,  10.3443, 259.5751, 0.6260,  125, 125, 125
L -7.5969, 256.8759, 0.6260,  -8.6294, 260.0930, 0.6260,  125, 125, 125
L -8.0899, 258.2306, 0.6260,  -7.3920, 256.4156, 0.7270,  125, 125, 125
L -8.1707, 223.6135, 0.6260,  -9.1090, 226.9656, 0.6260,  125, 125, 125
L 21.0481, 233.8072, 0.6260,  -8.1707, 223.6135, 0.6260,  125, 125, 125
L -19.3794, 256.4348, 0.6260,  -8.8885, 226.2922, 0.6260,  125, 125, 125
L -8.6279, 259.9472, 0.6260,  -19.3794, 256.4348, 0.6260,  125, 125, 125
L 17.5276, 236.4984, 0.6260,  9.7810, 261.2867, 0.6260,  125, 125, 125
L -6.2324, 228.7784, 0.6260,  17.5276, 236.4984, 0.6260,  125, 125, 125
L -14.5163, 253.8540, 0.6260,  -6.2324, 228.7784, 0.6260,  125, 125, 125
L -7.4963, 256.3033, 0.7270,  -14.5163, 253.8540, 0.6260,  125, 125, 125
L -14.5163, 253.8540, 0.6260,  -6.2324, 228.7784, 0.6260,  125, 125, 125
L -357.2188, -204.8065, 56.5947,  -357.2188, -257.5632, 56.5947,  0, 0, 0
L -330.4079, -158.6330, 30.4689,  -357.2188, -204.8065, 56.5947,  0, 0, 0
L -345.0987, -123.9150, 9.5839,  -330.4079, -158.6330, 30.4689,  0, 0, 0
L -345.2500, -78.5091, 0.7342,  -345.0987, -123.9150, 9.5839,  0, 0, 0
L -354.0217, -34.0536, 0.6260,  -345.2500, -78.5091, 0.7342,  0, 0, 0
L -354.2188, 18.0068, 0.6260,  -354.0217, -34.0536, 0.6260,  0, 0, 0
L -345.2500, 60.5492, 0.7906,  -354.2188, 18.0068, 0.6260,  0, 0, 0
L -345.2500, 101.5516, 12.0093,  -345.2500, 60.5492, 0.7906,  0, 0, 0
L -345.2500, 101.5516, 12.0093,  -345.2500, 101.5516, 12.0093,  0, 0, 0
L -330.0045, 141.3033, 0.5950,  -345.2500, 101.5516, 12.0093,  0, 0, 0
L -251.7339, 194.8247, 23.8244,  -330.0045, 141.3033, 0.5950,  0, 0, 0
L -188.5442, 208.9527, 35.8397,  -251.7339, 194.8247, 23.8244,  0, 0, 0
L -86.9201, 200.3136, 0.6260,  -188.5442, 208.9527, 35.8397,  0, 0, 0
L -22.7809, 220.0582, 0.6260,  -87.0372, 200.2889, 0.6603,  0, 0, 0
L 18.7515, 220.2860, 0.6260,  -22.4286, 220.1699, 0.6260,  0, 0, 0
L 40.5330, 272.8342, 0.6260,  18.7495, 220.2812, 0.6260,  0, 0, 0
L 17.7602, 302.3338, 0.6260,  40.5330, 272.8342, 0.6260,  0, 0, 0
L 17.5773, 329.7873, 0.6260,  17.7602, 302.3338, 0.6260,  0, 0, 0
L 119.5625, 330.2492, 0.6260,  17.5773, 329.7873, 0.6260,  0, 0, 0
L 78.0867, 371.4688, 0.6260,  78.4188, 371.9781, 0.6260,  0, 0, 0
L 78.0867, 371.4688, 0.6260,  -17.6250, 371.4688, 0.6260,  0, 0, 0
L 119.5625, 372.3972, 0.6260,  119.5625, 372.3972, 0.6260,  0, 0, 0
L 119.5625, 370.9299, 0.6260,  119.5625, 330.2500, 0.6260,  0, 0, 0
L -359.2508, 272.6250, 14.2367,  -359.2508, 272.6250, 14.2367,  0, 0, 0
L -339.1465, 274.5000, 4.6260,  -365.8939, 274.5022, 14.6260,  127, 127, 127
L -340.1954, 274.5000, 4.6260,  -337.9486, 274.8676, 0.6260,  127, 127, 127
L -366.0290, 274.5449, 14.6260,  -366.2187, 300.4385, 30.0147,  127, 127, 127
L -366.2187, 300.4385, 30.0147,  -375.0905, 321.5000, 32.6260,  127, 127, 127
L -375.0905, 321.5000, 32.6260,  -375.2174, 342.5000, 34.6260,  127, 127, 127
L -375.0888, 321.5000, 32.6260,  -398.2498, 321.5000, 32.6260,  100, 50, 0
L -398.4688, 342.5000, 34.6260,  -398.3752, 321.7633, 34.5790,  100, 50, 0
L -398.2498, 321.5000, 32.6260,  -398.2498, 321.5000, 32.6260,  100, 50, 0
L -398.2507, 321.5000, 32.6260,  -388.4811, 300.9709, 32.6260,  127, 127, 127
L -388.4811, 300.9709, 32.6260,  -388.4811, 300.9709, 32.6260,  127, 127, 127
L -388.4811, 300.9709, 32.6260,  -388.4688, 275.0305, 14.7455,  127, 127, 127
L -388.4688, 275.0305, 14.7455,  -365.6885, 252.2814, 14.1001,  127, 127, 127
L -365.6885, 252.2814, 14.1001,  -337.9785, 251.5401, 0.6260,  127, 127, 127
L -365.4334, 274.3671, 13.9783,  -365.3810, 252.2812, 13.9533,  100, 50, 0
L -366.2176, 300.5000, 30.0517,  -388.4688, 300.5000, 30.0517,  100, 50, 0
L -398.2499, 321.5000, 32.6260,  -415.4688, 332.0884, 37.6260,  127, 127, 127
L -416.0990, 332.2500, 40.5947,  -436.8795, 331.6721, 40.5947,  127, 127, 127
L -415.9856, 332.2500, 40.5947,  -414.6042, 331.5752, 37.6260,  127, 127, 127
L -415.4688, 332.0882, 37.6260,  -415.4688, 353.1581, 37.6260,  100, 50, 0
L -415.4688, 353.1581, 37.6260,  -398.4688, 342.5000, 34.6260,  127, 127, 127
L -398.4688, 342.5000, 34.6260,  -375.2187, 342.5000, 34.6260,  127, 127, 127
L -375.2187, 342.5000, 34.6260,  -375.0905, 321.5000, 32.6260,  127, 127, 127
L -445.4375, 326.5358, 40.5947,  -445.4375, 360.1235, 40.5947,  100, 50, 0
L -445.4375, 360.1235, 40.5947,  -436.0211, 353.5320, 40.5947,  127, 127, 127
L -436.0211, 353.5320, 40.5947,  -415.5159, 353.1884, 39.6820,  127, 127, 127
L -437.1947, 331.4872, 40.5947,  -445.4375, 326.5366, 40.5947,  127, 127, 127
L -437.3036, 331.4911, 40.5947,  -437.2371, 331.4576, 40.5947,  127, 127, 127
L -436.4673, 331.9195, 40.5947,  -438.4077, 330.7552, 40.5947,  127, 127, 127
L -452.4375, 237.4212, 31.2701,  -452.4375, 217.2812, 31.2701,  100, 50, 0
L -476.4375, 232.1139, 32.6260,  -476.4375, 250.2769, 32.6260,  100, 50, 0
L -497.4375, 250.5313, 34.6260,  -476.2201, 250.1592, 32.6260,  100, 50, 0
L -504.2643, 268.5313, 37.6260,  -484.0690, 268.5313, 37.6260,  100, 50, 0
L -484.0690, 268.5313, 37.6260,  -483.9698, 268.2760, 37.6260,  100, 50, 0
L -479.2851, 289.5000, 40.5947,  -511.2614, 289.5000, 40.5947,  100, 50, 0
L -446.4061, 325.7824, 42.5947,  -479.7899, 289.4085, 40.5947,  100, 50, 0
L -446.1215, 326.0928, 42.5947,  -444.3448, 327.1929, 40.5947,  100, 50, 0
L -425.3375, 300.8801, 44.5947,  -452.8575, 269.4243, 44.5947,  100, 50, 0
L -444.9857, 269.2813, 46.5947,  -422.3039, 295.9131, 46.5947,  100, 50, 0
L -419.3029, 290.9113, 48.5947,  -439.8939, 266.3924, 48.5947,  100, 50, 0
L -414.2923, 279.9337, 52.5947,  -428.9332, 263.3712, 52.5947,  100, 50, 0
L -432.9581, 265.3058, 50.5947,  -416.2825, 283.9469, 50.5947,  100, 50, 0
L -414.2187, 263.2813, 54.5947,  -414.5139, 280.3769, 52.5947,  0, 0, 0
L -414.2923, 279.9336, 52.5947,  -419.3029, 290.9113, 48.5947,  127, 127, 127
L -419.3029, 290.9113, 48.5947,  -425.6254, 301.2234, 44.5947,  127, 127, 127
L -425.6254, 301.2234, 44.5947,  -446.3373, 325.9537, 42.5947,  127, 127, 127
L -436.3694, 331.9782, 40.5947,  -437.0628, 331.5621, 40.5947,  127, 127, 127
L -452.4375, 237.5313, 31.2701,  -476.4375, 250.2769, 32.6260,  127, 127, 127
L -476.4375, 250.2769, 32.6260,  -477.3050, 251.1217, 37.6260,  127, 127, 127
L -477.3050, 251.1217, 37.6260,  -484.0682, 268.5313, 37.6260,  127, 127, 127
L -484.0682, 268.5313, 37.6260,  -479.2866, 289.5000, 40.5947,  127, 127, 127
L -479.2866, 289.5000, 40.5947,  -479.4301, 288.9017, 40.5947,  127, 127, 127
L -452.4375, 217.2809, 31.2701,  -476.4375, 232.1137, 32.6260,  127, 127, 127
L -476.4375, 232.1137, 32.6260,  -497.4375, 232.2809, 34.6260,  127, 127, 127
L -497.4375, 232.2809, 34.6260,  -497.4375, 250.5313, 34.6260,  127, 127, 127
L -497.4375, 250.5313, 34.6260,  -504.2643, 268.5313, 37.6260,  127, 127, 127
L -504.2643, 268.5313, 37.6260,  -511.2615, 289.5000, 40.5947,  127, 127, 127
L -511.2615, 289.5000, 40.5947,  -511.4063, 325.7434, 42.5947,  127, 127, 127
L -511.4063, 325.7434, 42.5947,  -483.5797, 360.4688, 42.5947,  127, 127, 127
L -483.5797, 360.4688, 42.5947,  -445.9181, 360.4599, 42.5947,  127, 127, 127
L -445.9181, 360.4599, 42.5947,  -436.3628, 353.7712, 40.5947,  127, 127, 127
L -436.3628, 353.7712, 40.5947,  -436.3628, 353.7712, 40.5947,  127, 127, 127
L -479.2094, 290.2464, 42.5947,  -452.8575, 269.4243, 44.5947,  127, 127, 127
L -452.8575, 269.4243, 44.5947,  -444.9857, 269.2813, 46.5947,  127, 127, 127
L -444.9857, 269.2813, 46.5947,  -439.8939, 266.3924, 48.5947,  127, 127, 127
L -439.8939, 266.3924, 48.5947,  -432.9582, 265.3058, 50.5947,  127, 127, 127
L -432.9582, 265.3058, 50.5947,  -428.9332, 263.3712, 52.5947,  127, 127, 127
L -428.9332, 263.3712, 52.5947,  -414.2187, 248.8115, 56.5947,  127, 127, 127
L -414.1553, 263.2178, 55.7087,  -396.7882, 263.2812, 56.5947,  0, 0, 0
L -396.7882, 263.2812, 56.5947,  -414.2923, 279.9337, 52.5947,  127, 127, 127
L -405.9899, 255.2814, 59.5947,  -406.2187, 238.9753, 59.5947,  36, 36, 53
L -406.2187, 238.9753, 59.5947,  -414.2187, 248.8115, 56.5947,  127, 127, 127
L -387.8300, 255.2813, 59.5947,  -406.7813, 255.3311, 59.5947,  49, 56, 56
L -396.7882, 263.2812, 56.5947,  -387.8300, 255.2813, 59.5947,  127, 127, 127
L -387.8300, 255.2813, 59.5947,  -374.8028, 243.2812, 61.5947,  127, 127, 127
L -374.8028, 243.2812, 61.5947,  -391.9743, 243.2812, 61.5947,  49, 56, 56
L -393.2187, 224.8612, 61.5947,  -391.4025, 243.2813, 61.5947,  49, 56, 56
L -406.2188, 238.9753, 59.5947,  -393.2187, 224.8612, 61.5947,  127, 127, 127
L -386.7188, 192.3125, 63.5947,  -392.4688, 198.0206, 63.5947,  127, 127, 127
L -392.4688, 198.0206, 63.5947,  -393.2187, 224.8612, 61.5947,  127, 127, 127
L -366.4753, 216.8727, 63.5947,  -366.6273, 221.2126, 63.5947,  127, 127, 127
L -366.6273, 221.2126, 63.5947,  -370.9663, 221.2607, 63.5947,  127, 127, 127
L -370.9663, 221.2607, 63.5947,  -370.8062, 221.2812, 63.5947,  127, 127, 127
L -371.1876, 221.0558, 63.5947,  -371.1667, 216.6868, 63.5947,  127, 127, 127
L -370.9266, 216.5405, 63.5947,  -366.6628, 216.5778, 63.5947,  127, 127, 127
L -342.2499, 236.7509, 63.5947,  -342.2500, 198.0627, 63.5947,  127, 127, 127
L -348.0302, 192.3125, 63.5947,  -386.7419, 192.3298, 63.5947,  127, 127, 127
L -374.7468, 243.2295, 62.6901,  -348.0303, 242.5313, 63.5947,  127, 127, 127
L -348.0303, 242.5313, 63.5947,  -342.5320, 237.0329, 63.5947,  127, 127, 127
L -342.5320, 237.0329, 63.5947,  -342.2500, 236.7509, 63.5947,  127, 127, 127
L -414.2187, 263.2813, 54.5947,  -429.0774, 263.4439, 52.5947,  49, 56, 56
L -414.2187, 248.8115, 56.5947,  -414.2187, 263.2813, 54.5947,  49, 56, 56
L -503.4375, -158.6330, 30.4689,  -524.1700, -200.5219, 56.3896,  0, 0, 0
L -524.1700, -200.5219, 56.3896,  -545.7076, -258.3469, 56.0220,  0, 0, 0
L -545.7076, -258.3469, 56.0220,  -614.3051, -320.9767, 30.5884,  0, 0, 0
L -485.4147, -466.2316, 0.6260,  -456.2113, -455.3780, 0.6260,  127, 127, 127
L -456.2113, -455.3780, 0.6260,  -466.4888, -427.4072, 0.6260,  127, 127, 127
L -466.4888, -427.4072, 0.6260,  -495.7650, -438.0638, 0.6260,  127, 127, 127
L -495.7650, -438.0638, 0.6260,  -492.7625, -446.4007, 0.6260,  127, 127, 127
L -492.7625, -446.4007, 0.6260,  -496.7166, -448.0751, 0.6260,  127, 127, 127
L -496.7166, -448.0751, 0.6260,  -501.1988, -436.2614, 0.6260,  127, 127, 127
L -501.1988, -436.2614, 0.6260,  -463.9471, -421.8516, 0.6260,  127, 127, 127
L -463.9471, -421.8516, 0.6260,  -450.5277, -457.3956, 0.6260,  127, 127, 127
L -450.5277, -457.3956, 0.6260,  -489.0110, -471.7765, 0.6260,  127, 127, 127
L -489.0110, -471.7765, 0.6260,  -492.7078, -459.3895, 0.6260,  127, 127, 127
L -492.7755, -459.0345, 0.6260,  -488.1768, -457.9561, 0.6260,  127, 127, 127
L -488.1768, -457.9561, 0.6260,  -485.4144, -466.2331, 0.6260,  127, 127, 127
L -516.4078, -517.9973, 1.8922,  -493.7840, -533.1140, 3.3171,  127, 127, 127
L -493.7840, -533.1140, 3.3171,  -471.6489, -499.4537, 0.6260,  127, 127, 127
L -471.6489, -499.4537, 0.6260,  -497.2010, -482.3900, 0.6260,  127, 127, 127
L -497.2010, -482.3900, 0.6260,  -502.3307, -490.0274, 0.6260,  127, 127, 127
L -502.3307, -490.0274, 0.6260,  -506.4233, -487.2257, 0.6260,  127, 127, 127
L -506.4233, -487.2257, 0.6260,  -498.6656, -476.3807, 0.6260,  127, 127, 127
L -498.6656, -476.3807, 0.6260,  -465.2057, -498.1246, 0.6260,  127, 127, 127
L -465.2057, -498.1246, 0.6260,  -490.4324, -536.1868, 3.8935,  127, 127, 127
L -490.4324, -536.1868, 3.8935,  -490.0147, -536.5401, 3.9597,  127, 127, 127
L -490.0147, -536.5401, 3.9597,  -492.5875, -538.7388, 4.3722,  127, 127, 127
L -492.5875, -538.7388, 4.3722,  -525.5870, -516.3912, 0.6260,  127, 127, 127
L -525.5870, -516.3912, 0.6260,  -512.8186, -497.5811, 0.6260,  127, 127, 127
L -512.8186, -497.5811, 0.6260,  -508.5476, -500.2164, 0.6260,  127, 127, 127
L -508.5476, -500.2164, 0.6260,  -516.4636, -510.8993, 1.3065,  127, 127, 127
L -516.7544, -517.2973, 0.6260,  -512.6675, -520.4965, 0.9504,  127, 127, 127
L -512.6675, -520.4965, 0.9504,  -509.2229, -519.0639, 0.6817,  127, 127, 127
L -509.2229, -519.0639, 0.6817,  -507.4064, -512.6933, 0.6260,  127, 127, 127
L -507.4064, -512.6933, 0.6260,  -509.7037, -508.2174, 0.6260,  127, 127, 127
L -509.7037, -508.2174, 0.6260,  -516.4583, -510.8914, 1.3028,  127, 127, 127
L -614.0739, -320.7655, 30.6828,  -632.5344, -321.2566, 30.3761,  0, 0, 0
L -632.5344, -321.2566, 30.3761,  -659.9590, -369.2187, 0.6260,  0, 0, 0
L -615.1249, -369.2187, 0.6260,  -670.7702, -369.2173, 0.6260,  0, 0, 0
L -670.3569, -369.2188, 0.6260,  -705.3478, -359.9025, 0.6260,  0, 0, 0
L -705.3478, -359.9025, 0.6260,  -705.0937, -315.0088, 0.6260,  0, 0, 0
L -705.0937, -315.0088, 0.6260,  -663.1249, -284.6820, 0.6260,  0, 0, 0
L -663.1249, -284.6820, 0.6260,  -663.1249, -249.0338, 0.6260,  0, 0, 0
L -663.1249, -249.0338, 0.6260,  -692.8973, -210.2893, 0.6260,  0, 0, 0
L -692.8973, -210.2893, 0.6260,  -693.0686, -202.6886, 0.6260,  0, 0, 0
L -693.0686, -202.6886, 0.6260,  -683.1006, -176.8761, 0.6260,  0, 0, 0
L -683.1006, -176.8761, 0.6260,  -640.1238, -127.7951, 0.6260,  0, 0, 0
L -640.1238, -127.7951, 0.6260,  -639.1269, -9.2260, 0.6260,  0, 0, 0
L -662.3239, -440.1833, 0.6260,  -659.4150, -401.5706, 0.6260,  0, 0, 0
L -659.4067, -401.6925, 0.6260,  -665.9420, -401.4687, 0.6260,  0, 0, 0
L -665.9420, -401.4687, 0.6260,  -665.9420, -401.4687, 0.6260,  0, 0, 0
L -665.9654, -401.4029, 0.6260,  -670.7592, -401.4216, 0.6260,  0, 0, 0
L -670.7592, -401.4216, 0.6260,  -704.5573, -387.4814, 0.6260,  0, 0, 0
L -704.5573, -387.4814, 0.6260,  -733.4611, -360.5045, 0.6260,  0, 0, 0
L -733.4611, -360.5045, 0.6260,  -734.3438, -315.1787, 0.6260,  0, 0, 0
L -734.3438, -315.1787, 0.6260,  -770.4514, -284.5835, 0.6260,  0, 0, 0
L -770.4514, -284.5835, 0.6260,  -779.3125, -284.5000, 0.6260,  0, 0, 0
L -779.3125, -284.5000, 0.6260,  -779.3125, -249.2812, 0.6260,  0, 0, 0
L -779.3125, -249.2812, 0.6260,  -770.8895, -249.2813, 0.6260,  0, 0, 0
L -770.7390, -249.2812, 0.6260,  -734.6512, -210.3862, 0.6260,  0, 0, 0
L -734.6512, -210.3862, 0.6260,  -734.2338, -202.7231, 0.6260,  0, 0, 0
L -734.2338, -202.7231, 0.6260,  -723.0855, -176.7651, 0.6260,  0, 0, 0
L -723.0855, -176.7651, 0.6260,  -682.5209, -128.2854, 0.6260,  0, 0, 0
L -682.5209, -128.2854, 0.6260,  -682.4108, -34.7859, 0.6260,  0, 0, 0
L -778.8086, -34.6250, 0.6260,  -732.4473, 13.6250, 0.6260,  0, 0, 0
L -732.4473, 13.6250, 0.6260,  -683.4123, 13.6249, 0.6260,  0, 0, 0
L -683.4123, 13.6249, 0.6260,  -639.1269, -9.2260, 0.6260,  0, 0, 0
L -639.1282, -9.3851, 0.6260,  -639.2072, -11.0052, 0.6260,  0, 0, 0
L -682.3437, -34.2773, 0.6260,  -732.8313, -34.6249, 0.6260,  0, 0, 0
L -732.8313, -34.6249, 0.6260,  -778.8086, -34.6250, 0.6260,  127, 64, 0
L -733.0060, -34.6250, 0.6260,  -733.0925, -115.5937, 26.5240,  0, 0, 0
L -733.0925, -115.5937, 26.5240,  -779.3124, -115.5938, 26.5240,  127, 64, 0
L -778.8086, -34.6250, 0.6260,  -779.3125, -115.5938, 26.5240,  0, 0, 0
L -779.3125, -163.0186, 28.6260,  -779.3123, -114.8691, 26.3145,  127, 64, 0
L -779.3125, -163.0186, 28.6260,  -733.0930, -115.5938, 26.5240,  0, 0, 0
L -811.3125, -116.3436, 32.6260,  -780.4073, -116.3437, 32.6260,  0, 0, 0
L -779.2139, -116.3911, 28.6260,  -787.3276, -116.3438, 32.6260,  0, 0, 0
L -811.3125, -163.5625, 32.6260,  -779.4608, -163.1705, 31.8299,  0, 0, 0
L -811.3125, -163.5625, 32.6260,  -811.3125, -116.3437, 32.6260,  127, 64, 0
L -812.1316, -163.0054, 35.6260,  -850.0687, -220.2332, 35.6260,  0, 0, 0
L -850.0687, -220.2332, 35.6260,  -850.0312, -226.6808, 35.6260,  0, 0, 0
L -850.0312, -226.6808, 35.6260,  -766.1443, -331.9046, 35.6260,  0, 0, 0
L -811.3125, -116.3435, 32.6260,  -863.7939, -63.3639, 35.6260,  0, 0, 0
L -863.7939, -63.3639, 35.6260,  -864.0312, -56.3306, 35.6260,  0, 0, 0
L -864.0312, -56.3306, 35.6260,  -886.0439, -55.5444, 35.6260,  0, 0, 0
L -886.0439, -55.5444, 35.6260,  -886.8224, -61.1096, 35.6260,  0, 0, 0
L -886.8224, -61.1096, 35.6260,  -888.6279, -61.8524, 35.6260,  0, 0, 0
L -888.6279, -61.8524, 35.6260,  -891.2813, -60.8029, 35.6260,  0, 0, 0
L -891.2813, -60.8029, 35.6260,  -891.5280, -62.4847, 35.6260,  0, 0, 0
L -891.5280, -62.4847, 35.6260,  -939.2500, -116.7786, 35.6260,  0, 0, 0
L -939.2500, -116.7786, 35.6260,  -938.8885, -164.2945, 35.6260,  0, 0, 0
L -938.8885, -164.2945, 35.6260,  -897.4489, -219.5577, 35.6260,  0, 0, 0
L -897.4489, -219.5577, 35.6260,  -896.6464, -227.9588, 35.6260,  0, 0, 0
L -896.6464, -227.9588, 35.6260,  -838.9724, -332.1618, 35.6260,  0, 0, 0
L -838.9724, -332.1618, 35.6260,  -812.7906, -367.0810, 35.6260,  0, 0, 0
L -812.7906, -367.0810, 35.6260,  -765.0433, -417.6946, 35.6260,  0, 0, 0
L -765.0433, -417.6946, 35.6260,  -728.0809, -432.2666, 35.6261,  0, 0, 0
L -728.0809, -432.2666, 35.6261,  -728.0807, -402.0291, 35.6291,  127, 64, 0
L -728.0807, -402.0291, 35.6291,  -766.0512, -367.9351, 35.6260,  0, 0, 0
L -766.0506, -367.9375, 35.6260,  -766.1555, -331.8905, 35.6260,  0, 0, 0
L -767.0637, -330.7570, 35.6260,  -766.0624, -333.9900, 35.6260,  0, 0, 0
L -728.0805, -432.2668, 35.6261,  -691.0255, -440.4375, 36.6260,  0, 0, 0
L -691.0255, -440.4375, 36.6260,  -680.5206, -440.4940, 36.6260,  0, 0, 0
L -680.5206, -440.4940, 36.6260,  -680.3519, -485.9120, 36.6260,  0, 0, 0
L -678.4669, -551.4063, 36.9894,  -660.0363, -551.4063, 36.6260,  0, 0, 0
L -659.9871, -551.4063, 36.6260,  -660.0131, -518.7554, 36.6260,  0, 0, 0
L -660.0131, -518.7554, 36.6260,  -663.1383, -485.9153, 36.6260,  0, 0, 0
L -663.1383, -485.9153, 36.6260,  -662.8425, -442.1798, 36.6260,  0, 0, 0
L -662.8425, -442.1798, 36.6260,  -659.8792, -400.7458, 36.6260,  0, 0, 0
L -659.8792, -400.7458, 36.6260,  -660.0181, -369.3120, 36.6260,  0, 0, 0
L -680.3438, -369.2181, 36.9893,  -659.9255, -369.2188, 36.6260,  0, 0, 0
L -680.3438, -369.2180, 36.9893,  -680.2651, -402.2023, 36.6260,  0, 0, 0
L -680.2651, -402.2023, 36.6260,  -728.0815, -402.0222, 35.6260,  0, 0, 0
L -680.3438, -486.2287, 36.6260,  -691.7994, -486.2102, 36.6260,  0, 0, 0
L -691.7994, -486.2102, 36.6260,  -727.5215, -493.1562, 36.6260,  0, 0, 0
L -727.5215, -493.1562, 36.6260,  -727.5215, -493.1562, 36.6260,  0, 0, 0
L -727.5215, -493.1562, 36.6260,  -763.8287, -492.4223, 35.6260,  0, 0, 0
L -763.8287, -492.4223, 35.6260,  -821.2813, -540.9540, 35.6260,  0, 0, 0
L -821.2813, -540.9540, 35.6260,  -821.3397, -581.0554, 35.6260,  0, 0, 0
L -821.3397, -581.0554, 35.6260,  -861.2960, -628.5544, 35.6260,  0, 0, 0
L -861.2960, -628.5544, 35.6260,  -862.2780, -682.5464, 35.6260,  0, 0, 0
L -862.2780, -682.5464, 35.6260,  -862.2780, -682.5464, 35.6260,  0, 0, 0
L -862.2780, -682.5464, 35.6260,  -894.4886, -749.0574, 35.6260,  0, 0, 0
L -894.4886, -749.0574, 35.6260,  -966.4402, -734.1402, 76.0138,  0, 0, 0
L -966.4402, -734.1402, 76.0138,  -1020.0938, -731.2837, 76.5947,  0, 0, 0
L -1020.0938, -731.2837, 76.5947,  -1013.7536, -713.3483, 76.5947,  0, 0, 0
L -1013.7536, -713.3483, 76.5947,  -977.4605, -677.1197, 76.5947,  0, 0, 0
L -977.4605, -677.1197, 76.5947,  -960.0833, -662.6436, 76.5947,  0, 0, 0
L -960.0833, -662.6436, 76.5947,  -960.0001, -635.9211, 76.5947,  0, 0, 0
L -960.0001, -635.9211, 76.5947,  -974.7649, -623.1249, 76.5947,  0, 0, 0
L -974.7649, -623.1249, 76.5947,  -1010.5524, -623.2104, 76.5947,  0, 0, 0
L -1010.5524, -623.2104, 76.5947,  -1025.4196, -636.0822, 76.5947,  0, 0, 0
L -1025.4196, -636.0822, 76.5947,  -1041.0292, -636.0576, 76.5947,  0, 0, 0
L -1041.0292, -636.0576, 76.5947,  -1040.9686, -620.6318, 76.5947,  0, 0, 0
L -1040.9686, -620.6318, 76.5947,  -1034.6404, -620.3750, 76.5947,  0, 0, 0
L -1034.6404, -620.3750, 76.5947,  -962.0433, -602.1790, 76.5947,  0, 0, 0
L -962.0433, -602.1790, 76.5947,  -885.3014, -578.5873, 76.5947,  0, 0, 0
L -885.3014, -578.5873, 76.5947,  -864.0600, -536.7502, 76.5947,  0, 0, 0
L -894.8956, -787.3395, 35.7836,  -966.2500, -796.2626, 75.9069,  0, 0, 0
L -965.8213, -796.2090, 75.6659,  -1019.3657, -761.3852, 76.5947,  0, 0, 0
L -1019.3657, -761.3852, 76.5947,  -1049.2188, -731.5015, 76.5947,  0, 0, 0
L -1049.2188, -731.5015, 76.5947,  -1049.1324, -704.8415, 76.5947,  0, 0, 0
L -1049.1324, -704.8415, 76.5947,  -1013.0200, -678.1519, 76.5947,  0, 0, 0
L -1013.0200, -678.1519, 76.5947,  -1025.4586, -662.4001, 76.5947,  0, 0, 0
L -1025.4586, -662.4001, 76.5947,  -1040.8372, -680.3438, 76.5947,  0, 0, 0
L -1040.8372, -680.3438, 76.5947,  -1085.4375, -680.3438, 76.5947,  0, 0, 0
L -1105.5417, -665.2917, 76.5947,  -1100.2819, -665.6987, 76.5947,  0, 0, 0
L -1100.2819, -665.6987, 76.5947,  -1096.2787, -662.0611, 76.5947,  0, 0, 0
L -1096.2787, -662.0611, 76.5947,  -1097.8132, -656.1656, 76.5947,  0, 0, 0
L -1097.8132, -656.1656, 76.5947,  -1101.6600, -653.2438, 76.5947,  0, 0, 0
L -1101.6600, -653.2438, 76.5947,  -1106.0956, -655.3328, 76.5947,  0, 0, 0
L -1106.0956, -655.3328, 76.5947,  -1109.1938, -662.3900, 76.5947,  0, 0, 0
L -1109.1938, -662.3900, 76.5947,  -1109.1006, -620.8441, 76.5947,  0, 0, 0
L -1109.1006, -620.8441, 76.5947,  -1085.4631, -600.1614, 76.5947,  0, 0, 0
L -1085.4631, -600.1614, 76.5947,  -1034.5736, -600.1251, 76.5947,  0, 0, 0
L -1034.5736, -600.1251, 76.5947,  -962.2346, -576.0737, 76.5947,  0, 0, 0
L -962.2346, -576.0737, 76.5947,  -899.2469, -560.8630, 76.5947,  0, 0, 0
L -899.2469, -560.8630, 76.5947,  -887.1512, -536.7078, 76.5947,  0, 0, 0
L -887.1512, -536.7078, 76.5947,  -912.2894, -527.5522, 76.5947,  0, 0, 0
L -912.2894, -527.5522, 76.5947,  -962.6374, -539.3990, 76.5947,  0, 0, 0
L -864.0347, -536.6997, 76.5947,  -833.9407, -527.4721, 76.5947,  0, 0, 0
L -833.9407, -527.4721, 76.5947,  -824.1848, -502.2211, 76.5947,  0, 0, 0
L -824.1848, -502.2211, 76.5947,  -812.5297, -481.7883, 76.5947,  0, 0, 0
L -894.6939, -787.3143, 35.6702,  -862.4467, -839.2813, 35.6260,  0, 0, 0
L -862.4467, -839.2813, 35.6260,  -822.8591, -839.2813, 35.6260,  0, 0, 0
L -822.8591, -839.2813, 35.6260,  -788.9335, -787.3925, 35.6260,  0, 0, 0
L -788.9335, -787.3925, 35.6260,  -780.3528, -787.3528, 34.7003,  0, 0, 0
L -780.3528, -787.3528, 34.7003,  -770.3125, -801.0622, 28.5477,  0, 0, 0
L -770.3125, -801.0622, 28.5477,  -770.3125, -854.5351, 16.8437,  0, 0, 0
L -770.3125, -854.5351, 16.8437,  -731.3438, -908.2500, 12.6260,  0, 0, 0
L -731.3438, -908.2500, 12.6260,  -692.8364, -908.2123, 12.6260,  0, 0, 0
L -692.8364, -908.2123, 12.6260,  -639.1249, -853.4235, 7.6260,  0, 0, 0
L -639.1249, -853.4235, 7.6260,  -639.1249, -794.8881, 7.6260,  0, 0, 0
L -639.1249, -794.8881, 7.6260,  -693.2431, -758.3125, 0.6260,  0, 0, 0
L -693.2431, -758.3125, 0.6260,  -703.1055, -729.6478, 0.6260,  0, 0, 0
L -703.1055, -729.6478, 0.6260,  -704.0866, -721.6291, 0.6260,  0, 0, 0
L -704.0866, -721.6291, 0.6260,  -671.0937, -675.5981, 0.6260,  0, 0, 0
L -769.9545, -855.0308, 15.6260,  -731.3438, -855.0312, 12.6260,  127, 64, 0
L -692.3438, -907.7197, 10.6260,  -692.3438, -855.0895, 10.6260,  127, 64, 0
L -639.9867, -794.3125, 4.6260,  -692.5538, -794.3125, 4.6260,  127, 64, 0
L -692.5538, -794.3125, 4.6260,  -693.2430, -758.3125, 0.6260,  127, 64, 0
L -692.3438, -854.2813, 7.6260,  -639.1249, -854.2813, 7.6260,  127, 64, 0
L -731.3438, -855.0295, 12.6260,  -731.3438, -908.2500, 12.6260,  127, 64, 0
L -732.0937, -801.0624, 28.5476,  -770.3125, -801.0612, 28.5479,  127, 64, 0
L -770.3125, -801.0612, 28.5479,  -770.3125, -801.0624, 28.5476,  0, 0, 0
L -732.0991, -797.8870, 28.5476,  -732.0023, -855.0312, 15.6260,  0, 0, 0
L -732.0023, -855.0312, 15.6260,  -692.3438, -854.9382, 10.6260,  0, 0, 0
L -692.3438, -854.9382, 10.6260,  -692.5538, -794.3125, 4.6260,  0, 0, 0
L -692.5538, -794.3125, 4.6260,  -725.4970, -758.3125, 0.6260,  0, 0, 0
L -725.4970, -758.3125, 0.6260,  -741.5259, -728.1907, 0.6260,  0, 0, 0
L -255.2666, -660.4526, 56.5247,  -171.7513, -564.1287, 25.6260,  0, 0, 0
L -171.7513, -564.1287, 25.6260,  -146.0218, -552.3805, 25.6260,  0, 0, 0
L -146.0218, -552.3805, 25.6260,  -85.5648, -498.9030, 0.6260,  0, 0, 0
L -85.5648, -498.9030, 0.6260,  -86.0846, -485.9627, 0.6260,  0, 0, 0
L -86.0846, -485.9627, 0.6260,  -97.5938, -468.6989, 0.6260,  0, 0, 0
L -97.5938, -468.6989, 0.6260,  -97.5938, -434.0013, 0.6260,  0, 0, 0
L -97.5938, -434.0013, 0.6260,  -70.5135, -413.5064, 0.6260,  0, 0, 0
L -70.5135, -413.5064, 0.6260,  -70.6099, -408.7346, 0.6260,  0, 0, 0
L -70.6099, -408.7346, 0.6260,  -107.8052, -408.4651, 0.6260,  0, 0, 0
L -107.8052, -408.4651, 0.6260,  -135.5626, -377.6995, 0.6260,  0, 0, 0
L -135.5626, -377.6995, 0.6260,  -135.5625, -349.8713, 0.6260,  0, 0, 0
L -135.5625, -349.8713, 0.6260,  -144.3123, -341.5000, -14.3740,  0, 0, 0
L -144.3123, -341.5000, -14.3740,  -167.5625, -341.5000, -14.3740,  0, 0, 0
L -185.7108, -318.2500, -13.9277,  -144.3125, -318.2500, -14.3740,  0, 0, 0
L -167.5625, -341.5000, -14.3740,  -167.5217, -318.7317, -14.3740,  127, 64, 0
L -144.3125, -341.5000, -14.3740,  -144.3125, -318.2500, -14.3740,  127, 64, 0
L -144.3125, -318.2500, -14.3740,  -107.7933, -316.2500, 0.6260,  0, 0, 0
L -107.7933, -316.2500, 0.6260,  -91.4768, -315.7609, 0.6260,  0, 0, 0
L -91.4768, -315.7609, 0.6260,  -85.9069, -295.4745, 0.6260,  0, 0, 0
L -85.9069, -295.4745, 0.6260,  -105.8134, -295.5000, 0.6260,  0, 0, 0
L -105.8134, -295.5000, 0.6260,  -125.5625, -275.7198, 0.6260,  0, 0, 0
L -125.5625, -275.7198, 0.6260,  -125.5625, -252.0507, 0.6260,  0, 0, 0
L -125.5625, -252.0507, 0.6260,  -105.8027, -230.2812, 0.6260,  0, 0, 0
L -105.8027, -230.2812, 0.6260,  -89.6048, -229.9973, 0.6260,  0, 0, 0
L -50.3315, -316.2500, 0.6263,  -64.3235, -315.9971, 0.6260,  0, 0, 0
L -64.3235, -315.9971, 0.6260,  -68.3120, -296.0706, 0.6260,  0, 0, 0
L -68.3120, -296.0706, 0.6260,  -76.2169, -276.2645, 0.6260,  0, 0, 0
L -76.2169, -276.2645, 0.6260,  -106.2223, -276.1512, 0.6260,  0, 0, 0
L -106.2223, -276.1512, 0.6260,  -105.9305, -251.5310, 0.6260,  0, 0, 0
L -105.9305, -251.5310, 0.6260,  -105.9305, -251.5310, 0.6260,  0, 0, 0
L -105.9305, -251.5310, 0.6260,  -90.1465, -251.5313, 0.6260,  0, 0, 0
L -90.1465, -251.5313, 0.6260,  -72.3438, -229.7724, 0.5806,  0, 0, 0
L -50.3315, -316.2500, 0.6261,  -50.3314, -349.5000, 0.6260,  127, 64, 0
L -50.3314, -349.5000, 0.6260,  -108.2325, -349.6083, 0.6260,  0, 0, 0
L -108.2325, -349.6083, 0.6260,  -107.8615, -378.2674, 0.6260,  0, 0, 0
L -107.8615, -378.2674, 0.6260,  -71.1394, -378.2187, 0.6260,  0, 0, 0
L -71.1394, -378.2186, 0.6260,  -44.3437, -408.9839, 0.6260,  0, 0, 0
L -44.3437, -408.9839, 0.6260,  -44.3308, -413.9414, 0.6260,  0, 0, 0
L -44.3438, -413.4940, 0.6260,  -16.4768, -433.9328, 0.6260,  0, 0, 0
L -16.4768, -433.9328, 0.6260,  48.3780, -433.9123, 0.6260,  0, 0, 0
L 48.3780, -433.9123, 0.6260,  68.3344, -378.9523, 0.6260,  0, 0, 0
L 68.3344, -378.9523, 0.6260,  92.3615, -331.5373, 0.6260,  0, 0, 0
L -185.7820, -318.2500, -13.9277,  -209.7288, -341.5000, 0.6260,  127, 64, 0
L -156.3125, -275.7674, -26.3740,  -171.3104, -299.7367, -14.3639,  0, 0, 0
L -171.3104, -299.7367, -14.3639,  -186.0581, -317.4340, 0.3074,  0, 0, 0
L -185.9500, -317.1474, 0.0701,  -185.7905, -318.2584, -13.9225,  0, 0, 0
L -167.5625, -341.5000, -14.3740,  -209.9973, -341.5063, 0.6838,  0, 0, 0
L -209.9973, -341.5063, 0.6838,  -230.5703, -350.3203, 10.1744,  0, 0, 0
L -230.5703, -350.3203, 10.1744,  -267.0782, -392.4688, 9.7247,  0, 0, 0
L -267.0782, -392.4688, 9.7247,  -336.2522, -392.8524, 48.5994,  0, 0, 0
L -336.2522, -392.8524, 48.5994,  -336.2500, -434.5465, 56.7644,  0, 0, 0
L -336.2500, -434.5465, 56.7644,  -336.2500, -434.5465, 56.7644,  0, 0, 0
L -336.2500, -434.5465, 56.7644,  -336.2500, -464.5726, 57.5947,  0, 0, 0
L -336.2500, -464.5726, 57.5947,  -374.4688, -482.2262, 57.5947,  0, 0, 0
L -374.4688, -482.2262, 57.5947,  -374.4687, -434.5465, 56.7644,  127, 64, 0
L -374.4687, -434.5465, 56.7644,  -374.4461, -392.8174, 48.5947,  0, 0, 0
L -374.4688, -434.5465, 56.7644,  -422.9573, -402.2187, 59.5947,  0, 0, 0
L -422.9573, -402.2187, 59.5947,  -434.6638, -402.2187, 59.5947,  0, 0, 0
L -434.6638, -402.2187, 59.5947,  -443.3184, -440.7093, 59.5947,  0, 0, 0
L -443.3184, -440.7093, 59.5947,  -443.2968, -485.4246, 59.5947,  0, 0, 0
L -443.2968, -485.4246, 59.5947,  -443.2968, -485.4246, 59.5947,  0, 0, 0
L -443.2968, -485.4246, 59.5947,  -431.5818, -518.1757, 59.5947,  0, 0, 0
L -431.5818, -518.1757, 59.5947,  -422.8965, -512.4035, 59.5947,  0, 0, 0
L -422.8965, -512.4035, 59.5947,  -413.6526, -509.1931, 59.5947,  0, 0, 0
L -413.6526, -509.1931, 59.5947,  -374.0330, -482.0249, 57.5947,  0, 0, 0
L -374.4550, -392.8482, 48.5986,  -362.5609, -351.2500, 48.5947,  0, 0, 0
L -362.5609, -351.2500, 48.5947,  -336.1991, -351.2500, 48.5947,  0, 0, 0
L -336.1991, -351.2500, 48.5947,  -336.2500, -392.8411, 48.5972,  127, 64, 0
L -336.1960, -351.2500, 48.5947,  -266.4567, -351.0099, 9.6260,  0, 0, 0
L -266.4567, -351.0099, 9.6260,  -230.7873, -312.2990, 10.2744,  0, 0, 0
L -230.7873, -312.2990, 10.2744,  -209.1491, -317.6486, 0.4851,  0, 0, 0
L -209.1491, -317.6486, 0.4851,  -230.7256, -299.4908, -14.5476,  0, 0, 0
L -230.7256, -299.4908, -14.5476,  -248.5313, -275.7500, -26.3740,  0, 0, 0
L -248.5313, -275.7500, -26.3740,  -248.3761, -248.5906, -26.1487,  0, 0, 0
L -248.3761, -248.5906, -26.1487,  -242.1606, -233.5370, -17.1812,  0, 0, 0
L -242.1606, -233.5370, -17.1812,  -233.4871, -221.8074, -11.3740,  0, 0, 0
L -233.4871, -221.8074, -11.3740,  -237.4019, -212.0734, -12.0969,  0, 0, 0
L -237.4019, -212.0734, -12.0969,  -257.8024, -212.5313, -29.3740,  0, 0, 0
L -237.8109, -212.5313, -29.3740,  -246.3876, -204.0361, -29.3740,  127, 64, 0
L -246.3876, -204.0361, -29.3740,  -264.2661, -192.0431, -29.3740,  127, 64, 0
L -255.4265, -132.3125, -28.7189,  -291.2137, -132.1858, -35.5077,  0, 0, 0
L -291.2137, -132.1858, -35.5077,  -339.0445, -102.3438, -56.3427,  0, 0, 0
L -339.0445, -102.3438, -56.3427,  -427.1587, -102.3438, -56.4873,  0, 0, 0
L -427.1587, -102.3438, -56.4873,  -566.5956, -102.3437, -35.3740,  0, 0, 0
L -566.5956, -102.3437, -35.3740,  -605.3750, -154.9439, -36.0540,  0, 0, 0
L -605.3750, -154.9439, -36.0540,  -605.4314, -298.7824, -86.3427,  0, 0, 0
L -605.4314, -298.7824, -86.3427,  -606.4342, -331.0774, -86.3427,  0, 0, 0
L -606.4342, -331.0774, -86.3427,  -766.3800, -332.2856, -65.3427,  0, 0, 0
L -766.3800, -332.2856, -65.3427,  -765.9215, -331.7382, -65.3427,  0, 0, 0
L -662.3835, -440.8920, 0.6260,  -747.4407, -445.1746, -35.2394,  0, 0, 0
L -747.4407, -445.1746, -35.2394,  -765.8720, -449.1780, -41.3298,  0, 0, 0
L -765.8720, -449.1780, -41.3298,  -766.0624, -412.0626, -53.1159,  0, 0, 0
L -766.0624, -412.0626, -53.1159,  -764.9260, -372.8656, -65.8837,  0, 0, 0
L -764.9260, -372.8656, -65.8837,  -654.5722, -373.4687, -74.3824,  0, 0, 0
L -654.5722, -373.4687, -74.3824,  -606.9074, -373.4687, -86.2986,  0, 0, 0
L -606.9074, -373.4687, -86.2986,  -565.1653, -330.7316, -86.3427,  0, 0, 0
L -565.1653, -330.7316, -86.3427,  -567.1562, -296.6911, -86.1599,  0, 0, 0
L -567.1562, -296.6911, -86.1599,  -566.7820, -152.5625, -35.3740,  0, 0, 0
L -566.7820, -152.5625, -35.3740,  -426.5246, -152.5625, -56.6853,  0, 0, 0
L -426.5246, -152.5625, -56.6853,  -338.5276, -143.6502, -56.1766,  0, 0, 0
L -338.5276, -143.6502, -56.1766,  -290.1597, -159.5887, -35.2370,  0, 0, 0
L -290.1597, -159.5887, -35.2370,  -290.5000, -191.5625, -34.9790,  0, 0, 0
L -290.5000, -191.5625, -34.9790,  -264.2812, -191.8817, -29.3843,  127, 64, 0
L -290.5000, -191.5624, -34.9790,  -257.8019, -212.5313, -29.3740,  0, 0, 0
L -257.8019, -212.5313, -29.3740,  -237.8113, -212.5313, -29.3740,  0, 0, 0
L -237.8113, -212.5313, -29.3740,  -246.4574, -203.9895, -29.3740,  0, 0, 0
L -255.4265, -132.3125, -28.7189,  -264.1176, -158.3858, -30.3485,  127, 64, 0
L -264.1176, -158.3858, -30.3485,  -264.2812, -176.6008, -30.3792,  127, 64, 0
L -264.2832, -176.6008, -30.3795,  -264.0818, -192.4958, -29.3740,  127, 64, 0
L -255.4265, -132.3125, -28.7189,  -236.5372, -120.0045, 6.6260,  0, 0, 0
L -236.5372, -120.0045, 6.6260,  -242.4186, -105.1766, 11.8434,  0, 0, 0
L -242.4186, -105.1766, 11.8434,  -242.5313, -87.0254, 18.6155,  0, 0, 0
L -242.5313, -87.0254, 18.6155,  -254.5313, -65.7278, 27.7434,  0, 0, 0
L -254.5313, -65.7278, 27.7434,  -254.6545, -41.5724, 36.8350,  0, 0, 0
L -254.6545, -41.5724, 36.8350,  -264.0814, -17.5992, 48.6933,  0, 0, 0
L -287.5697, -17.6250, 59.7178,  -287.5697, 11.6250, 59.7178,  127, 64, 0
L -287.5697, 11.6250, 59.7178,  -263.2918, 11.4437, 48.5947,  0, 0, 0
L -263.2918, 11.4437, 48.5947,  -231.2765, 2.7123, 48.5947,  0, 0, 0
L -287.5697, 11.6250, 59.7178,  -323.8982, 11.6257, 60.5947,  0, 0, 0
L -323.8982, 11.6257, 60.5947,  -330.2191, 17.8510, 60.4672,  0, 0, 0
L -330.2191, 17.8510, 60.4672,  -330.2500, 109.1867, 60.5947,  0, 0, 0
L -330.2500, 109.1867, 60.5947,  -330.2500, 140.3121, 60.5539,  0, 0, 0
L -330.2500, 140.3121, 60.5539,  -344.5524, 104.9756, 60.5947,  0, 0, 0
L -344.5524, 104.9756, 60.5947,  -344.7941, 60.6465, 57.1479,  0, 0, 0
L -344.7941, 60.6465, 57.1479,  -353.5146, 18.7276, 51.6814,  0, 0, 0
L -353.5146, 18.7276, 51.6814,  -353.1963, -33.4790, 51.6521,  0, 0, 0
L -353.1963, -33.4790, 51.6521,  -345.0146, -77.7517, 56.8174,  0, 0, 0
L -345.0146, -77.7517, 56.8174,  -344.5680, -122.8417, 60.5878,  0, 0, 0
L -344.5680, -122.8417, 60.5878,  -330.2500, -157.4953, 60.5947,  0, 0, 0
L -330.2500, -157.4953, 60.5947,  -330.2500, -120.6234, 60.4172,  0, 0, 0
L -330.2500, -120.6234, 60.4172,  -330.2500, -33.3751, 51.6399,  0, 0, 0
L -330.2500, -33.3751, 51.6399,  -351.7601, -33.2322, 51.6231,  0, 0, 0
L -330.2500, -33.3751, 51.6399,  -324.0752, -23.6828, 60.5947,  0, 0, 0
L -324.0752, -23.6828, 60.5947,  -310.7336, -23.3281, 60.5947,  0, 0, 0
L -310.7336, -23.3281, 60.5947,  -287.5697, -17.6249, 59.7178,  0, 0, 0
L -287.5697, -17.6249, 59.7178,  -264.9804, -17.6249, 49.1153,  0, 0, 0
L -264.4492, -17.6249, 48.8659,  -260.2394, -26.6986, 44.0295,  0, 0, 0
L -231.7157, 2.8321, 48.5947,  -203.8091, 17.6250, 27.6260,  0, 0, 0
L -203.8091, 17.6250, 27.6260,  -198.1111, 17.6250, 27.6260,  0, 0, 0
L -198.1111, 17.6250, 27.6260,  -197.8087, -17.6379, 27.5918,  0, 0, 0
L -197.8087, -17.6379, 27.5918,  -231.3897, -18.1467, 48.4923,  0, 0, 0
L -231.3897, -18.1467, 48.4923,  -222.4464, -41.5971, 36.8231,  0, 0, 0
L -222.4464, -41.5971, 36.8231,  -254.6460, -41.5908, 36.8261,  127, 64, 0
L -222.4474, -41.5938, 36.8247,  -222.2422, -66.1819, 27.8897,  0, 0, 0
L -222.2422, -66.1819, 27.8897,  -216.0561, -87.7231, 18.1428,  0, 0, 0
L -216.0561, -87.7231, 18.1428,  -209.8731, -105.7632, 11.6365,  0, 0, 0
L -209.8731, -105.7632, 11.6365,  -200.7235, -120.6538, 6.6260,  0, 0, 0
L -200.7235, -120.6538, 6.6260,  -180.2292, -132.2045, 6.4174,  0, 0, 0
L -180.2292, -132.2045, 6.4174,  -168.3125, -159.1891, -11.9639,  0, 0, 0
L -168.3125, -159.1891, -11.9639,  -168.3127, -176.7822, -29.1599,  0, 0, 0
L -168.3127, -176.7822, -29.1599,  -183.4704, -191.8835, -26.0080,  0, 0, 0
L -183.4704, -191.8835, -26.0080,  -198.4439, -204.3638, -19.3247,  0, 0, 0
L -198.4439, -204.3638, -19.3247,  -198.2593, -213.0409, -11.3740,  0, 0, 0
L -198.2593, -213.0409, -11.3740,  -188.5753, -222.4824, -11.9130,  0, 0, 0
L -188.5753, -222.4824, -11.9130,  -162.2279, -234.1902, -17.1484,  0, 0, 0
L -162.2279, -234.1902, -17.1484,  -156.3125, -249.1849, -26.3740,  0, 0, 0
L -156.3125, -249.1849, -26.3740,  -156.6219, -276.2624, -26.1618,  0, 0, 0
L -50.3328, -349.5000, 0.6260,  -47.9497, -342.4982, 1.6260,  0, 0, 0
L -47.9497, -342.4982, 1.6260,  -45.4663, -342.6990, 1.6260,  0, 0, 0
L -45.4663, -342.6990, 1.6260,  -25.3497, -376.4765, 0.6260,  0, 0, 0
L -25.3497, -376.4765, 0.6260,  -7.7441, -421.4688, 1.3091,  0, 0, 0
L -7.7441, -421.4688, 1.3091,  -7.1183, -405.2795, 0.6260,  127, 127, 127
L -7.1183, -405.2795, 0.6260,  8.4222, -405.9076, 0.6260,  127, 127, 127
L 8.4222, -405.9076, 0.6260,  7.8316, -421.4688, 1.1405,  127, 127, 127
L 7.8316, -421.4688, 1.1405,  16.0070, -412.4486, 0.6260,  0, 0, 0
L 16.0070, -412.4486, 0.6260,  31.7863, -407.5176, 0.6260,  0, 0, 0
L 31.7863, -407.5176, 0.6260,  49.6967, -387.5598, 0.6260,  0, 0, 0
L 49.6967, -387.5598, 0.6260,  60.8753, -367.0604, 0.6260,  0, 0, 0
L 60.8753, -367.0604, 0.6260,  70.1554, -348.6318, 0.6260,  0, 0, 0
L 70.1554, -348.6318, 0.6260,  59.5257, -359.9231, 0.6260,  127, 127, 127
L 59.5257, -359.9231, 0.6260,  49.2015, -366.2188, 1.2903,  127, 127, 127
L 49.2015, -366.2188, 1.2903,  36.0885, -366.2188, 0.8753,  127, 127, 127
L 36.0885, -366.2188, 0.8753,  15.3345, -376.2065, 0.6262,  127, 127, 127
L 15.3345, -376.2065, 0.6262,  -25.4584, -376.1988, 0.6516,  127, 64, 0
L 49.9531, -381.8345, 0.7814,  49.9728, -366.2187, 0.8058,  127, 127, 127
L 49.9728, -366.2187, 0.8058,  36.0109, -366.2576, 0.7620,  127, 127, 127
L 36.0109, -366.2576, 0.7620,  36.1982, -381.9695, 0.6260,  127, 127, 127
L 44.1373, -382.0088, 0.6260,  35.9689, -382.0493, 0.6260,  127, 127, 127
L 44.1648, -381.9212, 0.6741,  49.7688, -381.8172, 0.8984,  127, 127, 127
L 48.2881, -381.8442, 0.8402,  50.3035, -381.8194, 0.6260,  127, 127, 127
L 15.6377, -291.5093, 0.6260,  35.7992, -301.3553, 0.6260,  127, 127, 127
L 35.7992, -301.3553, 0.6260,  15.6686, -291.5121, 0.6260,  0, 0, 0
L 15.6686, -291.5121, 0.6260,  15.6529, -376.2087, 0.6260,  127, 127, 127
L 23.6250, -296.1842, 4.6260,  23.4543, -372.5359, 0.6260,  127, 127, 127
L 31.6250, -300.0125, 8.6260,  31.6411, -367.9525, 8.6260,  127, 127, 127
L 35.7246, -366.1064, 10.5790,  36.1170, -301.4999, 0.9308,  127, 127, 127
L 36.1170, -301.4999, 0.9308,  36.1170, -301.4999, 0.9308,  0, 0, 0
L 27.6783, -297.6755, 6.6221,  27.7158, -370.4051, 0.6260,  127, 127, 127
L 35.5655, -365.8375, 10.6260,  50.2053, -365.7097, 12.6260,  127, 127, 127
L 50.2053, -365.7097, 12.6260,  61.9614, -357.9305, 12.6118,  127, 127, 127
L 61.9614, -357.9305, 12.6118,  71.5938, -345.7855, 12.6260,  127, 127, 127
L 71.5938, -345.7855, 12.6260,  71.5918, -321.9596, 12.6260,  0, 0, 0
L 71.2708, -321.3175, 12.6260,  62.0326, -310.0001, 12.6260,  127, 127, 127
L 62.0326, -310.0001, 12.6260,  49.6436, -302.2598, 13.0639,  127, 127, 127
L 49.6436, -302.2598, 13.0639,  36.5985, -301.8392, 13.1937,  127, 127, 127
L 71.5733, -321.9226, 12.6260,  70.5745, -320.2281, 12.6260,  127, 127, 127
L 70.1884, -319.1529, 0.6260,  49.6043, -279.0260, 0.6260,  0, 0, 0
L 49.6043, -279.0260, 0.6260,  31.9908, -258.4717, 0.6260,  0, 0, 0
L 31.9908, -258.4717, 0.6260,  8.3059, -244.5397, 0.6260,  0, 0, 0
L 8.3059, -244.5397, 0.6260,  -7.7402, -244.2812, 1.3158,  127, 127, 127
L -7.7402, -244.2812, 1.3158,  -25.4635, -291.5122, 0.6263,  0, 0, 0
L -25.4635, -291.5122, 0.6263,  15.9277, -291.4680, 0.6260,  127, 64, 0
L -25.4638, -291.5121, 0.6260,  -46.5777, -323.2500, 1.6260,  0, 0, 0
L -46.5777, -323.2500, 1.6260,  -48.7620, -322.8169, 1.6260,  0, 0, 0
L -48.7620, -322.8169, 1.6260,  -50.3315, -316.2500, 0.6261,  0, 0, 0
L -7.8325, -259.8379, 0.9375,  7.9668, -259.8908, 0.7824,  127, 127, 127
L 7.9668, -259.8908, 0.7824,  7.9668, -259.8908, 0.7824,  0, 0, 0
L 7.9668, -259.8908, 0.7824,  7.8402, -244.2812, 1.1238,  127, 127, 127
L 7.8402, -244.2812, 1.1238,  -7.7850, -244.4006, 1.2314,  0, 0, 0
L -7.7850, -244.4006, 1.2314,  -8.1520, -259.8505, 0.6260,  127, 127, 127
L 16.0279, -262.4926, 0.8531,  15.9203, -277.9406, 0.6260,  127, 127, 127
L 15.9203, -277.9406, 0.6260,  32.0905, -277.8883, 0.6260,  127, 127, 127
L 32.0905, -277.8883, 0.6260,  31.2591, -261.8698, 0.7372,  127, 127, 127
L 31.2591, -261.8698, 0.7372,  15.6961, -261.6703, 0.6260,  127, 127, 127
L 37.2986, -301.4999, 1.2381,  50.2542, -301.4804, 0.6260,  127, 127, 127
L 50.2542, -301.4804, 0.6260,  50.0761, -283.9856, 0.6260,  127, 127, 127
L 35.9793, -283.6127, 0.6260,  36.0622, -301.4868, 0.8478,  127, 127, 127
L 50.0225, -283.6838, 0.6260,  35.8940, -283.7522, 0.6260,  127, 127, 127
L 15.6148, -325.8821, 1.6260,  -25.8847, -325.7758, 1.6260,  127, 127, 127
L -25.8847, -325.7758, 1.6260,  -25.8847, -325.7758, 1.6260,  0, 0, 0
L -45.0205, -343.1391, 1.6260,  -27.2375, -339.8745, 1.6260,  127, 127, 127
L -27.2375, -339.8745, 1.6260,  15.6372, -339.9066, 1.6260,  127, 127, 127
L -45.9588, -342.5001, 1.6260,  -45.9645, -323.2500, 1.6260,  127, 127, 127
L -45.9645, -323.2500, 1.6260,  -46.3771, -323.2500, 1.6260,  0, 0, 0
L -25.6256, -325.8279, 1.6260,  -46.9591, -323.2500, 1.6260,  127, 127, 127
L -7.7441, -421.4687, 1.3091,  8.2740, -420.9710, 0.6260,  0, 0, 0
L 15.8663, -402.9517, 0.6260,  17.0316, -387.6763, 0.6260,  127, 127, 127
L 17.0316, -387.6763, 0.6260,  31.9544, -388.1575, 0.8443,  127, 127, 127
L 31.9544, -388.1575, 0.8443,  31.8946, -403.8817, 0.7256,  127, 127, 127
L 31.8946, -403.8817, 0.7256,  15.9314, -403.4432, 0.6622,  127, 127, 127
L -89.5665, -229.5572, 0.4831,  -89.6539, -201.3980, -10.3740,  0, 0, 0
L -89.6539, -201.3980, -10.3740,  -89.6539, -201.3980, -10.3740,  0, 0, 0
L -89.6539, -201.3980, -10.3740,  -111.8624, -201.4614, -10.3740,  0, 0, 0
L -111.8624, -201.4614, -10.3740,  -191.5715, -111.8154, -10.3740,  0, 0, 0
L -191.5715, -111.8154, -10.3740,  -197.5313, -17.5670, -10.3740,  0, 0, 0
L -197.5313, -17.5670, -10.3740,  -197.5210, 18.1248, -10.3740,  0, 0, 0
L -197.5210, 18.1248, -10.3740,  -193.5621, 73.8896, -10.3740,  0, 0, 0
L -193.5621, 73.8896, -10.3740,  -193.5625, 111.7958, -10.3740,  0, 0, 0
L -193.5625, 111.7958, -10.3740,  -111.8043, 181.5804, -10.3740,  0, 0, 0
L -111.8043, 181.5804, -10.3740,  -17.2509, 193.5625, -10.3740,  0, 0, 0
L -17.2509, 193.5625, -10.3740,  18.6748, 193.4584, -10.3740,  0, 0, 0
L 18.6748, 193.4584, -10.3740,  72.6690, 185.5625, -10.3740,  0, 0, 0
L 72.6690, 185.5625, -10.3740,  111.8320, 185.5625, -10.3740,  0, 0, 0
L 111.8320, 185.5625, -10.3740,  199.5459, 111.7812, -10.3740,  0, 0, 0
L 199.5459, 111.7812, -10.3740,  207.5230, 18.0807, -10.3740,  0, 0, 0
L 207.5230, 18.0807, -10.3740,  209.5677, 9.8386, -10.3740,  0, 0, 0
L 209.9313, -7.7160, -10.3740,  198.2316, -72.4277, -10.3740,  0, 0, 0
L 198.2316, -72.4277, -10.3740,  214.5368, -72.3437, -3.1307,  0, 0, 0
L 214.5368, -72.3437, -3.1307,  239.5313, -72.6912, 0.5721,  0, 0, 0
L 239.5313, -72.6912, 0.5721,  239.3970, -91.0125, 0.6260,  0, 0, 0
L 239.3970, -91.0125, 0.6260,  218.4486, -118.1619, 0.6260,  0, 0, 0
L 218.4486, -118.1619, 0.6260,  210.6719, -145.2303, 0.6260,  0, 0, 0
L 210.6719, -145.2303, 0.6260,  227.3992, -145.1625, 0.6260,  0, 0, 0
L 227.3992, -145.1625, 0.6260,  244.8812, -131.0372, 0.6260,  0, 0, 0
L 244.8812, -131.0372, 0.6260,  245.3005, -132.6559, 0.6260,  0, 0, 0
L 245.3005, -132.6559, 0.6260,  247.5767, -133.9363, 0.6260,  0, 0, 0
L 247.5767, -133.9363, 0.6260,  247.5767, -133.9363, 0.6260,  0, 0, 0
L 247.5767, -133.9363, 0.6260,  249.5897, -133.1346, 0.6260,  0, 0, 0
L 249.5897, -133.1346, 0.6260,  250.3626, -131.2726, 0.6260,  0, 0, 0
L 250.3626, -131.2726, 0.6260,  249.7065, -129.3125, 0.6260,  0, 0, 0
L 249.7065, -129.3125, 0.6260,  267.7635, -129.3125, 0.6260,  0, 0, 0
L 267.7635, -129.3125, 0.6260,  285.5000, -145.1057, 0.6260,  0, 0, 0
L 285.5000, -145.1057, 0.6260,  285.7778, -190.2998, 0.6260,  0, 0, 0
L 285.7778, -190.2998, 0.6260,  312.4301, -190.3123, 0.6260,  0, 0, 0
L 312.4301, -190.3123, 0.6260,  311.7778, -192.0236, 0.6260,  0, 0, 0
L 311.7778, -192.0236, 0.6260,  312.2993, -193.5905, 0.6260,  0, 0, 0
L 312.2993, -193.5905, 0.6260,  314.0287, -195.0220, 0.6260,  0, 0, 0
L 314.0287, -195.0220, 0.6260,  316.5000, -194.2627, 0.6260,  0, 0, 0
L 316.5000, -194.2622, 0.6260,  316.6279, -210.2501, 0.6260,  0, 0, 0
L 316.6279, -210.2501, 0.6260,  333.0840, -239.3926, 0.6260,  0, 0, 0
L 333.0840, -239.3926, 0.6260,  347.6213, -242.2379, 0.6260,  0, 0, 0
L 347.6213, -242.2379, 0.6260,  350.2617, -242.0068, 0.6260,  0, 0, 0
L 350.2617, -242.0068, 0.6260,  368.0839, -203.2812, 0.6260,  0, 0, 0
L 368.0839, -203.2812, 0.6260,  391.6038, -203.2812, 0.6260,  0, 0, 0
L 391.6038, -203.2812, 0.6260,  409.4688, -241.9887, 0.6260,  0, 0, 0
L 409.4688, -241.9887, 0.6260,  409.4688, -259.8316, 0.6260,  0, 0, 0
L 367.0940, -300.5000, 0.6260,  350.0549, -259.5771, 0.6260,  0, 0, 0
L 392.4688, -304.5000, 5.6260,  367.2187, -304.5000, 5.6260,  0, 0, 0
L 367.2187, -304.5000, 5.6260,  367.2187, -300.8887, 5.6260,  0, 0, 0
L 367.2187, -300.8887, 5.6260,  392.0243, -301.0007, 5.6292,  0, 0, 0
L 392.0243, -301.0007, 5.6292,  392.4688, -304.4999, 5.6634,  0, 0, 0
L 367.0943, -300.5000, 0.6260,  367.2187, -301.1655, 5.6260,  0, 0, 0
L 392.5933, -300.5000, 0.6260,  409.4688, -259.7278, 0.6260,  0, 0, 0
L 392.5962, -300.4932, 0.6260,  392.0574, -301.4070, 5.6260,  0, 0, 0
L 349.2914, -259.4084, 0.6260,  346.5414, -260.1890, 0.6260,  0, 0, 0
L 346.5414, -260.1890, 0.6260,  332.3939, -268.2722, 0.6260,  0, 0, 0
L 350.1565, -259.6585, 0.6260,  349.3628, -259.5313, 0.6260,  0, 0, 0
L 350.0468, -259.5728, 0.6260,  349.1529, -259.4364, 0.6260,  0, 0, 0
L 332.5033, -267.8560, 0.6260,  330.4615, -295.8192, 0.6260,  0, 0, 0
L 330.4615, -295.8192, 0.6260,  316.6551, -316.5275, 0.6260,  0, 0, 0
L 316.6551, -316.5275, 0.6260,  288.7643, -320.5167, 0.6260,  0, 0, 0
L 288.7643, -320.5167, 0.6260,  267.5515, -336.7311, 0.6260,  0, 0, 0
L 267.5515, -336.7311, 0.6260,  265.5858, -339.6801, 0.6260,  0, 0, 0
L 265.5858, -339.6801, 0.6260,  265.5313, -410.7160, 0.6260,  0, 0, 0
L 265.5313, -410.7160, 0.6260,  245.4535, -437.0916, 0.6260,  0, 0, 0
L 245.4535, -437.0916, 0.6260,  245.6002, -629.9667, 0.6260,  0, 0, 0
L 245.6002, -629.9667, 0.6260,  330.5000, -630.1249, 0.6260,  0, 0, 0
L 330.5000, -630.1249, 0.6260,  330.2563, -744.3125, 0.6260,  0, 0, 0
L 330.2563, -744.3125, 0.6260,  277.5484, -744.5032, 0.6260,  0, 0, 0
L 277.5484, -744.5032, 0.6260,  277.5000, -803.3125, 0.6260,  0, 0, 0
L 277.5000, -803.3125, 0.6260,  246.2809, -803.3125, 0.6260,  0, 0, 0
L 246.2809, -803.3125, 0.6260,  246.2812, -716.0937, 0.6260,  0, 0, 0
L 246.2812, -716.0937, 0.6260,  297.1498, -715.9738, 0.6260,  0, 0, 0
L 297.1498, -715.9738, 0.6260,  297.0640, -663.4260, 0.6260,  0, 0, 0
L 297.0640, -663.4260, 0.6260,  246.0679, -663.3750, 0.6260,  0, 0, 0
L 246.0679, -663.3750, 0.6260,  214.2813, -629.5756, 0.6260,  0, 0, 0
L 214.2813, -629.5756, 0.6260,  214.1579, -539.5032, 0.6260,  0, 0, 0
L 214.1579, -539.5032, 0.6260,  211.7156, -539.4398, 0.6260,  0, 0, 0
L 211.7156, -539.4398, 0.6260,  200.4396, -544.6265, 0.6260,  0, 0, 0
L 200.5312, -545.5574, 0.6260,  200.4882, -545.0107, 0.6260,  0, 0, 0
L 244.7441, -278.2500, 0.6260,  267.7674, -278.2500, 0.6260,  0, 0, 0
L 267.7674, -278.2500, 0.6260,  288.6843, -296.1980, 0.6260,  0, 0, 0
L 288.6843, -296.1980, 0.6260,  298.1425, -296.1378, 0.6260,  0, 0, 0
L 298.1425, -296.1378, 0.6260,  304.0605, -268.8293, 0.6260,  0, 0, 0
L 304.0605, -268.8293, 0.6260,  304.2503, -238.3275, 0.6260,  0, 0, 0
L 304.2503, -238.3275, 0.6260,  297.0176, -209.5593, 0.6260,  0, 0, 0
L 297.0176, -209.5593, 0.6260,  285.4510, -209.9285, 0.6260,  0, 0, 0
L 285.4510, -209.9285, 0.6260,  285.5000, -253.7308, 0.6260,  0, 0, 0
L 285.5000, -253.7308, 0.6260,  267.7703, -268.5313, 0.6260,  0, 0, 0
L 267.7703, -268.5313, 0.6260,  247.0364, -268.5313, 0.6260,  0, 0, 0
L 247.0364, -268.5313, 0.6260,  228.2812, -253.7245, 0.6260,  0, 0, 0
L 228.2812, -253.7245, 0.6260,  228.2812, -233.9866, 0.6260,  0, 0, 0
L 228.2812, -233.9866, 0.6260,  235.2817, -208.8902, 0.6260,  0, 0, 0
L 235.2817, -208.8902, 0.6260,  235.2812, -198.0569, 0.6260,  0, 0, 0
L 235.2812, -198.0569, 0.6260,  227.1913, -164.6938, 0.6260,  0, 0, 0
L 227.1913, -164.6938, 0.6260,  201.0564, -164.5625, 0.6260,  0, 0, 0
L 180.4180, -144.8776, 0.6260,  180.4180, -144.8776, 0.6260,  0, 0, 0
L 180.4180, -144.8776, 0.6260,  213.2367, -90.5938, -3.3233,  0, 0, 0
L 180.4180, -144.8776, 0.6260,  201.0564, -164.5625, 0.6260,  0, 0, 0
L 201.5591, -164.5625, 0.6260,  200.8189, -164.3360, 0.6260,  0, 0, 0
L 213.2451, -90.5937, -3.3221,  200.6899, -89.5937, -10.3984,  0, 0, 0
L 200.6899, -89.5937, -10.3984,  197.5894, -89.7679, -10.3740,  0, 0, 0
L 197.5894, -89.7679, -10.3740,  191.6037, -111.7669, -10.3740,  0, 0, 0
L 191.6037, -111.7669, -10.3740,  111.8066, -187.5743, -10.3740,  0, 0, 0
L 111.8066, -187.5743, -10.3740,  97.5774, -206.0447, -10.3740,  0, 0, 0
L 97.5774, -206.0447, -10.3740,  97.5938, -211.9044, -10.0267,  0, 0, 0
L 97.5938, -211.9044, -10.0267,  101.5685, -236.7782, -4.3470,  0, 0, 0
L 101.5856, -236.9258, -4.2769,  125.5625, -278.9742, 0.6260,  0, 0, 0
L 125.5625, -278.9742, 0.6260,  125.8977, -296.2480, 0.6260,  0, 0, 0
L 125.8977, -296.2480, 0.6260,  129.2538, -296.0764, 0.6260,  0, 0, 0
L 129.2538, -296.0764, 0.6260,  129.3125, -281.2500, 0.6260,  0, 0, 0
L 129.3125, -281.2500, 0.6260,  135.2331, -281.1057, 0.6260,  0, 0, 0
L 135.2331, -281.1057, 0.6260,  135.3125, -278.8745, 0.6260,  0, 0, 0
L 135.3125, -278.8745, 0.6260,  123.3125, -269.7184, 0.6260,  0, 0, 0
L 123.3125, -269.7184, 0.6260,  123.3125, -251.0535, 0.6260,  0, 0, 0
L 123.3125, -251.0535, 0.6260,  136.1010, -237.2812, 0.6260,  0, 0, 0
L 136.1010, -237.2812, 0.6260,  155.7552, -237.2812, 0.6260,  0, 0, 0
L 155.7552, -237.2812, 0.6260,  167.2061, -251.1928, 0.6260,  0, 0, 0
L 167.2061, -251.1928, 0.6260,  177.1693, -231.2812, 0.6260,  0, 0, 0
L 177.1693, -231.2812, 0.6260,  199.7329, -231.2812, 0.6260,  0, 0, 0
L 199.7329, -231.2812, 0.6260,  216.6110, -251.1379, 0.6260,  0, 0, 0
L 216.6110, -251.1379, 0.6260,  220.5313, -251.2809, 0.6260,  0, 0, 0
L 220.5313, -251.2809, 0.6260,  220.5313, -269.5313, 0.6260,  0, 0, 0
L 220.5313, -269.5313, 0.6260,  217.3391, -269.5313, 0.6260,  0, 0, 0
L 217.3391, -269.5313, 0.6260,  196.8350, -278.4959, 0.6260,  0, 0, 0
L 196.8350, -278.4959, 0.6260,  196.7473, -281.2147, 0.6260,  0, 0, 0
L 196.7473, -281.2147, 0.6260,  219.5313, -281.2497, 0.6260,  0, 0, 0
L 219.5313, -281.2497, 0.6260,  220.3185, -296.1641, 0.6260,  0, 0, 0
L 220.3185, -296.1641, 0.6260,  244.0313, -278.2500, 0.6260,  0, 0, 0
L 244.0313, -278.2500, 0.6260,  260.2949, -278.2500, 0.6260,  0, 0, 0
L 92.3402, -331.9285, 0.6260,  92.3437, -278.9806, 0.6260,  0, 0, 0
L 92.3437, -278.9806, 0.6260,  70.2524, -236.5869, -4.4423,  0, 0, 0
L 70.3090, -236.7442, -4.4067,  61.3437, -211.6433, -10.3740,  0, 0, 0
L 61.3437, -211.6433, -10.3740,  60.9521, -205.5300, -10.3740,  0, 0, 0
L 60.9521, -205.5300, -10.3740,  -17.6713, -205.5312, -10.3740,  0, 0, 0
L -17.6713, -205.5312, -10.3740,  -72.3430, -201.8889, -10.3740,  0, 0, 0
L -72.3430, -201.8889, -10.3740,  -72.3438, -229.7725, 0.5807,  0, 0, 0
L -72.3438, -225.4586, -1.3741,  -72.5687, -230.0473, 0.6260,  0, 0, 0
L -72.5687, -230.0473, 0.6260,  -73.3266, -230.9736, 0.6260,  0, 0, 0
L -163.5264, -112.5127, -9.7410,  -179.7685, -18.5958, -10.3793,  0, 0, 0
L -179.7685, -18.5958, -10.3793,  -179.8216, 17.6807, -10.4255,  127, 64, 0
L -179.8216, 17.6807, -10.4255,  -171.9765, 71.6458, -10.3742,  0, 0, 0
L -171.7583, 90.0743, -10.3740,  -163.9440, 111.5962, -10.4095,  0, 0, 0
L -163.9440, 111.5962, -10.4095,  -112.0592, 159.7657, -10.3825,  0, 0, 0
L -112.0592, 159.7657, -10.3825,  -18.1053, 173.9005, -10.3747,  0, 0, 0
L -18.1053, 173.9005, -10.3747,  17.5001, 173.8875, -10.3822,  127, 64, 0
L 17.5001, 173.8875, -10.3822,  71.6115, 165.9407, -10.3819,  0, 0, 0
L 71.6115, 165.9407, -10.3819,  90.1184, 165.8382, -10.3740,  127, 64, 0
L 90.1184, 165.8382, -10.3740,  90.1184, 165.8382, -10.3740,  0, 0, 0
L 90.1184, 165.8382, -10.3740,  111.6913, 159.9194, -10.4028,  0, 0, 0
L 111.6913, 159.9194, -10.4028,  169.5080, 112.2296, -10.3915,  0, 0, 0
L 169.5080, 112.2296, -10.3915,  185.9456, 18.1983, -10.3740,  0, 0, 0
L 185.9456, 18.1983, -10.3740,  186.0163, -17.7532, -10.3740,  127, 64, 0
L 186.0163, -17.7532, -10.3740,  176.3435, -69.7512, -10.3741,  0, 0, 0
L 175.9067, -89.3241, -10.3771,  166.0093, -111.7282, -10.3747,  0, 0, 0
L 166.0093, -111.7282, -10.3747,  112.4414, -165.5648, -10.3740,  0, 0, 0
L 112.4414, -165.5648, -10.3740,  18.1061, -183.8570, -10.3822,  0, 0, 0
L 18.1061, -183.8570, -10.3822,  -17.2113, -183.8724, -10.3882,  127, 64, 0
L -17.2113, -183.8724, -10.3882,  -71.9603, -177.8635, -10.3742,  0, 0, 0
L -90.7157, -177.8475, -10.3740,  -112.6465, -171.6050, -10.3740,  0, 0, 0
L -111.6569, -171.9595, -10.3740,  -164.0200, -111.3310, -10.3755,  0, 0, 0
L -160.9302, 114.2342, -142.3115,  -111.7993, 159.5836, -142.3115,  0, 0, 255
L -111.7993, 159.5836, -142.3115,  -18.3748, 173.5025, -142.3115,  0, 0, 255
L -18.3746, 173.5025, -142.3115,  -17.6590, 133.5625, -141.8039,  0, 0, 255
L -17.6627, 133.5625, -142.3115,  18.3390, 133.7773, -142.3115,  0, 0, 255
L 18.3747, 173.5029, -142.3115,  18.3745, 173.5029, -142.3115,  0, 0, 255
L 18.3745, 173.5029, -142.3115,  18.3750, 133.9555, -142.3115,  0, 0, 255
L 18.3746, 173.5029, -142.3115,  72.2228, 165.6320, -142.3115,  0, 0, 255
L 89.8125, 165.5634, -142.3115,  111.7920, 159.5970, -142.3115,  0, 0, 255
L 111.7920, 159.5970, -142.3115,  169.5912, 111.7685, -142.3115,  0, 0, 255
L 169.5912, 111.7685, -142.3115,  185.4933, 18.3748, -142.3115,  0, 0, 255
L 185.4933, 18.3747, -142.3115,  141.5040, 17.9059, -142.3115,  0, 0, 255
L 141.4968, 17.8869, -142.3115,  142.0122, -18.4511, -142.3115,  0, 0, 255
L 142.0123, -18.4512, -142.3115,  185.4866, -18.3750, -142.3115,  0, 0, 255
L 185.4866, -18.3750, -142.3115,  175.4879, -72.2045, -142.3115,  0, 0, 255
L 175.4851, -72.2145, -142.3115,  175.5625, -89.8875, -142.3115,  127, 64, 0
L 175.5627, -89.8868, -142.3115,  165.6243, -111.7516, -142.3115,  0, 0, 255
L 165.6243, -111.7516, -142.3115,  111.7850, -165.5909, -142.3115,  0, 0, 255
L 111.7850, -165.5909, -142.3115,  18.3750, -183.4838, -142.3115,  0, 0, 255
L 18.3750, -183.4838, -142.3115,  17.5783, -139.4382, -142.3115,  0, 0, 255
L 17.5715, -139.4362, -142.3115,  -18.2828, -139.6913, -142.3115,  0, 0, 255
L -18.2914, -139.7015, -142.3115,  -18.3748, -183.5185, -142.3115,  0, 0, 255
L -18.3747, -183.5185, -142.3115,  -72.5134, -177.5625, -142.3115,  0, 0, 255
L -72.5510, -177.5625, -142.3115,  -89.9185, -177.5625, -142.3115,  127, 64, 0
L -89.8921, -177.5697, -142.3115,  -111.7600, -171.6057, -142.3115,  0, 0, 255
L -111.7600, -171.6057, -142.3115,  -163.5855, -111.8024, -142.3115,  0, 0, 255
L -163.5855, -111.8024, -142.3115,  -179.4932, -18.3750, -142.3115,  0, 0, 255
L -179.4932, -18.3750, -142.3115,  -137.5642, -18.0428, -142.3115,  0, 0, 255
L -137.5607, -18.0242, -142.3115,  -138.0026, 18.4531, -142.3115,  0, 0, 255
L -138.0167, 18.4603, -142.3115,  -179.5028, 18.3748, -142.3115,  0, 0, 255
L -179.5028, 18.3748, -142.3115,  -179.5029, 18.3746, -142.3115,  0, 0, 255
L -179.5029, 18.3746, -142.3115,  -171.5625, 72.0183, -142.3115,  0, 0, 255
L -171.5625, 72.0997, -142.3115,  -171.5184, 90.0240, -142.3115,  127, 64, 0
L -163.6674, 111.6141, -142.3115,  -171.5625, 89.9026, -142.3115,  0, 0, 255
L -732.0991, -797.8870, 31.3085,  -728.3621, -788.0457, 38.6850,  0, 0, 0
L -728.3621, -788.0457, 38.6850,  -759.7317, -750.9374, 37.7510,  0, 0, 0
L -759.7317, -750.9374, 37.7510,  -759.7317, -750.9374, 37.7510,  0, 0, 0
L -759.7317, -750.9374, 37.7510,  -789.5553, -750.7634, 38.7510,  0, 0, 0
L -789.5553, -750.7634, 38.7510,  -823.0207, -685.0216, 38.7510,  0, 0, 0
L -823.0207, -685.0216, 38.7510,  -823.8970, -627.5465, 38.7510,  0, 0, 0
L -823.8970, -627.5465, 38.7510,  -765.9374, -579.7084, 38.7510,  0, 0, 0
L -765.9374, -579.7084, 38.7510,  -765.2874, -539.1992, 38.7510,  0, 0, 0
L -765.2874, -539.1992, 38.7510,  -726.7554, -516.5311, 39.7510,  0, 0, 0
L -726.7554, -516.5311, 39.7510,  -678.5002, -516.7742, 39.7510,  0, 0, 0
L -678.4669, -551.4063, 40.0561,  -678.5002, -516.7742, 39.9785,  0, 0, 0
L -701.3763, -551.4063, 75.5947,  -689.3480, -551.7239, 75.5947,  0, 0, 0
L -689.3480, -551.7239, 75.5947,  -689.3438, -578.6402, 75.5947,  0, 0, 0
L -689.3438, -578.6402, 75.5947,  -668.5487, -602.3750, 75.5947,  0, 0, 0
L -668.5487, -602.3750, 75.5947,  -633.3965, -602.0879, 76.0554,  0, 0, 0
L -633.3965, -602.0879, 76.0554,  -659.9775, -551.7985, 75.5947,  0, 0, 0
L -659.9775, -551.7985, 75.5947,  -680.4821, -551.7987, 75.5947,  0, 0, 0
L -680.4821, -551.7987, 75.5947,  -680.7948, -369.2188, 75.5947,  0, 0, 0
L -680.7948, -369.2188, 75.5947,  -701.3764, -369.2205, 75.5947,  0, 0, 0
L -701.3764, -369.2205, 75.5947,  -704.3437, -402.4749, 75.5947,  0, 0, 0
L -704.3437, -402.4749, 75.5947,  -704.4802, -441.4228, 75.5947,  0, 0, 0
L -704.4802, -441.4228, 75.5947,  -711.4626, -441.2766, 76.5947,  0, 0, 0
L -813.1046, -482.7877, 76.5947,  -704.6346, -485.4322, 75.5947,  0, 0, 0
L -704.6346, -485.4322, 75.5947,  -701.3763, -551.4063, 75.5947,  0, 0, 0
L -710.3559, -485.4375, 75.5947,  -710.3736, -441.1875, 75.6466,  127, 64, 0
L -711.4626, -441.2766, 75.7446,  -812.9529, -450.0899, 76.5947,  0, 0, 0
L -812.9529, -450.0899, 76.5947,  -842.9312, -411.1161, 76.5947,  0, 0, 0
L -842.9312, -411.1161, 76.5947,  -858.0340, -401.8389, 76.5947,  0, 0, 0
L -858.0340, -401.8389, 76.5947,  -858.0312, -354.0338, 76.5947,  0, 0, 0
L -858.0312, -354.0338, 76.5947,  -902.7739, -321.2318, 76.5947,  0, 0, 0
L -902.7739, -321.2318, 76.5947,  -964.6746, -311.3477, 76.5947,  0, 0, 0
L -964.6746, -311.3477, 76.5947,  -1034.2308, -279.4529, 76.5947,  0, 0, 0
L -1034.2311, -279.4529, 76.5954,  -1040.9919, -278.9971, 76.5947,  0, 0, 0
L -1040.9919, -278.9971, 76.5947,  -1068.3612, -237.2812, 76.5947,  0, 0, 0
L -1040.9564, -279.0042, 76.5950,  -1040.9556, -299.3909, 76.5984,  127, 64, 0
L -1040.9556, -299.3909, 76.5984,  -1034.9645, -299.5000, 77.5947,  0, 0, 0
L -1034.9645, -299.5000, 77.5947,  -962.4826, -338.5240, 76.5947,  0, 0, 0
L -962.4826, -338.5240, 76.5947,  -902.2609, -353.7249, 76.5947,  0, 0, 0
L -902.2609, -353.7249, 76.5947,  -887.2891, -401.9267, 76.5947,  0, 0, 0
L -887.2891, -401.9267, 76.5947,  -905.4621, -411.1816, 76.5947,  0, 0, 0
L -905.4621, -411.1816, 76.5947,  -1034.6185, -357.2401, 76.5947,  0, 0, 0
L -1034.6185, -357.2401, 76.5947,  -1040.7050, -357.2018, 76.5947,  0, 0, 0
L -1040.7050, -357.2018, 76.5947,  -1067.6594, -342.2500, 76.5947,  0, 0, 0
L -1067.6594, -342.2500, 76.5947,  -1091.3486, -342.2522, 76.5947,  0, 0, 0
L -1091.3486, -342.2522, 76.5947,  -1113.1316, -378.1162, 76.5947,  0, 0, 0
L -1113.1316, -378.1162, 76.5947,  -1112.9374, -341.9359, 76.5947,  0, 0, 0
L -1112.9374, -341.9359, 76.5947,  -1118.8326, -324.2500, 76.5947,  0, 0, 0
L -1118.8326, -324.2500, 76.5947,  -1122.2742, -324.2502, 76.5947,  0, 0, 0
L -1122.2742, -324.2502, 76.5947,  -1123.0380, -344.5547, 76.5947,  0, 0, 0
L -1123.0380, -344.5547, 76.5947,  -1128.6516, -346.2926, 76.8250,  0, 0, 0
L -1128.7402, -346.5710, 76.5947,  -1134.3903, -344.0694, 76.5947,  0, 0, 0
L -1134.3903, -344.0694, 76.5947,  -1135.1581, -326.0412, 76.5947,  0, 0, 0
L -1135.1581, -326.0412, 76.5947,  -1134.5129, -324.9088, 76.5947,  0, 0, 0
L -1134.5129, -324.9088, 76.5947,  -1139.3304, -324.2498, 76.5947,  0, 0, 0
L -1139.3304, -324.2498, 76.5947,  -1151.1563, -341.9884, 76.5947,  0, 0, 0
L -1151.1563, -377.6342, 76.5947,  -1151.1563, -377.6342, 76.5947,  0, 0, 0
L -1151.1563, -377.6342, 76.5947,  -1112.2382, -401.6377, 76.5947,  0, 0, 0
L -1151.1563, -377.6343, 76.5947,  -1151.1563, -341.9884, 76.5947,  0, 0, 0
L -1112.6227, -401.3662, 76.5947,  -1091.4071, -422.4688, 76.5947,  0, 0, 0
L -1091.4071, -422.4688, 76.5947,  -1067.7748, -422.4688, 76.5947,  0, 0, 0
L -1067.7748, -422.4688, 76.5947,  -1039.9855, -377.1985, 76.5947,  0, 0, 0
L -1039.9855, -377.1985, 76.5947,  -1034.7986, -377.4687, 76.5947,  0, 0, 0
L -1035.1268, -377.4687, 76.5947,  -920.3518, -435.4441, 76.5947,  0, 0, 0
L -920.3518, -435.4441, 76.5947,  -925.9891, -449.2367, 76.5947,  0, 0, 0
L -925.9891, -449.2367, 76.5947,  -935.7867, -459.3070, 76.5947,  0, 0, 0
L -935.7867, -459.3070, 76.5947,  -963.2062, -459.0554, 76.5947,  0, 0, 0
L -962.9158, -459.1263, 76.5947,  -1034.6398, -441.1875, 76.5947,  0, 0, 0
L -1034.6398, -441.1875, 76.5947,  -1094.8351, -441.0755, 76.5947,  0, 0, 0
L -1094.8351, -441.0755, 76.5947,  -1121.6908, -420.2187, 76.5947,  0, 0, 0
L -1121.6908, -420.2187, 76.5947,  -1139.3905, -420.2187, 76.5947,  0, 0, 0
L -1139.3905, -420.2187, 76.5947,  -1163.1563, -440.9823, 76.5947,  0, 0, 0
L -1163.1563, -440.9823, 76.5947,  -1163.1530, -458.6066, 76.5947,  0, 0, 0
L -1163.1530, -458.6066, 76.5947,  -1139.4231, -473.4375, 76.5947,  0, 0, 0
L -1139.4231, -473.4375, 76.5947,  -1121.6348, -473.4237, 76.5947,  0, 0, 0
L -1121.6348, -473.4237, 76.5947,  -1093.8274, -458.9154, 76.5947,  0, 0, 0
L -1093.8274, -458.9154, 76.5947,  -1082.3086, -488.4375, 76.5947,  0, 0, 0
L -1082.3086, -488.4375, 76.5947,  -1067.7943, -488.4375, 76.5947,  0, 0, 0
L -1067.7943, -488.4375, 76.5947,  -1052.1277, -458.2914, 76.5947,  0, 0, 0
L -1052.1277, -458.2914, 76.5947,  -1032.9852, -458.7779, 76.5947,  0, 0, 0
L -1034.7445, -458.4374, 76.5947,  -962.5569, -485.4375, 76.5947,  0, 0, 0
L -962.5569, -485.4375, 76.5947,  -935.6858, -485.4375, 76.5947,  0, 0, 0
L -935.6858, -485.4375, 76.5947,  -925.5864, -483.1006, 76.5947,  0, 0, 0
L -925.5864, -483.1006, 76.5947,  -925.5864, -483.1006, 76.5947,  0, 0, 0
L -925.5864, -483.1006, 76.5947,  -924.4441, -489.0652, 76.5947,  0, 0, 0
L -924.4441, -489.0652, 76.5947,  -921.0981, -486.3398, 76.5947,  0, 0, 0
L -921.0981, -486.3398, 76.5947,  -915.9764, -486.6631, 76.5947,  0, 0, 0
L -915.9764, -486.6631, 76.5947,  -913.9586, -491.7383, 76.5947,  0, 0, 0
L -913.9586, -491.7383, 76.5947,  -916.6401, -497.2425, 76.5947,  0, 0, 0
L -916.6401, -497.2425, 76.5947,  -920.6064, -497.7797, 76.5947,  0, 0, 0
L -920.6064, -497.7797, 76.5947,  -922.3058, -496.5571, 76.5947,  0, 0, 0
L -922.3058, -496.5571, 76.5947,  -920.1568, -504.2208, 76.5947,  0, 0, 0
L -920.2500, -503.8063, 76.5947,  -963.1271, -522.2292, 76.5947,  0, 0, 0
L -963.1271, -522.2292, 76.5947,  -1041.0020, -521.9671, 76.5947,  0, 0, 0
L -1041.0020, -521.9671, 76.5947,  -1067.6910, -501.1875, 76.5947,  0, 0, 0
L -1067.6910, -501.1875, 76.5947,  -1091.2798, -501.1875, 76.6038,  0, 0, 0
L -1091.2798, -501.1875, 76.5949,  -1128.5823, -539.6199, 76.5947,  0, 0, 0
L -1128.5823, -539.6199, 76.5947,  -1142.7521, -513.1562, 76.5947,  0, 0, 0
L -1142.7521, -513.1562, 76.5947,  -1159.3052, -513.1549, 76.5947,  0, 0, 0
L -1159.3052, -513.1549, 76.5948,  -1166.2881, -513.1577, 76.5947,  0, 0, 0
L -1162.5631, -513.1562, 76.5949,  -1166.2875, -513.1561, 76.5947,  0, 0, 0
L -1166.2875, -513.1561, 76.5947,  -1178.1563, -539.8613, 76.5947,  0, 0, 0
L -1178.1563, -539.8613, 76.5947,  -1178.1563, -563.6495, 76.5947,  0, 0, 0
L -1178.1563, -563.6495, 76.5947,  -1166.3510, -578.4063, 76.5947,  0, 0, 0
L -1166.3510, -578.4063, 76.5947,  -1142.6859, -578.4063, 76.5947,  0, 0, 0
L -1142.6859, -578.4063, 76.5947,  -1127.3311, -563.3845, 76.5947,  0, 0, 0
L -1127.3311, -563.3845, 76.5947,  -1091.5504, -569.4063, 76.5947,  0, 0, 0
L -1091.5504, -569.4063, 76.5947,  -1067.7277, -569.4063, 76.5947,  0, 0, 0
L -1067.7277, -569.4063, 76.5947,  -1040.1570, -539.4062, 76.5947,  0, 0, 0
L -1040.1570, -539.4062, 76.5947,  -962.6374, -539.3990, 76.5947,  0, 0, 0
L -791.3125, -645.1249, 0.6260,  -791.3125, -675.3438, 0.6260,  0, 0, 0
L -783.2148, -675.3436, 0.6260,  -791.3125, -675.3438, 0.6260,  0, 0, 0
L 72.3046, 126.7699, -30.3740,  72.2228, 165.6320, -10.3740,  127, 64, 0
L 89.5938, 108.1241, -30.3740,  89.8125, 165.5634, -10.3740,  127, 64, 0
L 72.1137, 112.3146, -31.2753,  72.3046, 126.7699, -30.3917,  127, 64, 0
L 89.5651, 108.0955, -30.3740,  88.6579, 107.1787, -30.3740,  0, 0, 0
L 88.6579, 107.1787, -30.3740,  88.5938, 56.3437, -30.3740,  0, 0, 0
L 88.5938, 56.3437, -30.3740,  80.6727, 56.1991, -30.3740,  0, 0, 0
L 80.6727, 56.1991, -30.3740,  78.7086, 51.3297, -30.3740,  0, 0, 0
L 78.8150, 51.5977, -30.3740,  88.5938, 8.9314, -30.3740,  0, 0, 0
L 88.5938, 8.9314, -30.3740,  88.5938, -8.6574, -30.3740,  0, 0, 0
L 88.5938, -8.6574, -30.3740,  76.7828, -56.2945, -30.3740,  0, 0, 0
L 76.7828, -56.2945, -30.3740,  88.8739, -56.3930, -30.3740,  0, 0, 0
L 57.3437, -88.5938, -30.3740,  56.8037, -78.5138, -30.3740,  0, 0, 0
L 57.2719, -78.7479, -30.3740,  9.3445, -88.5138, -30.3740,  0, 0, 0
L 9.3445, -88.5138, -30.3740,  -8.9890, -88.5863, -30.3740,  0, 0, 0
L -8.9890, -88.5863, -30.3740,  -52.0785, -78.6080, -30.3740,  0, 0, 0
L -52.0785, -78.6080, -30.3740,  -57.4313, -82.1808, -30.3740,  0, 0, 0
L -57.4313, -82.1808, -30.3740,  -57.4251, -89.9065, -30.3740,  0, 0, 0
L -57.4251, -89.9065, -30.3740,  -73.4019, -106.8818, -30.3740,  0, 0, 0
L -88.5938, -56.3437, -30.3740,  -76.4759, -55.6761, -30.3740,  0, 0, 0
L -76.4759, -55.6761, -30.3740,  -88.5938, -8.9528, -30.3740,  0, 0, 0
L -88.5938, -8.9528, -30.3740,  -88.5553, 9.1457, -30.3740,  0, 0, 0
L -88.5553, 9.1457, -30.3740,  -79.6023, 51.8893, -30.3740,  0, 0, 0
L -79.6023, 51.8893, -30.3740,  -79.8709, 57.3363, -30.3740,  0, 0, 0
L -79.5938, 56.9492, -30.3740,  -88.8262, 57.3437, -30.3740,  0, 0, 0
L -88.8262, 57.3437, -30.3740,  -106.8886, 73.3992, -30.3740,  0, 0, 0
L -56.3437, 88.5938, -30.3740,  -55.5861, 77.7240, -30.3740,  0, 0, 0
L -55.5861, 77.7240, -30.3740,  -8.9563, 88.5938, -30.3740,  0, 0, 0
L -8.9563, 88.5938, -30.3740,  9.1577, 88.5453, -30.3740,  0, 0, 0
L 9.1577, 88.5453, -30.3740,  51.2970, 78.6622, -30.3740,  0, 0, 0
L 51.2970, 78.6622, -30.3740,  55.3195, 79.7242, -30.3740,  0, 0, 0
L 55.3195, 79.7242, -30.3740,  55.3437, 88.8132, -30.3740,  0, 0, 0
L 55.3437, 88.8132, -30.3740,  72.3924, 106.1636, -30.3740,  0, 0, 0
L 73.3199, 107.1075, -30.3740,  73.3199, 107.1075, -30.3740,  0, 0, 0
L 8.9223, 51.3005, -30.3740,  -8.9876, 51.3442, -30.3740,  0, 0, 0
L -8.9876, 51.3442, -30.3740,  -36.5970, 37.3481, -30.3740,  0, 0, 0
L -36.5970, 37.3481, -30.3740,  -50.0716, 9.3479, -30.3740,  0, 0, 0
L -50.0716, 9.3479, -30.3740,  -50.3198, -9.4790, -30.3740,  0, 0, 0
L -50.3198, -9.4790, -30.3740,  -37.0631, -37.0829, -30.3740,  0, 0, 0
L -37.0631, -37.0829, -30.3740,  -8.7689, -50.8785, -30.3103,  0, 0, 0
L -8.7689, -50.8785, -30.3103,  8.5240, -51.0936, -30.3740,  0, 0, 0
L 8.5240, -51.0936, -30.3740,  35.8518, -37.2393, -30.3740,  0, 0, 0
L 35.8518, -37.2393, -30.3740,  50.0943, -9.3534, -30.3740,  0, 0, 0
L 50.0943, -9.3534, -30.3740,  50.3338, 9.2102, -30.3740,  0, 0, 0
L 50.3338, 9.2102, -30.3740,  36.8517, 37.2928, -30.3740,  0, 0, 0
L 36.8517, 37.2928, -30.3740,  8.9223, 51.3005, -30.3740,  0, 0, 0
L -8.7677, 35.4358, -30.3740,  -9.0127, 9.0412, 0.6247,  0, 0, 0
L 8.9104, 9.3785, 1.1285,  8.8756, 51.3438, -29.6947,  0, 0, 0
L 9.2150, 34.5577, -17.3740,  33.6887, 9.1913, -17.3740,  0, 0, 0
L 8.9106, 9.0538, 0.5160,  -9.0127, 9.0414, 0.6204,  0, 0, 0
L -9.0127, 9.0412, 0.6204,  -50.4814, 8.9028, -30.3740,  0, 0, 0
L -50.8953, -8.8787, -30.3740,  -8.0520, -8.9917, 0.7186,  0, 0, 0
L -8.0520, -8.9917, 0.7186,  50.3438, -8.7908, -29.9306,  0, 0, 0
L 9.3870, 8.9466, 0.6260,  50.3438, 8.9346, -30.3740,  0, 0, 0
L 8.9983, 8.9021, 0.6260,  9.1578, -50.7722, -30.3740,  0, 0, 0
L -8.9281, -50.9176, -30.3299,  -8.9480, 10.8744, 0.4345,  0, 0, 0
L 34.3263, -8.9354, -17.3740,  8.6444, -35.4426, -17.3761,  0, 0, 0
L -8.9891, -34.8993, -17.3740,  -32.1421, -8.7447, -17.3740,  0, 0, 0
L -31.6321, 9.0290, -17.3740,  -8.7677, 35.4358, -17.3916,  0, 0, 0
L -8.6884, 35.5948, -17.9509,  -8.6086, 51.3432, -28.9541,  0, 0, 0
L 108.2044, -72.3438, -30.0055,  175.5625, -72.1527, -11.5237,  127, 64, 0
L 108.1241, -72.3438, -30.3740,  106.6021, -73.2458, -30.3740,  0, 0, 0
L 106.6021, -73.2458, -30.3740,  88.8739, -56.3930, -30.3740,  0, 0, 0
L 108.1336, -89.5938, -30.3740,  175.2610, -89.8857, -11.5192,  127, 64, 0
L 153.5624, -89.9412, -12.4645,  153.4704, -72.1908, -12.4573,  127, 64, 0
L 133.6128, -89.7046, -26.1109,  133.5635, -72.2006, -26.4413,  127, 64, 0
L 112.3383, -89.9053, -31.1429,  112.2634, -72.5575, -31.2365,  127, 64, 0
L 108.1241, -89.5938, -30.3740,  107.3077, -88.7774, -30.3740,  0, 0, 0
L 107.3077, -88.7774, -30.3740,  57.3438, -88.5938, -30.3740,  0, 0, 0
L -72.3438, -108.1602, -30.3740,  -72.0995, -177.5010, -10.3740,  127, 64, 0
L -89.5938, -108.1984, -30.3740,  -89.8921, -177.5697, -10.3740,  127, 64, 0
L -72.0267, -135.5757, -26.3702,  -89.8255, -135.5676, -26.4067,  127, 64, 0
L -72.3438, -108.1241, -30.3740,  -73.4019, -106.8818, -30.3740,  0, 0, 0
L -89.5938, -108.1241, -30.3740,  -89.5938, -108.1240, -30.3740,  0, 0, 0
L -89.5938, -108.1240, -30.3740,  -88.5416, -106.8734, -30.3740,  0, 0, 0
L -88.5416, -106.8734, -30.3740,  -88.5938, -56.3437, -30.3740,  0, 0, 0
L -56.3436, 88.5938, -30.3740,  -106.4782, 88.5937, -30.3740,  0, 0, 0
L -106.4782, 88.5937, -30.3740,  -108.2942, 89.5938, -30.3740,  0, 0, 0
L -108.2942, 89.5938, -30.3740,  -171.6688, 89.9483, -10.3740,  127, 64, 0
L -108.1241, 72.3437, -30.3740,  -171.9641, 72.1107, -10.3740,  127, 64, 0
L -151.4395, 89.9548, -11.5058,  -151.5714, 72.8127, -11.3868,  127, 64, 0
L -133.5639, 89.4422, -26.4355,  -133.5680, 72.2817, -26.4047,  127, 64, 0
L -112.2587, 89.7309, -31.1828,  -112.1419, 72.3014, -31.1306,  127, 64, 0
L -108.1241, 72.3437, -30.3740,  -106.8886, 73.3992, -30.3740,  0, 0, 0
L 368.4527, -241.5233, 0.6260,  386.2106, -241.8283, 0.6260,  0, 0, 0
L 386.2106, -241.8283, 0.6260,  386.1358, -260.1415, 0.6260,  0, 0, 0
L 386.1358, -260.1415, 0.6260,  368.7404, -260.2667, 0.6260,  0, 0, 0
L 368.7404, -260.2667, 0.6260,  368.4527, -241.5233, 0.6260,  0, 0, 0
L 209.4244, 10.3810, -10.3740,  211.6961, 9.6250, -10.3740,  0, 0, 0
L 243.6984, 24.6250, -10.3740,  228.0937, 24.6250, -10.3740,  0, 0, 0
L 228.0937, 24.6250, -10.3740,  221.2727, 16.0987, -10.3740,  0, 0, 0
L 221.2727, 16.0987, -10.3740,  212.0941, 9.6752, -10.3740,  0, 0, 0
L 212.0941, 9.6752, -10.3740,  209.7051, 9.6749, -10.3740,  0, 0, 0
L 243.6984, 24.6250, -10.3740,  248.5313, 16.8923, -10.3740,  0, 0, 0
L 248.5313, 16.8923, -10.3740,  248.6155, 2.7631, -10.3740,  127, 64, 0
L 248.6155, 2.7631, -10.3740,  261.2812, 2.9572, -10.3740,  127, 64, 0
L 261.2814, 5.1819, -10.3740,  252.2812, 5.3750, -10.3740,  127, 64, 0
L 252.2812, 5.3750, -10.3740,  251.9753, 19.6138, -10.3740,  127, 64, 0
L 251.9753, 19.6138, -10.3740,  249.2812, 24.1669, -10.3740,  0, 0, 0
L 249.2812, 24.1669, -10.3740,  249.2812, 38.6250, -10.3740,  0, 0, 0
L 249.2812, 38.6250, -10.3740,  270.5313, 38.6250, -10.3740,  0, 0, 0
L 270.5313, 24.1553, -10.3740,  270.5313, 38.6250, -10.3740,  0, 0, 0
L 270.5313, 38.6250, -10.3740,  270.0228, 38.6250, -10.3740,  0, 0, 0
L 270.5313, 24.1553, -10.3740,  265.5310, 18.9758, -10.3740,  0, 0, 0
L 265.5310, 18.9758, -10.3740,  265.5312, 17.0383, -10.3740,  0, 0, 0
L 265.5312, 17.0383, -10.3740,  273.5000, 12.7687, -10.3740,  0, 0, 0
L 273.5000, 12.7687, -10.3740,  273.5000, -18.7019, -10.3740,  0, 0, 0
L 273.5000, -18.7019, -10.3740,  260.9096, -21.6143, -10.3740,  0, 0, 0
L 260.9096, -21.6143, -10.3740,  248.3198, -19.1157, -10.3740,  0, 0, 0
L 248.3198, -19.1157, -10.3740,  243.6984, -26.6250, -10.3740,  0, 0, 0
L 243.6984, -26.6250, -10.3740,  228.0935, -26.6250, -10.3740,  0, 0, 0
L 228.0935, -26.6250, -10.3740,  222.0588, -18.6325, -10.3740,  0, 0, 0
L 222.0588, -18.6325, -10.3740,  209.9313, -7.7160, -10.3740,  0, 0, 0
L 252.0897, 41.5938, -7.3740,  264.8185, 41.5938, -7.3740,  0, 0, 0
L 264.8185, 41.5938, -7.3740,  269.9136, 39.0728, -7.3740,  0, 0, 0
L 269.9136, 39.0728, -7.3740,  269.9569, 39.0513, -7.3740,  0, 0, 0
L 252.0604, 41.5938, -7.3740,  249.2812, 38.6250, -10.3740,  0, 0, 0
L 248.9589, 16.6250, -6.3740,  251.9311, 16.6258, -6.3760,  0, 0, 0
L 261.2812, 2.9572, -10.3740,  261.2814, 5.1819, -10.3740,  127, 64, 0
L 119.4875, 370.9002, 0.6260,  119.4875, 375.8070, 0.6260,  0, 0, 0
L 119.4875, 375.8764, 0.6260,  78.4187, 376.0760, 0.6260,  150, 0, 200
L 78.4187, 376.0760, 0.6260,  78.4188, 371.9781, 0.6260,  0, 0, 0
P -214.0000, 283.0000, 30.8134,  0, 0, 0,  3,  Priest_of_Discord
P -51.9754, -332.0527, 4.6885,  0, 0, 0,  3,  Greenblood_Guild
P 219.3704, 11.1052, -6.3115,  0, 0, 0,  3,  Oggok's_Keep
P 308.8636, -193.3125, 4.6885,  0, 0, 0,  3,  Meet_and_Drink_Tew_Bie
P 162.7027, -328.5000, 4.6885,  0, 0, 0,  3,  Lether_Armer
P 166.4548, -284.2500, 4.6885,  0, 0, 0,  3,  Metil_Armer
P -786.2895, -331.1400, 39.3760,  0, 0, 0,  3,  Gralbug_(Smithing)
P -913.3997, -186.9473, 39.3760,  0, 0, 0,  3,  Blergerda_(Smithing)
P -877.4142, -75.1413, 39.3760,  0, 0, 0,  3,  Brana_(Weaponer)
P -847.7465, -98.1363, 39.3760,  0, 0, 0,  3,  Puglala_(Smithing)
P -1160.2751, -251.2559, 80.4466,  0, 0, 127,  3,  Bordag_(GM_Beastlord)
P -1059.1132, -266.3855, 80.3447,  0, 0, 0,  3,  Brogdog_(Spells)
P -1070.7762, -320.1115, 80.3447,  0, 0, 0,  3,  Rognok_(Spells)
P -1075.7047, -633.8543, 80.4466,  0, 0, 0,  3,  Merchants_(Spells)
P -1094.5116, -650.1208, 80.3447,  0, 0, 127,  3,  Marda_(GM_Shaman)
P -1000.0097, -625.3750, 80.3447,  0, 0, 0,  3,  Cralk_(Spells)
P -977.4824, -654.7963, 80.3447,  0, 0, 0,  3,  Squeea_(Weaponer)
P -985.7703, -631.5576, 80.3447,  0, 0, 127,  3,  Zulort_(GM_Shaman)
P -809.0454, -730.9382, 39.3760,  0, 0, 127,  3,  Fuga_(GM_Shaman)
P -874.6118, -752.9090, 39.3760,  0, 0, 127,  3,  Jargo_(GM_Shaman)
P -848.8958, -817.4113, 39.4630,  0, 0, 0,  3,  Hrak_(Merchant)
P -684.5209, -655.4478, 4.4770,  0, 0, 0,  3,  Uoola_(Merchant)
P -697.1566, -624.5526, 4.3760,  0, 0, 0,  3,  Gretamog_(Tailoring)
P -748.8385, -231.8943, 4.3760,  0, 0, 0,  3,  Merchants_(Pottery)
P -679.9309, -269.0512, 4.4995,  0, 0, 0,  3,  Sinsaal_(Merchant)
P -13.5447, -266.1474, 4.3760,  0, 0, 0,  3,  Iksob_(Merchant)
P 4.0903, -276.0735, 4.3760,  0, 0, 0,  3,  Crilt_(Spells)
P -12.4793, -386.7041, 4.3760,  0, 0, 0,  3,  Merchants_(Spells)
P 41.3443, -357.8569, 16.3760,  0, 0, 127,  3,  Bonlarg_(GM_Shadowknight)
P 43.1324, -311.4895, 16.3760,  0, 0, 127,  3,  Ruksa_(GM_Shadowknight)
P 36.6543, -335.5819, 16.3760,  0, 0, 127,  3,  Soonog_(GM_Shadowknight)
P 262.7525, 4.0697, -6.6240,  0, 0, 0,  3,  Ungral_(Banker)
P -70.7850, -27.4178, -26.6240,  0, 0, 127,  3,  Guntrik_(GM_Warrior)
P 1.9753, -80.9907, -26.6240,  0, 0, 0,  3,  Snarg_(Weaponer)
P 68.1158, -37.0800, -26.6240,  0, 0, 127,  3,  Lork_(GM_Warrior)
P 27.5677, 72.9526, -26.6240,  0, 0, 127,  3,  Kogna_(GM_Warrior)
P -38.7860, 63.8556, -26.6240,  0, 0, 127,  3,  Horgus_(GM_Warrior)
P 175.7254, -530.1299, 4.3760,  0, 0, 0,  3,  Merchants_(General)
P 237.9874, -187.7603, 4.3760,  0, 0, 0,  3,  Merchants_(Brewing,_Alcohol,_and_Rations)
P 369.7505, -294.8187, 4.6885,  0, 0, 0,  3,  Merchants_(Alchemy)
P 369.5013, -216.4207, 4.7895,  0, 0, 0,  3,  Rora_(Weaponer)
P 136.6653, -363.1108, 4.7895,  0, 0, 0,  3,  Duuga_(Armorer)
P 197.8028, -364.6426, 4.7895,  0, 0, 0,  3,  Juk_(Armorer)
P 195.3125, -246.3521, 4.6885,  0, 0, 0,  3,  Zarg_(Armorer)
P 141.2439, -251.9392, 4.6945,  0, 0, 0,  3,  Lopuka_(Armorer)
P 96.2357, 379.5126, 0.6260,  0, 0, 0,  3,  to_Feerrott
P 0.8438, 244.8715, 2.6020,  0, 0, 0,  3,  Angrog_(Merchant)
P -492.8629, 331.3019, 46.3447,  0, 0, 0,  3,  Praak_(Fletcher)
P -384.1527, -223.5452, 60.3447,  0, 0, 0,  3,  Brokk_(Merchant)
P -479.7156, -448.6337, 4.4773,  0, 0, 0,  3,  Cikoona_(Weaponer)
P -494.2339, -510.3219, 4.4770,  0, 0, 0,  3,  Grop_(Merchant)
P -652.4642, -496.5921, 4.3760,  0, 0, 0,  3,  Trurg_(Soulbinder)
P 205.8369, -286.1528, 4.3760,  0, 0, 0,  3,  Bubbgrib_(Smith)
P 210.1547, -319.5246, 4.3760,  0, 0, 0,  3,  Varrok_(Weaponer)
