L 53, 1120, -14,  54, 1129, 10,  153, 153, 153
L 54, 1129, 10,  52, 1141, 47,  153, 153, 153
L 52, 1141, 47,  48, 1161, 178,  153, 153, 153
L 48, 1161, 178,  46, 1175, 244,  153, 153, 153
L 46, 1175, 244,  46, 1190, 205,  153, 153, 153
L 46, 1190, 205,  46, 1200, 230,  153, 153, 153
L 46, 1200, 230,  58, 1200, 270,  153, 153, 153
L 58, 1200, 270,  71, 1200, 245,  153, 153, 153
L 71, 1200, 245,  88, 1206, 139,  153, 153, 153
L 88, 1206, 139,  106, 1212, 238,  153, 153, 153
L 106, 1212, 238,  115, 1209, 276,  153, 153, 153
L 115, 1209, 276,  131, 1203, 276,  153, 153, 153
L 131, 1203, 276,  137, 1200, 243,  153, 153, 153
L 137, 1200, 243,  152, 1187, 132,  153, 153, 153
L 152, 1187, 132,  165, 1176, 220,  153, 153, 153
L 165, 1176, 220,  173, 1174, 260,  153, 153, 153
L 173, 1174, 260,  183, 1175, 269,  153, 153, 153
L 183, 1175, 269,  196, 1177, 259,  153, 153, 153
L 196, 1177, 259,  206, 1179, 279,  153, 153, 153
L 206, 1179, 279,  211, 1192, 295,  153, 153, 153
L 211, 1192, 295,  217, 1208, 245,  153, 153, 153
L 217, 1208, 245,  214, 1220, 276,  153, 153, 153
L 214, 1220, 276,  208, 1251, 251,  153, 153, 153
L 208, 1251, 251,  197, 1276, 257,  153, 153, 153
L 197, 1276, 257,  191, 1280, 295,  153, 153, 153
L 191, 1280, 295,  176, 1285, 273,  153, 153, 153
L 176, 1285, 273,  165, 1290, 286,  153, 153, 153
L 165, 1290, 286,  155, 1294, 243,  153, 153, 153
L 155, 1294, 243,  108, 1285, 245,  153, 153, 153
L 108, 1285, 245,  72, 1261, 245,  153, 153, 153
L 72, 1261, 245,  -24, 1285, 242,  153, 153, 153
L -24, 1285, 242,  -57, 1277, 268,  153, 153, 153
L -57, 1277, 268,  -62, 1247, 246,  153, 153, 153
L -62, 1247, 246,  -52, 1223, 239,  153, 153, 153
L -52, 1223, 239,  -48, 1213, 241,  153, 153, 153
L -48, 1213, 241,  -46, 1203, 302,  153, 153, 153
L -46, 1203, 302,  -45, 1181, 302,  153, 153, 153
L -45, 1181, 302,  -44, 1167, 241,  153, 153, 153
L -44, 1167, 241,  -46, 1156, 184,  153, 153, 153
L -46, 1156, 184,  -48, 1139, 91,  153, 153, 153
L -48, 1139, 91,  -50, 1129, 4,  153, 153, 153
L -50, 1129, 4,  -47, 1115, 22,  153, 153, 153
L -47, 1115, 22,  -45, 1108, 35,  153, 153, 153
L -45, 1108, 35,  -35, 1106, 10,  153, 153, 153
L -35, 1106, 10,  -18, 1104, 4,  153, 153, 153
L -18, 1104, 4,  -16, 1104, 2,  153, 153, 153
L -33, 1157, -14,  -26, 1160, -8,  0, 204, 255
L -26, 1160, -8,  -20, 1167, -9,  0, 204, 255
L -20, 1167, -9,  -6, 1161, -14,  0, 204, 255
L -6, 1161, -14,  2, 1163, -7,  0, 204, 255
L 2, 1163, -7,  11, 1166, -10,  0, 204, 255
L 11, 1166, -10,  18, 1172, -7,  0, 204, 255
L 18, 1172, -7,  22, 1166, -11,  0, 204, 255
L 22, 1166, -11,  29, 1172, -3,  0, 204, 255
L 29, 1172, -3,  34, 1170, -5,  0, 204, 255
L 34, 1170, -5,  39, 1162, -17,  0, 204, 255
L 39, 1162, -17,  40, 1152, -2,  0, 204, 255
L 40, 1152, -2,  51, 1137, 1,  0, 204, 255
L 51, 1137, 1,  54, 1126, -2,  0, 204, 255
L 54, 1126, -2,  53, 1116, -7,  0, 204, 255
L 53, 1116, -7,  53, 1110, -11,  0, 204, 255
L 53, 1110, -11,  38, 1104, -19,  0, 204, 255
L 38, 1104, -19,  30, 1105, -6,  0, 204, 255
L 30, 1105, -6,  23, 1105, -9,  0, 204, 255
L 23, 1105, -9,  18, 1099, -31,  0, 204, 255
L 18, 1099, -31,  7, 1072, -50,  0, 204, 255
L 7, 1072, -50,  -9, 1070, -34,  0, 204, 255
L -9, 1070, -34,  -14, 1103, -40,  0, 204, 255
L -14, 1103, -40,  -17, 1106, -49,  0, 204, 255
L -17, 1106, -49,  -22, 1106, -24,  0, 204, 255
L -22, 1106, -24,  -35, 1107, -11,  0, 204, 255
L -35, 1107, -11,  -50, 1122, -19,  0, 204, 255
L -50, 1122, -19,  -49, 1131, 2,  0, 204, 255
L -49, 1131, 2,  -44, 1138, 2,  0, 204, 255
L -44, 1138, 2,  -38, 1145, -11,  0, 204, 255
L -38, 1145, -11,  -33, 1156, -24,  0, 204, 255
L 34, 1169, -12,  39, 1147, -46,  0, 204, 255
L 39, 1147, -46,  46, 1129, -132,  0, 204, 255
L 46, 1129, -132,  46, 1111, -136,  0, 204, 255
L 46, 1111, -136,  31, 1111, -114,  0, 204, 255
L 31, 1111, -114,  21, 1105, -86,  0, 204, 255
L 21, 1105, -86,  19, 1081, -105,  0, 204, 255
L 19, 1081, -105,  19, 1060, -187,  0, 204, 255
L 19, 1060, -187,  22, 1042, -217,  0, 204, 255
L 22, 1042, -217,  28, 1017, -273,  0, 204, 255
L 28, 1017, -273,  31, 1000, -401,  0, 204, 255
L 31, 1000, -401,  33, 979, -514,  0, 204, 255
L 33, 979, -514,  33, 979, -514,  0, 204, 255
L 33, 979, -514,  34, 977, -503,  0, 204, 255
L 34, 977, -503,  40, 933, -467,  0, 204, 255
L 40, 933, -467,  44, 901, -467,  0, 204, 255
L 44, 901, -467,  60, 853, -716,  0, 204, 255
L 60, 853, -716,  61, 834, -722,  0, 204, 255
L 61, 834, -722,  73, 835, -779,  0, 204, 255
L 73, 835, -779,  93, 835, -779,  0, 204, 255
L 93, 835, -779,  106, 835, -804,  0, 204, 255
L 106, 835, -804,  119, 835, -788,  0, 204, 255
L 119, 835, -788,  120, 842, -795,  0, 204, 255
L 120, 842, -795,  119, 855, -762,  0, 204, 255
L 119, 855, -762,  116, 865, -713,  0, 204, 255
L 116, 865, -713,  113, 878, -728,  0, 204, 255
L 113, 878, -728,  112, 881, -721,  0, 204, 255
L 112, 881, -721,  111, 903, -688,  0, 204, 255
L 111, 903, -688,  120, 913, -686,  0, 204, 255
L 120, 913, -686,  134, 913, -646,  0, 204, 255
L 134, 913, -646,  166, 901, -581,  0, 204, 255
L 166, 901, -581,  214, 901, -576,  0, 204, 255
L 214, 901, -576,  219, 905, -576,  0, 204, 255
L 219, 905, -576,  222, 917, -579,  0, 204, 255
L 222, 917, -579,  217, 929, -463,  0, 204, 255
L 217, 929, -463,  233, 934, -488,  0, 204, 255
L 233, 934, -488,  240, 933, -483,  0, 204, 255
L 240, 933, -483,  269, 908, -604,  0, 204, 255
L 269, 908, -604,  291, 890, -710,  0, 204, 255
L 291, 890, -710,  294, 889, -706,  0, 204, 255
L 294, 889, -706,  308, 873, -734,  0, 204, 255
L 308, 873, -734,  311, 863, -723,  0, 204, 255
L 311, 863, -723,  315, 843, -807,  0, 204, 255
L 315, 843, -807,  318, 818, -782,  0, 204, 255
L 318, 818, -782,  303, 775, -996,  0, 204, 255
L 303, 775, -996,  310, 726, -1187,  0, 204, 255
L 310, 726, -1187,  315, 711, -1173,  0, 204, 255
L 315, 711, -1173,  315, 711, -1173,  0, 204, 255
L 315, 711, -1173,  321, 696, -1195,  0, 204, 255
L 321, 696, -1195,  323, 676, -1198,  0, 204, 255
L 323, 676, -1198,  336, 679, -1280,  0, 204, 255
L 336, 679, -1280,  341, 679, -1245,  0, 204, 255
L 341, 679, -1245,  360, 679, -1267,  0, 204, 255
L 360, 679, -1267,  368, 679, -1271,  0, 204, 255
L 368, 679, -1271,  369, 691, -1289,  0, 204, 255
L 369, 691, -1289,  386, 718, -1315,  0, 204, 255
L 386, 718, -1315,  387, 727, -1320,  0, 204, 255
L 387, 727, -1320,  387, 754, -1356,  0, 204, 255
L 387, 754, -1356,  377, 762, -1368,  0, 204, 255
L 377, 762, -1368,  359, 762, -1243,  0, 204, 255
L 359, 762, -1243,  350, 774, -1278,  0, 204, 255
L 350, 774, -1278,  350, 783, -1243,  0, 204, 255
L 350, 783, -1243,  353, 791, -1227,  0, 204, 255
L 353, 791, -1227,  369, 825, -1238,  0, 204, 255
L 369, 825, -1238,  369, 843, -1243,  0, 204, 255
L 369, 843, -1243,  378, 847, -1261,  0, 204, 255
L 378, 847, -1261,  384, 850, -1272,  0, 204, 255
L 384, 850, -1272,  422, 849, -1247,  0, 204, 255
L 422, 849, -1247,  423, 846, -1260,  0, 204, 255
L 423, 846, -1260,  432, 833, -1278,  0, 204, 255
L 432, 833, -1278,  440, 775, -1258,  0, 204, 255
L 440, 775, -1258,  430, 761, -1244,  0, 204, 255
L 430, 761, -1244,  421, 757, -1252,  0, 204, 255
L 421, 757, -1252,  404, 756, -1258,  0, 204, 255
L 404, 756, -1258,  402, 752, -1291,  0, 204, 255
L 402, 752, -1291,  402, 746, -1321,  0, 204, 255
L 402, 746, -1321,  403, 735, -1305,  0, 204, 255
L 403, 735, -1305,  403, 729, -1305,  0, 204, 255
L 403, 729, -1305,  402, 718, -1334,  0, 204, 255
L 402, 718, -1334,  393, 704, -1287,  0, 204, 255
L 393, 704, -1287,  385, 693, -1297,  0, 204, 255
L 385, 693, -1297,  385, 664, -1299,  0, 204, 255
L 385, 664, -1299,  380, 610, -1262,  0, 204, 255
L 380, 610, -1262,  379, 603, -1284,  0, 204, 255
L 379, 603, -1284,  385, 590, -1260,  0, 204, 255
L 385, 590, -1260,  396, 589, -1286,  0, 204, 255
L 396, 589, -1286,  408, 595, -1289,  0, 204, 255
L 408, 595, -1289,  424, 606, -1319,  0, 204, 255
L 424, 606, -1319,  460, 607, -1351,  0, 204, 255
L 460, 607, -1351,  467, 616, -1360,  0, 204, 255
L 467, 616, -1360,  462, 623, -1255,  0, 204, 255
L 462, 623, -1255,  467, 634, -1244,  0, 204, 255
L 467, 634, -1244,  477, 643, -1249,  0, 204, 255
L 477, 643, -1249,  487, 646, -1256,  0, 204, 255
L 487, 646, -1256,  520, 639, -1253,  0, 204, 255
L 520, 639, -1253,  542, 635, -1260,  0, 204, 255
L 542, 635, -1260,  556, 625, -1250,  0, 204, 255
L 556, 625, -1250,  556, 592, -1252,  0, 204, 255
L 556, 592, -1252,  550, 573, -1253,  0, 204, 255
L 550, 573, -1253,  534, 573, -1254,  0, 204, 255
L 534, 573, -1254,  485, 552, -1233,  0, 204, 255
L 485, 552, -1233,  467, 564, -1244,  0, 204, 255
L 467, 564, -1244,  463, 572, -1247,  0, 204, 255
L 463, 572, -1247,  462, 591, -1256,  0, 204, 255
L 462, 591, -1256,  424, 591, -1319,  0, 204, 255
L 424, 591, -1319,  400, 575, -1280,  0, 204, 255
L 400, 575, -1280,  388, 573, -1323,  0, 204, 255
L 388, 573, -1323,  382, 566, -1320,  0, 204, 255
L 382, 566, -1320,  381, 564, -1295,  0, 204, 255
L 381, 564, -1295,  379, 543, -1252,  0, 204, 255
L 379, 543, -1252,  370, 534, -1287,  0, 204, 255
L 370, 534, -1287,  361, 534, -1264,  0, 204, 255
L 361, 534, -1264,  344, 531, -1322,  0, 204, 255
L 344, 531, -1322,  309, 520, -1356,  0, 204, 255
L 309, 520, -1356,  289, 512, -1343,  0, 204, 255
L 289, 512, -1343,  271, 505, -1292,  0, 204, 255
L 271, 505, -1292,  257, 498, -1284,  0, 204, 255
L 257, 498, -1284,  237, 503, -1156,  0, 204, 255
L 237, 503, -1156,  224, 506, -1088,  0, 204, 255
L 224, 506, -1088,  210, 510, -1055,  0, 204, 255
L 210, 510, -1055,  179, 510, -1027,  0, 204, 255
L 179, 510, -1027,  153, 510, -1017,  0, 204, 255
L 153, 510, -1017,  151, 496, -1048,  0, 204, 255
L 151, 496, -1048,  148, 483, -1135,  0, 204, 255
L 148, 483, -1135,  144, 469, -1257,  0, 204, 255
L 144, 469, -1257,  142, 456, -1376,  0, 204, 255
L 142, 456, -1376,  139, 443, -1516,  0, 204, 255
L 139, 443, -1516,  139, 423, -1515,  0, 204, 255
L 139, 423, -1515,  138, 398, -1541,  0, 204, 255
L 138, 398, -1541,  138, 382, -1521,  0, 204, 255
L 138, 382, -1521,  128, 357, -1551,  0, 204, 255
L 128, 357, -1551,  117, 332, -1560,  0, 204, 255
L 117, 332, -1560,  116, 325, -1525,  0, 204, 255
L 116, 325, -1525,  115, 305, -1526,  0, 204, 255
L 115, 305, -1526,  114, 305, -1535,  0, 204, 255
L 114, 305, -1535,  106, 297, -1526,  0, 204, 255
L 106, 297, -1526,  89, 297, -1518,  0, 204, 255
L 89, 297, -1518,  79, 290, -1493,  0, 204, 255
L 79, 290, -1493,  79, 281, -1507,  0, 204, 255
L 79, 281, -1507,  74, 260, -1516,  0, 204, 255
L 74, 260, -1516,  73, 253, -1509,  0, 204, 255
L 73, 253, -1509,  68, 233, -1527,  0, 204, 255
L 68, 233, -1527,  67, 205, -1546,  0, 204, 255
L 67, 205, -1546,  67, 187, -1660,  0, 204, 255
L 67, 187, -1660,  67, 194, -1916,  0, 204, 255
L 67, 194, -1916,  67, 194, -1916,  0, 204, 255
L 67, 194, -1916,  67, 183, -2036,  0, 204, 255
L 67, 183, -2036,  65, 180, -2055,  0, 204, 255
L 65, 180, -2055,  67, 168, -2356,  0, 204, 255
L 67, 168, -2356,  66, 155, -2645,  0, 204, 255
L -20, 1166, -17,  -37, 1142, -38,  0, 204, 255
L -37, 1142, -38,  -39, 1128, -139,  0, 204, 255
L -39, 1128, -139,  -16, 1107, -36,  0, 204, 255
L -16, 1107, -36,  -13, 1101, -90,  0, 204, 255
L -13, 1101, -90,  -14, 1080, -157,  0, 204, 255
L -14, 1080, -157,  -14, 1063, -156,  0, 204, 255
L -14, 1063, -156,  -10, 1048, -253,  0, 204, 255
L -10, 1048, -253,  -4, 1018, -324,  0, 204, 255
L -4, 1018, -324,  -1, 1009, -387,  0, 204, 255
L -1, 1009, -387,  -2, 983, -529,  0, 204, 255
L -2, 983, -529,  -10, 977, -584,  0, 204, 255
L -10, 977, -584,  -23, 983, -462,  0, 204, 255
L -23, 983, -462,  -31, 987, -430,  0, 204, 255
L -31, 987, -430,  -47, 992, -425,  0, 204, 255
L -47, 992, -425,  -74, 999, -511,  0, 204, 255
L -74, 999, -511,  -95, 1005, -481,  0, 204, 255
L -95, 1005, -481,  -107, 1008, -475,  0, 204, 255
L -107, 1008, -475,  -123, 1020, -452,  0, 204, 255
L -123, 1020, -452,  -131, 1028, -486,  0, 204, 255
L -131, 1028, -486,  -138, 1035, -510,  0, 204, 255
L -138, 1035, -510,  -149, 1046, -510,  0, 204, 255
L -149, 1046, -510,  -172, 1050, -498,  0, 204, 255
L -172, 1050, -498,  -172, 1050, -498,  0, 204, 255
L -172, 1050, -498,  -202, 1043, -509,  0, 204, 255
L -202, 1043, -509,  -202, 1043, -509,  0, 204, 255
L -202, 1043, -509,  -211, 1039, -482,  0, 204, 255
L -211, 1039, -482,  -212, 1027, -502,  0, 204, 255
L -212, 1027, -502,  -215, 990, -490,  0, 204, 255
L -215, 990, -490,  -218, 967, -475,  0, 204, 255
L -218, 967, -475,  -218, 959, -481,  0, 204, 255
L -218, 959, -481,  -239, 961, -613,  0, 204, 255
L -239, 961, -613,  -265, 961, -673,  0, 204, 255
L -265, 961, -673,  -315, 961, -684,  0, 204, 255
L -315, 961, -684,  -327, 988, -735,  0, 204, 255
L -327, 988, -735,  -334, 1025, -771,  0, 204, 255
L -334, 1025, -771,  -334, 1025, -771,  0, 204, 255
L -334, 1025, -771,  -336, 1035, -795,  0, 204, 255
L -336, 1035, -795,  -341, 1041, -808,  0, 204, 255
L -341, 1041, -808,  -347, 1045, -802,  0, 204, 255
L -347, 1045, -802,  -351, 1045, -805,  0, 204, 255
L -351, 1045, -805,  -361, 1045, -813,  0, 204, 255
L -361, 1045, -813,  -407, 1034, -1025,  0, 204, 255
L -407, 1034, -1025,  -417, 1033, -1048,  0, 204, 255
L -417, 1033, -1048,  -419, 1042, -1048,  0, 204, 255
L -419, 1042, -1048,  -418, 1048, -1020,  0, 204, 255
L -418, 1048, -1020,  -421, 1060, -1048,  0, 204, 255
L -421, 1060, -1048,  -432, 1069, -1042,  0, 204, 255
L -432, 1069, -1042,  -442, 1069, -1068,  0, 204, 255
L -442, 1069, -1068,  -454, 1069, -1063,  0, 204, 255
L -454, 1069, -1063,  -453, 1078, -1046,  0, 204, 255
L -453, 1078, -1046,  -451, 1086, -1120,  0, 204, 255
L -451, 1086, -1120,  -446, 1102, -1262,  0, 204, 255
L -446, 1102, -1262,  -445, 1124, -1271,  0, 204, 255
L -445, 1124, -1271,  -445, 1137, -1303,  0, 204, 255
L -445, 1137, -1303,  -445, 1151, -1284,  0, 204, 255
L -445, 1151, -1284,  -433, 1159, -1311,  0, 204, 255
L -433, 1159, -1311,  -424, 1162, -1324,  0, 204, 255
L -424, 1162, -1324,  -412, 1180, -1249,  0, 204, 255
L -412, 1180, -1249,  -414, 1199, -1323,  0, 204, 255
L -414, 1199, -1323,  -417, 1214, -1374,  0, 204, 255
L -417, 1214, -1374,  -420, 1229, -1438,  0, 204, 255
L -420, 1229, -1438,  -430, 1246, -1433,  0, 204, 255
L -430, 1246, -1433,  -441, 1246, -1424,  0, 204, 255
L -441, 1246, -1424,  -453, 1246, -1429,  0, 204, 255
L -453, 1246, -1429,  -468, 1241, -1431,  0, 204, 255
L -468, 1241, -1431,  -470, 1236, -1417,  0, 204, 255
L -470, 1236, -1417,  -470, 1226, -1427,  0, 204, 255
L -470, 1226, -1427,  -479, 1210, -1339,  0, 204, 255
L -479, 1210, -1339,  -485, 1200, -1315,  0, 204, 255
L -485, 1200, -1315,  -497, 1183, -1213,  0, 204, 255
L -497, 1183, -1213,  -502, 1174, -1199,  0, 204, 255
L -502, 1174, -1199,  -499, 1167, -1204,  0, 204, 255
L -499, 1167, -1204,  -489, 1156, -1185,  0, 204, 255
L -489, 1156, -1185,  -484, 1154, -1189,  0, 204, 255
L -484, 1154, -1189,  -468, 1152, -1196,  0, 204, 255
L -468, 1152, -1196,  -467, 1103, -1234,  0, 204, 255
L -467, 1103, -1234,  -476, 1075, -1037,  0, 204, 255
L -476, 1075, -1037,  -476, 1065, -1011,  0, 204, 255
L -476, 1065, -1011,  -476, 1059, -1017,  0, 204, 255
L -476, 1059, -1017,  -465, 1048, -1048,  0, 204, 255
L -465, 1048, -1048,  -441, 1047, -1065,  0, 204, 255
L -441, 1047, -1065,  -440, 1038, -1044,  0, 204, 255
L -440, 1038, -1044,  -440, 1026, -1018,  0, 204, 255
L -440, 1026, -1018,  -440, 1014, -1026,  0, 204, 255
L -440, 1014, -1026,  -440, 1010, -1017,  0, 204, 255
L -440, 1010, -1017,  -440, 1005, -1024,  0, 204, 255
L -440, 1005, -1024,  -444, 983, -932,  0, 204, 255
L -444, 983, -932,  -446, 969, -865,  0, 204, 255
L -446, 969, -865,  -449, 955, -798,  0, 204, 255
L -449, 955, -798,  -449, 946, -759,  0, 204, 255
L -449, 946, -759,  -449, 911, -614,  0, 204, 255
L -449, 911, -614,  -451, 902, -566,  0, 204, 255
L -451, 902, -566,  -459, 879, -666,  0, 204, 255
L -459, 879, -666,  -461, 872, -681,  0, 204, 255
L -461, 872, -681,  -478, 868, -684,  0, 204, 255
L -478, 868, -684,  -517, 868, -640,  0, 204, 255
L -517, 868, -640,  -517, 881, -595,  0, 204, 255
L -517, 881, -595,  -523, 894, -581,  0, 204, 255
L -523, 894, -581,  -535, 902, -615,  0, 204, 255
L -535, 902, -615,  -542, 903, -599,  0, 204, 255
L -542, 903, -599,  -564, 899, -733,  0, 204, 255
L -564, 899, -733,  -576, 897, -771,  0, 204, 255
L -576, 897, -771,  -592, 894, -847,  0, 204, 255
L -592, 894, -847,  -605, 886, -904,  0, 204, 255
L -605, 886, -904,  -608, 881, -885,  0, 204, 255
L -608, 881, -885,  -611, 871, -827,  0, 204, 255
L -611, 871, -827,  -611, 860, -835,  0, 204, 255
L -611, 860, -835,  -606, 848, -843,  0, 204, 255
L -606, 848, -843,  -605, 843, -831,  0, 204, 255
L -605, 843, -831,  -602, 843, -818,  0, 204, 255
L -602, 843, -818,  -591, 843, -828,  0, 204, 255
L -591, 843, -828,  -579, 837, -769,  0, 204, 255
L -579, 837, -769,  -567, 829, -719,  0, 204, 255
L -567, 829, -719,  -558, 823, -670,  0, 204, 255
L -558, 823, -670,  -542, 812, -601,  0, 204, 255
L -542, 812, -601,  -534, 813, -607,  0, 204, 255
L -534, 813, -607,  -526, 818, -612,  0, 204, 255
L -526, 818, -612,  -519, 828, -589,  0, 204, 255
L -519, 828, -589,  -517, 845, -597,  0, 204, 255
L -517, 845, -597,  -494, 846, -645,  0, 204, 255
L -494, 846, -645,  -433, 846, -665,  0, 204, 255
L -433, 846, -665,  -400, 826, -562,  0, 204, 255
L -400, 826, -562,  -389, 819, -487,  0, 204, 255
L -389, 819, -487,  -369, 813, -552,  0, 204, 255
L -369, 813, -552,  -358, 811, -569,  0, 204, 255
L -358, 811, -569,  -341, 808, -649,  0, 204, 255
L -341, 808, -649,  -321, 807, -658,  0, 204, 255
L -321, 807, -658,  -316, 807, -663,  0, 204, 255
L -316, 807, -663,  -294, 806, -675,  0, 204, 255
L -294, 806, -675,  -282, 801, -665,  0, 204, 255
L -282, 801, -665,  -275, 799, -625,  0, 204, 255
L -275, 799, -625,  -249, 789, -565,  0, 204, 255
L -249, 789, -565,  -243, 782, -568,  0, 204, 255
L -243, 782, -568,  -250, 764, -509,  0, 204, 255
L -250, 764, -509,  -255, 727, -538,  0, 204, 255
L -255, 727, -538,  -251, 680, -758,  0, 204, 255
L -251, 680, -758,  -237, 656, -895,  0, 204, 255
L -237, 656, -895,  -224, 633, -955,  0, 204, 255
L -224, 633, -955,  -224, 584, -958,  0, 204, 255
L -224, 584, -958,  -221, 577, -978,  0, 204, 255
L -221, 577, -978,  -213, 567, -953,  0, 204, 255
L -213, 567, -953,  -202, 561, -954,  0, 204, 255
L -202, 561, -954,  -182, 546, -1070,  0, 204, 255
L -182, 546, -1070,  -164, 531, -1187,  0, 204, 255
L -164, 531, -1187,  -158, 531, -1211,  0, 204, 255
L -158, 531, -1211,  -151, 534, -1254,  0, 204, 255
L -151, 534, -1254,  -142, 540, -1191,  0, 204, 255
L -142, 540, -1191,  -142, 565, -1195,  0, 204, 255
L -142, 565, -1195,  -138, 568, -1221,  0, 204, 255
L -138, 568, -1221,  -130, 566, -1254,  0, 204, 255
L -130, 566, -1254,  -111, 562, -1244,  0, 204, 255
L -111, 562, -1244,  -111, 562, -1243,  0, 204, 255
L -111, 562, -1243,  -106, 561, -1232,  0, 204, 255
L -106, 561, -1232,  -102, 560, -1240,  0, 204, 255
L -102, 560, -1240,  -86, 558, -1275,  0, 204, 255
L -86, 558, -1275,  -85, 547, -1284,  0, 204, 255
L -85, 547, -1284,  -78, 529, -1353,  0, 204, 255
L -78, 529, -1353,  -77, 522, -1401,  0, 204, 255
L -77, 522, -1401,  -73, 503, -1499,  0, 204, 255
L -73, 503, -1499,  -74, 480, -1501,  0, 204, 255
L -74, 480, -1501,  -74, 462, -1468,  0, 204, 255
L -74, 462, -1468,  -74, 446, -1509,  0, 204, 255
L -74, 446, -1509,  -74, 421, -1541,  0, 204, 255
L -74, 421, -1541,  -73, 381, -1524,  0, 204, 255
L -73, 381, -1524,  -68, 367, -1514,  0, 204, 255
L -68, 367, -1514,  -63, 350, -1534,  0, 204, 255
L -63, 350, -1534,  -62, 337, -1490,  0, 204, 255
L -62, 337, -1490,  -60, 330, -1542,  0, 204, 255
L -60, 330, -1542,  -49, 318, -1522,  0, 204, 255
L -49, 318, -1522,  -34, 318, -1527,  0, 204, 255
L -34, 318, -1527,  8, 306, -1526,  0, 204, 255
L 8, 306, -1526,  25, 298, -1513,  0, 204, 255
L 25, 298, -1513,  54, 286, -1557,  0, 204, 255
L 54, 286, -1557,  57, 276, -1524,  0, 204, 255
L 57, 276, -1524,  50, 249, -1515,  0, 204, 255
L 50, 249, -1515,  46, 232, -1529,  0, 204, 255
L 46, 232, -1529,  45, 218, -1524,  0, 204, 255
L 45, 218, -1524,  45, 207, -1546,  0, 204, 255
L 45, 207, -1546,  45, 194, -1619,  0, 204, 255
L 45, 194, -1619,  46, 186, -1782,  0, 204, 255
L 46, 186, -1782,  50, 180, -1944,  0, 204, 255
L 50, 180, -1944,  45, 176, -2236,  0, 204, 255
L 45, 176, -2236,  45, 173, -2299,  0, 204, 255
L 45, 173, -2299,  45, 168, -2363,  0, 204, 255
L 45, 168, -2363,  45, 163, -2501,  0, 204, 255
L 45, 163, -2501,  45, 159, -2601,  0, 204, 255
L 45, 159, -2601,  45, 154, -2713,  0, 204, 255
L 45, 154, -2713,  45, 148, -2914,  0, 204, 255
L 61, 807, -715,  61, 818, -775,  0, 204, 255
L 61, 818, -775,  72, 819, -780,  0, 204, 255
L 72, 819, -780,  120, 819, -826,  0, 204, 255
L 120, 819, -826,  120, 806, -816,  0, 204, 255
L 120, 806, -816,  127, 785, -786,  0, 204, 255
L 127, 785, -786,  135, 757, -817,  0, 204, 255
L 135, 757, -817,  135, 739, -885,  0, 204, 255
L 135, 739, -885,  135, 723, -991,  0, 204, 255
L 135, 723, -991,  136, 701, -1044,  0, 204, 255
L 136, 701, -1044,  140, 697, -1064,  0, 204, 255
L 140, 697, -1064,  144, 693, -1046,  0, 204, 255
L 144, 693, -1046,  161, 693, -1055,  0, 204, 255
L 161, 693, -1055,  173, 687, -1071,  0, 204, 255
L 173, 687, -1071,  174, 673, -1050,  0, 204, 255
L 174, 673, -1050,  171, 652, -1013,  0, 204, 255
L 171, 652, -1013,  168, 635, -1022,  0, 204, 255
L 168, 635, -1022,  148, 589, -1016,  0, 204, 255
L 148, 589, -1016,  135, 538, -1024,  0, 204, 255
L 135, 538, -1024,  135, 498, -1041,  0, 204, 255
L 135, 498, -1041,  129, 468, -1256,  0, 204, 255
L 129, 468, -1256,  125, 452, -1410,  0, 204, 255
L 125, 452, -1410,  124, 447, -1481,  0, 204, 255
L 124, 447, -1481,  123, 437, -1541,  0, 204, 255
L 123, 437, -1541,  123, 413, -1485,  0, 204, 255
L 123, 413, -1485,  123, 402, -1485,  0, 204, 255
L 123, 402, -1485,  123, 384, -1504,  0, 204, 255
L 123, 384, -1504,  112, 354, -1492,  0, 204, 255
L 112, 354, -1492,  99, 324, -1498,  0, 204, 255
L 99, 324, -1498,  99, 314, -1509,  0, 204, 255
L 99, 314, -1509,  89, 313, -1522,  0, 204, 255
L 89, 313, -1522,  80, 309, -1508,  0, 204, 255
L 80, 309, -1508,  60, 307, -1514,  0, 204, 255
L 60, 307, -1514,  53, 309, -1520,  0, 204, 255
L 53, 309, -1520,  48, 310, -1525,  0, 204, 255
L 48, 310, -1525,  26, 319, -1513,  0, 204, 255
L 26, 319, -1513,  7, 328, -1527,  0, 204, 255
L 7, 328, -1527,  -8, 333, -1529,  0, 204, 255
L -8, 333, -1529,  -31, 339, -1520,  0, 204, 255
L -31, 339, -1520,  -39, 340, -1530,  0, 204, 255
L -39, 340, -1530,  -41, 348, -1526,  0, 204, 255
L -41, 348, -1526,  -47, 366, -1509,  0, 204, 255
L -47, 366, -1509,  -52, 382, -1520,  0, 204, 255
L -52, 382, -1520,  -52, 503, -1523,  0, 204, 255
L -52, 503, -1523,  -58, 526, -1396,  0, 204, 255
L -58, 526, -1396,  -64, 551, -1286,  0, 204, 255
L -64, 551, -1286,  -64, 562, -1250,  0, 204, 255
L -64, 562, -1250,  -64, 569, -1259,  0, 204, 255
L -64, 569, -1259,  -75, 580, -1283,  0, 204, 255
L -75, 580, -1283,  -90, 580, -1299,  0, 204, 255
L -90, 580, -1299,  -113, 584, -1285,  0, 204, 255
L -113, 584, -1285,  -139, 588, -1289,  0, 204, 255
L -139, 588, -1289,  -144, 592, -1275,  0, 204, 255
L -144, 592, -1275,  -145, 609, -1196,  0, 204, 255
L -145, 609, -1196,  -150, 620, -1153,  0, 204, 255
L -150, 620, -1153,  -156, 639, -1092,  0, 204, 255
L -156, 639, -1092,  -162, 680, -993,  0, 204, 255
L -162, 680, -993,  -146, 731, -780,  0, 204, 255
L -146, 731, -780,  -155, 777, -718,  0, 204, 255
L -155, 777, -718,  -156, 780, -719,  0, 204, 255
L -156, 780, -719,  -168, 796, -707,  0, 204, 255
L -168, 796, -707,  -185, 805, -682,  0, 204, 255
L -185, 805, -682,  -223, 838, -492,  0, 204, 255
L -223, 838, -492,  -233, 841, -484,  0, 204, 255
L -233, 841, -484,  -248, 835, -469,  0, 204, 255
L -248, 835, -469,  -248, 823, -460,  0, 204, 255
L -248, 823, -460,  -248, 811, -477,  0, 204, 255
L -248, 811, -477,  -248, 811, -477,  0, 204, 255
L -248, 811, -477,  -259, 814, -542,  0, 204, 255
L -259, 814, -542,  -263, 815, -553,  0, 204, 255
L -263, 815, -553,  -280, 822, -630,  0, 204, 255
L -280, 822, -630,  -291, 826, -661,  0, 204, 255
L -291, 826, -661,  -302, 829, -666,  0, 204, 255
L -302, 829, -666,  -307, 843, -677,  0, 204, 255
L -307, 843, -677,  -312, 857, -642,  0, 204, 255
L -312, 857, -642,  -314, 861, -628,  0, 204, 255
L -314, 861, -628,  -321, 882, -603,  0, 204, 255
L -321, 882, -603,  -322, 903, -632,  0, 204, 255
L -322, 903, -632,  -322, 939, -679,  0, 204, 255
L -322, 939, -679,  -290, 939, -671,  0, 204, 255
L -290, 939, -671,  -243, 939, -611,  0, 204, 255
L -243, 939, -611,  -220, 939, -567,  0, 204, 255
L -220, 939, -567,  -212, 931, -593,  0, 204, 255
L -212, 931, -593,  -212, 923, -589,  0, 204, 255
L -212, 923, -589,  -215, 903, -654,  0, 204, 255
L -215, 903, -654,  -215, 896, -723,  0, 204, 255
L -215, 896, -723,  -211, 883, -732,  0, 204, 255
L -211, 883, -732,  -208, 876, -705,  0, 204, 255
L -208, 876, -705,  -198, 876, -702,  0, 204, 255
L -198, 876, -702,  -188, 877, -708,  0, 204, 255
L -188, 877, -708,  -169, 883, -721,  0, 204, 255
L -169, 883, -721,  -159, 886, -716,  0, 204, 255
L -159, 886, -716,  -103, 879, -662,  0, 204, 255
L -103, 879, -662,  -70, 879, -665,  0, 204, 255
L -70, 879, -665,  -42, 879, -695,  0, 204, 255
L -42, 879, -695,  -41, 868, -690,  0, 204, 255
L -41, 868, -690,  -39, 842, -698,  0, 204, 255
L -39, 842, -698,  -36, 832, -700,  0, 204, 255
L -36, 832, -700,  -17, 831, -711,  0, 204, 255
L -17, 831, -711,  7, 821, -725,  0, 204, 255
L 7, 821, -725,  29, 813, -716,  0, 204, 255
L 29, 813, -716,  59, 807, -714,  0, 204, 255
L -344, 884, -594,  -340, 875, -566,  0, 204, 255
L -340, 875, -566,  -333, 856, -628,  0, 204, 255
L -333, 856, -628,  -326, 837, -681,  0, 204, 255
L -326, 837, -681,  -326, 831, -684,  0, 204, 255
L -326, 831, -684,  -335, 829, -684,  0, 204, 255
L -335, 829, -684,  -355, 832, -595,  0, 204, 255
L -355, 832, -595,  -385, 838, -474,  0, 204, 255
L -385, 838, -474,  -410, 854, -567,  0, 204, 255
L -410, 854, -567,  -432, 868, -664,  0, 204, 255
L -432, 868, -664,  -439, 869, -679,  0, 204, 255
L -439, 869, -679,  -439, 874, -684,  0, 204, 255
L -439, 874, -684,  -437, 882, -690,  0, 204, 255
L -437, 882, -690,  -433, 891, -629,  0, 204, 255
L -433, 891, -629,  -430, 901, -641,  0, 204, 255
L -430, 901, -641,  -427, 913, -606,  0, 204, 255
L -427, 913, -606,  -427, 930, -681,  0, 204, 255
L -427, 930, -681,  -427, 956, -781,  0, 204, 255
L -427, 956, -781,  -423, 979, -902,  0, 204, 255
L -423, 979, -902,  -418, 1011, -1038,  0, 204, 255
L -418, 1011, -1038,  -399, 1014, -1010,  0, 204, 255
L -399, 1014, -1010,  -382, 1018, -891,  0, 204, 255
L -382, 1018, -891,  -366, 1022, -820,  0, 204, 255
L -366, 1022, -820,  -358, 1023, -810,  0, 204, 255
L -358, 1023, -810,  -354, 1007, -735,  0, 204, 255
L -354, 1007, -735,  -351, 995, -720,  0, 204, 255
L -351, 995, -720,  -349, 987, -719,  0, 204, 255
L -349, 987, -719,  -347, 981, -712,  0, 204, 255
L -347, 981, -712,  -345, 972, -694,  0, 204, 255
L -345, 972, -694,  -344, 956, -659,  0, 204, 255
L -344, 956, -659,  -344, 930, -662,  0, 204, 255
L -344, 930, -662,  -344, 912, -639,  0, 204, 255
L -344, 912, -639,  -344, 884, -594,  0, 204, 255
L 322, 629, -1184,  322, 663, -1204,  0, 204, 255
L 322, 663, -1204,  340, 664, -1318,  0, 204, 255
L 340, 664, -1318,  351, 664, -1316,  0, 204, 255
L 351, 664, -1316,  360, 663, -1293,  0, 204, 255
L 360, 663, -1293,  369, 663, -1301,  0, 204, 255
L 369, 663, -1301,  367, 634, -1263,  0, 204, 255
L 367, 634, -1263,  363, 602, -1262,  0, 204, 255
L 363, 602, -1262,  369, 589, -1264,  0, 204, 255
L 369, 589, -1264,  367, 570, -1278,  0, 204, 255
L 367, 570, -1278,  364, 562, -1288,  0, 204, 255
L 364, 562, -1288,  363, 550, -1283,  0, 204, 255
L 363, 550, -1283,  349, 549, -1291,  0, 204, 255
L 349, 549, -1291,  346, 548, -1295,  0, 204, 255
L 346, 548, -1295,  333, 544, -1308,  0, 204, 255
L 333, 544, -1308,  326, 541, -1312,  0, 204, 255
L 326, 541, -1312,  311, 536, -1323,  0, 204, 255
L 311, 536, -1323,  297, 531, -1333,  0, 204, 255
L 297, 531, -1333,  276, 522, -1303,  0, 204, 255
L 276, 522, -1303,  264, 517, -1286,  0, 204, 255
L 264, 517, -1286,  264, 517, -1286,  0, 204, 255
L 264, 517, -1286,  255, 514, -1283,  0, 204, 255
L 255, 514, -1283,  240, 518, -1181,  0, 204, 255
L 240, 518, -1181,  240, 518, -1181,  0, 204, 255
L 240, 518, -1181,  216, 524, -1064,  0, 204, 255
L 216, 524, -1064,  205, 526, -1056,  0, 204, 255
L 205, 526, -1056,  198, 526, -1061,  0, 204, 255
L 198, 526, -1061,  186, 526, -1008,  0, 204, 255
L 186, 526, -1008,  160, 526, -1016,  0, 204, 255
L 160, 526, -1016,  151, 527, -1029,  0, 204, 255
L 151, 527, -1029,  151, 539, -1039,  0, 204, 255
L 151, 539, -1039,  153, 549, -1020,  0, 204, 255
L 153, 549, -1020,  165, 592, -1032,  0, 204, 255
L 165, 592, -1032,  167, 598, -1023,  0, 204, 255
L 167, 598, -1023,  176, 617, -1028,  0, 204, 255
L 176, 617, -1028,  184, 637, -1042,  0, 204, 255
L 184, 637, -1042,  187, 655, -1013,  0, 204, 255
L 187, 655, -1013,  190, 685, -1027,  0, 204, 255
L 190, 685, -1027,  191, 688, -1025,  0, 204, 255
L 191, 688, -1025,  203, 693, -1041,  0, 204, 255
L 203, 693, -1041,  215, 693, -1021,  0, 204, 255
L 215, 693, -1021,  237, 693, -1038,  0, 204, 255
L 237, 693, -1038,  242, 692, -1046,  0, 204, 255
L 242, 692, -1046,  242, 673, -971,  0, 204, 255
L 242, 673, -971,  250, 661, -980,  0, 204, 255
L 250, 661, -980,  254, 658, -945,  0, 204, 255
L 254, 658, -945,  265, 653, -958,  0, 204, 255
L 265, 653, -958,  295, 628, -1148,  0, 204, 255
L 295, 628, -1148,  300, 624, -1193,  0, 204, 255
L 300, 624, -1193,  308, 625, -1230,  0, 204, 255
L 308, 625, -1230,  320, 630, -1210,  0, 204, 255
L 320, 630, -1210,  322, 629, -1184,  0, 204, 255
L 213, 773, -766,  214, 772, -769,  0, 204, 255
L 214, 772, -769,  238, 731, -835,  0, 204, 255
L 238, 731, -835,  238, 731, -835,  0, 204, 255
L 238, 731, -835,  241, 721, -888,  0, 204, 255
L 241, 721, -888,  239, 706, -959,  0, 204, 255
L 239, 706, -959,  229, 708, -1072,  0, 204, 255
L 229, 708, -1072,  221, 709, -1008,  0, 204, 255
L 221, 709, -1008,  192, 704, -1023,  0, 204, 255
L 192, 704, -1023,  192, 704, -1023,  0, 204, 255
L 192, 704, -1023,  185, 703, -1016,  0, 204, 255
L 185, 703, -1016,  175, 703, -1056,  0, 204, 255
L 175, 703, -1056,  175, 703, -1056,  0, 204, 255
L 175, 703, -1056,  164, 708, -1059,  0, 204, 255
L 164, 708, -1059,  153, 709, -1052,  0, 204, 255
L 153, 709, -1052,  151, 723, -1008,  0, 204, 255
L 151, 723, -1008,  151, 727, -972,  0, 204, 255
L 151, 727, -972,  150, 759, -812,  0, 204, 255
L 150, 759, -812,  145, 777, -772,  0, 204, 255
L 145, 777, -772,  145, 777, -772,  0, 204, 255
L 145, 777, -772,  143, 782, -766,  0, 204, 255
L 143, 782, -766,  137, 803, -777,  0, 204, 255
L 137, 803, -777,  136, 813, -785,  0, 204, 255
L 136, 813, -785,  136, 848, -788,  0, 204, 255
L 136, 848, -788,  134, 856, -757,  0, 204, 255
L 134, 856, -757,  129, 878, -737,  0, 204, 255
L 129, 878, -737,  127, 887, -694,  0, 204, 255
L 127, 887, -694,  127, 897, -685,  0, 204, 255
L 127, 897, -685,  134, 897, -692,  0, 204, 255
L 134, 897, -692,  151, 892, -641,  0, 204, 255
L 151, 892, -641,  167, 885, -574,  0, 204, 255
L 167, 885, -574,  182, 885, -536,  0, 204, 255
L 182, 885, -536,  196, 885, -530,  0, 204, 255
L 196, 885, -530,  216, 885, -545,  0, 204, 255
L 216, 885, -545,  219, 879, -558,  0, 204, 255
L 219, 879, -558,  216, 876, -475,  0, 204, 255
L 216, 876, -475,  216, 867, -481,  0, 204, 255
L 216, 867, -481,  211, 839, -571,  0, 204, 255
L 211, 839, -571,  209, 819, -538,  0, 204, 255
L 209, 819, -538,  213, 773, -766,  0, 204, 255
L 67, 158, -2627,  67, 155, -2895,  0, 204, 255
L 67, 155, -2895,  67, 144, -3059,  0, 204, 255
L 67, 144, -3059,  67, 144, -3237,  0, 204, 255
L 67, 144, -3237,  67, 138, -3283,  0, 204, 255
L 67, 138, -3283,  67, 132, -3489,  0, 204, 255
L 67, 132, -3489,  67, 133, -3683,  0, 204, 255
L 67, 133, -3683,  67, 133, -3683,  0, 204, 255
L 67, 133, -3683,  65, 137, -3695,  0, 204, 255
L 65, 137, -3695,  65, 137, -3695,  0, 204, 255
L 65, 137, -3695,  53, 145, -3595,  0, 204, 255
L 53, 145, -3595,  49, 140, -3602,  0, 204, 255
L 49, 140, -3602,  45, 134, -3674,  0, 204, 255
L 45, 134, -3674,  45, 134, -3613,  0, 204, 255
L 45, 134, -3613,  45, 135, -3506,  0, 204, 255
L 45, 135, -3506,  45, 141, -3216,  0, 204, 255
L 45, 141, -3216,  45, 141, -3216,  0, 204, 255
L 45, 141, -3216,  46, 146, -3120,  0, 204, 255
L 46, 146, -3120,  47, 149, -2992,  0, 204, 255
L 47, 149, -2992,  47, 153, -2954,  0, 204, 255
L 67, 135, -3672,  67, 123, -3718,  0, 204, 255
L 67, 123, -3718,  65, 89, -3758,  0, 204, 255
L 65, 89, -3758,  63, 84, -3770,  0, 204, 255
L 63, 84, -3770,  58, 71, -3732,  0, 204, 255
L 58, 71, -3732,  52, 56, -3766,  0, 204, 255
L 52, 56, -3766,  49, 43, -3746,  0, 204, 255
L 49, 43, -3746,  49, 40, -3768,  0, 204, 255
L 49, 40, -3768,  61, 31, -3748,  0, 204, 255
L 61, 31, -3748,  92, 19, -3701,  0, 204, 255
L 92, 19, -3701,  98, 17, -3697,  0, 204, 255
L 98, 17, -3697,  110, 12, -3731,  0, 204, 255
L 110, 12, -3731,  127, -7, -3674,  0, 204, 255
L 127, -7, -3674,  141, -24, -3640,  0, 204, 255
L 141, -24, -3640,  148, -28, -3630,  0, 204, 255
L 148, -28, -3630,  150, -29, -3625,  0, 204, 255
L 150, -29, -3625,  188, -48, -3633,  0, 204, 255
L 188, -48, -3633,  218, -49, -3609,  0, 204, 255
L 218, -49, -3609,  234, -49, -3633,  0, 204, 255
L 234, -49, -3633,  240, -48, -3647,  0, 204, 255
L 240, -48, -3647,  241, -37, -3675,  0, 204, 255
L 241, -37, -3675,  243, -31, -3678,  0, 204, 255
L 243, -31, -3678,  250, -21, -3729,  0, 204, 255
L 250, -21, -3729,  257, -4, -3620,  0, 204, 255
L 257, -4, -3620,  264, -5, -3522,  0, 204, 255
L 264, -5, -3522,  268, -7, -3553,  0, 204, 255
L 268, -7, -3553,  273, -13, -3565,  0, 204, 255
L 273, -13, -3565,  283, -27, -3648,  0, 204, 255
L 283, -27, -3648,  293, -41, -3683,  0, 204, 255
L 293, -41, -3683,  296, -49, -3683,  0, 204, 255
L 296, -49, -3683,  300, -65, -3680,  0, 204, 255
L 300, -65, -3680,  304, -76, -3688,  0, 204, 255
L 304, -76, -3688,  301, -100, -3761,  0, 204, 255
L 301, -100, -3761,  306, -103, -3689,  0, 204, 255
L 306, -103, -3689,  307, -117, -3685,  0, 204, 255
L 307, -117, -3685,  303, -142, -3691,  0, 204, 255
L 303, -142, -3691,  295, -170, -3700,  0, 204, 255
L 295, -170, -3700,  293, -177, -3686,  0, 204, 255
L 293, -177, -3686,  285, -197, -3693,  0, 204, 255
L 285, -197, -3693,  288, -227, -3702,  0, 204, 255
L 288, -227, -3702,  280, -253, -3714,  0, 204, 255
L 280, -253, -3714,  273, -270, -3697,  0, 204, 255
L 273, -270, -3697,  271, -274, -3686,  0, 204, 255
L 271, -274, -3686,  270, -277, -3686,  0, 204, 255
L 270, -277, -3686,  270, -289, -3684,  0, 204, 255
L 270, -289, -3684,  270, -312, -3695,  0, 204, 255
L 270, -312, -3695,  270, -344, -3701,  0, 204, 255
L 270, -344, -3701,  269, -383, -3710,  0, 204, 255
L 269, -383, -3710,  266, -396, -3753,  0, 204, 255
L 266, -396, -3753,  254, -410, -3787,  0, 204, 255
L 254, -410, -3787,  243, -414, -3798,  0, 204, 255
L 243, -414, -3798,  234, -416, -3783,  0, 204, 255
L 234, -416, -3783,  215, -420, -3728,  0, 204, 255
L 215, -420, -3728,  186, -426, -3660,  0, 204, 255
L 186, -426, -3660,  172, -428, -3635,  0, 204, 255
L 172, -428, -3635,  152, -428, -3578,  0, 204, 255
L 152, -428, -3578,  142, -430, -3568,  0, 204, 255
L 142, -430, -3568,  128, -438, -3564,  0, 204, 255
L 128, -438, -3564,  110, -446, -3546,  0, 204, 255
L 110, -446, -3546,  97, -457, -3556,  0, 204, 255
L 97, -457, -3556,  77, -462, -3557,  0, 204, 255
L 77, -462, -3557,  61, -466, -3559,  0, 204, 255
L 61, -466, -3559,  51, -471, -3574,  0, 204, 255
L 51, -471, -3574,  48, -458, -3554,  0, 204, 255
L 48, -458, -3554,  47, -458, -3559,  0, 204, 255
L 47, -458, -3559,  35, -455, -3557,  0, 204, 255
L 35, -455, -3557,  27, -451, -3541,  0, 204, 255
L 27, -451, -3541,  16, -445, -3519,  0, 204, 255
L 16, -445, -3519,  1, -435, -3504,  0, 204, 255
L 1, -435, -3504,  -5, -427, -3516,  0, 204, 255
L -5, -427, -3516,  -12, -426, -3502,  0, 204, 255
L -12, -426, -3502,  -23, -423, -3472,  0, 204, 255
L -23, -423, -3472,  -21, -412, -3504,  0, 204, 255
L -21, -412, -3504,  -32, -408, -3482,  0, 204, 255
L -32, -408, -3482,  -47, -404, -3470,  0, 204, 255
L -47, -404, -3470,  -55, -398, -3473,  0, 204, 255
L -55, -398, -3473,  -60, -390, -3475,  0, 204, 255
L -60, -390, -3475,  -65, -378, -3467,  0, 204, 255
L -65, -378, -3467,  -69, -372, -3473,  0, 204, 255
L -69, -372, -3473,  -76, -361, -3466,  0, 204, 255
L -76, -361, -3466,  -82, -352, -3467,  0, 204, 255
L -82, -352, -3467,  -80, -346, -3530,  0, 204, 255
L -80, -346, -3530,  -87, -326, -3565,  0, 204, 255
L -87, -326, -3565,  -95, -323, -3562,  0, 204, 255
L -95, -323, -3562,  -95, -316, -3548,  0, 204, 255
L -95, -316, -3548,  -96, -304, -3536,  0, 204, 255
L -96, -304, -3536,  -98, -286, -3632,  0, 204, 255
L -98, -286, -3632,  -104, -269, -3681,  0, 204, 255
L -104, -269, -3681,  -100, -252, -3693,  0, 204, 255
L -100, -252, -3693,  -105, -242, -3704,  0, 204, 255
L -105, -242, -3704,  -133, -219, -3712,  0, 204, 255
L -133, -219, -3712,  -150, -199, -3717,  0, 204, 255
L -150, -199, -3717,  -155, -189, -3683,  0, 204, 255
L -155, -189, -3683,  -153, -169, -3690,  0, 204, 255
L -153, -169, -3690,  -154, -147, -3700,  0, 204, 255
L -154, -147, -3700,  -160, -136, -3710,  0, 204, 255
L -160, -136, -3710,  -167, -118, -3690,  0, 204, 255
L -167, -118, -3690,  -169, -103, -3686,  0, 204, 255
L -169, -103, -3686,  -167, -67, -3690,  0, 204, 255
L -167, -67, -3690,  -162, -38, -3681,  0, 204, 255
L -162, -38, -3681,  -155, -19, -3687,  0, 204, 255
L -155, -19, -3687,  -147, -5, -3691,  0, 204, 255
L -147, -5, -3691,  -125, 25, -3700,  0, 204, 255
L -125, 25, -3700,  -120, 20, -3645,  0, 204, 255
L -120, 20, -3645,  -111, 0, -3665,  0, 204, 255
L -111, 0, -3665,  -108, -2, -3650,  0, 204, 255
L -108, -2, -3650,  -106, -16, -3670,  0, 204, 255
L -106, -16, -3670,  -94, -28, -3677,  0, 204, 255
L -94, -28, -3677,  -79, -25, -3612,  0, 204, 255
L -79, -25, -3612,  -56, -25, -3617,  0, 204, 255
L -56, -25, -3617,  -45, -19, -3656,  0, 204, 255
L -45, -19, -3656,  -22, -2, -3746,  0, 204, 255
L -22, -2, -3746,  -11, 6, -3746,  0, 204, 255
L -11, 6, -3746,  16, 32, -3738,  0, 204, 255
L 16, 32, -3738,  27, 38, -3711,  0, 204, 255
L 27, 38, -3711,  38, 77, -3704,  0, 204, 255
L 38, 77, -3704,  45, 95, -3705,  0, 204, 255
L 45, 95, -3705,  46, 115, -3716,  0, 204, 255
L 46, 115, -3716,  45, 132, -3684,  0, 204, 255
L 191, -71, -3624,  169, -60, -3618,  0, 204, 255
L 169, -60, -3618,  144, -47, -3625,  0, 204, 255
L 144, -47, -3625,  123, -23, -3690,  0, 204, 255
L 123, -23, -3690,  112, -9, -3720,  0, 204, 255
L 112, -9, -3720,  87, 0, -3738,  0, 204, 255
L 87, 0, -3738,  74, 5, -3771,  0, 204, 255
L 74, 5, -3771,  40, 15, -3728,  0, 204, 255
L 40, 15, -3728,  24, 14, -3729,  0, 204, 255
L 24, 14, -3729,  17, 10, -3741,  0, 204, 255
L 17, 10, -3741,  7, 3, -3769,  0, 204, 255
L 7, 3, -3769,  -12, -15, -3748,  0, 204, 255
L -12, -15, -3748,  -45, -40, -3659,  0, 204, 255
L -45, -40, -3659,  -56, -47, -3624,  0, 204, 255
L -56, -47, -3624,  -89, -47, -3614,  0, 204, 255
L -89, -47, -3614,  -102, -47, -3624,  0, 204, 255
L -102, -47, -3624,  -104, -55, -3635,  0, 204, 255
L -104, -55, -3635,  -109, -75, -3671,  0, 204, 255
L -109, -75, -3671,  -117, -101, -3693,  0, 204, 255
L -117, -101, -3693,  -121, -114, -3679,  0, 204, 255
L -121, -114, -3679,  -112, -123, -3689,  0, 204, 255
L -112, -123, -3689,  -97, -150, -3696,  0, 204, 255
L -97, -150, -3696,  -84, -185, -3705,  0, 204, 255
L -84, -185, -3705,  -75, -209, -3688,  0, 204, 255
L -75, -209, -3688,  -65, -234, -3696,  0, 204, 255
L -65, -234, -3696,  -60, -243, -3699,  0, 204, 255
L -60, -243, -3699,  -52, -270, -3670,  0, 204, 255
L -52, -270, -3670,  -40, -265, -3642,  0, 204, 255
L -40, -265, -3642,  -23, -265, -3609,  0, 204, 255
L -23, -265, -3609,  -4, -265, -3615,  0, 204, 255
L -4, -265, -3615,  5, -239, -3631,  0, 204, 255
L 5, -239, -3631,  14, -219, -3644,  0, 204, 255
L 14, -219, -3644,  23, -194, -3644,  0, 204, 255
L 23, -194, -3644,  33, -188, -3634,  0, 204, 255
L 33, -188, -3634,  52, -184, -3641,  0, 204, 255
L 52, -184, -3641,  57, -173, -3624,  0, 204, 255
L 57, -173, -3624,  57, -167, -3619,  0, 204, 255
L 57, -167, -3619,  57, -151, -3610,  0, 204, 255
L 57, -151, -3610,  58, -109, -3655,  0, 204, 255
L 58, -109, -3655,  57, -90, -3696,  0, 204, 255
L 76, -86, -3708,  79, -98, -3728,  0, 204, 255
L 79, -98, -3728,  79, -117, -3635,  0, 204, 255
L 79, -117, -3635,  79, -125, -3624,  0, 204, 255
L 79, -125, -3624,  79, -154, -3632,  0, 204, 255
L 79, -154, -3632,  79, -179, -3623,  0, 204, 255
L 79, -179, -3623,  79, -183, -3624,  0, 204, 255
L 79, -183, -3624,  91, -186, -3654,  0, 204, 255
L 91, -186, -3654,  97, -186, -3653,  0, 204, 255
L 97, -186, -3653,  99, -189, -3664,  0, 204, 255
L 99, -189, -3664,  112, -205, -3639,  0, 204, 255
L 112, -205, -3639,  120, -212, -3663,  0, 204, 255
L 120, -212, -3663,  139, -229, -3673,  0, 204, 255
L 139, -229, -3673,  152, -246, -3678,  0, 204, 255
L 152, -246, -3678,  166, -280, -3687,  0, 204, 255
L 166, -280, -3687,  178, -289, -3624,  0, 204, 255
L 178, -289, -3624,  192, -289, -3611,  0, 204, 255
L 192, -289, -3611,  196, -289, -3609,  0, 204, 255
L 196, -289, -3609,  218, -289, -3624,  0, 204, 255
L 218, -289, -3624,  223, -280, -3648,  0, 204, 255
L 223, -280, -3648,  232, -252, -3680,  0, 204, 255
L 232, -252, -3680,  239, -231, -3683,  0, 204, 255
L 239, -231, -3683,  240, -229, -3688,  0, 204, 255
L 240, -229, -3688,  240, -229, -3688,  0, 204, 255
L 240, -229, -3688,  253, -178, -3695,  0, 204, 255
L 253, -178, -3695,  253, -172, -3701,  0, 204, 255
L 253, -172, -3701,  236, -135, -3703,  0, 204, 255
L 236, -135, -3703,  235, -125, -3701,  0, 204, 255
L 235, -125, -3701,  240, -94, -3726,  0, 204, 255
L 240, -94, -3726,  239, -67, -3655,  0, 204, 255
L 239, -67, -3655,  215, -71, -3611,  0, 204, 255
L 215, -71, -3611,  196, -71, -3624,  0, 204, 255
L 157, -339, -3663,  166, -327, -3665,  0, 204, 255
L 166, -327, -3665,  167, -320, -3668,  0, 204, 255
L 167, -320, -3668,  167, -316, -3660,  0, 204, 255
L 167, -316, -3660,  170, -306, -3657,  0, 204, 255
L 170, -306, -3657,  180, -311, -3624,  0, 204, 255
L 180, -311, -3624,  189, -311, -3617,  0, 204, 255
L 189, -311, -3617,  208, -311, -3653,  0, 204, 255
L 208, -311, -3653,  221, -316, -3633,  0, 204, 255
L 221, -316, -3633,  224, -334, -3642,  0, 204, 255
L 224, -334, -3642,  219, -345, -3679,  0, 204, 255
L 219, -345, -3679,  219, -348, -3681,  0, 204, 255
L 219, -348, -3681,  197, -355, -3692,  0, 204, 255
L 197, -355, -3692,  169, -363, -3699,  0, 204, 255
L 169, -363, -3699,  137, -378, -3707,  0, 204, 255
L 137, -378, -3707,  115, -398, -3714,  0, 204, 255
L 115, -398, -3714,  80, -424, -3722,  0, 204, 255
L 80, -424, -3722,  59, -431, -3694,  0, 204, 255
L 59, -431, -3694,  37, -433, -3698,  0, 204, 255
L 37, -433, -3698,  13, -417, -3688,  0, 204, 255
L 13, -417, -3688,  8, -412, -3696,  0, 204, 255
L 8, -412, -3696,  -6, -392, -3703,  0, 204, 255
L -6, -392, -3703,  -25, -374, -3699,  0, 204, 255
L -25, -374, -3699,  -40, -376, -3694,  0, 204, 255
L -40, -376, -3694,  -47, -346, -3711,  0, 204, 255
L -47, -346, -3711,  -48, -335, -3692,  0, 204, 255
L -48, -335, -3692,  -51, -316, -3698,  0, 204, 255
L -51, -316, -3698,  -53, -288, -3673,  0, 204, 255
L -53, -288, -3673,  -42, -287, -3640,  0, 204, 255
L -42, -287, -3640,  -23, -287, -3612,  0, 204, 255
L -23, -287, -3612,  -7, -287, -3621,  0, 204, 255
L -7, -287, -3621,  0, -287, -3625,  0, 204, 255
L 0, -287, -3625,  3, -292, -3633,  0, 204, 255
L 3, -292, -3633,  6, -312, -3632,  0, 204, 255
L 6, -312, -3632,  14, -320, -3632,  0, 204, 255
L 14, -320, -3632,  47, -336, -3664,  0, 204, 255
L 47, -336, -3664,  47, -336, -3664,  0, 204, 255
L 47, -336, -3664,  71, -344, -3678,  0, 204, 255
L 71, -344, -3678,  107, -348, -3691,  0, 204, 255
L 107, -348, -3691,  129, -347, -3710,  0, 204, 255
L 129, -347, -3710,  140, -347, -3692,  0, 204, 255
L 140, -347, -3692,  144, -347, -3684,  0, 204, 255
L 144, -347, -3684,  163, -333, -3648,  0, 204, 255
L 163, -333, -3648,  164, -332, -3635,  0, 204, 255
L 164, -332, -3635,  164, -331, -3632,  0, 204, 255
L 270, -381, -3697,  267, -401, -3872,  0, 0, 255
L 267, -401, -3872,  256, -416, -4214,  0, 0, 255
L 256, -416, -4214,  250, -438, -4394,  0, 0, 255
L 250, -438, -4394,  251, -447, -4573,  0, 0, 255
L 251, -447, -4573,  250, -466, -4741,  0, 0, 255
L 250, -466, -4741,  249, -477, -4860,  0, 0, 255
L 249, -477, -4860,  252, -496, -4967,  0, 0, 255
L 252, -496, -4967,  252, -504, -4974,  0, 0, 255
L 252, -504, -4974,  250, -522, -5026,  0, 0, 255
L 250, -522, -5026,  252, -528, -5002,  0, 0, 255
L 252, -528, -5002,  278, -534, -5080,  0, 0, 255
L 278, -534, -5080,  291, -536, -5067,  0, 0, 255
L 291, -536, -5067,  309, -538, -5064,  0, 0, 255
L 309, -538, -5064,  315, -524, -5102,  0, 0, 255
L 315, -524, -5102,  319, -510, -5165,  0, 0, 255
L 319, -510, -5165,  322, -496, -5221,  0, 0, 255
L 322, -496, -5221,  331, -464, -5262,  0, 0, 255
L 331, -464, -5262,  336, -445, -5298,  0, 0, 255
L 336, -445, -5298,  336, -434, -5279,  0, 0, 255
L 336, -434, -5279,  336, -423, -5307,  0, 0, 255
L 336, -423, -5307,  336, -412, -5304,  0, 0, 255
L 336, -412, -5304,  332, -400, -5358,  0, 0, 255
L 332, -400, -5358,  328, -391, -5407,  0, 0, 255
L 328, -391, -5407,  317, -370, -5490,  0, 0, 255
L 317, -370, -5490,  307, -346, -5504,  0, 0, 255
L 307, -346, -5504,  301, -330, -5519,  0, 0, 255
L 301, -330, -5519,  297, -321, -5549,  0, 0, 255
L 297, -321, -5549,  288, -299, -5537,  0, 0, 255
L 288, -299, -5537,  288, -281, -5577,  0, 0, 255
L 288, -281, -5577,  288, -271, -5529,  0, 0, 255
L 288, -271, -5529,  288, -264, -5545,  0, 0, 255
L 288, -264, -5545,  282, -252, -5540,  0, 0, 255
L 282, -252, -5540,  277, -242, -5486,  0, 0, 255
L 277, -242, -5486,  273, -234, -5465,  0, 0, 255
L 273, -234, -5465,  261, -212, -5427,  0, 0, 255
L 261, -212, -5427,  256, -207, -5431,  0, 0, 255
L 256, -207, -5431,  241, -191, -5355,  0, 0, 255
L 241, -191, -5355,  222, -172, -5316,  0, 0, 255
L 222, -172, -5316,  219, -162, -5278,  0, 0, 255
L 219, -162, -5278,  219, -145, -5278,  0, 0, 255
L 219, -145, -5278,  219, -134, -5286,  0, 0, 255
L 219, -134, -5286,  217, -129, -5289,  0, 0, 255
L 217, -129, -5289,  198, -91, -5292,  0, 0, 255
L 198, -91, -5292,  195, -78, -5305,  0, 0, 255
L 195, -78, -5305,  191, -78, -5310,  0, 0, 255
L 191, -78, -5310,  174, -71, -5316,  0, 0, 255
L 174, -71, -5316,  136, -53, -5302,  0, 0, 255
L 136, -53, -5302,  96, -40, -5293,  0, 0, 255
L 96, -40, -5293,  87, -42, -5302,  0, 0, 255
L 87, -42, -5302,  82, -44, -5342,  0, 0, 255
L 82, -44, -5342,  78, -50, -5340,  0, 0, 255
L 78, -50, -5340,  79, -57, -5304,  0, 0, 255
L 79, -57, -5304,  79, -75, -5304,  0, 0, 255
L 79, -75, -5304,  79, -83, -5288,  0, 0, 255
L 79, -83, -5288,  79, -94, -5239,  0, 0, 255
L 79, -94, -5239,  79, -96, -5013,  0, 0, 255
L 79, -96, -5013,  79, -93, -4790,  0, 0, 255
L 79, -93, -4790,  79, -91, -4742,  0, 0, 255
L 79, -91, -4742,  79, -90, -4630,  0, 0, 255
L 79, -90, -4630,  79, -90, -4630,  0, 0, 255
L 79, -90, -4630,  79, -98, -4395,  0, 0, 255
L 79, -98, -4395,  78, -92, -4104,  0, 0, 255
L 78, -92, -4104,  77, -89, -3944,  0, 0, 255
L 77, -89, -3944,  78, -97, -3792,  0, 0, 255
L 78, -97, -3792,  78, -102, -3595,  0, 0, 255
L 57, -105, -3641,  57, -97, -3675,  0, 0, 255
L 57, -97, -3675,  57, -94, -3873,  0, 0, 255
L 57, -94, -3873,  57, -91, -3929,  0, 0, 255
L 57, -91, -3929,  57, -91, -4089,  0, 0, 255
L 57, -91, -4089,  57, -91, -4127,  0, 0, 255
L 57, -91, -4127,  57, -90, -4305,  0, 0, 255
L 57, -90, -4305,  57, -90, -4313,  0, 0, 255
L 57, -90, -4313,  57, -88, -4534,  0, 0, 255
L 57, -88, -4534,  57, -86, -4592,  0, 0, 255
L 57, -86, -4592,  58, -91, -4670,  0, 0, 255
L 58, -91, -4670,  60, -97, -4724,  0, 0, 255
L 60, -97, -4724,  57, -97, -4890,  0, 0, 255
L 57, -97, -4890,  57, -95, -5028,  0, 0, 255
L 57, -95, -5028,  57, -91, -5047,  0, 0, 255
L 57, -91, -5047,  57, -91, -5103,  0, 0, 255
L 57, -91, -5103,  57, -94, -5237,  0, 0, 255
L 57, -96, -5232,  58, -98, -5233,  0, 0, 255
L 58, -98, -5233,  61, -100, -5233,  0, 0, 255
L 61, -100, -5233,  69, -103, -5236,  0, 0, 255
L 69, -103, -5236,  73, -104, -5155,  0, 0, 255
L 73, -104, -5155,  78, -91, -5266,  0, 0, 255
L 78, -91, -5266,  79, -81, -5270,  0, 0, 255
L 79, -81, -5270,  79, -80, -5277,  0, 0, 255
L 79, -80, -5277,  78, -76, -5287,  0, 0, 255
L 62, -100, -5269,  57, -94, -5242,  0, 0, 255
L 57, -94, -5242,  57, -86, -5264,  0, 0, 255
L 57, -86, -5264,  57, -75, -5285,  0, 0, 255
L 57, -75, -5285,  57, -53, -5294,  0, 0, 255
L 57, -53, -5294,  48, -41, -5294,  0, 0, 255
L 48, -41, -5294,  44, -39, -5304,  0, 0, 255
L 44, -39, -5304,  40, -41, -5320,  0, 0, 255
L 40, -41, -5320,  20, -51, -5293,  0, 0, 255
L 20, -51, -5293,  20, -51, -5293,  0, 0, 255
L 20, -51, -5293,  -10, -69, -5330,  0, 0, 255
L -10, -69, -5330,  -21, -78, -5309,  0, 0, 255
L -21, -78, -5309,  -45, -95, -5307,  0, 0, 255
L -45, -95, -5307,  -47, -97, -5307,  0, 0, 255
L -47, -97, -5307,  -53, -98, -5321,  0, 0, 255
L -53, -98, -5321,  -57, -111, -5304,  0, 0, 255
L -57, -111, -5304,  -57, -112, -5304,  0, 0, 255
L -57, -112, -5304,  -63, -130, -5289,  0, 0, 255
L -63, -130, -5289,  -69, -149, -5315,  0, 0, 255
L -69, -149, -5315,  -70, -165, -5278,  0, 0, 255
L -70, -165, -5278,  -70, -172, -5288,  0, 0, 255
L -70, -172, -5288,  -75, -193, -5285,  0, 0, 255
L -75, -193, -5285,  -77, -196, -5273,  0, 0, 255
L -77, -196, -5273,  -101, -219, -5173,  0, 0, 255
L -101, -219, -5173,  -116, -236, -5016,  0, 0, 255
L -116, -236, -5016,  -122, -246, -4973,  0, 0, 255
L -122, -246, -4973,  -129, -257, -4898,  0, 0, 255
L -129, -257, -4898,  -142, -280, -4808,  0, 0, 255
L -142, -280, -4808,  -146, -293, -4754,  0, 0, 255
L -146, -293, -4754,  -145, -299, -4755,  0, 0, 255
L -145, -299, -4755,  -145, -299, -4755,  0, 0, 255
L -145, -299, -4755,  -145, -314, -4744,  0, 0, 255
L -145, -314, -4744,  -144, -332, -4794,  0, 0, 255
L -144, -332, -4794,  -142, -346, -4833,  0, 0, 255
L -142, -346, -4833,  -139, -363, -4884,  0, 0, 255
L -139, -363, -4884,  -137, -372, -4902,  0, 0, 255
L -137, -372, -4902,  -133, -385, -4915,  0, 0, 255
L -133, -385, -4915,  -132, -389, -4933,  0, 0, 255
L -132, -389, -4933,  -127, -420, -4948,  0, 0, 255
L -127, -420, -4948,  -127, -420, -4948,  0, 0, 255
L -127, -420, -4948,  -125, -452, -4925,  0, 0, 255
L -125, -452, -4925,  -126, -462, -4910,  0, 0, 255
L -126, -462, -4910,  -121, -473, -5008,  0, 0, 255
L -121, -473, -5008,  -117, -487, -5008,  0, 0, 255
L -117, -487, -5008,  -114, -500, -5048,  0, 0, 255
L -114, -500, -5048,  -106, -530, -5066,  0, 0, 255
L -106, -530, -5066,  -90, -538, -5064,  0, 0, 255
L -90, -538, -5064,  -81, -538, -5055,  0, 0, 255
L -81, -538, -5055,  -61, -538, -5086,  0, 0, 255
L -61, -538, -5086,  -50, -537, -5083,  0, 0, 255
L -50, -537, -5083,  -48, -535, -5094,  0, 0, 255
L -48, -535, -5094,  -48, -521, -5027,  0, 0, 255
L -48, -521, -5027,  -47, -515, -4950,  0, 0, 255
L -47, -515, -4950,  -44, -496, -4819,  0, 0, 255
L -44, -496, -4819,  -42, -479, -4710,  0, 0, 255
L -42, -479, -4710,  -45, -466, -4636,  0, 0, 255
L -45, -466, -4636,  -45, -466, -4636,  0, 0, 255
L -45, -466, -4636,  -49, -461, -4604,  0, 0, 255
L -49, -461, -4604,  -52, -451, -4503,  0, 0, 255
L -52, -451, -4503,  -54, -446, -4400,  0, 0, 255
L -54, -446, -4400,  -56, -439, -4354,  0, 0, 255
L -56, -439, -4354,  -59, -433, -4263,  0, 0, 255
L -59, -433, -4263,  -62, -424, -4101,  0, 0, 255
L -62, -424, -4101,  -63, -417, -4003,  0, 0, 255
L -63, -417, -4003,  -62, -408, -3903,  0, 0, 255
L -62, -408, -3903,  -62, -403, -3803,  0, 0, 255
L -62, -403, -3803,  -61, -397, -3757,  0, 0, 255
L -61, -397, -3757,  -50, -398, -3820,  0, 0, 255
L -11, -385, -3711,  -24, -395, -3870,  0, 0, 255
L -24, -395, -3870,  -10, -419, -4183,  0, 0, 255
L -10, -419, -4183,  -8, -433, -4425,  0, 0, 255
L -8, -433, -4425,  3, -473, -4601,  0, 0, 255
L 3, -473, -4601,  21, -480, -4608,  0, 0, 255
L 21, -480, -4608,  33, -484, -4550,  0, 0, 255
L 33, -484, -4550,  5, -509, -4982,  0, 0, 255
L 5, -509, -4982,  16, -528, -5080,  0, 0, 255
L 16, -528, -5080,  24, -536, -5129,  0, 0, 255
L 24, -536, -5129,  38, -543, -5064,  0, 0, 255
L 38, -543, -5064,  48, -541, -5022,  0, 0, 255
L 48, -541, -5022,  61, -538, -5000,  0, 0, 255
L 61, -538, -5000,  81, -531, -5013,  0, 0, 255
L 81, -531, -5013,  104, -514, -5013,  0, 0, 255
L 104, -514, -5013,  114, -503, -5017,  0, 0, 255
L 114, -503, -5017,  132, -476, -4952,  0, 0, 255
L 132, -476, -4952,  164, -447, -4879,  0, 0, 255
L 164, -447, -4879,  184, -427, -4753,  0, 0, 255
L 184, -427, -4753,  195, -413, -4641,  0, 0, 255
L 195, -413, -4641,  191, -398, -4348,  0, 0, 255
L 191, -398, -4348,  193, -389, -4185,  0, 0, 255
L 193, -389, -4185,  193, -386, -4134,  0, 0, 255
L 193, -386, -4134,  194, -380, -4030,  0, 0, 255
L 194, -380, -4030,  202, -363, -3828,  0, 0, 255
L 202, -363, -3828,  214, -350, -3689,  0, 0, 255
L 324, -560, -5063,  335, -548, -5060,  0, 0, 255
L 335, -548, -5060,  335, -546, -5065,  0, 0, 255
L 335, -546, -5065,  335, -529, -5065,  0, 0, 255
L 335, -529, -5065,  338, -520, -5112,  0, 0, 255
L 338, -520, -5112,  340, -509, -5122,  0, 0, 255
L 340, -509, -5122,  344, -489, -5243,  0, 0, 255
L 344, -489, -5243,  353, -462, -5275,  0, 0, 255
L 353, -462, -5275,  358, -438, -5302,  0, 0, 255
L 358, -438, -5302,  369, -438, -5304,  0, 0, 255
L 369, -438, -5304,  384, -442, -5280,  0, 0, 255
L 384, -442, -5280,  403, -446, -5269,  0, 0, 255
L 403, -446, -5269,  419, -451, -5274,  0, 0, 255
L 419, -451, -5274,  417, -462, -5301,  0, 0, 255
L 417, -462, -5301,  434, -458, -5310,  0, 0, 255
L 434, -458, -5310,  456, -455, -5316,  0, 0, 255
L 456, -455, -5316,  480, -451, -5341,  0, 0, 255
L 480, -451, -5341,  491, -455, -5359,  0, 0, 255
L 491, -455, -5359,  504, -459, -5361,  0, 0, 255
L 504, -459, -5361,  526, -465, -5367,  0, 0, 255
L 526, -465, -5367,  527, -462, -5365,  0, 0, 255
L 527, -462, -5365,  526, -455, -5371,  0, 0, 255
L 526, -455, -5371,  527, -429, -5403,  0, 0, 255
L 527, -429, -5403,  527, -420, -5384,  0, 0, 255
L 527, -420, -5384,  514, -405, -5375,  0, 0, 255
L 514, -405, -5375,  513, -405, -5381,  0, 0, 255
L 513, -405, -5381,  508, -404, -5387,  0, 0, 255
L 508, -404, -5387,  467, -392, -5364,  0, 0, 255
L 467, -392, -5364,  450, -398, -5384,  0, 0, 255
L 450, -398, -5384,  429, -406, -5377,  0, 0, 255
L 429, -406, -5377,  426, -414, -5376,  0, 0, 255
L 426, -414, -5376,  421, -423, -5369,  0, 0, 255
L 421, -423, -5369,  411, -430, -5316,  0, 0, 255
L 411, -430, -5316,  396, -423, -5304,  0, 0, 255
L 396, -423, -5304,  366, -416, -5310,  0, 0, 255
L 366, -416, -5310,  358, -415, -5303,  0, 0, 255
L 358, -415, -5303,  358, -408, -5304,  0, 0, 255
L 358, -408, -5304,  351, -395, -5322,  0, 0, 255
L 351, -395, -5322,  341, -375, -5462,  0, 0, 255
L 341, -375, -5462,  337, -367, -5508,  0, 0, 255
L 337, -367, -5508,  330, -350, -5554,  0, 0, 255
L 330, -350, -5554,  326, -339, -5560,  0, 0, 255
L 326, -339, -5560,  319, -322, -5560,  0, 0, 255
L 319, -322, -5560,  311, -302, -5550,  0, 0, 255
L 311, -302, -5550,  310, -293, -5538,  0, 0, 255
L 310, -293, -5538,  314, -293, -5544,  0, 0, 255
L 314, -293, -5544,  338, -299, -5520,  0, 0, 255
L 338, -299, -5520,  341, -300, -5511,  0, 0, 255
L 341, -300, -5511,  358, -305, -5514,  0, 0, 255
L 358, -305, -5514,  367, -308, -5525,  0, 0, 255
L 367, -308, -5525,  367, -311, -5547,  0, 0, 255
L 367, -311, -5547,  367, -326, -5597,  0, 0, 255
L 367, -326, -5597,  368, -326, -5601,  0, 0, 255
L 368, -326, -5601,  375, -327, -5590,  0, 0, 255
L 375, -327, -5590,  388, -328, -5583,  0, 0, 255
L 388, -328, -5583,  408, -327, -5579,  0, 0, 255
L 408, -327, -5579,  433, -313, -5586,  0, 0, 255
L 433, -313, -5586,  434, -299, -5591,  0, 0, 255
L 434, -299, -5591,  433, -269, -5603,  0, 0, 255
L 433, -269, -5603,  425, -271, -5584,  0, 0, 255
L 425, -271, -5584,  403, -273, -5529,  0, 0, 255
L 403, -273, -5529,  390, -273, -5516,  0, 0, 255
L 390, -273, -5516,  369, -275, -5521,  0, 0, 255
L 369, -275, -5521,  366, -294, -5527,  0, 0, 255
L 366, -294, -5527,  344, -281, -5506,  0, 0, 255
L 344, -281, -5506,  319, -273, -5569,  0, 0, 255
L 319, -273, -5569,  307, -268, -5546,  0, 0, 255
L 307, -268, -5546,  306, -257, -5545,  0, 0, 255
L 306, -257, -5545,  297, -239, -5468,  0, 0, 255
L 297, -239, -5468,  276, -206, -5423,  0, 0, 255
L 276, -206, -5423,  238, -165, -5309,  0, 0, 255
L 238, -165, -5309,  246, -162, -5300,  0, 0, 255
L 246, -162, -5300,  267, -162, -5278,  0, 0, 255
L 267, -162, -5278,  277, -162, -5261,  0, 0, 255
L 277, -162, -5261,  297, -162, -5270,  0, 0, 255
L 297, -162, -5270,  301, -177, -5296,  0, 0, 255
L 301, -177, -5296,  311, -181, -5323,  0, 0, 255
L 311, -181, -5323,  327, -185, -5332,  0, 0, 255
L 327, -185, -5332,  363, -192, -5345,  0, 0, 255
L 363, -192, -5345,  379, -188, -5362,  0, 0, 255
L 379, -188, -5362,  397, -182, -5367,  0, 0, 255
L 397, -182, -5367,  407, -172, -5312,  0, 0, 255
L 407, -172, -5312,  407, -171, -5327,  0, 0, 255
L 407, -171, -5327,  408, -159, -5383,  0, 0, 255
L 408, -159, -5383,  409, -123, -5371,  0, 0, 255
L 409, -123, -5371,  402, -122, -5375,  0, 0, 255
L 402, -122, -5375,  383, -116, -5381,  0, 0, 255
L 383, -116, -5381,  348, -107, -5373,  0, 0, 255
L 348, -107, -5373,  348, -107, -5373,  0, 0, 255
L 348, -107, -5373,  297, -124, -5352,  0, 0, 255
L 297, -124, -5352,  297, -124, -5352,  0, 0, 255
L 297, -124, -5352,  301, -141, -5314,  0, 0, 255
L 301, -141, -5314,  286, -141, -5310,  0, 0, 255
L 286, -141, -5310,  286, -141, -5310,  0, 0, 255
L 286, -141, -5310,  262, -141, -5316,  0, 0, 255
L 262, -141, -5316,  239, -130, -5314,  0, 0, 255
L 239, -130, -5314,  228, -107, -5307,  0, 0, 255
L 228, -107, -5307,  218, -87, -5305,  0, 0, 255
L 218, -87, -5305,  218, -87, -5305,  0, 0, 255
L 218, -87, -5305,  217, -74, -5273,  0, 0, 255
L 217, -74, -5273,  216, -67, -5279,  0, 0, 255
L 216, -67, -5279,  206, -57, -5299,  0, 0, 255
L 206, -57, -5299,  187, -56, -5304,  0, 0, 255
L 187, -56, -5304,  154, -40, -5295,  0, 0, 255
L 154, -40, -5295,  133, -31, -5304,  0, 0, 255
L 133, -31, -5304,  110, -23, -5292,  0, 0, 255
L 110, -23, -5292,  90, -18, -5299,  0, 0, 255
L 90, -18, -5299,  70, -24, -5292,  0, 0, 255
L 70, -24, -5292,  63, -24, -5271,  0, 0, 255
L 63, -24, -5271,  53, -21, -5278,  0, 0, 255
L 53, -21, -5278,  42, -19, -5284,  0, 0, 255
L 42, -19, -5284,  23, -28, -5292,  0, 0, 255
L 23, -28, -5292,  6, -37, -5299,  0, 0, 255
L 6, -37, -5299,  -13, -50, -5308,  0, 0, 255
L -13, -50, -5308,  -20, -55, -5306,  0, 0, 255
L -20, -55, -5306,  -47, -75, -5299,  0, 0, 255
L -47, -75, -5299,  -58, -76, -5270,  0, 0, 255
L -58, -76, -5270,  -60, -76, -5269,  0, 0, 255
L -60, -76, -5269,  -70, -82, -5262,  0, 0, 255
L -70, -82, -5262,  -72, -83, -5236,  0, 0, 255
L -72, -83, -5236,  -73, -84, -5245,  0, 0, 255
L -73, -84, -5245,  -77, -92, -5304,  0, 0, 255
L -77, -92, -5304,  -78, -109, -5305,  0, 0, 255
L -78, -109, -5305,  -80, -117, -5304,  0, 0, 255
L -80, -117, -5304,  -85, -132, -5292,  0, 0, 255
L -85, -132, -5292,  -92, -153, -5300,  0, 0, 255
L -92, -153, -5300,  -93, -162, -5304,  0, 0, 255
L -93, -162, -5304,  -101, -162, -5312,  0, 0, 255
L -101, -162, -5312,  -116, -160, -5317,  0, 0, 255
L -116, -160, -5317,  -140, -160, -5318,  0, 0, 255
L -140, -160, -5318,  -146, -160, -5304,  0, 0, 255
L -146, -160, -5304,  -150, -158, -5293,  0, 0, 255
L -150, -158, -5293,  -155, -146, -5274,  0, 0, 255
L -155, -146, -5274,  -155, -146, -5275,  0, 0, 255
L -155, -146, -5275,  -181, -147, -5290,  0, 0, 255
L -181, -147, -5290,  -199, -146, -5297,  0, 0, 255
L -199, -146, -5297,  -199, -149, -5305,  0, 0, 255
L -199, -149, -5305,  -200, -162, -5315,  0, 0, 255
L -200, -162, -5315,  -201, -177, -5407,  0, 0, 255
L -201, -177, -5407,  -201, -192, -5377,  0, 0, 255
L -201, -192, -5377,  -192, -200, -5361,  0, 0, 255
L -192, -200, -5361,  -192, -200, -5362,  0, 0, 255
L -192, -200, -5362,  -181, -200, -5369,  0, 0, 255
L -181, -200, -5369,  -151, -194, -5364,  0, 0, 255
L -151, -194, -5364,  -148, -194, -5339,  0, 0, 255
L -148, -194, -5339,  -143, -182, -5277,  0, 0, 255
L -143, -182, -5277,  -117, -181, -5273,  0, 0, 255
L -117, -181, -5273,  -92, -182, -5282,  0, 0, 255
L -92, -182, -5282,  -92, -189, -5296,  0, 0, 255
L -92, -189, -5296,  -106, -205, -5209,  0, 0, 255
L -106, -205, -5209,  -124, -222, -5127,  0, 0, 255
L -124, -222, -5127,  -155, -266, -4869,  0, 0, 255
L -155, -266, -4869,  -167, -287, -4764,  0, 0, 255
L -167, -287, -4764,  -167, -287, -4764,  0, 0, 255
L -167, -287, -4764,  -178, -292, -4764,  0, 0, 255
L -178, -292, -4764,  -187, -292, -4760,  0, 0, 255
L -187, -292, -4760,  -208, -293, -4739,  0, 0, 255
L -208, -293, -4739,  -225, -289, -4777,  0, 0, 255
L -225, -289, -4777,  -224, -277, -4797,  0, 0, 255
L -224, -277, -4797,  -229, -275, -4768,  0, 0, 255
L -229, -275, -4768,  -247, -269, -4822,  0, 0, 255
L -247, -269, -4822,  -263, -268, -4843,  0, 0, 255
L -263, -268, -4843,  -298, -265, -4846,  0, 0, 255
L -298, -265, -4846,  -335, -278, -4856,  0, 0, 255
L -335, -278, -4856,  -336, -279, -4836,  0, 0, 255
L -336, -279, -4836,  -334, -295, -4849,  0, 0, 255
L -334, -295, -4849,  -336, -332, -4823,  0, 0, 255
L -336, -332, -4823,  -328, -334, -4840,  0, 0, 255
L -328, -334, -4840,  -272, -349, -4824,  0, 0, 255
L -272, -349, -4824,  -236, -332, -4838,  0, 0, 255
L -236, -332, -4838,  -225, -327, -4769,  0, 0, 255
L -225, -327, -4769,  -223, -315, -4776,  0, 0, 255
L -223, -315, -4776,  -203, -314, -4787,  0, 0, 255
L -203, -314, -4787,  -202, -314, -4785,  0, 0, 255
L -202, -314, -4785,  -169, -314, -4764,  0, 0, 255
L -169, -314, -4764,  -166, -324, -4765,  0, 0, 255
L -166, -324, -4765,  -166, -329, -4768,  0, 0, 255
L -166, -329, -4768,  -163, -349, -4850,  0, 0, 255
L -163, -349, -4850,  -155, -384, -4912,  0, 0, 255
L -155, -384, -4912,  -149, -409, -4974,  0, 0, 255
L -149, -409, -4974,  -149, -415, -4971,  0, 0, 255
L -149, -415, -4971,  -164, -415, -4986,  0, 0, 255
L -164, -415, -4986,  -178, -415, -4993,  0, 0, 255
L -178, -415, -4993,  -199, -415, -4983,  0, 0, 255
L -199, -415, -4983,  -206, -396, -5033,  0, 0, 255
L -206, -396, -5033,  -239, -385, -5053,  0, 0, 255
L -239, -385, -5053,  -261, -381, -5037,  0, 0, 255
L -261, -381, -5037,  -283, -389, -5045,  0, 0, 255
L -283, -389, -5045,  -311, -397, -5031,  0, 0, 255
L -311, -397, -5031,  -315, -405, -4975,  0, 0, 255
L -315, -405, -4975,  -316, -412, -5012,  0, 0, 255
L -316, -412, -5012,  -318, -432, -5077,  0, 0, 255
L -318, -432, -5077,  -316, -456, -5028,  0, 0, 255
L -316, -456, -5028,  -301, -458, -5039,  0, 0, 255
L -301, -458, -5039,  -265, -467, -5033,  0, 0, 255
L -265, -467, -5033,  -260, -466, -5033,  0, 0, 255
L -260, -466, -5033,  -218, -455, -5026,  0, 0, 255
L -218, -455, -5026,  -205, -435, -5026,  0, 0, 255
L -205, -435, -5026,  -191, -433, -5003,  0, 0, 255
L -191, -433, -5003,  -180, -435, -4969,  0, 0, 255
L -180, -435, -4969,  -151, -437, -4974,  0, 0, 255
L -151, -437, -4974,  -147, -450, -4977,  0, 0, 255
L -147, -450, -4977,  -144, -464, -4976,  0, 0, 255
L -144, -464, -4976,  -136, -496, -4981,  0, 0, 255
L -136, -496, -4981,  -129, -527, -5060,  0, 0, 255
L -129, -527, -5060,  -127, -549, -5056,  0, 0, 255
L -127, -549, -5056,  -119, -558, -5068,  0, 0, 255
L -119, -558, -5068,  -103, -560, -5039,  0, 0, 255
L -103, -560, -5039,  -86, -560, -5049,  0, 0, 255
L -86, -560, -5049,  -49, -560, -5066,  0, 0, 255
L -50, -560, -5076,  -46, -569, -5050,  0, 0, 255
L -46, -569, -5050,  -43, -583, -5048,  0, 0, 255
L -43, -583, -5048,  -41, -604, -5095,  0, 0, 255
L -41, -604, -5095,  -36, -627, -5149,  0, 0, 255
L -36, -627, -5149,  -18, -625, -5147,  0, 0, 255
L -18, -625, -5147,  -15, -635, -5070,  0, 0, 255
L -15, -635, -5070,  -25, -649, -5027,  0, 0, 255
L -25, -649, -5027,  -28, -661, -5047,  0, 0, 255
L -28, -661, -5047,  -10, -702, -5147,  0, 0, 255
L -10, -702, -5147,  -5, -699, -5155,  0, 0, 255
L -5, -699, -5155,  -7, -710, -5145,  0, 0, 255
L -7, -710, -5145,  -9, -717, -5071,  0, 0, 255
L -9, -717, -5071,  0, -718, -5076,  0, 0, 255
L 0, -718, -5076,  13, -720, -5086,  0, 0, 255
L 13, -720, -5086,  36, -727, -5103,  0, 0, 255
L 36, -727, -5103,  41, -728, -5112,  0, 0, 255
L 41, -728, -5112,  77, -728, -5131,  0, 0, 255
L 77, -728, -5131,  124, -719, -5131,  0, 0, 255
L 124, -719, -5131,  130, -719, -5133,  0, 0, 255
L 130, -719, -5133,  134, -718, -5135,  0, 0, 255
L 134, -718, -5135,  144, -802, -5127,  0, 0, 255
L 144, -802, -5127,  145, -808, -5102,  0, 0, 255
L 145, -808, -5102,  145, -808, -5103,  0, 0, 255
L 145, -808, -5103,  151, -817, -5105,  0, 0, 255
L 153, -819, -5133,  162, -821, -5142,  0, 0, 255
L 162, -821, -5142,  171, -824, -5135,  0, 0, 255
L 171, -824, -5135,  178, -825, -5144,  0, 0, 255
L 178, -825, -5144,  198, -829, -5143,  0, 0, 255
L 198, -829, -5143,  209, -828, -5151,  0, 0, 255
L 209, -828, -5151,  239, -829, -5146,  0, 0, 255
L 239, -829, -5146,  253, -831, -5138,  0, 0, 255
L 253, -831, -5138,  286, -841, -5141,  0, 0, 255
L 286, -841, -5141,  308, -848, -5133,  0, 0, 255
L 308, -848, -5133,  328, -860, -5123,  0, 0, 255
L 328, -860, -5123,  346, -871, -5124,  0, 0, 255
L 346, -871, -5124,  352, -871, -5128,  0, 0, 255
L 352, -871, -5128,  359, -869, -5037,  0, 0, 255
L 359, -869, -5037,  366, -868, -5052,  0, 0, 255
L 366, -868, -5052,  375, -873, -5076,  0, 0, 255
L 375, -873, -5076,  375, -888, -5085,  0, 0, 255
L 375, -888, -5085,  376, -905, -5097,  0, 0, 255
L 376, -905, -5097,  381, -921, -5107,  0, 0, 255
L 381, -921, -5107,  387, -944, -5115,  0, 0, 255
L 387, -944, -5115,  393, -965, -5127,  0, 0, 255
L 393, -965, -5127,  394, -971, -5124,  0, 0, 255
L 394, -971, -5124,  395, -995, -5136,  0, 0, 255
L 395, -995, -5136,  393, -1013, -5133,  0, 0, 255
L 393, -1013, -5133,  394, -1014, -5136,  0, 0, 255
L 394, -1014, -5136,  400, -1030, -5144,  0, 0, 255
L 400, -1030, -5144,  402, -1049, -5138,  0, 0, 255
L 402, -1049, -5138,  404, -1057, -5128,  0, 0, 255
L 404, -1057, -5128,  413, -1062, -5105,  0, 0, 255
L 413, -1062, -5105,  431, -1065, -5124,  0, 0, 255
L 431, -1065, -5124,  440, -1066, -5135,  0, 0, 255
L 440, -1066, -5135,  469, -1063, -5160,  0, 0, 255
L 469, -1063, -5160,  469, -1063, -5160,  0, 0, 255
L 469, -1063, -5160,  503, -1070, -5122,  0, 0, 255
L 503, -1070, -5122,  503, -1072, -5120,  0, 0, 255
L 503, -1072, -5120,  504, -1086, -5144,  0, 0, 255
L 504, -1086, -5144,  501, -1101, -5153,  0, 0, 255
L 501, -1101, -5153,  497, -1114, -5146,  0, 0, 255
L 497, -1114, -5146,  494, -1136, -5133,  0, 0, 255
L 494, -1136, -5133,  499, -1159, -5174,  0, 0, 255
L 499, -1159, -5174,  501, -1169, -5093,  0, 0, 255
L 501, -1169, -5093,  501, -1194, -5110,  0, 0, 255
L 501, -1194, -5110,  506, -1221, -5142,  0, 0, 255
L 506, -1221, -5142,  513, -1232, -5090,  0, 0, 255
L 513, -1232, -5090,  515, -1233, -5070,  0, 0, 255
L 515, -1233, -5070,  537, -1236, -5121,  0, 0, 255
L 537, -1236, -5121,  555, -1238, -5175,  0, 0, 255
L 555, -1238, -5175,  569, -1241, -5139,  0, 0, 255
L 569, -1241, -5139,  571, -1240, -5146,  0, 0, 255
L 571, -1240, -5146,  583, -1240, -5146,  0, 0, 255
L 583, -1240, -5146,  608, -1245, -5154,  0, 0, 255
L 608, -1245, -5154,  633, -1254, -5133,  0, 0, 255
L 633, -1254, -5133,  661, -1256, -5139,  0, 0, 255
L 661, -1256, -5139,  677, -1257, -5143,  0, 0, 255
L 677, -1257, -5143,  696, -1256, -5148,  0, 0, 255
L 696, -1256, -5148,  740, -1256, -5157,  0, 0, 255
L 740, -1256, -5157,  763, -1257, -5158,  0, 0, 255
L 763, -1257, -5158,  788, -1248, -5117,  0, 0, 255
L 788, -1248, -5117,  812, -1245, -5125,  0, 0, 255
L 812, -1245, -5125,  843, -1239, -5127,  0, 0, 255
L 843, -1239, -5127,  861, -1240, -5131,  0, 0, 255
L 861, -1240, -5131,  875, -1241, -5124,  0, 0, 255
L 875, -1241, -5124,  890, -1234, -5114,  0, 0, 255
L 890, -1234, -5114,  900, -1228, -5044,  0, 0, 255
L 900, -1228, -5044,  899, -1221, -5043,  0, 0, 255
L 899, -1221, -5043,  902, -1199, -5164,  0, 0, 255
L 902, -1199, -5164,  903, -1177, -5156,  0, 0, 255
L 903, -1177, -5156,  904, -1171, -5179,  0, 0, 255
L 904, -1171, -5179,  920, -1164, -5150,  0, 0, 255
L 920, -1164, -5150,  925, -1154, -5156,  0, 0, 255
L 925, -1154, -5156,  934, -1134, -5187,  0, 0, 255
L 934, -1134, -5187,  941, -1121, -5162,  0, 0, 255
L 941, -1121, -5162,  948, -1099, -5149,  0, 0, 255
L 948, -1099, -5149,  957, -1076, -5154,  0, 0, 255
L 957, -1076, -5154,  960, -1050, -5159,  0, 0, 255
L 960, -1050, -5159,  953, -1028, -5133,  0, 0, 255
L 953, -1028, -5133,  946, -1021, -5127,  0, 0, 255
L 946, -1021, -5127,  920, -989, -5139,  0, 0, 255
L 920, -989, -5139,  905, -986, -5126,  0, 0, 255
L 905, -986, -5126,  903, -973, -5107,  0, 0, 255
L 903, -973, -5107,  904, -966, -5100,  0, 0, 255
L 904, -966, -5100,  904, -965, -5104,  0, 0, 255
L 904, -965, -5104,  904, -956, -5123,  0, 0, 255
L 904, -956, -5123,  903, -930, -5128,  0, 0, 255
L 903, -930, -5128,  902, -930, -5132,  0, 0, 255
L 902, -930, -5132,  886, -928, -5140,  0, 0, 255
L 886, -928, -5140,  853, -922, -5132,  0, 0, 255
L 853, -922, -5132,  836, -921, -5128,  0, 0, 255
L 836, -921, -5128,  825, -925, -5133,  0, 0, 255
L 825, -925, -5133,  806, -932, -5138,  0, 0, 255
L 806, -932, -5138,  763, -950, -5146,  0, 0, 255
L 763, -950, -5146,  751, -954, -5146,  0, 0, 255
L 751, -954, -5146,  726, -953, -5156,  0, 0, 255
L 726, -953, -5156,  705, -953, -5150,  0, 0, 255
L 705, -953, -5150,  681, -953, -5157,  0, 0, 255
L 681, -953, -5157,  664, -953, -5141,  0, 0, 255
L 664, -953, -5141,  651, -951, -5124,  0, 0, 255
L 651, -951, -5124,  635, -942, -5129,  0, 0, 255
L 635, -942, -5129,  624, -937, -5130,  0, 0, 255
L 624, -937, -5130,  607, -929, -5130,  0, 0, 255
L 607, -929, -5130,  594, -926, -5134,  0, 0, 255
L 594, -926, -5134,  551, -924, -5137,  0, 0, 255
L 551, -924, -5137,  531, -927, -5144,  0, 0, 255
L 531, -927, -5144,  514, -933, -5123,  0, 0, 255
L 514, -933, -5123,  514, -933, -5125,  0, 0, 255
L 514, -933, -5125,  511, -947, -5136,  0, 0, 255
L 511, -947, -5136,  504, -968, -5141,  0, 0, 255
L 504, -968, -5141,  504, -989, -5115,  0, 0, 255
L 504, -989, -5115,  485, -994, -5130,  0, 0, 255
L 485, -994, -5130,  473, -994, -5127,  0, 0, 255
L 473, -994, -5127,  459, -994, -5129,  0, 0, 255
L 459, -994, -5129,  453, -994, -5121,  0, 0, 255
L 453, -994, -5121,  452, -975, -5105,  0, 0, 255
L 452, -975, -5105,  451, -968, -5122,  0, 0, 255
L 451, -968, -5122,  444, -943, -5137,  0, 0, 255
L 444, -943, -5137,  444, -941, -5138,  0, 0, 255
L 444, -941, -5138,  439, -924, -5133,  0, 0, 255
L 439, -924, -5133,  435, -911, -5141,  0, 0, 255
L 435, -911, -5141,  431, -897, -5122,  0, 0, 255
L 431, -897, -5122,  430, -894, -5133,  0, 0, 255
L 430, -894, -5133,  430, -869, -5145,  0, 0, 255
L 430, -869, -5145,  429, -840, -5130,  0, 0, 255
L 429, -840, -5130,  422, -822, -5135,  0, 0, 255
L 422, -822, -5135,  415, -806, -5140,  0, 0, 255
L 415, -806, -5140,  415, -806, -5141,  0, 0, 255
L 415, -806, -5141,  388, -800, -5137,  0, 0, 255
L 388, -800, -5137,  369, -803, -5138,  0, 0, 255
L 369, -803, -5138,  352, -804, -5142,  0, 0, 255
L 352, -804, -5142,  342, -803, -5146,  0, 0, 255
L 342, -803, -5146,  333, -799, -5149,  0, 0, 255
L 333, -799, -5149,  323, -796, -5112,  0, 0, 255
L 323, -796, -5112,  317, -796, -5074,  0, 0, 255
L 317, -796, -5074,  289, -787, -5095,  0, 0, 255
L 289, -787, -5095,  281, -785, -5100,  0, 0, 255
L 281, -785, -5100,  252, -776, -5109,  0, 0, 255
L 252, -776, -5109,  236, -771, -5113,  0, 0, 255
L 236, -771, -5113,  217, -771, -5120,  0, 0, 255
L 217, -771, -5120,  210, -760, -5136,  0, 0, 255
L 210, -760, -5136,  214, -741, -5126,  0, 0, 255
L 214, -741, -5126,  212, -721, -5131,  0, 0, 255
L 212, -721, -5131,  220, -716, -5139,  0, 0, 255
L 220, -716, -5139,  229, -719, -5115,  0, 0, 255
L 229, -719, -5115,  249, -717, -5140,  0, 0, 255
L 249, -717, -5140,  261, -713, -5148,  0, 0, 255
L 261, -713, -5148,  279, -707, -5135,  0, 0, 255
L 279, -707, -5135,  279, -706, -5135,  0, 0, 255
L 279, -706, -5135,  281, -693, -5145,  0, 0, 255
L 281, -693, -5145,  283, -679, -5144,  0, 0, 255
L 283, -679, -5144,  287, -657, -5131,  0, 0, 255
L 287, -657, -5131,  288, -646, -5125,  0, 0, 255
L 288, -646, -5125,  287, -645, -5132,  0, 0, 255
L 287, -645, -5132,  272, -611, -5044,  0, 0, 255
L 272, -611, -5044,  267, -595, -5051,  0, 0, 255
L 267, -595, -5051,  263, -582, -5058,  0, 0, 255
L 263, -582, -5058,  255, -566, -5089,  0, 0, 255
L 255, -566, -5089,  255, -560, -5101,  0, 0, 255
L 255, -560, -5101,  256, -553, -5078,  0, 0, 255
L 256, -553, -5078,  258, -551, -5069,  0, 0, 255
L 258, -551, -5069,  283, -556, -5047,  0, 0, 255
L 283, -556, -5047,  288, -556, -5052,  0, 0, 255
L 288, -556, -5052,  313, -560, -5037,  0, 0, 255
L 313, -560, -5037,  324, -560, -5063,  0, 0, 255
L 901, -1216, -5047,  858, -1216, -5261,  153, 153, 153
L 858, -1216, -5261,  856, -1218, -5261,  153, 153, 153
L 856, -1218, -5261,  854, -1218, -5261,  153, 153, 153
L 854, -1218, -5261,  848, -1213, -5260,  153, 153, 153
L 848, -1213, -5260,  848, -1211, -5261,  153, 153, 153
L 848, -1211, -5261,  797, -1178, -5299,  153, 153, 153
L 797, -1178, -5299,  796, -1179, -5302,  153, 153, 153
L 796, -1179, -5302,  792, -1179, -5307,  153, 153, 153
L 792, -1179, -5307,  789, -1176, -5316,  153, 153, 153
L 789, -1176, -5316,  789, -1171, -5321,  153, 153, 153
L 789, -1171, -5321,  748, -1128, -5280,  153, 153, 153
L 748, -1128, -5280,  746, -1128, -5277,  153, 153, 153
L 746, -1128, -5277,  742, -1125, -5267,  153, 153, 153
L 742, -1125, -5267,  742, -1118, -5278,  153, 153, 153
L 742, -1118, -5278,  742, -1119, -5279,  153, 153, 153
L 742, -1119, -5279,  746, -1117, -5286,  153, 153, 153
L 746, -1117, -5286,  750, -1118, -5295,  153, 153, 153
L 750, -1118, -5295,  752, -1124, -5291,  153, 153, 153
L 752, -1124, -5291,  794, -1168, -5319,  153, 153, 153
L 794, -1168, -5319,  794, -1168, -5318,  153, 153, 153
L 794, -1168, -5318,  799, -1170, -5306,  153, 153, 153
L 799, -1170, -5306,  799, -1173, -5300,  153, 153, 153
L 799, -1173, -5300,  852, -1207, -5261,  153, 153, 153
L 852, -1207, -5261,  853, -1207, -5261,  153, 153, 153
L 853, -1207, -5261,  854, -1207, -5261,  153, 153, 153
L 854, -1207, -5261,  855, -1207, -5260,  153, 153, 153
L 855, -1207, -5260,  859, -1210, -5261,  153, 153, 153
L 859, -1210, -5261,  902, -1211, -5084,  153, 153, 153
L 904, -965, -5102,  859, -965, -5261,  153, 153, 153
L 859, -965, -5261,  858, -966, -5261,  153, 153, 153
L 858, -966, -5261,  854, -968, -5261,  153, 153, 153
L 854, -968, -5261,  852, -968, -5258,  153, 153, 153
L 852, -968, -5258,  799, -1002, -5273,  153, 153, 153
L 799, -1002, -5273,  800, -1003, -5279,  153, 153, 153
L 800, -1003, -5279,  797, -1006, -5282,  153, 153, 153
L 797, -1006, -5282,  793, -1007, -5286,  153, 153, 153
L 793, -1007, -5286,  752, -1052, -5274,  153, 153, 153
L 752, -1052, -5274,  752, -1052, -5281,  153, 153, 153
L 752, -1052, -5281,  742, -1055, -5151,  153, 153, 153
L 742, -1055, -5151,  742, -1051, -5154,  153, 153, 153
L 742, -1051, -5154,  747, -1048, -5158,  153, 153, 153
L 747, -1048, -5158,  789, -1003, -5230,  153, 153, 153
L 789, -1003, -5230,  789, -1003, -5221,  153, 153, 153
L 789, -1003, -5221,  791, -997, -5209,  153, 153, 153
L 791, -997, -5209,  797, -997, -5262,  153, 153, 153
L 797, -997, -5262,  847, -965, -5244,  153, 153, 153
L 847, -965, -5244,  848, -963, -5252,  153, 153, 153
L 848, -963, -5252,  853, -956, -5258,  153, 153, 153
L 853, -956, -5258,  859, -960, -5261,  153, 153, 153
L 859, -960, -5261,  889, -960, -5261,  153, 153, 153
L 889, -960, -5261,  904, -960, -5117,  153, 153, 153
L 645, -1150, -5182,  647, -1152, -5182,  153, 153, 153
L 647, -1152, -5182,  649, -1164, -5174,  153, 153, 153
L 649, -1164, -5174,  661, -1171, -5172,  153, 153, 153
L 661, -1171, -5172,  671, -1163, -5172,  153, 153, 153
L 671, -1163, -5172,  664, -1151, -5176,  153, 153, 153
L 664, -1151, -5176,  657, -1147, -5175,  153, 153, 153
L 657, -1147, -5175,  652, -1147, -5182,  153, 153, 153
L 652, -1147, -5182,  651, -1145, -5182,  153, 153, 153
L 642, -987, -5179,  641, -986, -5179,  153, 153, 153
L 641, -986, -5179,  641, -978, -5161,  153, 153, 153
L 641, -978, -5161,  633, -972, -5168,  153, 153, 153
L 633, -972, -5168,  625, -975, -5159,  153, 153, 153
L 625, -975, -5159,  627, -985, -5162,  153, 153, 153
L 627, -985, -5162,  632, -988, -5161,  153, 153, 153
L 632, -988, -5161,  635, -990, -5179,  153, 153, 153
L 635, -990, -5179,  635, -991, -5179,  153, 153, 153
L 525, -1073, -5218,  525, -1073, -5218,  153, 153, 153
L 525, -1073, -5218,  520, -1079, -5207,  153, 153, 153
L 520, -1079, -5207,  519, -1086, -5209,  153, 153, 153
L 519, -1086, -5209,  527, -1092, -5200,  153, 153, 153
L 527, -1092, -5200,  533, -1085, -5207,  153, 153, 153
L 533, -1085, -5207,  532, -1080, -5206,  153, 153, 153
L 532, -1080, -5206,  532, -1075, -5219,  153, 153, 153
L 528, -1020, -5145,  530, -1017, -5143,  153, 153, 153
L 530, -1017, -5143,  538, -1010, -5135,  153, 153, 153
L 538, -1010, -5135,  538, -994, -5136,  153, 153, 153
L 538, -994, -5136,  526, -990, -5134,  153, 153, 153
L 526, -990, -5134,  518, -1003, -5137,  153, 153, 153
L 518, -1003, -5137,  520, -1012, -5130,  153, 153, 153
L 520, -1012, -5130,  521, -1013, -5134,  153, 153, 153
L 521, -1013, -5134,  520, -1017, -5145,  153, 153, 153
L 423, -1034, -5204,  422, -1035, -5204,  153, 153, 153
L 422, -1035, -5204,  415, -1035, -5188,  153, 153, 153
L 415, -1035, -5188,  409, -1044, -5192,  153, 153, 153
L 409, -1044, -5192,  414, -1051, -5187,  153, 153, 153
L 414, -1051, -5187,  424, -1047, -5185,  153, 153, 153
L 424, -1047, -5185,  426, -1043, -5183,  153, 153, 153
L 426, -1043, -5183,  426, -1040, -5204,  153, 153, 153
L 426, -1040, -5204,  427, -1039, -5204,  153, 153, 153
L 366, -838, -5176,  365, -840, -5176,  153, 153, 153
L 365, -840, -5176,  355, -847, -5167,  153, 153, 153
L 355, -847, -5167,  353, -861, -5166,  153, 153, 153
L 353, -861, -5166,  353, -862, -5171,  153, 153, 153
L 353, -862, -5171,  374, -856, -5167,  153, 153, 153
L 374, -856, -5167,  374, -849, -5169,  153, 153, 153
L 374, -849, -5169,  373, -843, -5176,  153, 153, 153
L 373, -843, -5176,  374, -841, -5176,  153, 153, 153
L 173, -797, -5205,  172, -798, -5203,  153, 153, 153
L 172, -798, -5203,  166, -803, -5196,  153, 153, 153
L 166, -803, -5196,  166, -811, -5202,  153, 153, 153
L 166, -811, -5202,  173, -815, -5194,  153, 153, 153
L 173, -815, -5194,  178, -809, -5197,  153, 153, 153
L 178, -809, -5197,  178, -804, -5198,  153, 153, 153
L 178, -804, -5198,  178, -801, -5208,  153, 153, 153
L 178, -801, -5208,  178, -799, -5210,  153, 153, 153
L 220, -677, -5134,  220, -680, -5116,  153, 153, 153
L 220, -680, -5116,  218, -686, -5118,  153, 153, 153
L 218, -686, -5118,  224, -693, -5123,  153, 153, 153
L 224, -693, -5123,  232, -692, -5115,  153, 153, 153
L 232, -692, -5115,  232, -681, -5115,  153, 153, 153
L 232, -681, -5115,  229, -678, -5117,  153, 153, 153
L 229, -678, -5117,  227, -677, -5129,  153, 153, 153
L 227, -677, -5129,  226, -674, -5141,  153, 153, 153
L 162, -623, -5303,  162, -623, -5303,  153, 153, 153
L 162, -623, -5303,  171, -618, -5292,  153, 153, 153
L 171, -618, -5292,  173, -610, -5291,  153, 153, 153
L 173, -610, -5291,  167, -604, -5287,  153, 153, 153
L 167, -604, -5287,  160, -609, -5292,  153, 153, 153
L 160, -609, -5292,  158, -616, -5304,  153, 153, 153
L 158, -616, -5304,  157, -618, -5301,  153, 153, 153
L 192, -483, -5116,  188, -486, -5109,  153, 153, 153
L 188, -486, -5109,  175, -485, -5100,  153, 153, 153
L 175, -485, -5100,  166, -495, -5098,  153, 153, 153
L 166, -495, -5098,  171, -508, -5096,  153, 153, 153
L 171, -508, -5096,  187, -503, -5098,  153, 153, 153
L 187, -503, -5098,  192, -497, -5093,  153, 153, 153
L 192, -497, -5093,  195, -492, -5108,  153, 153, 153
L 80, -629, -5273,  80, -628, -5273,  153, 153, 153
L 80, -628, -5273,  81, -614, -5266,  153, 153, 153
L 81, -614, -5266,  73, -603, -5263,  153, 153, 153
L 73, -603, -5263,  60, -606, -5262,  153, 153, 153
L 60, -606, -5262,  61, -621, -5267,  153, 153, 153
L 61, -621, -5267,  68, -628, -5257,  153, 153, 153
L 68, -628, -5257,  72, -628, -5281,  153, 153, 153
L 72, -628, -5281,  72, -632, -5273,  153, 153, 153
L 44, -684, -5127,  43, -686, -5119,  153, 153, 153
L 43, -686, -5119,  38, -691, -5103,  153, 153, 153
L 38, -691, -5103,  38, -701, -5105,  153, 153, 153
L 38, -701, -5105,  46, -705, -5102,  153, 153, 153
L 46, -705, -5102,  52, -697, -5102,  153, 153, 153
L 52, -697, -5102,  51, -691, -5100,  153, 153, 153
L 51, -691, -5100,  51, -687, -5119,  153, 153, 153
L 51, -687, -5119,  51, -687, -5119,  153, 153, 153
L -14, -516, -5090,  -14, -515, -5085,  153, 153, 153
L -14, -515, -5085,  -7, -509, -5071,  153, 153, 153
L -7, -509, -5071,  -7, -500, -5062,  153, 153, 153
L -7, -500, -5062,  -14, -497, -5061,  153, 153, 153
L -14, -497, -5061,  -20, -504, -5061,  153, 153, 153
L -20, -504, -5061,  -20, -508, -5057,  153, 153, 153
L -20, -508, -5057,  -19, -510, -5063,  153, 153, 153
L -19, -510, -5063,  -20, -512, -5057,  153, 153, 153
P 164, 1239, 0, 255, 255, 255, 2, Graveyard
