L -1092.2234, -132.9624, -49.6254,  -1092.0154, -128.7244, -49.6254,  127, 64, 0
L -1092.0154, -128.7244, -49.6254,  -1056.9247, -130.4486, -49.6254,  127, 64, 0
L -1056.9247, -130.4486, -49.6254,  -1057.7279, -146.8704, -49.6254,  127, 64, 0
L -1057.7279, -146.8704, -49.6254,  -1092.8221, -145.1465, -49.6254,  127, 64, 0
L -1092.8221, -145.1465, -49.6254,  -1092.6339, -141.3189, -49.6254,  127, 64, 0
L -1092.7039, -142.7397, -49.6254,  -1092.7173, -143.0125, -49.6254,  127, 64, 0
L -1092.6339, -141.3189, -49.4535,  -1096.1824, -141.1446, -49.4535,  127, 64, 0
L -1092.2234, -132.9624, -49.4535,  -1095.7761, -132.7545, -49.4827,  127, 64, 0
L -1096.1824, -141.1446, -50.4360,  -1096.5226, -147.9114, -50.4409,  127, 64, 0
L -1096.5226, -147.9114, -50.4162,  -1054.3217, -149.9846, -49.6535,  127, 64, 0
L -1054.3217, -149.9846, -49.6086,  -1053.2299, -127.7614, -49.5897,  127, 64, 0
L -1053.2299, -127.7614, -49.6172,  -1095.4291, -125.6883, -50.3802,  127, 64, 0
L -1095.4291, -125.6883, -50.4197,  -1095.7761, -132.7545, -50.4235,  127, 64, 0
L -2610.9626, 1142.7927, 119.4631,  -2610.2227, 513.8697, 120.1501,  0, 0, 0
L -2611.2451, 1407.1389, 187.9842,  -2610.9626, 1142.7927, 119.4631,  0, 0, 0
L -2611.6079, 1735.3086, 137.2348,  -2611.2451, 1407.1389, 187.9842,  0, 0, 0
L -2611.8118, 1919.6611, 83.4091,  -2611.6079, 1735.3086, 137.2348,  0, 0, 0
L -2609.6008, -94.9408, 173.8790,  -2610.1897, 441.7745, 105.2395,  0, 0, 0
L -2608.1995, -1366.2363, 157.8049,  -2609.6008, -94.9408, 173.8790,  0, 0, 0
L -2607.4382, -2074.0415, 134.3102,  -2608.1995, -1366.2363, 157.8049,  0, 0, 0
L -2654.4558, 498.3437, -37.6240,  -2654.3933, 526.0937, -37.6240,  150, 0, 200
L 419.2270, 2614.5337, -44.4677,  446.0623, 2614.5696, -44.4677,  150, 0, 200
L 475.3934, 1016.9278, -89.7661,  472.5690, 1016.9694, -89.7975,  127, 64, 0
L 485.8970, 1024.7227, -89.8422,  475.3934, 1016.9278, -89.7661,  127, 64, 0
L 488.0829, 1037.5278, -90.2215,  485.8970, 1024.7227, -89.8422,  127, 64, 0
L 480.2793, 1048.0389, -90.0431,  488.0829, 1037.5278, -90.2215,  127, 64, 0
L 467.1820, 1049.8584, -89.5868,  480.2793, 1048.0389, -90.0431,  127, 64, 0
L 457.0091, 1042.2025, -89.3853,  467.1820, 1049.8584, -89.5868,  127, 64, 0
L 454.9497, 1029.4728, -89.5332,  457.0091, 1042.2025, -89.3853,  127, 64, 0
L 462.9780, 1018.5190, -89.9530,  454.9497, 1029.4728, -89.5332,  127, 64, 0
L 476.2119, 1013.9105, -89.6707,  472.5344, 1014.2995, -89.7062,  127, 64, 0
L 488.6094, 1022.7755, -89.7334,  476.2119, 1013.9105, -89.6573,  127, 64, 0
L 491.3678, 1038.2172, -90.1810,  488.6094, 1022.7755, -89.7675,  127, 64, 0
L 481.9314, 1050.6757, -89.7424,  491.3678, 1038.2172, -90.2004,  127, 64, 0
L 467.0365, 1053.0292, -89.5632,  481.9314, 1050.6757, -90.0160,  127, 64, 0
L 454.4626, 1043.6193, -88.9145,  467.0365, 1053.0292, -89.5117,  127, 64, 0
L 452.0645, 1028.9496, -89.4463,  454.4626, 1043.6193, -89.2833,  127, 64, 0
L 461.2467, 1016.1632, -89.5257,  452.0645, 1028.9496, -89.3936,  127, 64, 0
L 465.3645, 1015.5721, -89.9187,  461.2467, 1016.1632, -89.9689,  127, 64, 0
L 464.4102, 1026.6313, -89.8887,  464.4102, 1026.6313, -89.8887,  127, 64, 0
L 462.9780, 1018.5190, -89.9553,  465.1821, 1018.6191, -90.0103,  127, 64, 0
L 465.3645, 1015.5721, -89.9353,  465.1821, 1018.6191, -89.9580,  127, 64, 0
L 472.5690, 1016.9694, -89.7875,  472.5344, 1014.2995, -89.7553,  127, 64, 0
L 474.5890, 991.8144, -88.2426,  477.4590, 990.7163, -88.1974,  127, 64, 0
L 474.4109, 984.3901, -87.6984,  472.1165, 985.2227, -87.7534,  127, 64, 0
L 473.8387, 981.7108, -87.4695,  474.4109, 984.3901, -87.6058,  127, 64, 0
L 478.9757, 970.3871, -86.4602,  473.8387, 981.7108, -87.4695,  127, 64, 0
L 490.3776, 965.9035, -85.9025,  478.9757, 970.3871, -86.4602,  127, 64, 0
L 501.5945, 970.5150, -86.0902,  490.3776, 965.9035, -85.9025,  127, 64, 0
L 506.5689, 981.7623, -86.9214,  501.5945, 970.5150, -86.0902,  127, 64, 0
L 502.1190, 993.4955, -87.9525,  506.5689, 981.7623, -86.9214,  127, 64, 0
L 490.4326, 998.7437, -88.5773,  502.1190, 993.4955, -87.9525,  127, 64, 0
L 478.3127, 993.6853, -88.3697,  490.4326, 998.7437, -88.5773,  127, 64, 0
L 477.4590, 990.7163, -88.2546,  478.3127, 993.6853, -88.3697,  127, 64, 0
L 470.6828, 981.7294, -87.5299,  472.1165, 985.2227, -87.6546,  127, 64, 0
L 476.7406, 968.1763, -86.3509,  470.6828, 981.7294, -87.4714,  127, 64, 0
L 490.1737, 962.6627, -85.6452,  476.7406, 968.1763, -86.1681,  127, 64, 0
L 503.8967, 968.3599, -85.6958,  490.1737, 962.6627, -85.6529,  127, 64, 0
L 509.7082, 981.4179, -86.8141,  503.8967, 968.3599, -85.9548,  127, 64, 0
L 504.5348, 995.5822, -88.0413,  509.7082, 981.4179, -86.8070,  127, 64, 0
L 490.3677, 1001.9208, -88.8151,  504.5348, 995.5822, -88.1351,  127, 64, 0
L 476.1560, 995.6393, -88.2611,  490.3677, 1001.9208, -88.8253,  127, 64, 0
L 474.5890, 991.8144, -88.3731,  476.1560, 995.6393, -88.4515,  127, 64, 0
L 812.6200, 1555.0226, -44.9529,  870.2606, 1558.2904, -43.6733,  127, 127, 127
L 808.8051, 1613.9316, -48.5326,  812.6200, 1555.0226, -45.0381,  127, 127, 127
L 868.5702, 1617.2645, -49.4990,  808.8051, 1613.9316, -48.4214,  127, 127, 127
L 870.2606, 1558.2904, -43.7824,  868.5702, 1617.2645, -49.4990,  127, 127, 127
L 875.3884, 1423.0636, -34.3529,  872.9209, 1475.8909, -36.7316,  127, 127, 127
L 822.2854, 1420.1361, -34.4508,  875.3884, 1423.0636, -34.2341,  127, 127, 127
L 819.0357, 1473.6526, -37.1982,  822.2854, 1420.1361, -34.5680,  127, 127, 127
L 872.9209, 1475.8909, -36.6496,  819.0357, 1473.6526, -37.1155,  127, 127, 127
L 950.4886, 1425.4481, -38.0928,  947.6292, 1480.4153, -40.2821,  127, 127, 127
L 1004.1249, 1428.8960, -34.5821,  950.4886, 1425.4481, -38.0728,  127, 127, 127
L 1001.5009, 1482.2125, -34.7161,  1004.1249, 1428.8960, -34.2583,  127, 127, 127
L 947.6292, 1480.4153, -40.3602,  1001.5009, 1482.2125, -34.8289,  127, 127, 127
L 998.7961, 1566.2319, -39.0395,  996.9676, 1622.5284, -42.5173,  127, 127, 127
L 942.4318, 1562.3225, -45.7614,  998.7961, 1566.2319, -39.1270,  127, 127, 127
L 938.7916, 1621.6455, -49.4990,  942.4318, 1562.3225, -45.7578,  127, 127, 127
L 996.9676, 1622.5284, -42.7542,  938.7916, 1621.6455, -49.4990,  127, 127, 127
L 1053.8429, 1870.8262, -35.7376,  1053.6588, 1871.9943, -35.7519,  127, 64, 0
L 1048.7500, 1871.1476, -36.1753,  1053.8429, 1870.8262, -35.7766,  127, 64, 0
L 1047.8011, 1853.0450, -36.3053,  1048.7500, 1871.1476, -36.1753,  127, 64, 0
L 1065.8558, 1852.0701, -35.2696,  1047.8011, 1853.0450, -36.3053,  127, 64, 0
L 1066.8701, 1869.9229, -35.2300,  1065.8558, 1852.0701, -35.2696,  127, 64, 0
L 1062.5986, 1870.1989, -35.3603,  1066.8701, 1869.9229, -35.2300,  127, 64, 0
L 1062.7275, 1871.3976, -35.3902,  1062.5986, 1870.1989, -35.3975,  127, 64, 0
L 1062.7275, 1871.3976, -35.3584,  1068.1438, 1871.0348, -35.2018,  127, 64, 0
L 1047.7579, 1872.4404, -36.2212,  1053.6588, 1871.9943, -35.7832,  127, 64, 0
L 1046.4727, 1851.8798, -36.4804,  1047.7579, 1872.4404, -36.3192,  127, 64, 0
L 1066.9055, 1850.7903, -35.2449,  1046.4727, 1851.8798, -36.3932,  127, 64, 0
L 1068.1438, 1871.0348, -35.1789,  1066.9055, 1850.7903, -35.2167,  127, 64, 0
L 1096.0322, 1909.6204, -34.1145,  1094.8618, 1909.5504, -34.1782,  127, 64, 0
L 1097.6722, 1900.9833, -34.0401,  1096.6305, 1900.1066, -34.0748,  127, 64, 0
L 1095.3114, 1913.8032, -34.1190,  1112.8711, 1917.2944, -33.4331,  127, 64, 0
L 1095.3081, 1913.8157, -34.1192,  1096.0322, 1909.6204, -34.0933,  127, 64, 0
L 1098.6395, 1895.9874, -33.9890,  1097.6722, 1900.9833, -34.0185,  127, 64, 0
L 1116.2467, 1899.4972, -33.3013,  1098.6395, 1895.9874, -33.9890,  127, 64, 0
L 1112.8762, 1917.2708, -33.4329,  1116.2467, 1899.4972, -33.3013,  127, 64, 0
L 1094.8618, 1909.5504, -34.1385,  1093.8857, 1914.7710, -34.1692,  127, 64, 0
L 1097.6429, 1894.6923, -34.0337,  1096.6305, 1900.1066, -34.0637,  127, 64, 0
L 1117.5800, 1898.5144, -33.2825,  1097.6429, 1894.6923, -33.9920,  127, 64, 0
L 1113.9001, 1918.3900, -33.3767,  1117.5800, 1898.5144, -33.2385,  127, 64, 0
L 1093.8857, 1914.7710, -34.1463,  1113.9001, 1918.3900, -33.4198,  127, 64, 0
L 122.4194, 2245.3923, -56.7808,  122.4194, 2245.3923, -56.7808,  0, 0, 0
L -1184.0944, 2403.3889, 102.9217,  246.0397, 2406.1421, -48.3041,  0, 0, 0
L -1249.7557, 2063.9316, 48.7711,  -1184.0944, 2403.3889, 102.9217,  0, 0, 0
L -1364.1165, 2021.5286, -60.6472,  -1249.7557, 2063.9316, 48.7711,  0, 0, 240
L -1359.2589, 2006.0411, -60.7480,  -1364.1165, 2021.5286, -60.6472,  0, 0, 240
L -1348.1368, 1988.3115, -60.6982,  -1359.2589, 2006.0411, -60.7480,  0, 0, 240
L -1340.1315, 1998.0524, -59.9583,  -1348.1368, 1988.3115, -60.6982,  0, 0, 240
L -1247.5516, 1940.8110, -60.2366,  -1340.1315, 1998.0524, -59.9583,  0, 0, 240
L -1199.9757, 1953.4817, -60.3228,  -1247.5516, 1940.8110, -60.2366,  0, 0, 240
L -1186.8231, 1907.6415, -60.7089,  -1199.9757, 1953.4817, -60.3228,  0, 0, 240
L -1175.0167, 1879.9954, -60.1647,  -1186.8231, 1907.6415, -60.7089,  0, 0, 240
L -1157.8334, 1806.1088, -60.5931,  -1175.0167, 1879.9954, -60.1647,  0, 0, 240
L -1159.5226, 1795.0057, -60.6103,  -1157.8334, 1806.1088, -60.5931,  0, 0, 240
L -1159.3259, 1705.2816, -60.3806,  -1159.5226, 1795.0057, -60.6103,  0, 0, 240
L -1163.6495, 1690.3378, -60.6188,  -1159.3259, 1705.2816, -60.3806,  0, 0, 240
L -1169.8633, 1605.9396, -60.5997,  -1163.6495, 1690.3378, -60.6188,  0, 0, 240
L -1175.8636, 1578.5078, -60.6067,  -1169.8633, 1605.9396, -60.5997,  0, 0, 240
L -1176.2424, 1505.2676, -60.7237,  -1175.8636, 1578.5078, -60.6067,  0, 0, 240
L -1182.3490, 1472.2275, -60.6627,  -1176.2424, 1505.2676, -60.7237,  0, 0, 240
L -1182.3495, 1403.5310, -60.6193,  -1182.3490, 1472.2275, -60.6627,  0, 0, 240
L -1183.9391, 1370.7490, -60.5080,  -1182.3495, 1403.5310, -60.6193,  0, 0, 240
L -1184.4364, 1203.8815, -60.6993,  -1183.9391, 1370.7490, -60.5080,  0, 0, 240
L -1182.2543, 1173.5708, -60.6073,  -1184.4364, 1203.8815, -60.6993,  0, 0, 240
L -1182.2451, 1105.0807, -60.6501,  -1182.2543, 1173.5708, -60.6073,  0, 0, 240
L -1179.3442, 1075.3198, -60.6732,  -1182.2451, 1105.0807, -60.6501,  0, 0, 240
L -1179.0955, 1005.6439, -60.5903,  -1179.3442, 1075.3198, -60.6732,  0, 0, 240
L -1173.9961, 979.7861, -60.6713,  -1179.0955, 1005.6439, -60.5903,  0, 0, 240
L -1173.6281, 904.9767, -60.5711,  -1173.9961, 979.7861, -60.6713,  0, 0, 240
L -1169.4679, 884.1205, -60.6402,  -1173.6281, 904.9767, -60.5711,  0, 0, 240
L -1148.1578, 860.7351, -60.6768,  -1169.4679, 884.1205, -60.6402,  0, 0, 240
L -1093.7488, 861.1689, -60.5676,  -1148.1578, 860.7351, -60.6768,  0, 0, 240
L -1048.3619, 892.3895, -60.7891,  -1093.7488, 861.1689, -60.5676,  0, 0, 240
L -961.1533, 892.3188, -60.9103,  -1048.3619, 892.3895, -60.7891,  0, 0, 240
L -950.2958, 893.9582, -60.2390,  -961.1533, 892.3188, -60.9103,  0, 0, 240
L -859.8873, 893.8978, -60.2402,  -950.2958, 893.9582, -60.2390,  0, 0, 240
L -848.6151, 887.8741, -60.5083,  -859.8873, 893.8978, -60.2402,  0, 0, 240
L -780.5414, 887.5781, -60.6840,  -848.6151, 887.8741, -60.5083,  0, 0, 240
L -765.5464, 879.3462, -60.5706,  -780.5414, 887.5781, -60.6840,  0, 0, 240
L -755.2646, 805.8794, -60.7569,  -765.5464, 879.3462, -60.5706,  0, 0, 240
L -751.5038, 802.7577, -60.1920,  -755.2646, 805.8794, -60.7569,  0, 0, 240
L -748.4199, 800.6415, -60.8925,  -751.5038, 802.7577, -60.1920,  0, 0, 240
L -662.3954, 791.1317, -60.2749,  -748.4199, 800.6415, -60.8925,  0, 0, 240
L -662.6423, 706.3843, -60.4732,  -662.3954, 791.1317, -60.2749,  0, 0, 240
L -648.4064, 664.9511, -60.6511,  -662.6423, 706.3843, -60.4732,  0, 0, 240
L -593.5354, 660.9910, -60.5579,  -648.4064, 664.9511, -60.6511,  0, 0, 240
L -622.4095, 605.6030, -60.6772,  -593.5354, 660.9910, -60.5579,  0, 0, 240
L -584.3513, 569.3951, -59.9961,  -622.4095, 605.6030, -60.6772,  0, 0, 240
L -579.6339, 505.6921, -59.4322,  -584.3513, 569.3951, -59.9961,  0, 0, 240
L -575.6768, 479.5744, -60.4193,  -579.6339, 505.6921, -59.4322,  0, 0, 240
L -548.8874, 435.7368, -60.4152,  -575.6768, 479.5744, -60.4193,  0, 0, 240
L -528.8052, 424.9807, -60.2408,  -548.8874, 435.7368, -60.4152,  0, 0, 240
L -531.5417, 405.7145, -59.8248,  -528.8052, 424.9807, -60.2408,  0, 0, 240
L -493.3012, 361.0273, -60.3871,  -531.5417, 405.7145, -59.8248,  0, 0, 240
L -448.6440, 327.7192, -60.4266,  -493.3012, 361.0273, -60.3871,  0, 0, 240
L -418.8054, 335.3005, -60.4584,  -448.6440, 327.7192, -60.4266,  0, 0, 240
L -349.1118, 313.1158, -60.3657,  -418.8054, 335.3005, -60.4584,  0, 0, 240
L -248.1140, 323.0083, -60.5733,  -349.1118, 313.1158, -60.3657,  0, 0, 240
L -231.3223, 323.3729, -60.3668,  -248.1140, 323.0083, -60.5733,  0, 0, 240
L -149.0110, 314.5442, -60.5792,  -231.3223, 323.3729, -60.3668,  0, 0, 240
L -128.3109, 325.5213, -60.6768,  -149.0110, 314.5442, -60.5792,  0, 0, 240
L -116.6341, 305.7898, -60.7363,  -128.3109, 325.5213, -60.6768,  0, 0, 240
L -57.1694, 297.6921, -59.9661,  -116.6341, 305.7898, -60.7363,  0, 0, 240
L -48.3505, 281.2103, -60.5386,  -57.1694, 297.6921, -59.9661,  0, 0, 240
L 22.1435, 276.8407, -60.7906,  -48.3505, 281.2103, -60.5386,  0, 0, 240
L 23.1535, 205.3866, -60.5467,  22.1435, 276.8407, -60.7906,  0, 0, 240
L 36.1367, 190.6535, -60.7918,  23.1535, 205.3866, -60.5467,  0, 0, 240
L 39.0984, 105.9211, -60.2616,  36.1367, 190.6535, -60.7918,  0, 0, 240
L 42.7313, 96.5751, -60.0617,  39.0984, 105.9211, -60.2616,  0, 0, 240
L 50.3626, -3.9092, -60.2143,  42.7313, 96.5751, -60.0617,  0, 0, 240
L 63.5260, -59.5201, -60.6264,  63.5260, -59.5201, -60.6264,  127, 127, 127
L 67.3114, -93.9270, -60.6733,  71.7704, -58.6342, -60.6697,  0, 0, 240
L 51.3297, -136.4251, -60.6878,  67.3114, -93.9270, -60.6733,  0, 0, 240
L 47.7224, -194.7152, -60.4030,  51.3297, -136.4251, -60.6878,  0, 0, 240
L 40.5661, -292.3678, -60.2747,  47.7224, -194.7152, -60.4030,  0, 0, 240
L 40.9888, -304.8965, -60.1071,  40.5661, -292.3678, -60.2747,  0, 0, 240
L 51.9052, -394.3681, -60.2795,  40.9888, -304.8965, -60.1071,  0, 0, 240
L 77.2733, -468.6032, -60.4347,  51.9052, -394.3681, -60.2795,  0, 0, 240
L 113.0727, -494.2435, -60.4583,  77.2733, -468.6032, -60.4347,  0, 0, 240
L 133.1458, -512.4367, -60.2227,  113.0727, -494.2435, -60.4583,  0, 0, 240
L 150.7189, -518.1435, -60.4794,  133.1458, -512.4367, -60.2227,  0, 0, 240
L 218.9733, -527.3246, -60.6666,  150.7189, -518.1435, -60.4794,  0, 0, 240
L 251.1458, -538.5926, -60.2737,  218.9733, -527.3246, -60.6666,  0, 0, 240
L 307.0738, -538.4226, -60.1375,  251.1458, -538.5926, -60.2737,  0, 0, 240
L 351.9776, -528.0004, -60.6889,  307.0738, -538.4226, -60.1375,  0, 0, 240
L 450.8331, -495.6881, -60.4095,  351.9776, -528.0004, -60.6889,  0, 0, 240
L 455.1398, -494.1459, -60.6681,  450.8331, -495.6881, -60.4095,  0, 0, 240
L 550.8552, -416.9747, -60.2726,  455.1398, -494.1459, -60.6681,  0, 0, 240
L 728.4584, -417.3337, -60.6347,  550.8552, -416.9747, -60.2726,  0, 0, 240
L 751.2072, -475.9910, -60.6916,  728.4584, -417.3337, -60.6347,  0, 0, 240
L 769.8469, -475.8893, -60.6369,  751.2072, -475.9910, -60.6916,  0, 0, 240
L 769.5578, -493.9420, -60.6764,  769.8469, -475.8893, -60.6369,  0, 0, 240
L 840.6733, -505.3549, -60.2480,  769.5578, -493.9420, -60.6764,  0, 0, 240
L 851.3130, -589.9714, -60.7191,  840.6733, -505.3549, -60.2480,  0, 0, 240
L 853.6252, -591.4628, -60.6685,  851.3130, -589.9714, -60.7191,  0, 0, 240
L 855.5703, -594.5339, -60.6321,  853.6252, -591.4628, -60.6685,  0, 0, 240
L 926.9701, -618.3654, -60.5101,  855.5703, -594.5339, -60.6321,  0, 0, 240
L 929.0208, -694.7128, -60.9552,  926.9701, -618.3654, -60.5101,  0, 0, 240
L 938.6893, -707.3452, -60.4115,  929.0208, -694.7128, -60.9552,  0, 0, 240
L 949.2028, -796.1600, -60.3285,  938.6893, -707.3452, -60.4115,  0, 0, 240
L 1023.4713, -822.0140, -60.3786,  949.2028, -796.1600, -60.3285,  0, 0, 240
L 1050.8748, -880.2422, -60.5923,  1023.4713, -822.0140, -60.3786,  0, 0, 240
L 1084.8356, -894.5775, -60.6748,  1050.8748, -880.2422, -60.5923,  0, 0, 240
L 1151.5161, -902.5594, -59.7388,  1084.8356, -894.5775, -60.6748,  0, 0, 240
L 1160.3171, -909.4170, -59.1860,  1151.5161, -902.5594, -59.7388,  0, 0, 240
L 1138.8445, 2405.7341, 41.0525,  1160.3171, -909.4170, -59.1860,  0, 0, 0
L 346.4776, 2408.8623, -44.4939,  1138.8445, 2405.7341, 41.0525,  0, 0, 0
L 333.3183, 2408.5139, -45.1368,  269.6308, 2408.6365, -45.1042,  127, 127, 127
L 346.6712, 2408.2683, -45.1368,  332.9277, 2408.6741, -45.0830,  127, 127, 127
L 341.8632, 2338.5969, -49.4990,  346.6712, 2408.2683, -45.4772,  127, 127, 127
L 306.1161, 2341.2346, -49.4990,  341.8632, 2338.5969, -49.4990,  127, 127, 127
L 304.8942, 2327.3489, -49.4990,  306.1161, 2341.2346, -49.4990,  127, 127, 127
L 277.8441, 2329.5818, -49.4837,  304.0708, 2327.4854, -49.4990,  127, 127, 127
L 278.1772, 2343.2954, -49.4990,  277.4021, 2329.8220, -49.4990,  127, 127, 127
L 241.1364, 2345.8511, -49.4990,  278.1772, 2343.2954, -49.4990,  127, 127, 127
L 246.1963, 2408.0676, -45.1368,  241.1364, 2345.8511, -49.4990,  127, 127, 127
L 269.9077, 2408.7444, -44.9444,  246.1963, 2408.0676, -45.1368,  127, 127, 127
L 424.1202, 2625.8826, -45.0927,  391.6635, 2659.3845, -45.0927,  0, 0, 0
L 410.2319, 2593.6719, -45.0927,  424.1202, 2625.8826, -45.0927,  0, 0, 0
L 396.7198, 2583.3440, -45.0927,  410.2319, 2593.6719, -45.0927,  0, 0, 0
L 386.8794, 2583.3438, -45.0927,  396.7198, 2583.3440, -45.0927,  0, 0, 0
L 348.0302, 2572.4771, -45.0927,  386.8794, 2583.3438, -45.0927,  0, 0, 0
L 297.9632, 2530.5452, -44.9987,  348.0302, 2572.4771, -45.0927,  0, 0, 0
L 270.5864, 2409.4434, -44.8746,  297.9632, 2530.5452, -44.9987,  0, 0, 0
L 325.9088, 2530.7500, -44.9994,  332.9277, 2408.6741, -44.8821,  0, 0, 0
L 354.8285, 2551.2056, -45.0927,  325.9088, 2530.7500, -44.9994,  0, 0, 0
L 383.0029, 2564.8113, -45.0927,  354.8285, 2551.2056, -45.0927,  0, 0, 0
L 400.2499, 2563.9114, -45.0927,  383.0029, 2564.8113, -45.0927,  0, 0, 0
L 429.1836, 2581.0791, -45.0927,  400.2499, 2563.9114, -45.0927,  0, 0, 0
L 452.6970, 2627.5107, -45.0927,  429.1836, 2581.0791, -45.0927,  0, 0, 0
L 418.9987, 2664.7512, -45.0927,  452.6970, 2627.5107, -45.0927,  0, 0, 0
L 87.3675, -29.5451, -47.5428,  87.3675, -29.5451, -47.5428,  127, 127, 127
L 138.0434, -7.4040, -47.5428,  137.0228, -3.9281, -47.5428,  127, 127, 127
L 131.6575, -58.6452, -47.5428,  138.4765, -3.9284, -47.5428,  127, 127, 127
L -255.8005, -58.5739, -50.8841,  131.6575, -58.6452, -47.5428,  127, 127, 127
L -253.2090, -3.8432, -51.0597,  -255.8005, -58.5739, -51.0597,  127, 127, 127
L 138.4765, -3.9284, -51.2635,  -253.2090, -3.8432, -51.0597,  127, 127, 127
L -1706.1543, -2314.7778, -60.3069,  -245.2094, -2394.8984, -48.7113,  0, 0, 0
L -252.2418, -2394.5132, -48.7113,  -256.4826, -2308.8228, -48.7327,  127, 127, 127
L -241.8858, -2308.1050, -48.7205,  -155.7844, -2303.6431, -49.4990,  127, 127, 127
L -155.7844, -2303.6431, -49.4990,  -151.2090, -2394.2412, -49.2191,  127, 127, 127
L -152.1951, -2394.4207, -48.6368,  -155.7578, -2394.2886, -48.6368,  127, 127, 127
L -155.7578, -2394.2886, -48.6368,  -157.1762, -2390.5532, -48.6368,  127, 127, 127
L -157.1762, -2390.5532, -48.6368,  -165.0546, -2390.8655, -48.6368,  127, 127, 127
L -165.0546, -2390.8655, -48.6368,  -167.1153, -2398.4670, -48.6368,  127, 127, 127
L -166.0873, -2394.6750, -48.6368,  -192.1387, -2394.4268, -48.6368,  127, 127, 127
L -192.1387, -2394.4268, -48.4043,  -192.9608, -2526.4114, -48.4963,  0, 0, 0
L -192.9608, -2526.4114, -48.4963,  -273.8744, -2526.5024, -48.4061,  0, 0, 0
L -273.8744, -2526.5024, -48.4052,  -290.5312, -2543.1501, -48.4052,  0, 0, 0
L -290.5312, -2543.1501, -48.4052,  -290.5312, -2560.0906, -48.4052,  0, 0, 0
L -290.5312, -2560.0906, -48.4052,  -278.1016, -2572.5234, -48.4052,  0, 0, 0
L -304.2813, -2573.0286, -48.4052,  -304.2812, -2528.0908, -48.4052,  0, 0, 0
L -304.2812, -2528.0908, -48.4052,  -288.9400, -2512.7495, -48.4052,  0, 0, 0
L -288.9400, -2512.7495, -48.4052,  -224.7810, -2512.7183, -48.4672,  0, 0, 0
L -224.7810, -2512.7183, -48.4677,  -220.3830, -2506.2798, -48.4835,  0, 0, 0
L -220.3830, -2506.2798, -48.4954,  -218.2243, -2487.8616, -48.4369,  0, 0, 0
L -218.2243, -2487.8616, -48.4369,  -218.4726, -2394.9104, -48.3434,  0, 0, 0
L -240.4286, -2394.6426, -47.0668,  -237.6507, -2401.9316, -40.9268,  127, 127, 127
L -237.6507, -2401.9316, -38.2287,  -243.7777, -2406.8640, -34.4030,  127, 127, 127
L -243.7777, -2406.8640, -34.1452,  -250.3675, -2402.5569, -37.6493,  127, 127, 127
L -250.3675, -2402.5569, -39.7001,  -248.2364, -2394.7327, -46.4142,  127, 127, 127
L -219.6364, -2394.6726, -48.6368,  -245.2094, -2394.8984, -48.3132,  127, 127, 127
L -167.1153, -2398.4670, -43.0690,  -160.5348, -2402.7747, -39.5478,  127, 127, 127
L -160.5348, -2402.7747, -39.6070,  -154.4081, -2397.8430, -43.1655,  127, 127, 127
L -154.4081, -2397.8430, -46.3214,  -156.6819, -2391.8552, -48.6368,  127, 127, 127
L -171.3570, -2312.1257, -48.6368,  -164.7765, -2316.4336, -48.6368,  127, 127, 127
L -164.7765, -2316.4336, -48.6368,  -158.6498, -2311.5015, -48.6368,  127, 127, 127
L -158.6498, -2311.5015, -48.6368,  -161.4402, -2304.1533, -48.6368,  127, 127, 127
L -161.4402, -2304.1533, -48.7494,  -169.3004, -2304.5393, -48.7494,  127, 127, 127
L -169.3004, -2304.5393, -48.6368,  -171.3570, -2312.1257, -48.6368,  127, 127, 127
L -241.8924, -2315.5906, -48.6368,  -248.0194, -2320.5227, -48.6368,  127, 127, 127
L -248.0194, -2320.5227, -48.6368,  -254.6092, -2316.2158, -48.6368,  127, 127, 127
L -254.6092, -2316.2158, -48.6368,  -252.5428, -2308.6292, -48.6368,  127, 127, 127
L -256.4826, -2308.8228, -48.7493,  -241.8858, -2308.1050, -48.7495,  127, 127, 127
L -244.6895, -2308.2505, -48.6368,  -241.8924, -2315.5906, -48.6368,  127, 127, 127
L 748.3672, -902.0829, -52.9884,  748.3672, -902.0829, -52.9884,  0, 0, 240
L 1161.4900, -1090.4679, -61.4024,  1155.3834, -1094.2256, -60.9396,  0, 0, 240
L 1155.3834, -1094.2256, -60.9396,  1151.3641, -1106.2318, -60.3146,  0, 0, 240
L 1151.3641, -1106.2318, -60.3146,  995.2632, -1150.3109, -60.6247,  0, 0, 240
L 995.2632, -1150.3109, -60.6247,  994.4995, -1094.7277, -60.7169,  0, 0, 240
L 994.4995, -1094.7277, -60.7169,  961.0526, -1084.5883, -60.6272,  0, 0, 240
L 961.0526, -1084.5883, -60.6272,  861.2319, -1083.6365, -60.2283,  0, 0, 240
L 861.2319, -1083.6365, -60.2283,  851.0663, -1053.2570, -60.4643,  0, 0, 240
L 851.0663, -1053.2570, -60.4643,  793.2112, -1052.7433, -60.6019,  0, 0, 240
L 793.2112, -1052.7433, -60.6019,  792.8712, -994.6096, -60.6494,  0, 0, 240
L 792.8712, -994.6096, -60.6494,  762.7634, -982.6875, -60.5618,  0, 0, 240
L 762.7634, -982.6875, -60.5618,  758.1370, -886.6752, -60.3977,  0, 0, 240
L 758.1370, -886.6752, -60.3977,  750.8245, -879.7811, -60.5055,  0, 0, 240
L 750.8245, -879.7811, -60.5055,  697.4878, -848.2219, -60.7223,  0, 0, 240
L 697.4878, -848.2219, -60.7223,  686.0222, -794.1743, -60.6284,  0, 0, 240
L 686.0222, -794.1743, -60.6284,  672.4287, -773.1295, -60.7089,  0, 0, 240
L 672.4287, -773.1295, -60.7089,  656.9644, -693.8232, -60.4970,  0, 0, 240
L 656.9644, -693.8232, -60.4970,  656.3890, -688.5813, -60.6661,  0, 0, 240
L 656.3890, -688.5813, -60.6661,  551.3139, -686.6173, -60.4931,  0, 0, 240
L 551.3139, -686.6173, -60.4931,  525.4968, -694.4359, -60.3328,  0, 0, 240
L 525.4968, -694.4359, -60.3328,  451.4097, -748.6320, -60.4769,  0, 0, 240
L 451.4097, -748.6320, -60.4769,  387.0664, -758.9421, -60.4829,  0, 0, 240
L 387.0664, -758.9421, -60.4829,  351.6209, -781.3228, -60.1084,  0, 0, 240
L 351.6209, -781.3228, -60.1084,  264.7398, -781.6050, -60.1516,  0, 0, 240
L 264.7398, -781.6050, -60.1516,  251.9029, -782.8464, -60.1129,  0, 0, 240
L 251.9029, -782.8464, -60.1129,  163.2839, -782.2364, -60.7663,  0, 0, 240
L 163.2839, -782.2364, -60.7663,  151.0793, -780.5184, -60.5641,  0, 0, 240
L 151.0793, -780.5184, -60.5641,  65.2612, -781.1184, -60.0746,  0, 0, 240
L 65.2612, -781.1184, -60.0746,  51.7647, -756.3315, -60.8501,  0, 0, 240
L 51.7647, -756.3315, -60.8501,  -10.6644, -756.1522, -60.6591,  0, 0, 240
L -10.6644, -756.1522, -60.6591,  -20.5899, -694.1860, -60.5788,  0, 0, 240
L -20.5899, -694.1860, -60.5788,  -49.0051, -685.8626, -60.3831,  0, 0, 240
L -49.0051, -685.8626, -60.3831,  -128.0164, -673.5687, -60.0829,  0, 0, 240
L -128.0164, -673.5687, -60.0829,  -131.1933, -594.4441, -60.2063,  0, 0, 240
L -131.1933, -594.4441, -60.2063,  -148.7819, -520.2225, -60.5302,  0, 0, 240
L -148.7819, -520.2225, -60.5302,  -157.4020, -503.1216, -60.6838,  0, 0, 240
L -157.4020, -503.1216, -60.6838,  -167.4719, -494.3929, -60.6837,  0, 0, 240
L -167.4719, -494.3929, -60.6837,  -196.4126, -441.0016, -60.4868,  0, 0, 240
L -196.4126, -441.0016, -60.4868,  -215.1563, -394.1446, -60.6671,  0, 0, 240
L -215.1563, -394.1446, -60.6671,  -220.3362, -365.1929, -60.6033,  0, 0, 240
L -220.3362, -365.1929, -60.6033,  -220.3108, -194.4984, -60.6133,  0, 0, 240
L -220.3108, -194.4984, -60.6133,  -227.5670, -173.4591, -60.6879,  0, 0, 240
L -227.5670, -173.4591, -60.6879,  -234.4286, -94.3572, -60.4672,  0, 0, 240
L -234.4286, -94.3572, -60.4672,  -237.4345, -82.3085, -60.4963,  0, 0, 240
L -237.4345, -82.3085, -60.4963,  -237.8127, -58.5772, -60.0695,  0, 0, 240
L -236.3006, -2.7917, -60.2680,  -236.3006, 5.1315, -60.1733,  0, 0, 240
L -236.3006, 5.1315, -60.1733,  -238.5675, 16.3039, -60.4653,  0, 0, 240
L -238.5675, 16.3039, -60.4653,  -249.0545, 83.0734, -60.5946,  0, 0, 240
L -249.0545, 83.0734, -60.5946,  -254.8454, 99.7514, -60.4155,  0, 0, 240
L -254.8454, 99.7514, -60.4155,  -348.7772, 104.6747, -60.6327,  0, 0, 240
L -348.7772, 104.6747, -60.6327,  -351.4805, 102.9119, -60.5412,  0, 0, 240
L -351.4805, 102.9119, -60.5412,  -376.7860, 106.0381, -60.7731,  0, 0, 240
L -376.7860, 106.0381, -60.7731,  -447.6594, 106.8802, -60.3918,  0, 0, 240
L -447.6594, 106.8802, -60.3918,  -539.7637, 114.1882, -60.3339,  0, 0, 240
L -539.7637, 114.1882, -60.3339,  -548.4594, 117.7049, -60.2419,  0, 0, 240
L -548.4594, 117.7049, -60.2419,  -644.6625, 109.7441, -60.5477,  0, 0, 240
L -644.6625, 109.7441, -60.5477,  -606.1827, 205.5091, -60.4444,  0, 0, 240
L -606.1827, 205.5091, -60.4444,  -615.8687, 238.2083, -60.2556,  0, 0, 240
L -615.8687, 238.2083, -60.2556,  -648.6598, 252.0664, -60.0706,  0, 0, 240
L -648.6598, 252.0664, -60.0706,  -731.5083, 222.8342, -60.4480,  0, 0, 240
L -731.5083, 222.8342, -60.4480,  -732.3451, 305.6178, -60.2552,  0, 0, 240
L -732.3451, 305.6178, -60.2552,  -738.8685, 314.9502, -60.2266,  0, 0, 240
L -738.8685, 314.9502, -60.2266,  -748.6203, 357.5389, -60.6741,  0, 0, 240
L -748.6203, 357.5389, -60.6741,  -795.9486, 357.5645, -60.6374,  0, 0, 240
L -795.9486, 357.5645, -60.6374,  -797.0910, 405.5007, -60.6174,  0, 0, 240
L -797.0910, 405.5007, -60.6174,  -832.9846, 421.0000, -60.5842,  0, 0, 240
L -832.9846, 421.0000, -60.5842,  -831.0504, 505.1999, -60.6317,  0, 0, 240
L -831.0504, 505.1999, -60.6317,  -836.7112, 517.4842, -60.4515,  0, 0, 240
L -836.7112, 517.4842, -60.4515,  -848.8984, 553.8719, -60.6463,  0, 0, 240
L -848.8984, 553.8719, -60.6463,  -871.5848, 583.2365, -60.5397,  0, 0, 240
L -871.5848, 583.2365, -60.5397,  -882.8273, 605.6124, -60.6800,  0, 0, 240
L -882.8273, 605.6124, -60.6800,  -927.5282, 627.0956, -60.1797,  0, 0, 240
L -927.5282, 627.0956, -60.1797,  -948.3859, 641.1664, -60.3289,  0, 0, 240
L -948.3859, 641.1664, -60.3289,  -1024.5051, 630.1042, -61.0313,  0, 0, 240
L -1024.5051, 630.1042, -61.0313,  -1048.3848, 622.2095, -59.6984,  0, 0, 240
L -1048.3848, 622.2095, -59.6984,  -1062.3480, 605.7188, -59.8443,  0, 0, 240
L -1063.1478, 605.8112, -60.7218,  -1081.9259, 506.2604, -60.0751,  0, 0, 240
L -1081.9259, 506.2604, -60.0751,  -1153.2051, 405.5168, -59.9478,  0, 0, 240
L -1153.2051, 405.5168, -59.9478,  -1155.5350, 306.3516, -60.5633,  0, 0, 240
L -1155.5350, 306.3516, -60.5633,  -1163.5203, 205.6048, -60.2227,  0, 0, 240
L -1163.5203, 205.6048, -60.2227,  -1196.6243, 106.5980, -60.5472,  0, 0, 240
L -1196.6243, 106.5980, -60.5472,  -1195.3513, 5.4324, -60.4688,  0, 0, 240
L -1195.3513, 5.4324, -60.4688,  -1192.8545, -37.6397, -60.4781,  0, 0, 240
L -1192.8545, -37.6397, -60.4781,  -1167.7196, -94.0441, -60.6264,  0, 0, 240
L -1167.7196, -94.0441, -60.6264,  -1166.7822, -129.3902, -60.5878,  0, 0, 240
L -1166.6227, -149.4036, -60.4971,  -1166.6312, -196.6375, -60.5804,  0, 0, 240
L -1166.6312, -196.6375, -60.5804,  -1165.6776, -211.8083, -60.5521,  0, 0, 240
L -1165.6776, -211.8083, -60.5521,  -1168.7014, -293.6613, -60.6517,  0, 0, 240
L -1168.7014, -293.6613, -60.6517,  -1166.1550, -312.1923, -60.1811,  0, 0, 240
L -1166.1550, -312.1923, -60.1811,  -1198.1785, -393.9324, -60.3979,  0, 0, 240
L -1198.1785, -393.9324, -60.3979,  -1195.8545, -440.6397, -60.8370,  0, 0, 240
L -1195.8545, -440.6397, -60.8370,  -1159.8226, -493.8826, -60.4676,  0, 0, 240
L -1159.8226, -493.8826, -60.4676,  -1159.4279, -604.7432, -60.4894,  0, 0, 240
L -1159.4279, -604.7432, -60.4894,  -1186.2120, -693.1341, -60.8701,  0, 0, 240
L -1186.2120, -693.1341, -60.8701,  -1186.1642, -931.9166, -60.8599,  0, 0, 240
L -1186.1642, -931.9166, -60.8599,  -1159.4429, -994.2913, -60.6168,  0, 0, 240
L -1159.4429, -994.2913, -60.6168,  -1159.6503, -1193.3958, -60.6974,  0, 0, 240
L -1159.6503, -1193.3958, -60.6974,  -1161.2930, -1206.4181, -60.9275,  0, 0, 240
L -1161.2930, -1206.4181, -60.9275,  -1174.9849, -1293.9377, -60.7781,  0, 0, 240
L -1174.9849, -1293.9377, -60.7781,  -1176.7129, -1322.0883, -60.8819,  0, 0, 240
L -1176.7129, -1322.0883, -60.8819,  -1191.2054, -1394.5455, -60.5562,  0, 0, 240
L -1191.2054, -1394.5455, -60.5562,  -1193.8945, -1439.8171, -60.1459,  0, 0, 240
L -1193.8945, -1439.8171, -60.1459,  -1202.9988, -1494.7911, -60.5987,  0, 0, 240
L -1202.9988, -1494.7911, -60.5987,  -1206.4967, -1552.1313, -60.5886,  0, 0, 240
L -1206.4967, -1552.1313, -60.5886,  -1207.2480, -1593.6548, -60.4575,  0, 0, 240
L -1207.2480, -1593.6548, -60.4575,  -1211.4250, -1656.7283, -60.6039,  0, 0, 240
L -1211.4250, -1656.7283, -60.6039,  -1174.9060, -1694.0394, -60.5933,  0, 0, 240
L -1174.9060, -1694.0394, -60.5933,  -1175.2996, -1820.1522, -60.7362,  0, 0, 240
L -1175.2996, -1820.1522, -60.7362,  -1191.0388, -1893.9341, -60.6981,  0, 0, 240
L -1191.0388, -1893.9341, -60.6981,  -1187.5449, -1933.4075, -60.5189,  0, 0, 240
L -1187.5449, -1933.4075, -60.5189,  -1187.9578, -1994.4874, -60.7943,  0, 0, 240
L -1187.9578, -1994.4874, -60.7943,  -1167.5552, -2094.2715, -60.7903,  0, 0, 240
L -1167.5552, -2094.2715, -60.7903,  -1193.4619, -2138.4429, -60.7329,  0, 0, 240
L -1193.4619, -2138.4429, -60.7329,  -1193.7667, -2194.1948, -60.6168,  0, 0, 240
L -1193.7667, -2194.1948, -60.6168,  -1248.5851, -2212.0691, -60.5972,  0, 0, 240
L -1248.5851, -2212.0691, -60.5972,  -1303.9993, -2194.0293, -60.5599,  0, 0, 240
L -1303.9993, -2194.0293, -60.5599,  -1348.1343, -2169.2886, -60.6016,  0, 0, 240
L -1348.1343, -2169.2886, -60.6016,  -1373.9081, -2167.9812, -60.6578,  0, 0, 240
L -1373.9081, -2167.9812, -60.6578,  -1448.4434, -2150.1228, -60.5898,  0, 0, 240
L -1448.4434, -2150.1228, -60.5898,  -1495.3933, -2145.9524, -60.8162,  0, 0, 240
L -1495.3933, -2145.9524, -60.8162,  -1548.4144, -2137.4536, -60.6348,  0, 0, 240
L -1548.4144, -2137.4536, -60.6348,  -1646.0140, -2096.0710, -60.7874,  0, 0, 240
L -1646.0140, -2096.0710, -60.7874,  -1626.5811, -2194.6033, -60.5295,  0, 0, 240
L -1626.5811, -2194.6033, -60.5295,  -1624.4133, -2217.9072, -60.6034,  0, 0, 240
L -1624.4133, -2217.9072, -60.6034,  -1647.9271, -2214.9941, -60.6519,  0, 0, 240
L -1647.9271, -2214.9941, -60.6519,  -1707.0176, -2294.6140, -60.8477,  0, 0, 240
L -1707.0176, -2294.6140, -60.8477,  -1706.6865, -2314.6360, -60.6403,  0, 0, 240
L -151.7578, -2394.6819, -48.6478,  1169.9304, -2399.1685, 35.1676,  0, 0, 0
L 1169.9304, -2399.1685, 35.1676,  1161.4900, -1090.4679, -59.0695,  0, 0, 0
L 343.9091, 2391.1362, -45.1368,  337.8961, 2396.2173, -45.1368,  127, 127, 127
L 337.8961, 2396.2173, -45.1368,  331.2114, 2392.0723, -45.1368,  127, 127, 127
L 331.2114, 2392.0723, -45.1368,  333.0909, 2384.4375, -45.1368,  127, 127, 127
L 333.0909, 2384.4375, -45.1368,  340.9294, 2383.8591, -45.1368,  127, 127, 127
L 340.9294, 2383.8591, -45.1368,  343.9091, 2391.1362, -45.1368,  127, 127, 127
L 260.7823, 2397.2681, -45.1368,  257.7910, 2389.9377, -45.1368,  127, 127, 127
L 257.7910, 2389.9377, -45.1368,  249.9611, 2390.5818, -45.1368,  127, 127, 127
L 249.9611, 2390.5818, -45.1368,  248.0944, 2398.2039, -45.1368,  127, 127, 127
L 248.0944, 2398.2039, -45.1368,  254.7787, 2402.3489, -45.1368,  127, 127, 127
L 254.7787, 2402.3489, -45.1368,  260.7823, 2397.2681, -45.1368,  127, 127, 127
L 260.3290, 2396.1572, -45.1368,  258.3201, 2391.2341, -45.1368,  127, 127, 127
L 327.9010, 2347.1941, -45.1368,  329.7982, 2339.4873, -45.1368,  127, 127, 127
L 334.5859, 2351.3394, -45.1368,  327.9010, 2347.1941, -45.1368,  127, 127, 127
L 334.5859, 2351.3394, -45.1368,  340.5987, 2346.2581, -45.1368,  127, 127, 127
L 340.5987, 2346.2581, -45.1368,  337.5908, 2338.9126, -45.1368,  127, 127, 127
L 257.4719, 2352.3899, -45.1368,  254.4294, 2344.9341, -45.1368,  127, 127, 127
L 246.7087, 2345.4668, -45.1368,  244.7839, 2353.3259, -45.1368,  127, 127, 127
L 244.7839, 2353.3259, -45.1368,  251.4682, 2357.4709, -45.1368,  127, 127, 127
L 251.4682, 2357.4709, -45.1368,  257.4719, 2352.3899, -45.1368,  127, 127, 127
L -1213.5509, -129.6473, -51.7392,  -1213.5431, -149.3136, -51.7371,  127, 64, 0
L -1213.5431, -149.3136, -51.7371,  -1153.6261, -149.4285, -51.7351,  127, 64, 0
L -1161.0902, -129.7552, -51.7300,  -1161.0902, -126.0463, -51.7294,  127, 64, 0
L -1161.0902, -126.0463, -51.7288,  -1166.2092, -126.0463, -51.7282,  127, 64, 0
L -1166.2092, -126.0463, -51.7277,  -1166.2158, -129.7447, -51.7288,  127, 64, 0
L -1161.2660, -153.1244, -51.7274,  -1161.2660, -149.4139, -51.7269,  127, 64, 0
L -1161.2660, -153.1244, -51.7260,  -1166.3910, -153.1244, -51.7257,  127, 64, 0
L -1166.3910, -153.1244, -51.7251,  -1166.3910, -149.4041, -51.7248,  127, 64, 0
L -1185.4836, -130.3883, -51.7180,  -1185.4836, -130.3883, -51.7175,  127, 64, 0
L -1180.7465, -129.7148, -51.7395,  -1180.7465, -126.0463, -51.7388,  127, 64, 0
L -1180.7465, -126.0463, -51.7383,  -1185.8715, -126.0463, -51.7380,  127, 64, 0
L -1185.8715, -126.0463, -51.7375,  -1185.8715, -129.7042, -51.7371,  127, 64, 0
L -1185.9847, -149.3665, -51.7361,  -1185.9847, -153.1244, -51.7355,  127, 64, 0
L -1185.9847, -153.1244, -51.7348,  -1180.8674, -153.1244, -51.7340,  127, 64, 0
L -1180.8674, -153.1244, -51.7332,  -1180.8574, -149.3763, -51.7326,  127, 64, 0
L -1204.2759, -148.5072, -51.7228,  -1204.2759, -148.5072, -51.7225,  127, 64, 0
L -1202.7933, -149.3343, -51.7213,  -1202.7933, -153.1244, -51.7397,  127, 64, 0
L -1202.7933, -153.1244, -51.7389,  -1207.9182, -153.1244, -51.7382,  127, 64, 0
L -1207.9182, -153.1244, -51.7376,  -1207.9183, -149.3244, -51.7372,  127, 64, 0
L -1207.9143, -129.6336, -51.7365,  -1207.9214, -126.0463, -51.7359,  127, 64, 0
L -1207.9214, -126.0463, -51.7355,  -1202.8872, -126.0463, -51.7350,  127, 64, 0
L -1202.8872, -126.0463, -51.7346,  -1202.7816, -129.6695, -51.7341,  127, 64, 0
L -1213.5509, -129.6473, -51.7389,  -1153.7209, -129.7704, -51.7372,  127, 64, 0
L -1153.6261, -149.4285, -51.7339,  -1153.7209, -129.7704, -51.7329,  127, 64, 0
L 329.9622, -1027.1976, -55.4458,  338.1613, -1021.7333, -55.1101,  127, 127, 127
L 338.1613, -1021.7333, -55.0115,  343.6426, -1029.9874, -54.1514,  127, 127, 127
L 335.4754, -1035.4658, -53.7824,  329.9622, -1027.1976, -53.5344,  127, 127, 127
L 343.2097, -1018.3943, -53.4915,  348.6746, -1026.5616, -53.3199,  127, 127, 127
L 356.8156, -1021.1138, -52.7935,  351.3440, -1012.9457, -52.4681,  127, 127, 127
L 351.3440, -1012.9457, -52.3704,  343.2097, -1018.3943, -52.0764,  127, 127, 127
L 383.7645, -1025.6740, -56.3252,  392.0281, -1020.1558, -56.1454,  127, 127, 127
L 397.5723, -1028.4191, -57.0204,  389.2815, -1033.9653, -57.1507,  127, 127, 127
L 389.2815, -1033.9653, -57.0330,  383.7645, -1025.6740, -56.5489,  127, 127, 127
L 392.5910, -1038.8684, -57.6745,  400.9067, -1033.3187, -57.5288,  127, 127, 127
L 405.6054, -1040.3219, -58.2033,  405.6054, -1040.3219, -58.2033,  127, 127, 127
L 406.6114, -1041.8210, -58.3889,  398.1209, -1047.1791, -58.5489,  127, 127, 127
L 398.1209, -1047.1791, -58.4065,  392.5910, -1038.8684, -57.9028,  127, 127, 127
L 332.7479, -1061.5753, -59.3912,  338.3593, -1069.9535, -59.6433,  127, 127, 127
L 338.3593, -1069.9535, -59.9373,  329.9608, -1075.5868, -60.4578,  127, 127, 127
L 329.9608, -1075.5868, -60.5038,  324.3475, -1067.1663, -60.1979,  127, 127, 127
L 324.3475, -1067.1663, -59.9196,  332.7479, -1061.5753, -59.4742,  127, 127, 127
L 341.6222, -1074.7552, -60.2796,  333.1932, -1080.3654, -60.7617,  127, 127, 127
L 347.2525, -1083.1620, -60.4681,  341.6222, -1074.7552, -60.1715,  127, 127, 127
L 377.5742, -1078.3618, -60.7687,  369.1418, -1083.9958, -60.9282,  127, 127, 127
L 369.1418, -1083.9958, -61.1344,  374.7773, -1092.4592, -61.7205,  127, 127, 127
L 383.2394, -1086.7925, -61.4770,  377.5742, -1078.3618, -60.9230,  127, 127, 127
L 387.9812, -1083.5658, -61.3271,  382.3507, -1075.1199, -60.7585,  127, 127, 127
L 382.3507, -1075.1199, -60.5553,  390.7665, -1069.4913, -60.3976,  127, 127, 127
L 390.7665, -1069.4913, -60.5023,  396.4255, -1077.9053, -61.1327,  127, 127, 127
L 338.8256, -1088.8145, -61.1910,  347.2525, -1083.1620, -60.7126,  127, 127, 127
L 338.8256, -1088.8145, -61.2920,  333.1932, -1080.3654, -60.9730,  127, 127, 127
L 362.8336, -1066.9272, -59.1103,  352.5485, -1051.4059, -57.9595,  127, 127, 127
L 352.5485, -1051.4059, -57.6639,  367.9620, -1041.1324, -57.3063,  127, 127, 127
L 367.9620, -1041.1324, -57.4490,  378.3427, -1056.5388, -58.6916,  127, 127, 127
L 378.3427, -1056.5388, -58.8815,  362.8336, -1066.9272, -59.2693,  127, 127, 127
L 406.6114, -1041.8210, -58.1859,  400.9067, -1033.3187, -57.6922,  127, 127, 127
L 397.5723, -1028.4191, -56.8651,  392.0281, -1020.1558, -56.2095,  127, 127, 127
L 356.8156, -1021.1138, -55.2854,  348.6746, -1026.5616, -55.4495,  127, 127, 127
L 343.6426, -1029.9874, -56.3456,  335.4754, -1035.4658, -56.7865,  127, 127, 127
L 374.7773, -1092.4592, -61.8669,  383.2394, -1086.7925, -61.7159,  127, 127, 127
L 387.9812, -1083.5658, -61.4775,  396.4255, -1077.9053, -61.3515,  127, 127, 127
L -1008.8799, -2203.7629, -31.6811,  -988.0061, -2203.8237, -30.8273,  240, 240, 240
L -988.0061, -2203.8237, -30.7382,  -962.2656, -2248.4165, -30.3652,  240, 240, 240
L -962.2656, -2248.4165, -30.4141,  -988.0256, -2292.9905, -36.5589,  240, 240, 240
L -988.0256, -2292.9905, -37.0746,  -1039.4337, -2292.9309, -45.5532,  240, 240, 240
L -1039.4337, -2292.9309, -45.9100,  -1065.1835, -2248.4033, -42.6237,  240, 240, 240
L -1065.1835, -2248.4033, -42.2992,  -1039.4508, -2203.7695, -36.1756,  240, 240, 240
L -1039.4508, -2203.7695, -35.9135,  -1018.6298, -2203.7676, -31.6811,  240, 240, 240
L -1008.8799, -2203.7629, -30.8449,  -1008.8798, -2210.1118, -30.8449,  240, 240, 240
L -1018.6298, -2210.1116, -30.8449,  -1018.6298, -2203.7676, -30.8449,  240, 240, 240
L -1018.6298, -2210.1116, -31.4933,  -1035.8706, -2210.1118, -31.4933,  240, 240, 240
L -1035.8706, -2210.1118, -31.4933,  -1057.9717, -2248.4294, -31.4933,  240, 240, 240
L -1057.9717, -2248.4294, -31.4933,  -1035.8707, -2286.7131, -31.4933,  240, 240, 240
L -1035.8707, -2286.7131, -31.4933,  -991.6382, -2286.7134, -31.4933,  240, 240, 240
L -991.6382, -2286.7134, -31.4933,  -969.5303, -2248.4163, -31.4933,  240, 240, 240
L -969.5303, -2248.4163, -31.4933,  -991.6388, -2210.1118, -31.4933,  240, 240, 240
L -991.6388, -2210.1118, -31.4933,  -1008.8798, -2210.1118, -31.4933,  240, 240, 240
L -445.4624, -2169.8376, -43.2479,  -467.5711, -2131.5332, -43.2479,  240, 240, 240
L -467.5711, -2131.5332, -43.2479,  -445.4624, -2093.2363, -43.2479,  240, 240, 240
L -445.4624, -2093.2363, -43.2479,  -401.2305, -2093.2363, -43.2479,  240, 240, 240
L -401.2305, -2093.2363, -43.2479,  -379.1218, -2131.5332, -39.2743,  240, 240, 240
L -379.1218, -2131.5332, -39.2743,  -401.2305, -2169.8376, -43.2479,  240, 240, 240
L -401.2305, -2169.8376, -43.2479,  -418.4714, -2169.8376, -43.2479,  240, 240, 240
L -418.4714, -2169.8376, -42.5994,  -418.4714, -2176.1885, -42.5994,  240, 240, 240
L -428.2214, -2176.1902, -43.4354,  -449.0886, -2176.0933, -49.4990,  240, 240, 240
L -449.0886, -2176.0933, -49.4990,  -474.8062, -2131.5308, -49.4990,  240, 240, 240
L -474.8062, -2131.5308, -49.4990,  -449.0728, -2086.9641, -49.2842,  240, 240, 240
L -449.0728, -2086.9641, -49.4990,  -397.6092, -2086.9722, -49.4990,  240, 240, 240
L -397.6092, -2086.9722, -49.4990,  -371.6944, -2131.8762, -49.4990,  240, 240, 240
L -371.6944, -2131.8762, -49.4990,  -397.6329, -2176.1028, -49.4990,  240, 240, 240
L -416.6130, -2169.8376, -43.2479,  -416.6130, -2169.8376, -43.2479,  240, 240, 240
L -428.2214, -2169.8376, -43.2479,  -445.4623, -2169.8376, -43.2479,  240, 240, 240
L -428.2214, -2169.8376, -42.5994,  -428.2214, -2176.1902, -42.5994,  240, 240, 240
L -429.6225, -2169.8376, -43.2479,  -445.4623, -2169.8376, -43.2479,  240, 240, 240
L -418.4714, -2176.1885, -43.4354,  -397.6329, -2176.1028, -49.4990,  240, 240, 240
L -412.7839, -2176.1045, -49.4990,  -413.5756, -2191.6880, -49.4990,  240, 240, 240
L -413.5756, -2191.6880, -49.4990,  -431.4697, -2191.6055, -49.4832,  240, 240, 240
L -432.7292, -2176.1047, -49.4990,  -431.4697, -2191.6055, -49.2957,  240, 240, 240
L 1069.9924, -2196.4172, -24.5731,  1069.9908, -2180.0645, -23.8833,  240, 240, 240
L 1069.9908, -2180.0645, -23.7229,  1114.5551, -2154.3223, -20.3154,  240, 240, 240
L 1114.5551, -2154.3223, -20.1748,  1159.1600, -2180.0557, -11.2241,  240, 240, 240
L 1159.1600, -2180.0557, -9.6979,  1159.1448, -2231.5471, -14.2081,  240, 240, 240
L 1159.1448, -2231.5471, -16.7971,  1114.5406, -2257.2297, -27.3858,  240, 240, 240
L 1114.5406, -2257.2297, -27.5282,  1070.0039, -2231.5085, -27.4969,  240, 240, 240
L 1070.0039, -2231.5085, -27.4048,  1069.9990, -2216.3569, -26.2413,  240, 240, 240
L 1069.9114, -2216.3599, -26.2417,  1045.3131, -2215.6208, -26.8423,  240, 240, 240
L 1045.3131, -2215.6208, -26.8423,  1045.6045, -2203.9326, -26.4925,  240, 240, 240
L 1045.6045, -2203.9326, -26.4925,  1046.8346, -2198.9912, -26.0103,  240, 240, 240
L 1046.8346, -2198.9912, -26.0103,  1046.5740, -2197.4460, -26.1232,  240, 240, 240
L 1046.5740, -2197.4460, -26.1232,  1069.9092, -2196.4204, -24.5731,  240, 240, 240
L 1069.9092, -2196.4204, -16.9660,  1069.9053, -2200.9250, -16.9666,  240, 240, 240
L 1069.9047, -2210.6750, -16.9666,  1069.9114, -2216.3599, -16.9657,  240, 240, 240
L 1069.9053, -2200.9250, -16.1305,  1076.2504, -2200.9248, -16.1305,  240, 240, 240
L 1069.9047, -2210.6750, -16.1305,  1076.2502, -2210.6746, -16.1305,  240, 240, 240
L 1076.2502, -2210.6746, -16.7790,  1076.2504, -2227.9158, -16.7790,  240, 240, 240
L 1076.2504, -2227.9158, -16.7790,  1114.5548, -2250.0244, -16.7790,  240, 240, 240
L 1114.5548, -2250.0244, -16.7790,  1152.8518, -2227.9163, -16.7790,  240, 240, 240
L 1152.8518, -2227.9163, -16.7790,  1152.8518, -2183.6812, -16.7790,  240, 240, 240
L 1152.8518, -2183.6812, -16.7790,  1114.5548, -2161.5754, -16.7790,  240, 240, 240
L 1114.5548, -2161.5754, -16.7790,  1076.2504, -2183.6838, -16.7790,  240, 240, 240
L 1076.2504, -2183.6838, -16.7790,  1076.2504, -2200.9248, -16.7790,  240, 240, 240
L 762.7084, -1810.5388, -83.2951,  788.4489, -1765.9974, -79.8406,  240, 240, 240
L 788.4489, -1765.9974, -79.5615,  762.7315, -1721.4169, -77.5589,  240, 240, 240
L 762.7315, -1721.4169, -77.6532,  711.2491, -1721.4015, -74.7793,  240, 240, 240
L 711.2491, -1721.4015, -74.6646,  685.5073, -1765.9924, -76.2852,  240, 240, 240
L 685.5073, -1765.9924, -76.5871,  711.2494, -1810.5540, -80.5179,  240, 240, 240
L 727.6053, -1810.5518, -82.1519,  728.4388, -1827.0187, -80.5972,  240, 240, 240
L 728.4388, -1827.0187, -80.5972,  746.7389, -1830.5269, -81.9500,  240, 240, 240
L 746.7389, -1830.5269, -81.9500,  747.5506, -1810.5447, -84.0930,  240, 240, 240
L 716.3743, -1841.6685, -77.9508,  716.3743, -1841.6685, -77.9508,  240, 240, 240
L 732.1130, -1810.6473, -74.1426,  711.2494, -1810.5540, -80.5730,  240, 240, 240
L 741.8630, -1810.6503, -74.1426,  762.7084, -1810.5388, -83.4481,  240, 240, 240
L 732.1130, -1810.6473, -73.3066,  732.1131, -1804.2970, -73.3066,  240, 240, 240
L 741.8630, -1810.6503, -73.3066,  741.8630, -1804.2970, -73.3066,  240, 240, 240
L 759.1041, -1804.2970, -73.9550,  781.0433, -1766.2858, -72.0945,  240, 240, 240
L 781.0433, -1766.2858, -72.0945,  759.1041, -1727.6954, -73.9550,  240, 240, 240
L 759.1041, -1727.6954, -73.9550,  714.8720, -1727.6956, -73.9550,  240, 240, 240
L 714.8720, -1727.6956, -73.9550,  692.7635, -1765.9924, -73.9550,  240, 240, 240
L 692.7635, -1765.9924, -73.9550,  714.8721, -1804.2971, -73.9550,  240, 240, 240
L 730.5716, -1804.2970, -73.9550,  730.5716, -1804.2970, -73.9550,  240, 240, 240
L 732.1131, -1804.2970, -73.9550,  714.8719, -1804.2970, -73.9550,  240, 240, 240
L 741.8630, -1804.2970, -73.9550,  759.1039, -1804.2970, -73.9550,  240, 240, 240
L -2381.6951, -2134.2961, -60.5469,  -2606.7507, -2074.1665, 132.5425,  0, 0, 0
L -2611.1230, 1919.0304, 81.7122,  -2368.6785, 1939.9403, -60.5826,  0, 0, 0
L -2368.6785, 1939.9403, -60.5826,  -2398.3965, 1856.5369, -60.1029,  0, 0, 240
L -2398.3965, 1856.5369, -60.1029,  -2398.2451, 1806.3973, -60.6348,  0, 0, 240
L -2398.2451, 1806.3973, -60.6348,  -2371.9885, 1782.8052, -60.9310,  0, 0, 240
L -2371.9885, 1782.8052, -60.9310,  -2372.0200, 1705.6877, -60.5277,  0, 0, 240
L -2392.6870, 1661.9388, -60.3869,  -2372.0200, 1705.6877, -60.3580,  0, 0, 240
L -2392.6870, 1661.9388, -60.8627,  -2393.4944, 1605.1239, -60.4180,  0, 0, 240
L -2369.9517, 1584.3540, -60.3289,  -2364.5532, 1406.2241, -60.2868,  0, 0, 240
L -2364.5532, 1406.2241, -60.2868,  -2367.6995, 1386.3336, -60.5384,  0, 0, 240
L -2367.6995, 1386.3336, -60.5384,  -2372.8630, 1305.3805, -60.7607,  0, 0, 240
L -2372.8630, 1305.3805, -60.7607,  -2392.1863, 1262.1982, -60.2261,  0, 0, 240
L -2392.1863, 1262.1982, -60.2261,  -2392.1526, 1205.9197, -60.5635,  0, 0, 240
L -2392.1526, 1205.9197, -60.5635,  -2372.0859, 1181.7681, -60.6881,  0, 0, 240
L -2372.0859, 1181.7681, -60.6881,  -2372.7510, 1105.6107, -59.9810,  0, 0, 240
L -2372.7510, 1105.6107, -59.9810,  -2384.4907, 1069.8643, -60.3166,  0, 0, 240
L -2384.4907, 1069.8643, -60.3166,  -2384.4839, 1006.3622, -60.5211,  0, 0, 240
L -2384.4839, 1006.3622, -60.5211,  -2375.8330, 979.0860, -60.3755,  0, 0, 240
L -2375.8330, 979.0860, -60.3755,  -2364.4102, 905.7523, -60.2596,  0, 0, 240
L -2364.4102, 905.7523, -60.2596,  -2371.8550, 883.9283, -60.3792,  0, 0, 240
L -2371.8550, 883.9283, -60.3792,  -2395.7151, 758.0364, -60.6766,  0, 0, 240
L -2395.7151, 758.0364, -60.6766,  -2396.1465, 705.5012, -60.5182,  0, 0, 240
L -2396.1465, 705.5012, -60.5182,  -2419.3062, 635.2028, -60.5198,  0, 0, 240
L -2419.3062, 635.2028, -60.5198,  -2347.7126, 606.6514, -60.5584,  0, 0, 240
L -2347.7126, 606.6514, -60.5584,  -2350.6736, 506.0875, -60.6317,  0, 0, 240
L -2350.6736, 506.0875, -60.6317,  -2351.9917, 502.3579, -60.6411,  0, 0, 240
L -2351.9917, 502.3579, -60.6411,  -2341.2354, 412.8233, -60.6853,  0, 0, 240
L -2341.2354, 412.8233, -60.6853,  -2344.0110, 405.9933, -60.6057,  0, 0, 240
L -2344.0110, 405.9933, -60.6057,  -2348.1821, 401.3970, -60.7228,  0, 0, 240
L -2348.1821, 401.3970, -60.7228,  -2393.9207, 305.8274, -60.6113,  0, 0, 240
L -2393.9207, 305.8274, -60.6113,  -2401.0413, 253.9901, -60.5827,  0, 0, 240
L -2401.0413, 253.9901, -60.5827,  -2400.3726, 105.1138, -60.9693,  0, 0, 240
L -2400.3726, 105.1138, -60.9693,  -2395.8369, 58.5062, -60.7062,  0, 0, 240
L -2395.8369, 58.5062, -60.7062,  -2396.1633, 6.0102, -60.4999,  0, 0, 240
L -2396.1633, 6.0102, -60.4999,  -2376.4727, -22.5273, -60.5097,  0, 0, 240
L -2376.4727, -22.5273, -60.5097,  -2368.2561, -94.0408, -60.6595,  0, 0, 240
L -2368.2561, -94.0408, -60.6595,  -2372.1399, -117.8855, -60.5530,  0, 0, 240
L -2372.1399, -117.8855, -60.5530,  -2350.7813, -193.9113, -60.7679,  0, 0, 240
L -2350.7813, -193.9113, -60.7679,  -2353.2312, -199.5181, -60.6456,  0, 0, 240
L -2353.2312, -199.5181, -60.6456,  -2384.7542, -294.8174, -60.1935,  0, 0, 240
L -2384.7542, -294.8174, -60.1935,  -2362.6360, -308.4345, -60.5259,  0, 0, 240
L -2362.6360, -308.4345, -60.5259,  -2368.4341, -393.1292, -60.8127,  0, 0, 240
L -2368.4341, -393.1292, -60.8127,  -2388.8191, -434.4114, -60.0594,  0, 0, 240
L -2388.8191, -434.4114, -60.0594,  -2388.8950, -493.9856, -60.4789,  0, 0, 240
L -2388.8950, -493.9856, -60.4789,  -2401.3628, -546.7998, -60.4020,  0, 0, 240
L -2401.3628, -546.7998, -60.4020,  -2400.6921, -593.6827, -60.8482,  0, 0, 240
L -2400.6921, -593.6827, -60.8482,  -2395.5649, -641.1371, -60.6010,  0, 0, 240
L -2395.5649, -641.1371, -60.6010,  -2395.4797, -693.6686, -60.6143,  0, 0, 240
L -2395.4797, -693.6686, -60.6143,  -2375.8955, -722.2753, -60.7083,  0, 0, 240
L -2375.8955, -722.2753, -60.7083,  -2376.2764, -794.2321, -60.3515,  0, 0, 240
L -2376.2764, -794.2321, -60.3515,  -2383.2214, -829.2428, -60.3191,  0, 0, 240
L -2383.2214, -829.2428, -60.3191,  -2382.8271, -894.2924, -60.5292,  0, 0, 240
L -2382.8271, -894.2924, -60.5292,  -2367.1011, -913.4827, -60.4996,  0, 0, 240
L -2367.1011, -913.4827, -60.4996,  -2361.0564, -993.5886, -60.2612,  0, 0, 240
L -2361.0564, -993.5886, -60.2612,  -2375.6721, -1021.6880, -60.2153,  0, 0, 240
L -2375.6721, -1021.6880, -60.2153,  -2385.8438, -1094.5742, -60.5008,  0, 0, 240
L -2385.8438, -1094.5742, -60.5008,  -2378.4277, -1124.5712, -60.4705,  0, 0, 240
L -2378.4277, -1124.5712, -60.4705,  -2378.1716, -1194.1418, -60.6078,  0, 0, 240
L -2378.1716, -1194.1418, -60.6078,  -2360.8198, -1206.9730, -60.3540,  0, 0, 240
L -2360.8198, -1206.9730, -60.3540,  -2357.8872, -1293.9839, -59.8252,  0, 0, 240
L -2357.8872, -1293.9839, -59.8252,  -2370.6672, -1316.4675, -59.6744,  0, 0, 240
L -2370.6672, -1316.4675, -59.6744,  -2376.6306, -1393.9529, -60.5352,  0, 0, 240
L -2376.6306, -1393.9529, -60.5352,  -2374.1272, -1419.2479, -60.5254,  0, 0, 240
L -2374.1272, -1419.2479, -60.5254,  -2374.4424, -1493.8219, -60.1012,  0, 0, 240
L -2374.4424, -1493.8219, -60.1012,  -2366.1147, -1511.9863, -60.0197,  0, 0, 240
L -2366.1147, -1511.9863, -60.0197,  -2358.1680, -1594.6006, -60.4692,  0, 0, 240
L -2358.1680, -1594.6006, -60.4692,  -2366.0020, -1612.0864, -60.0729,  0, 0, 240
L -2366.0020, -1612.0864, -60.0729,  -2377.0706, -1694.9789, -60.8646,  0, 0, 240
L -2377.0706, -1694.9789, -60.8646,  -2395.9919, -1741.9093, -60.4335,  0, 0, 240
L -2395.9919, -1741.9093, -60.4335,  -2396.7070, -1794.0759, -60.8488,  0, 0, 240
L -2396.7070, -1794.0759, -60.8488,  -2374.4878, -1820.3232, -60.6092,  0, 0, 240
L -2374.8806, -1820.4290, -60.3376,  -2380.3030, -1894.4470, -60.5832,  0, 0, 240
L -2380.3030, -1894.4470, -60.5832,  -2406.4233, -1952.0123, -60.2304,  0, 0, 240
L -2406.4233, -1952.0123, -60.2304,  -2399.8601, -1994.1718, -60.3714,  0, 0, 240
L -2399.8601, -1994.1718, -60.3714,  -2397.6853, -2094.2947, -60.3839,  0, 0, 240
L -2397.6853, -2094.2947, -60.3839,  -2381.9438, -2127.1582, -60.5037,  0, 0, 240
L -2381.9438, -2127.1582, -60.5037,  -2381.6951, -2134.2961, -60.4652,  0, 0, 240
L -2393.4944, 1605.1239, -59.9168,  -2369.9517, 1584.3540, -60.3404,  0, 0, 240
L -2451.8057, 439.9698, -42.0096,  -2479.0039, 439.9399, -40.8937,  127, 127, 127
L -2479.0039, 439.9399, -40.8053,  -2479.0039, 438.4276, -40.8044,  0, 0, 0
L -2479.0039, 438.4276, -40.8044,  -2603.3484, 438.3539, -38.2487,  0, 0, 0
L -2603.3484, 438.3539, -38.2487,  -2622.7390, 448.0492, -38.2490,  0, 0, 0
L -2622.7390, 448.0492, -38.2490,  -2632.4685, 467.4905, -38.2490,  0, 0, 0
L -2632.4685, 467.4905, -38.2490,  -2632.4685, 498.3437, -38.2490,  0, 0, 0
L -2684.6887, 498.3438, -38.2490,  -2632.4685, 498.3437, -38.2490,  0, 0, 0
L -2684.6887, 498.3438, -38.2490,  -2684.7378, 467.4458, -38.2490,  0, 0, 0
L -2712.4688, 439.0381, -38.2490,  -2712.4685, 496.9532, -38.2490,  0, 0, 0
L -2712.4685, 496.9532, -38.2490,  -2702.7551, 516.3801, -38.2490,  0, 0, 0
L -2702.7551, 516.3801, -38.2490,  -2683.3281, 526.0938, -38.2490,  0, 0, 0
L -2683.3281, 526.0938, -38.2490,  -2633.8591, 526.0937, -38.2490,  0, 0, 0
L -2633.8591, 526.0937, -38.2490,  -2610.2227, 513.8696, -38.2490,  0, 0, 0
L -2614.2070, 515.9301, -38.2490,  -2604.7185, 496.9489, -38.2490,  0, 0, 0
L -2604.7185, 496.9489, -38.2490,  -2604.7183, 466.0897, -38.2490,  0, 0, 0
L -2479.1455, 466.4524, -40.7782,  -2604.7183, 466.0897, -38.2462,  0, 0, 0
L -2479.1799, 464.7451, -40.8755,  -2451.9949, 464.7535, -41.8756,  127, 127, 127
L -2479.1799, 464.7451, -40.7859,  -2479.1521, 466.4523, -40.7838,  0, 0, 0
L -2451.9949, 464.7535, -42.0628,  -2452.0776, 493.8446, -40.0826,  127, 127, 127
L -2452.0776, 493.8446, -37.7457,  -2481.3635, 493.2779, -19.6786,  127, 127, 127
L -2478.3823, 511.4889, -19.6756,  -2478.4160, 493.3349, -18.4214,  127, 127, 127
L -2478.3823, 511.4889, -18.5001,  -2518.2783, 510.7786, 9.0617,  127, 127, 127
L -2518.2783, 510.7786, 10.8183,  -2518.1277, 468.9443, 15.9477,  127, 127, 127
L -2518.1277, 468.9443, 15.4767,  -2481.3403, 468.3309, -12.3011,  127, 127, 127
L -2481.3635, 493.2779, -12.3007,  -2481.2881, 410.9067, -12.2192,  127, 127, 127
L -2481.3115, 436.3531, -12.2192,  -2517.8069, 435.5900, 18.3518,  127, 127, 127
L -2517.8069, 435.5900, 20.6765,  -2517.7229, 394.4823, 23.1313,  127, 127, 127
L -2517.7229, 394.4823, 22.2142,  -2478.2166, 393.6608, -12.6244,  127, 127, 127
L -2478.2166, 393.6608, -15.3330,  -2478.0479, 410.8374, -20.5747,  127, 127, 127
L -2481.2881, 410.9067, -22.5420,  -2451.7261, 410.2739, -43.4346,  127, 127, 127
L -2451.7261, 410.2739, -45.9184,  -2451.8057, 439.9698, -43.9397,  127, 127, 127
L 840.8565, -1142.8906, -55.6508,  824.3682, -1142.8939, -56.4733,  240, 240, 240
L 824.3682, -1142.8939, -56.7976,  798.6716, -1187.4656, -62.9431,  240, 240, 240
L 798.6716, -1187.4656, -63.2435,  824.3756, -1232.0022, -64.7857,  240, 240, 240
L 824.3756, -1232.0022, -64.6933,  875.8180, -1232.0331, -60.4715,  240, 240, 240
L 875.8180, -1232.0331, -60.0397,  901.5778, -1187.4808, -55.1571,  240, 240, 240
L 901.5778, -1187.4808, -55.1557,  875.8401, -1142.8910, -55.1979,  240, 240, 240
L 875.8401, -1142.8910, -55.0292,  858.1904, -1142.8832, -54.9681,  240, 240, 240
L 858.1904, -1142.8832, -52.1001,  858.5344, -1137.1094, -54.3188,  240, 240, 240
L 858.5344, -1137.1094, -54.3188,  851.9534, -1137.1971, -54.2775,  240, 240, 240
L 851.9534, -1137.1971, -54.2775,  840.9351, -1135.8104, -54.7730,  240, 240, 240
L 840.9351, -1135.8104, -54.7730,  840.8571, -1142.8354, -52.0672,  240, 240, 240
L 845.2235, -1142.8467, -52.0640,  840.8571, -1142.8354, -52.0673,  240, 240, 240
L 858.2695, -1142.8331, -52.0683,  854.9734, -1142.8296, -52.0691,  240, 240, 240
L 854.9734, -1142.8296, -51.2330,  854.9734, -1149.1750, -51.2330,  240, 240, 240
L 845.2235, -1149.1749, -51.2330,  845.2235, -1142.8467, -51.2330,  240, 240, 240
L 845.2235, -1149.1749, -51.8814,  827.9825, -1149.1750, -51.8814,  240, 240, 240
L 827.9825, -1149.1750, -51.8814,  805.8741, -1187.4797, -51.8814,  240, 240, 240
L 805.8741, -1187.4797, -51.8814,  827.9814, -1225.7765, -51.8814,  240, 240, 240
L 827.9814, -1225.7765, -51.8814,  872.2145, -1225.7765, -51.8814,  240, 240, 240
L 872.2145, -1225.7765, -51.8814,  894.3230, -1187.4796, -51.8814,  240, 240, 240
L 894.3230, -1187.4796, -51.8814,  872.2145, -1149.1750, -51.8814,  240, 240, 240
L 872.2145, -1149.1750, -51.8814,  854.9734, -1149.1750, -51.8814,  240, 240, 240
L -290.5312, -2549.7590, -47.7802,  -304.2812, -2549.8574, -47.7802,  150, 0, 200
P -291.0000, -2545.0000, -48.4052,  0, 0, 0,  3,  to_Erudin
P 429.0000, 2601.0000, -41.9677,  0, 0, 0,  3,  to_Paineel
P -287.0000, 2343.0000, -46.3740,  0, 0, 0,  3,  Knowledge_Portal
P 362.0000, -1039.0000, -54.2645,  0, 0, 0,  3,  Martyn_(Spells)
P -1007.0000, -2273.0000, -25.9638,  0, 0, 0,  3,  Islan_(Merchant)
P -985.0000, -2218.0000, -28.3683,  0, 0, 0,  3,  Win_(Smith)
P 732.0000, -1759.0000, -70.8301,  0, 0, 0,  3,  Tran_(Merchant)
P 581.0000, -2322.0000, -44.3641,  0, 0, 0,  3,  Knowledge_Portal
P 1129.0000, -2195.0000, -13.6540,  0, 0, 0,  3,  Xylania_(Merchant)
P 1108.0000, -2166.0000, -13.6540,  0, 0, 0,  3,  Quana_(Baking)
P -2642.0000, 515.0000, -38.2490,  0, 0, 0,  3,  to_Kerra_Ridge
P -400.0000, -2101.0000, -43.2469,  0, 0, 0,  3,  Stylla_(Merchant)
P -419.0000, -2115.0000, -43.2469,  0, 0, 0,  3,  Emil_(Merchant)
P 912.0000, 1515.0000, -40.6118,  0, 0, 0,  3,  Nexus_Scion
P 909.0000, 1483.0000, -38.6741,  0, 0, 0,  3,  Great_Spires
P 359.0000, -1081.0000, -60.6020,  0, 0, 0,  3,  Druid_Circle
