L 969.2819, 577.9281, -56.3226,  967.0361, 585.3549, -68.3635,  0, 0, 0
L 951.8964, 635.2574, -81.4046,  969.2819, 577.9281, -56.3226,  0, 0, 0
L 927.3961, 651.8687, -87.6068,  951.8964, 635.2574, -81.4046,  0, 0, 0
L 856.1462, 665.0812, -78.7650,  927.3961, 651.8687, -87.6068,  0, 0, 0
L 841.1046, 669.4033, -78.8516,  856.1462, 665.0812, -78.7650,  0, 0, 0
L 820.1351, 684.5959, -81.4644,  841.1046, 669.4033, -78.8516,  0, 0, 0
L 806.1603, 699.4977, -73.5634,  820.1351, 684.5959, -81.4644,  0, 0, 0
L 761.9457, 710.8055, -79.8011,  806.1603, 699.4977, -73.5634,  0, 0, 0
L 747.5040, 711.4324, -77.7438,  761.9457, 710.8055, -79.8011,  0, 0, 0
L 734.2994, 737.4730, -80.7665,  747.5040, 711.4324, -77.7438,  0, 0, 0
L 730.2041, 760.3884, -79.3315,  734.2994, 737.4730, -80.7665,  0, 0, 0
L 720.3376, 774.2316, -81.5836,  730.2041, 760.3884, -79.3315,  0, 0, 0
L 700.1931, 768.8768, -82.2321,  720.3376, 774.2316, -81.5836,  0, 0, 0
L 689.4332, 771.7072, -76.8956,  700.1931, 768.8768, -82.2321,  0, 0, 0
L 688.9378, 780.8270, -77.1756,  689.4332, 771.7072, -76.8956,  0, 0, 0
L 677.8774, 805.7701, -81.2206,  688.9378, 780.8270, -77.1756,  0, 0, 0
L 685.3427, 811.0826, -85.8204,  677.8774, 805.7701, -81.2206,  0, 0, 0
L 677.7339, 858.2111, -81.2583,  685.3427, 811.0826, -85.8204,  0, 0, 0
L 648.0098, 852.1604, -81.0975,  677.7339, 858.2111, -81.2583,  0, 0, 0
L 632.1115, 848.9731, -79.3346,  648.0098, 852.1604, -81.0975,  0, 0, 0
L 638.0178, 804.0469, -80.4533,  632.1115, 848.9731, -79.3346,  0, 0, 0
L 655.6918, 798.1055, -86.6998,  638.0178, 804.0469, -80.4533,  0, 0, 0
L 664.8969, 763.0269, -76.9170,  655.6918, 798.1055, -86.6998,  0, 0, 0
L 662.4955, 759.9754, -81.4582,  664.8969, 763.0269, -76.9170,  0, 0, 0
L 627.2252, 748.8022, -80.2280,  662.4955, 759.9754, -81.4582,  0, 0, 0
L 636.3317, 712.2466, -80.5781,  627.2252, 748.8022, -80.2280,  0, 0, 0
L 658.9481, 636.7563, -77.2666,  636.3317, 712.2466, -80.5781,  0, 0, 0
L 666.1989, 613.8311, -79.5078,  658.9481, 636.7563, -77.2666,  0, 0, 0
L 723.3926, 625.7846, -81.7392,  666.1989, 613.8311, -79.5078,  0, 0, 0
L 757.3830, 638.7031, -82.6054,  723.3926, 625.7846, -81.7392,  0, 0, 0
L 755.3513, 650.4485, -83.8967,  757.3830, 638.7031, -82.6054,  0, 0, 0
L 754.7470, 680.5051, -74.5759,  755.3513, 650.4485, -83.8967,  0, 0, 0
L 762.9416, 686.9003, -78.2130,  754.7470, 680.5051, -74.5759,  0, 0, 0
L 778.0162, 683.5344, -76.6689,  762.9416, 686.9003, -78.2130,  0, 0, 0
L 801.6360, 673.1253, -79.0790,  778.0162, 683.5344, -76.6689,  0, 0, 0
L 847.2473, 646.0060, -79.6170,  801.6360, 673.1253, -79.0790,  0, 0, 0
L 896.1312, 643.0599, -82.6577,  847.2473, 646.0060, -79.6170,  0, 0, 0
L 911.9893, 634.5670, -80.4205,  896.1312, 643.0599, -82.6577,  0, 0, 0
L 925.8787, 623.1714, -78.8979,  911.9893, 634.5670, -80.4205,  0, 0, 0
L 934.1085, 610.0012, -73.3533,  925.8787, 623.1714, -78.8979,  0, 0, 0
L 942.8842, 590.8405, -69.9057,  934.1085, 610.0012, -73.3533,  0, 0, 0
L 950.7194, 573.7390, -62.4216,  942.8842, 590.8405, -69.9057,  0, 0, 0
L 871.2806, 423.6153, -56.1773,  871.2806, 423.6153, -59.3023,  0, 0, 0
L 854.0996, 426.9753, -54.9440,  871.2806, 423.6153, -56.1773,  0, 0, 0
L 831.8512, 443.3507, -55.2375,  854.0996, 426.9753, -54.9440,  0, 0, 0
L 820.2142, 470.7758, -62.0312,  831.8512, 443.3507, -55.2375,  0, 0, 0
L 806.1638, 511.0256, -81.6014,  820.2142, 470.7758, -62.0312,  0, 0, 0
L 714.5591, 543.7698, -83.6672,  806.1638, 511.0256, -81.6014,  0, 0, 0
L 663.1006, 551.5496, -84.6448,  714.5591, 543.7698, -83.6672,  0, 0, 0
L 627.6355, 567.2496, -78.4503,  663.1006, 551.5496, -84.6448,  0, 0, 0
L 584.0562, 542.1248, -82.4822,  627.6355, 567.2496, -78.4503,  0, 0, 0
L 565.2405, 489.5452, -79.0585,  584.0562, 542.1248, -82.4822,  0, 0, 0
L 562.5795, 438.8448, -73.5674,  565.2405, 489.5452, -79.0585,  0, 0, 0
L 590.0554, 392.7309, -76.9138,  562.5795, 438.8448, -73.5674,  0, 0, 0
L 644.7478, 374.0336, -76.8975,  590.0554, 392.7309, -76.9138,  0, 0, 0
L 666.7010, 386.1335, -73.9411,  644.7478, 374.0336, -76.8975,  0, 0, 0
L 678.4507, 370.0945, -74.2221,  666.7010, 386.1335, -73.9411,  0, 0, 0
L 691.4100, 352.7892, -74.0944,  678.4507, 370.0945, -74.2221,  0, 0, 0
L 701.6016, 321.5276, -77.6792,  691.4100, 352.7892, -74.0944,  0, 0, 0
L 762.0101, 343.6402, -75.9307,  701.6016, 321.5276, -77.6792,  0, 0, 0
L 794.2756, 365.9233, -78.3576,  762.0101, 343.6402, -75.9307,  0, 0, 0
L 746.4857, 471.5246, -71.8641,  794.2756, 365.9233, -78.3576,  0, 0, 0
L 735.3756, 489.9709, -77.1830,  746.4857, 471.5246, -71.8641,  0, 0, 0
L 691.5818, 473.0894, -80.0427,  735.3756, 489.9709, -77.1830,  0, 0, 0
L 644.1473, 450.7277, -86.9019,  691.5818, 473.0894, -80.0427,  0, 0, 0
L 661.4669, 406.3824, -73.6695,  644.1473, 450.7277, -86.9019,  0, 0, 0
L 656.9971, 402.5202, -75.2240,  661.4669, 406.3824, -73.6695,  0, 0, 0
L 615.2578, 400.0653, -76.4492,  656.9971, 402.5202, -75.2240,  0, 0, 0
L 595.7632, 416.0581, -73.8326,  615.2578, 400.0653, -76.4492,  0, 0, 0
L 590.0497, 433.8164, -77.6349,  595.7632, 416.0581, -73.8326,  0, 0, 0
L 588.2720, 468.8183, -77.2573,  590.0497, 433.8164, -77.6349,  0, 0, 0
L 586.2585, 503.9691, -80.4347,  588.2720, 468.8183, -77.2573,  0, 0, 0
L 597.1101, 527.0499, -80.7023,  586.2585, 503.9691, -80.4347,  0, 0, 0
L 615.9718, 541.7662, -80.8211,  597.1101, 527.0499, -80.7023,  0, 0, 0
L 635.9656, 540.9077, -80.7431,  615.9718, 541.7662, -80.8211,  0, 0, 0
L 650.8972, 537.5220, -83.7534,  635.9656, 540.9077, -80.7431,  0, 0, 0
L 680.1320, 525.3643, -84.2762,  650.8972, 537.5220, -83.7534,  0, 0, 0
L 736.0853, 529.6690, -86.4626,  680.1320, 525.3643, -84.2762,  0, 0, 0
L 765.4047, 520.1025, -83.7780,  736.0853, 529.6690, -86.4626,  0, 0, 0
L 787.6207, 498.1477, -75.1780,  765.4047, 520.1025, -83.7780,  0, 0, 0
L 805.7300, 444.7537, -56.6561,  787.6207, 498.1477, -75.1780,  0, 0, 0
L 828.8360, 415.1265, -57.8481,  805.7300, 444.7537, -56.6561,  0, 0, 0
L 863.3965, 399.1499, -53.7883,  828.8360, 415.1265, -57.8481,  0, 0, 0
L 885.7338, 406.2762, -62.5446,  863.3965, 399.1499, -53.7883,  0, 0, 0
L 1005.5846, 437.7728, -111.5301,  1005.5846, 437.7728, -114.6551,  0, 0, 0
L 1021.5703, 422.5836, -116.1579,  1005.5846, 437.7728, -111.5301,  0, 0, 0
L 1032.5808, 406.8614, -130.8699,  1021.5703, 422.5836, -116.1579,  0, 0, 0
L 1038.9823, 367.5086, -144.6437,  1032.5808, 406.8614, -130.8699,  0, 0, 0
L 1072.4976, 325.9143, -144.1116,  1038.9823, 367.5086, -144.6437,  0, 0, 0
L 1105.6918, 311.7505, -143.7654,  1072.4976, 325.9143, -144.1116,  0, 0, 0
L 1139.2367, 326.5891, -142.1905,  1105.6918, 311.7505, -143.7654,  0, 0, 0
L 1170.1260, 361.6527, -120.2678,  1139.2367, 326.5891, -142.1905,  0, 0, 0
L 1172.2072, 401.6042, -115.4132,  1170.1260, 361.6527, -120.2678,  0, 0, 0
L 1149.4240, 407.1142, -122.4764,  1172.2072, 401.6042, -115.4132,  0, 0, 0
L 1175.1859, 418.7357, -120.4960,  1149.4240, 407.1142, -122.4764,  0, 0, 0
L 1162.5922, 458.3089, -124.2082,  1175.1859, 418.7357, -120.4960,  0, 0, 0
L 1158.4653, 479.0657, -123.9927,  1162.5922, 458.3089, -124.2082,  0, 0, 0
L 1176.6819, 500.9379, -131.6469,  1158.4653, 479.0657, -123.9927,  0, 0, 0
L 1192.1127, 483.5790, -130.5066,  1176.6819, 500.9379, -131.6469,  0, 0, 0
L 1232.6923, 493.6080, -128.5480,  1192.1127, 483.5790, -130.5066,  0, 0, 0
L 1224.8837, 540.6730, -124.1654,  1232.6923, 493.6080, -128.5480,  0, 0, 0
L 1151.2335, 506.3481, -125.3504,  1224.8837, 540.6730, -124.1654,  0, 0, 0
L 1144.0919, 528.5185, -125.5331,  1151.2335, 506.3481, -125.3504,  0, 0, 0
L 1120.3602, 579.8461, -119.2171,  1144.0919, 528.5185, -125.5331,  0, 0, 0
L 1091.3961, 569.0638, -120.3661,  1120.3602, 579.8461, -119.2171,  0, 0, 0
L 1093.5862, 530.7394, -119.7128,  1091.3961, 569.0638, -120.3661,  0, 0, 0
L 1107.6742, 481.2967, -121.2476,  1093.5862, 530.7394, -119.7128,  0, 0, 0
L 1121.4347, 426.7722, -121.8345,  1107.6742, 481.2967, -121.2476,  0, 0, 0
L 1139.3680, 422.9689, -126.2410,  1121.4347, 426.7722, -121.8345,  0, 0, 0
L 1148.5945, 378.9733, -118.7632,  1139.3680, 422.9689, -126.2410,  0, 0, 0
L 1141.5502, 358.5514, -121.3813,  1148.5945, 378.9733, -118.7632,  0, 0, 0
L 1137.4764, 350.4443, -128.6473,  1141.5502, 358.5514, -121.3813,  0, 0, 0
L 1103.7648, 338.2097, -141.7511,  1137.4764, 350.4443, -128.6473,  0, 0, 0
L 1084.5137, 347.1838, -141.9036,  1103.7648, 338.2097, -141.7511,  0, 0, 0
L 1075.3302, 355.2728, -143.4147,  1084.5137, 347.1838, -141.9036,  0, 0, 0
L 1066.6967, 369.6059, -141.4279,  1075.3302, 355.2728, -143.4147,  0, 0, 0
L 1059.9954, 384.6169, -143.6991,  1066.6967, 369.6059, -141.4279,  0, 0, 0
L 1050.6364, 416.5399, -128.6579,  1059.9954, 384.6169, -143.6991,  0, 0, 0
L 1032.1575, 443.3625, -116.1581,  1050.6364, 416.5399, -128.6579,  0, 0, 0
L 1012.3300, 457.0221, -113.6969,  1032.1575, 443.3625, -116.1581,  0, 0, 0
L 996.3521, 456.6030, -118.8991,  1012.3300, 457.0221, -113.6969,  0, 0, 0
L 986.2266, 392.4415, -177.5562,  983.2306, 376.9411, -180.5802,  0, 0, 0
L 984.2145, 441.5043, -176.7836,  986.2266, 392.4415, -177.5562,  0, 0, 0
L 981.6105, 476.5808, -178.3242,  984.2145, 441.5043, -176.7836,  0, 0, 0
L 982.9039, 491.5399, -178.5479,  981.6105, 476.5808, -178.3242,  0, 0, 0
L 981.9625, 542.5403, -165.0552,  982.9039, 491.5399, -178.5479,  0, 0, 0
L 979.0503, 550.7564, -163.4777,  981.9625, 542.5403, -165.0552,  0, 0, 0
L 964.0292, 545.8837, -166.4105,  979.0503, 550.7564, -163.4777,  0, 0, 0
L 955.1452, 530.0935, -167.6037,  964.0292, 545.8837, -166.4105,  0, 0, 0
L 937.4735, 526.1992, -168.7780,  955.1452, 530.0935, -167.6037,  0, 0, 0
L 927.4451, 515.6649, -168.8816,  937.4735, 526.1992, -168.7780,  0, 0, 0
L 932.2034, 507.3216, -173.7851,  927.4451, 515.6649, -168.8816,  0, 0, 0
L 920.5511, 497.4299, -176.7967,  932.2034, 507.3216, -173.7851,  0, 0, 0
L 912.4619, 480.6700, -177.1147,  920.5511, 497.4299, -176.7967,  0, 0, 0
L 914.9990, 464.9097, -177.7252,  912.4619, 480.6700, -177.1147,  0, 0, 0
L 918.3106, 414.6110, -180.0463,  914.9990, 464.9097, -177.7252,  0, 0, 0
L 919.1656, 403.1159, -177.8430,  918.3106, 414.6110, -180.0463,  0, 0, 0
L 915.1668, 378.5517, -179.2837,  919.1656, 403.1159, -177.8430,  0, 0, 0
L 913.0960, 366.4721, -176.4795,  915.1668, 378.5517, -179.2837,  0, 0, 0
L 910.2956, 334.5415, -165.3750,  913.0960, 366.4721, -176.4795,  0, 0, 0
L 912.2867, 315.8356, -163.2393,  910.2956, 334.5415, -165.3750,  0, 0, 0
L 920.7800, 314.3678, -162.5228,  912.2867, 315.8356, -163.2393,  0, 0, 0
L 928.4808, 323.6860, -166.1417,  920.7800, 314.3678, -162.5228,  0, 0, 0
L 933.3972, 325.4675, -165.9319,  928.4808, 323.6860, -166.1417,  0, 0, 0
L 946.9321, 325.5455, -163.2547,  933.3972, 325.4675, -165.9319,  0, 0, 0
L 967.7106, 338.4894, -165.9987,  946.9321, 325.5455, -163.2547,  0, 0, 0
L 963.4174, 350.0354, -170.1818,  967.7106, 338.4894, -165.9987,  0, 0, 0
L 968.6268, 354.1058, -169.1796,  963.4174, 350.0354, -170.1818,  0, 0, 0
L 983.6064, 378.4175, -177.6110,  968.6268, 354.1058, -169.1796,  0, 0, 0
L 986.3152, 394.3800, -180.7332,  983.6064, 378.4175, -177.6110,  0, 0, 0
L -60.0377, 43.5637, 20.2449,  -60.0377, 43.5789, 17.1368,  0, 0, 0
L -59.5003, 18.3511, 17.3933,  -60.0377, 43.5637, 20.2449,  0, 0, 0
L -51.6316, -41.3173, 17.9723,  -59.5003, 18.3511, 17.3933,  0, 0, 0
L -29.6155, -72.3004, 16.3477,  -51.6316, -41.3173, 17.9723,  0, 0, 0
L -9.6401, -105.6455, 19.3237,  -29.6155, -72.3004, 16.3477,  0, 0, 0
L 39.8070, -141.7217, 22.7447,  -9.6401, -105.6455, 19.3237,  0, 0, 0
L 57.4062, -146.3333, 17.5912,  39.8070, -141.7217, 22.7447,  0, 0, 0
L 163.8659, -150.5762, 16.8467,  57.4062, -146.3333, 17.5912,  0, 0, 0
L 201.9311, -134.0760, 16.4737,  163.8659, -150.5762, 16.8467,  0, 0, 0
L 250.9548, -104.9126, 18.5008,  201.9311, -134.0760, 16.4737,  0, 0, 0
L 288.9907, -29.7183, 21.9790,  250.9548, -104.9126, 18.5008,  0, 0, 0
L 303.8100, 5.7946, 22.3791,  288.9907, -29.7183, 21.9790,  0, 0, 0
L 297.4102, 71.5461, 17.2363,  303.8100, 5.7946, 22.3791,  0, 0, 0
L 273.3168, 123.1359, 17.9751,  297.4102, 71.5461, 17.2363,  0, 0, 0
L 254.6733, 152.9620, 18.9674,  273.3168, 123.1359, 17.9751,  0, 0, 0
L 235.5047, 173.1029, 19.8871,  254.6733, 152.9620, 18.9674,  0, 0, 0
L 191.6322, 201.0221, 22.1146,  235.5047, 173.1029, 19.8871,  0, 0, 0
L 159.2043, 202.5831, 16.8346,  191.6322, 201.0221, 22.1146,  0, 0, 0
L 142.3418, 216.8067, 14.4794,  159.2043, 202.5831, 16.8346,  0, 0, 0
L 132.8753, 282.2321, 7.0585,  142.3418, 216.8067, 14.4794,  0, 0, 0
L 134.9070, 314.7097, 8.7312,  132.8753, 282.2321, 7.0585,  0, 0, 0
L 147.1424, 343.5019, 6.2020,  134.9070, 314.7097, 8.7312,  0, 0, 0
L 191.3608, 368.6027, 1.6138,  147.1424, 343.5019, 6.2020,  0, 0, 0
L 261.7679, 369.2914, -18.9258,  191.3608, 368.6027, 1.6138,  0, 0, 0
L 304.4948, 370.4096, -33.9496,  261.7679, 369.2914, -18.9258,  0, 0, 0
L 348.5655, 382.6761, -37.0769,  304.4948, 370.4096, -33.9496,  0, 0, 0
L 379.5624, 428.3578, -36.6503,  348.5655, 382.6761, -37.0769,  0, 0, 0
L 382.4660, 448.2858, -38.4414,  379.5624, 428.3578, -36.6503,  0, 0, 0
L 421.9842, 451.9680, -38.4036,  382.4660, 448.2858, -38.4414,  0, 0, 0
L 424.2784, 489.1564, -38.3906,  421.9842, 451.9680, -38.4036,  0, 0, 0
L 432.4013, 501.4256, -37.4571,  424.2784, 489.1564, -38.3906,  0, 0, 0
L 477.0490, 507.0304, -26.7237,  432.4013, 501.4256, -37.4571,  0, 0, 0
L 515.2970, 518.9330, -18.7000,  477.0490, 507.0304, -26.7237,  0, 0, 0
L 574.8001, 518.0329, -1.8372,  515.2970, 518.9330, -18.7000,  0, 0, 0
L 602.3411, 515.6686, 0.6641,  574.8001, 518.0329, -1.8372,  0, 0, 0
L 603.5145, 496.5302, 0.8791,  602.3411, 515.6686, 0.6641,  0, 0, 0
L 608.7180, 448.4763, 5.0841,  603.5145, 496.5302, 0.8791,  0, 0, 0
L 609.0952, 425.9756, 1.6334,  608.7180, 448.4763, 5.0841,  0, 0, 0
L 637.9247, 421.3128, 4.0480,  609.0952, 425.9756, 1.6334,  0, 0, 0
L 678.3721, 421.0231, 2.6644,  637.9247, 421.3128, 4.0480,  0, 0, 0
L 713.1704, 435.2724, 2.7828,  678.3721, 421.0231, 2.6644,  0, 0, 0
L 741.9823, 436.0409, 4.4078,  713.1704, 435.2724, 2.7828,  0, 0, 0
L 782.7075, 433.9437, 2.1154,  741.9823, 436.0409, 4.4078,  0, 0, 0
L 811.3864, 440.3086, 1.8721,  782.7075, 433.9437, 2.1154,  0, 0, 0
L 826.4752, 425.3831, 6.4205,  811.3864, 440.3086, 1.8721,  0, 0, 0
L 826.1705, 350.5593, 1.7490,  826.4752, 425.3831, 6.4205,  0, 0, 0
L 825.5717, 271.6979, 4.8013,  826.1705, 350.5593, 1.7490,  0, 0, 0
L 827.3864, 216.5105, 3.0281,  825.5717, 271.6979, 4.8013,  0, 0, 0
L 847.8752, 217.0799, 5.5473,  827.3864, 216.5105, 3.0281,  0, 0, 0
L 852.9877, 206.7922, 3.3767,  847.8752, 217.0799, 5.5473,  0, 0, 0
L 862.0656, 178.4725, 2.3256,  852.9877, 206.7922, 3.3767,  0, 0, 0
L 866.0209, 164.1187, 1.9289,  862.0656, 178.4725, 2.3256,  0, 0, 0
L 868.6473, 135.3973, -13.4422,  866.0209, 164.1187, 1.9289,  0, 0, 0
L 871.1903, 78.8992, -26.0254,  868.6473, 135.3973, -13.4422,  0, 0, 0
L 859.6274, 75.2488, -24.2460,  871.1903, 78.8992, -26.0254,  0, 0, 0
L 846.4177, 61.0870, -27.4947,  859.6274, 75.2488, -24.2460,  0, 0, 0
L 802.4279, 59.7615, -11.7243,  846.4177, 61.0870, -27.4947,  0, 0, 0
L 758.1750, 63.2054, 17.3048,  802.4279, 59.7615, -11.7243,  0, 0, 0
L 740.9782, 61.6824, 28.2846,  758.1750, 63.2054, 17.3048,  0, 0, 0
L 741.0959, 69.5675, 28.0064,  740.9782, 61.6824, 28.2846,  0, 0, 0
L 715.4012, 70.0625, 23.0535,  741.0959, 69.5675, 28.0064,  0, 0, 0
L 658.3557, 65.5139, 21.7424,  715.4012, 70.0625, 23.0535,  0, 0, 0
L 649.4612, 77.5978, 14.9015,  658.3557, 65.5139, 21.7424,  0, 0, 0
L 650.6358, 107.6612, 17.5849,  649.4612, 77.5978, 14.9015,  0, 0, 0
L 638.7675, 108.0741, 15.7300,  650.6358, 107.6612, 17.5849,  0, 0, 0
L 550.0485, 103.8698, 0.1536,  638.7675, 108.0741, 15.7300,  0, 0, 0
L 531.7711, 69.7072, -0.0449,  550.0485, 103.8698, 0.1536,  0, 0, 0
L 529.9700, 13.6780, -1.0725,  531.7711, 69.7072, -0.0449,  0, 0, 0
L 583.6711, -13.8289, -1.7517,  529.9700, 13.6780, -1.0725,  0, 0, 0
L 674.3171, 30.4839, 19.6203,  583.6711, -13.8289, -1.7517,  0, 0, 0
L 697.6585, 13.5176, 20.5863,  674.3171, 30.4839, 19.6203,  0, 0, 0
L 692.9098, 10.1686, 22.7165,  697.6585, 13.5176, 20.5863,  0, 0, 0
L 692.7887, -39.7315, 22.6905,  692.9098, 10.1686, 22.7165,  0, 0, 0
L 693.7165, -58.4721, 22.1659,  692.7887, -39.7315, 22.6905,  0, 0, 0
L 694.4102, -77.4635, 22.1957,  693.7165, -58.4721, 22.1659,  0, 0, 0
L 682.0953, -75.5574, 26.8559,  694.4102, -77.4635, 22.1957,  0, 0, 0
L 680.5322, -78.9787, 23.2433,  682.0953, -75.5574, 26.8559,  0, 0, 0
L 649.7700, -94.5142, 16.0761,  680.5322, -78.9787, 23.2433,  0, 0, 0
L 648.4370, -83.6087, 16.4673,  649.7700, -94.5142, 16.0761,  0, 0, 0
L 598.9407, -87.2020, 21.4536,  648.4370, -83.6087, 16.4673,  0, 0, 0
L 600.4019, -127.3595, 19.8694,  598.9407, -87.2020, 21.4536,  0, 0, 0
L 651.3775, -125.1853, 16.7944,  600.4019, -127.3595, 19.8694,  0, 0, 0
L 652.0388, -116.0753, 15.4143,  651.3775, -125.1853, 16.7944,  0, 0, 0
L 660.1208, -116.5488, 17.5812,  652.0388, -116.0753, 15.4143,  0, 0, 0
L 678.0563, -109.6359, 21.2295,  660.1208, -116.5488, 17.5812,  0, 0, 0
L 682.1423, -155.1808, 23.3462,  678.0563, -109.6359, 21.2295,  0, 0, 0
L 681.6730, -176.5139, 23.5788,  682.1423, -155.1808, 23.3462,  0, 0, 0
L 663.1776, -180.6187, 25.0982,  681.6730, -176.5139, 23.5788,  0, 0, 0
L 576.1078, -176.8098, 20.8099,  663.1776, -180.6187, 25.0982,  0, 0, 0
L 538.7489, -180.7069, 20.8895,  576.1078, -176.8098, 20.8099,  0, 0, 0
L 534.9018, -178.1340, 21.6216,  538.7489, -180.7069, 20.8895,  0, 0, 0
L 534.4520, -153.8561, 17.5745,  534.9018, -178.1340, 21.6216,  0, 0, 0
L 544.5882, -153.7959, 20.9717,  534.4520, -153.8561, 17.5745,  0, 0, 0
L 548.6109, -103.1987, 19.1251,  544.5882, -153.7959, 20.9717,  0, 0, 0
L 500.3507, -100.9941, 21.0752,  548.6109, -103.1987, 19.1251,  0, 0, 0
L 497.8138, -141.3600, 20.8439,  500.3507, -100.9941, 21.0752,  0, 0, 0
L 511.1294, -155.8924, 18.2181,  497.8138, -141.3600, 20.8439,  0, 0, 0
L 513.2837, -160.4464, 16.8372,  511.1294, -155.8924, 18.2181,  0, 0, 0
L 513.9794, -163.2915, 17.2086,  513.2837, -160.4464, 16.8372,  0, 0, 0
L 510.1027, -170.7939, 22.3174,  513.9794, -163.2915, 17.2086,  0, 0, 0
L 514.1469, -178.2422, 21.1917,  510.1027, -170.7939, 22.3174,  0, 0, 0
L 489.1031, -183.7102, 25.5200,  514.1469, -178.2422, 21.1917,  0, 0, 0
L 457.4821, -182.4844, 29.2896,  489.1031, -183.7102, 25.5200,  0, 0, 0
L 430.2612, -191.9120, 28.0219,  457.4821, -182.4844, 29.2896,  0, 0, 0
L 396.6016, -210.8362, 26.5892,  430.2612, -191.9120, 28.0219,  0, 0, 0
L 378.8722, -223.6587, 25.2886,  396.6016, -210.8362, 26.5892,  0, 0, 0
L 346.4787, -262.2515, 27.7358,  378.8722, -223.6587, 25.2886,  0, 0, 0
L 334.8327, -292.0151, 24.8929,  346.4787, -262.2515, 27.7358,  0, 0, 0
L 320.5751, -341.4299, 18.5281,  334.8327, -292.0151, 24.8929,  0, 0, 0
L 322.4045, -351.9716, 12.6611,  320.5751, -341.4299, 18.5281,  0, 0, 0
L 319.1486, -393.4816, 12.0593,  322.4045, -351.9716, 12.6611,  0, 0, 0
L 317.0376, -409.4552, 9.5309,  319.1486, -393.4816, 12.0593,  0, 0, 0
L 320.2388, -417.3687, 3.1101,  317.0376, -409.4552, 9.5309,  0, 0, 0
L 294.8994, -419.4172, 5.4064,  320.2388, -417.3687, 3.1101,  0, 0, 0
L 273.9206, -415.9294, 0.6311,  294.8994, -419.4172, 5.4064,  0, 0, 0
L 269.6150, -458.8048, 0.7478,  273.9206, -415.9294, 0.6311,  0, 0, 0
L 242.3609, -463.0550, -4.3295,  269.6150, -458.8048, 0.7478,  0, 0, 0
L 244.1563, -450.3192, -0.9865,  242.3609, -463.0550, -4.3295,  0, 0, 0
L 194.7351, -448.5147, -2.4917,  244.1563, -450.3192, -0.9865,  0, 0, 0
L 193.5537, -495.3656, -2.7182,  194.7351, -448.5147, -2.4917,  0, 0, 0
L 241.1948, -497.3972, -2.0139,  193.5537, -495.3656, -2.7182,  0, 0, 0
L 249.4169, -482.9248, -4.3439,  241.1948, -497.3972, -2.0139,  0, 0, 0
L 270.5820, -487.9398, 1.5890,  249.4169, -482.9248, -4.3439,  0, 0, 0
L 273.3769, -519.5594, 0.5541,  270.5820, -487.9398, 1.5890,  0, 0, 0
L 314.8244, -517.9519, 0.3501,  273.3769, -519.5594, 0.5541,  0, 0, 0
L 319.3951, -532.6021, -1.6975,  314.8244, -517.9519, 0.3501,  0, 0, 0
L 325.3265, -575.7719, -10.1646,  319.3951, -532.6021, -1.6975,  0, 0, 0
L 316.3347, -583.1466, -5.6266,  325.3265, -575.7719, -10.1646,  0, 0, 0
L 306.3304, -585.8412, -6.6936,  316.3347, -583.1466, -5.6266,  0, 0, 0
L 290.3267, -586.2612, -8.7232,  306.3304, -585.8412, -6.6936,  0, 0, 0
L 276.2557, -584.8030, -11.9907,  290.3267, -586.2612, -8.7232,  0, 0, 0
L 248.0466, -586.4359, -12.0745,  276.2557, -584.8030, -11.9907,  0, 0, 0
L 244.5882, -645.8194, -11.3970,  248.0466, -586.4359, -12.0745,  0, 0, 0
L 216.7635, -647.6537, -16.6108,  244.5882, -645.8194, -11.3970,  0, 0, 0
L 217.4796, -635.2837, -15.3758,  216.7635, -647.6537, -16.6108,  0, 0, 0
L 169.0849, -631.9149, -13.6668,  217.4796, -635.2837, -15.3758,  0, 0, 0
L 165.7038, -676.7287, -9.4108,  169.0849, -631.9149, -13.6668,  0, 0, 0
L 219.7567, -670.4084, -13.1740,  165.7038, -676.7287, -9.4108,  0, 0, 0
L 232.0543, -669.0605, -13.4552,  219.7567, -670.4084, -13.1740,  0, 0, 0
L 243.9922, -666.8125, -11.3282,  232.0543, -669.0605, -13.4552,  0, 0, 0
L 247.0179, -673.3273, -10.7513,  243.9922, -666.8125, -11.3282,  0, 0, 0
L 244.1895, -712.3311, -9.4034,  247.0179, -673.3273, -10.7513,  0, 0, 0
L 227.1593, -723.0560, -15.8970,  244.1895, -712.3311, -9.4034,  0, 0, 0
L 215.8511, -716.1909, -16.6215,  227.1593, -723.0560, -15.8970,  0, 0, 0
L 219.3917, -707.3076, -13.3726,  215.8511, -716.1909, -16.6215,  0, 0, 0
L 169.2051, -704.3949, -13.8424,  219.3917, -707.3076, -13.3726,  0, 0, 0
L 166.0545, -750.6888, -9.5083,  169.2051, -704.3949, -13.8424,  0, 0, 0
L 213.5925, -742.4978, -18.2384,  166.0545, -750.6888, -9.5083,  0, 0, 0
L 230.6058, -743.9548, -11.4225,  213.5925, -742.4978, -18.2384,  0, 0, 0
L 243.1838, -743.5799, -7.2720,  230.6058, -743.9548, -11.4225,  0, 0, 0
L 247.4235, -787.3854, -9.6430,  243.1838, -743.5799, -7.2720,  0, 0, 0
L 292.2202, -793.8962, -11.7530,  247.4235, -787.3854, -9.6430,  0, 0, 0
L 298.3405, -824.0558, -16.8286,  292.2202, -793.8962, -11.7530,  0, 0, 0
L 285.4854, -822.0822, -15.6069,  298.3405, -824.0558, -16.8286,  0, 0, 0
L 285.7334, -870.9034, -14.0653,  285.4854, -822.0822, -15.6069,  0, 0, 0
L 329.7233, -872.8417, -9.5802,  285.7334, -870.9034, -14.0653,  0, 0, 0
L 333.5669, -824.8207, -12.3095,  329.7233, -872.8417, -9.5802,  0, 0, 0
L 321.3160, -818.4894, -11.9517,  333.5669, -824.8207, -12.3095,  0, 0, 0
L 316.4750, -808.5330, -13.7945,  321.3160, -818.4894, -11.9517,  0, 0, 0
L 303.9328, -794.8871, -12.2144,  316.4750, -808.5330, -13.7945,  0, 0, 0
L 334.0470, -795.9810, -8.5523,  303.9328, -794.8871, -12.2144,  0, 0, 0
L 367.8064, -794.7845, -11.2584,  334.0470, -795.9810, -8.5523,  0, 0, 0
L 368.4150, -802.9342, -12.4305,  367.8064, -794.7845, -11.2584,  0, 0, 0
L 367.7402, -819.9546, -12.2426,  368.4150, -802.9342, -12.4305,  0, 0, 0
L 357.9026, -819.6324, -12.2210,  367.7402, -819.9546, -12.2426,  0, 0, 0
L 355.0156, -869.5292, -14.1767,  357.9026, -819.6324, -12.2210,  0, 0, 0
L 403.0260, -872.2288, -11.2995,  355.0156, -869.5292, -14.1767,  0, 0, 0
L 403.4590, -828.6873, -15.1549,  403.0260, -872.2288, -11.2995,  0, 0, 0
L 392.7979, -815.2781, -13.4644,  403.4590, -828.6873, -15.1549,  0, 0, 0
L 390.4250, -795.1989, -10.6146,  392.7979, -815.2781, -13.4644,  0, 0, 0
L 440.1122, -790.2515, -9.2294,  390.4250, -795.1989, -10.6146,  0, 0, 0
L 441.2449, -744.4537, -11.4026,  440.1122, -790.2515, -9.2294,  0, 0, 0
L 445.6585, -731.9116, -6.2877,  441.2449, -744.4537, -11.4026,  0, 0, 0
L 467.3740, -730.5401, -11.2217,  445.6585, -731.9116, -6.2877,  0, 0, 0
L 473.7678, -742.6664, -16.1993,  467.3740, -730.5401, -11.2217,  0, 0, 0
L 516.1419, -741.0982, -15.2523,  473.7678, -742.6664, -16.1993,  0, 0, 0
L 510.1492, -692.3461, -11.5906,  516.1419, -741.0982, -15.2523,  0, 0, 0
L 471.6299, -706.3566, -18.2259,  510.1492, -692.3461, -11.5906,  0, 0, 0
L 444.0500, -707.6115, -9.2008,  471.6299, -706.3566, -18.2259,  0, 0, 0
L 442.4981, -656.0886, -12.0533,  444.0500, -707.6115, -9.2008,  0, 0, 0
L 466.6226, -657.4908, -15.6462,  442.4981, -656.0886, -12.0533,  0, 0, 0
L 467.7642, -668.6672, -13.1027,  466.6226, -657.4908, -15.6462,  0, 0, 0
L 514.7173, -671.1576, -14.3311,  467.7642, -668.6672, -13.1027,  0, 0, 0
L 520.1671, -623.3030, -11.8086,  514.7173, -671.1576, -14.3311,  0, 0, 0
L 471.2719, -627.5148, -18.2670,  520.1671, -623.3030, -11.8086,  0, 0, 0
L 463.5305, -640.5681, -16.5503,  471.2719, -627.5148, -18.2670,  0, 0, 0
L 442.6731, -633.2461, -9.7727,  463.5305, -640.5681, -16.5503,  0, 0, 0
L 436.1154, -586.2864, -11.1360,  442.6731, -633.2461, -9.7727,  0, 0, 0
L 386.7079, -588.1026, -10.7615,  436.1154, -586.2864, -11.1360,  0, 0, 0
L 373.1809, -583.8959, -9.2590,  386.7079, -588.1026, -10.7615,  0, 0, 0
L 367.9690, -571.2631, -12.2129,  373.1809, -583.8959, -9.2590,  0, 0, 0
L 371.6987, -537.4479, 4.4731,  367.9690, -571.2631, -12.2129,  0, 0, 0
L 373.2902, -522.3463, 4.4708,  371.6987, -537.4479, 4.4731,  0, 0, 0
L 383.2764, -516.6602, 2.3409,  373.2902, -522.3463, 4.4708,  0, 0, 0
L 408.6833, -519.6964, -0.9615,  383.2764, -516.6602, 2.3409,  0, 0, 0
L 415.4939, -512.1294, 1.0914,  408.6833, -519.6964, -0.9615,  0, 0, 0
L 414.2021, -483.5381, 0.5984,  415.4939, -512.1294, 1.0914,  0, 0, 0
L 441.0450, -480.5419, -4.0992,  414.2021, -483.5381, 0.5984,  0, 0, 0
L 442.5606, -493.6647, -2.0919,  441.0450, -480.5419, -4.0992,  0, 0, 0
L 489.7565, -496.1974, -2.0599,  442.5606, -493.6647, -2.0919,  0, 0, 0
L 487.8344, -445.9255, 1.3778,  489.7565, -496.1974, -2.0599,  0, 0, 0
L 447.0684, -445.4555, -0.1685,  487.8344, -445.9255, 1.3778,  0, 0, 0
L 433.7109, -468.1419, -2.4938,  447.0684, -445.4555, -0.1685,  0, 0, 0
L 418.3982, -456.3288, 4.8233,  433.7109, -468.1419, -2.4938,  0, 0, 0
L 414.5520, -418.3500, 2.5652,  418.3982, -456.3288, 4.8233,  0, 0, 0
L 401.2833, -420.9806, -0.3592,  414.5520, -418.3500, 2.5652,  0, 0, 0
L 366.7071, -415.1188, 1.5240,  401.2833, -420.9806, -0.3592,  0, 0, 0
L 366.2892, -409.5169, 0.4454,  366.7071, -415.1188, 1.5240,  0, 0, 0
L 366.2327, -357.4376, 11.6469,  366.2892, -409.5169, 0.4454,  0, 0, 0
L 377.9180, -298.9133, 27.6237,  366.2327, -357.4376, 11.6469,  0, 0, 0
L 398.1061, -266.3749, 27.6381,  377.9180, -298.9133, 27.6237,  0, 0, 0
L 427.1818, -245.7389, 28.8071,  398.1061, -266.3749, 27.6381,  0, 0, 0
L 488.3921, -228.2859, 28.4547,  427.1818, -245.7389, 28.8071,  0, 0, 0
L 500.4756, -227.4014, 26.8630,  488.3921, -228.2859, 28.4547,  0, 0, 0
L 524.7126, -231.8505, 25.6522,  500.4756, -227.4014, 26.8630,  0, 0, 0
L 524.7117, -256.2989, 20.4314,  524.7126, -231.8505, 25.6522,  0, 0, 0
L 515.9142, -259.1964, 16.9391,  524.7117, -256.2989, 20.4314,  0, 0, 0
L 514.0446, -304.5518, 18.4377,  515.9142, -259.1964, 16.9391,  0, 0, 0
L 560.6122, -307.3075, 18.9158,  514.0446, -304.5518, 18.4377,  0, 0, 0
L 564.6418, -259.9143, 20.0216,  560.6122, -307.3075, 18.9158,  0, 0, 0
L 547.9684, -255.2867, 14.6715,  564.6418, -259.9143, 20.0216,  0, 0, 0
L 547.6019, -233.4882, 20.7195,  547.9684, -255.2867, 14.6715,  0, 0, 0
L 581.8469, -227.2463, 23.0144,  547.6019, -233.4882, 20.7195,  0, 0, 0
L 586.5367, -233.4285, 21.7643,  581.8469, -227.2463, 23.0144,  0, 0, 0
L 586.4736, -327.2704, 29.0897,  586.5367, -233.4285, 21.7643,  0, 0, 0
L 633.4192, -328.6661, 28.1538,  586.4736, -327.2704, 29.0897,  0, 0, 0
L 635.7977, -284.1905, 20.0365,  633.4192, -328.6661, 28.1538,  0, 0, 0
L 662.4515, -289.5608, 16.2421,  635.7977, -284.1905, 20.0365,  0, 0, 0
L 659.9999, -299.6443, 20.5508,  662.4515, -289.5608, 16.2421,  0, 0, 0
L 708.3500, -301.6154, 17.8174,  659.9999, -299.6443, 20.5508,  0, 0, 0
L 709.5322, -254.0536, 17.6783,  708.3500, -301.6154, 17.8174,  0, 0, 0
L 666.8843, -251.1062, 21.0017,  709.5322, -254.0536, 17.6783,  0, 0, 0
L 660.4354, -264.3455, 17.6354,  666.8843, -251.1062, 21.0017,  0, 0, 0
L 653.1351, -271.7654, 16.1163,  660.4354, -264.3455, 17.6354,  0, 0, 0
L 633.7588, -264.6678, 21.9306,  653.1351, -271.7654, 16.1163,  0, 0, 0
L 633.5833, -261.5856, 22.2785,  633.7588, -264.6678, 21.9306,  0, 0, 0
L 629.7443, -234.9316, 24.4073,  633.5833, -261.5856, 22.2785,  0, 0, 0
L 650.1830, -224.6441, 21.2174,  629.7443, -234.9316, 24.4073,  0, 0, 0
L 672.1219, -224.9096, 20.2968,  650.1830, -224.6441, 21.2174,  0, 0, 0
L 748.6608, -228.4133, 20.8947,  672.1219, -224.9096, 20.2968,  0, 0, 0
L 754.5286, -256.0637, 21.2470,  748.6608, -228.4133, 20.8947,  0, 0, 0
L 746.0613, -262.1400, 15.9081,  754.5286, -256.0637, 21.2470,  0, 0, 0
L 741.5237, -304.7148, 18.4498,  746.0613, -262.1400, 15.9081,  0, 0, 0
L 789.1043, -307.9844, 20.0640,  741.5237, -304.7148, 18.4498,  0, 0, 0
L 793.7715, -265.3337, 22.4127,  789.1043, -307.9844, 20.0640,  0, 0, 0
L 779.6780, -252.9568, 20.3813,  793.7715, -265.3337, 22.4127,  0, 0, 0
L 771.6739, -233.2235, 20.3136,  779.6780, -252.9568, 20.3813,  0, 0, 0
L 813.2366, -224.4781, 27.9420,  771.6739, -233.2235, 20.3136,  0, 0, 0
L 816.5170, -178.4339, 29.9946,  813.2366, -224.4781, 27.9420,  0, 0, 0
L 743.4648, -184.7962, 21.8393,  816.5170, -178.4339, 29.9946,  0, 0, 0
L 729.2203, -173.1705, 23.5766,  743.4648, -184.7962, 21.8393,  0, 0, 0
L 730.3133, -154.5110, 20.9058,  729.2203, -173.1705, 23.5766,  0, 0, 0
L 730.6083, -126.7638, 21.2614,  730.3133, -154.5110, 20.9058,  0, 0, 0
L 728.2911, -105.5611, 20.3326,  730.6083, -126.7638, 21.2614,  0, 0, 0
L 730.0220, -91.0999, 26.5294,  728.2911, -105.5611, 20.3326,  0, 0, 0
L 715.0618, -67.8215, 23.0621,  730.0220, -91.0999, 26.5294,  0, 0, 0
L 709.0911, 14.6721, 21.3147,  715.0618, -67.8215, 23.0621,  0, 0, 0
L 726.5412, 20.6138, 27.8807,  709.0911, 14.6721, 21.3147,  0, 0, 0
L 740.8456, 38.1559, 20.4250,  726.5412, 20.6138, 27.8807,  0, 0, 0
L 762.5995, 36.2288, 9.8273,  740.8456, 38.1559, 20.4250,  0, 0, 0
L 829.2811, 35.8418, -21.2898,  762.5995, 36.2288, 9.8273,  0, 0, 0
L 851.0760, 39.6106, -28.3381,  829.2811, 35.8418, -21.2898,  0, 0, 0
L 855.2679, -35.4188, -25.2536,  851.0760, 39.6106, -28.3381,  0, 0, 0
L 856.9946, -63.4923, -28.9719,  855.2679, -35.4188, -25.2536,  0, 0, 0
L 945.6874, -70.8964, -30.4104,  856.9946, -63.4923, -28.9719,  0, 0, 0
L 960.3151, -1.4922, -28.5165,  945.6874, -70.8964, -30.4104,  0, 0, 0
L 958.4810, 52.8588, -21.7913,  960.3151, -1.4922, -28.5165,  0, 0, 0
L 921.2533, 76.1739, -28.2191,  958.4810, 52.8588, -21.7913,  0, 0, 0
L 889.2891, 78.3225, -26.8865,  921.2533, 76.1739, -28.2191,  0, 0, 0
L 888.6758, 84.0808, -26.5840,  889.2891, 78.3225, -26.8865,  0, 0, 0
L 887.6696, 174.2597, 2.7941,  888.6758, 84.0808, -26.5840,  0, 0, 0
L 894.4543, 211.9097, 2.7086,  887.6696, 174.2597, 2.7941,  0, 0, 0
L 901.1700, 219.1941, 2.5429,  894.4543, 211.9097, 2.7086,  0, 0, 0
L 968.9404, 240.3852, 3.2944,  901.1700, 219.1941, 2.5429,  0, 0, 0
L 1023.5094, 272.6748, 0.9461,  968.9404, 240.3852, 3.2944,  0, 0, 0
L 1052.9639, 334.5144, 1.2204,  1023.5094, 272.6748, 0.9461,  0, 0, 0
L 1064.6566, 391.8285, 2.8362,  1052.9639, 334.5144, 1.2204,  0, 0, 0
L 1070.6361, 435.8363, 11.1284,  1064.6566, 391.8285, 2.8362,  0, 0, 0
L 1068.9675, 491.5535, 3.0746,  1070.6361, 435.8363, 11.1284,  0, 0, 0
L 1085.1057, 511.2207, 4.3232,  1068.9675, 491.5535, 3.0746,  0, 0, 0
L 1127.1482, 509.5639, -4.1915,  1085.1057, 511.2207, 4.3232,  0, 0, 0
L 1171.8359, 514.2857, -23.8297,  1127.1482, 509.5639, -4.1915,  0, 0, 0
L 1175.4481, 504.1765, -23.8739,  1171.8359, 514.2857, -23.8297,  0, 0, 0
L 1184.4058, 500.7393, -23.7653,  1175.4481, 504.1765, -23.8739,  0, 0, 0
L 1223.5240, 497.6164, -27.6197,  1184.4058, 500.7393, -23.7653,  0, 0, 0
L 1256.9834, 510.0354, -29.9269,  1223.5240, 497.6164, -27.6197,  0, 0, 0
L 1258.8854, 486.1060, -28.7981,  1256.9834, 510.0354, -29.9269,  0, 0, 0
L 1259.9846, 411.5493, -35.6943,  1258.8854, 486.1060, -28.7981,  0, 0, 0
L 1277.0282, 391.7047, -46.4831,  1259.9846, 411.5493, -35.6943,  0, 0, 0
L 1275.6322, 334.6676, -60.0637,  1277.0282, 391.7047, -46.4831,  0, 0, 0
L 1281.3907, 293.8604, -63.0460,  1275.6322, 334.6676, -60.0637,  0, 0, 0
L 1300.2607, 264.0661, -62.7888,  1281.3907, 293.8604, -63.0460,  0, 0, 0
L 1324.1346, 249.2020, -63.7285,  1300.2607, 264.0661, -62.7888,  0, 0, 0
L 1349.6622, 242.8741, -63.8222,  1324.1346, 249.2020, -63.7285,  0, 0, 0
L 1367.3314, 243.1164, -62.9633,  1349.6622, 242.8741, -63.8222,  0, 0, 0
L 1408.1096, 243.5687, -64.1622,  1367.3314, 243.1164, -62.9633,  0, 0, 0
L 1440.6521, 243.8300, -71.8057,  1408.1096, 243.5687, -64.1622,  0, 0, 0
L 1454.8740, 235.7455, -76.4842,  1440.6521, 243.8300, -71.8057,  0, 0, 0
L 1466.6187, 229.9187, -79.2564,  1454.8740, 235.7455, -76.4842,  0, 0, 0
L 1559.5831, 236.2126, -102.7452,  1466.6187, 229.9187, -79.2564,  0, 0, 0
L 1577.2493, 229.0220, -103.5329,  1559.5831, 236.2126, -102.7452,  0, 0, 0
L 1597.7234, 171.1759, -104.8777,  1577.2493, 229.0220, -103.5329,  0, 0, 0
L 1621.9036, 125.6649, -101.2631,  1597.7234, 171.1759, -104.8777,  0, 0, 0
L 1643.5062, 111.1685, -103.2818,  1621.9036, 125.6649, -101.2631,  0, 0, 0
L 1672.0034, 91.9903, -102.4677,  1643.5062, 111.1685, -103.2818,  0, 0, 0
L 1717.2972, 80.4182, -104.3963,  1672.0034, 91.9903, -102.4677,  0, 0, 0
L 1773.3511, 78.3986, -103.7069,  1717.2972, 80.4182, -104.3963,  0, 0, 0
L 1791.9000, 79.2923, -103.6158,  1773.3511, 78.3986, -103.7069,  0, 0, 0
L 1812.6570, 78.4664, -101.0082,  1791.9000, 79.2923, -103.6158,  0, 0, 0
L 1823.3978, 83.7160, -101.9307,  1812.6570, 78.4664, -101.0082,  0, 0, 0
L 1846.0569, 101.8484, -102.6111,  1823.3978, 83.7160, -101.9307,  0, 0, 0
L 1853.7947, 105.7990, -103.4948,  1846.0569, 101.8484, -102.6111,  0, 0, 0
L 1875.5750, 116.5680, -102.0256,  1853.7947, 105.7990, -103.4948,  0, 0, 0
L 1891.3345, 129.3719, -100.3400,  1875.5750, 116.5680, -102.0256,  0, 0, 0
L 1902.7688, 155.5491, -103.7330,  1891.3345, 129.3719, -100.3400,  0, 0, 0
L 1909.1615, 165.5717, -102.8889,  1902.7688, 155.5491, -103.7330,  0, 0, 0
L 1923.0890, 185.6093, -102.4372,  1909.1615, 165.5717, -102.8889,  0, 0, 0
L 1926.8096, 224.1154, -105.2129,  1923.0890, 185.6093, -102.4372,  0, 0, 0
L 1929.1578, 274.7610, -103.0464,  1926.8096, 224.1154, -105.2129,  0, 0, 0
L 1926.1031, 292.1854, -104.8113,  1929.1578, 274.7610, -103.0464,  0, 0, 0
L 1925.5103, 328.0657, -101.4374,  1926.1031, 292.1854, -104.8113,  0, 0, 0
L 1906.3599, 339.3947, -108.1733,  1925.5103, 328.0657, -101.4374,  0, 0, 0
L 1899.1281, 372.0928, -110.5919,  1906.3599, 339.3947, -108.1733,  0, 0, 0
L 1880.8049, 392.1613, -113.7172,  1899.1281, 372.0928, -110.5919,  0, 0, 0
L 1854.3525, 404.7772, -114.4424,  1880.8049, 392.1613, -113.7172,  0, 0, 0
L 1844.9354, 412.4810, -106.7468,  1854.3525, 404.7772, -114.4424,  0, 0, 0
L 1822.2775, 428.1205, -107.4453,  1844.9354, 412.4810, -106.7468,  0, 0, 0
L 1788.5215, 433.8886, -106.2822,  1822.2775, 428.1205, -107.4453,  0, 0, 0
L 1769.9686, 436.1602, -116.5900,  1788.5215, 433.8886, -106.2822,  0, 0, 0
L 1700.1115, 433.3906, -105.7533,  1769.9686, 436.1602, -116.5900,  0, 0, 0
L 1676.6564, 424.3661, -105.8055,  1700.1115, 433.3906, -105.7533,  0, 0, 0
L 1658.8868, 409.6276, -103.5060,  1676.6564, 424.3661, -105.8055,  0, 0, 0
L 1644.1619, 404.8813, -102.3055,  1658.8868, 409.6276, -103.5060,  0, 0, 0
L 1620.4830, 384.0389, -102.0481,  1644.1619, 404.8813, -102.3055,  0, 0, 0
L 1606.2709, 372.1783, -99.9599,  1620.4830, 384.0389, -102.0481,  0, 0, 0
L 1600.7288, 346.5707, -102.8442,  1606.2709, 372.1783, -99.9599,  0, 0, 0
L 1581.3851, 321.9759, -102.3162,  1600.7288, 346.5707, -102.8442,  0, 0, 0
L 1577.5690, 296.8865, -104.2552,  1581.3851, 321.9759, -102.3162,  0, 0, 0
L 1576.4883, 285.8058, -103.4179,  1577.5690, 296.8865, -104.2552,  0, 0, 0
L 1554.4806, 276.3576, -105.2890,  1576.4883, 285.8058, -103.4179,  0, 0, 0
L 1465.5533, 267.1817, -83.5410,  1554.4806, 276.3576, -105.2890,  0, 0, 0
L 1417.6613, 263.5606, -65.6080,  1465.5533, 267.1817, -83.5410,  0, 0, 0
L 1361.3289, 259.7385, -65.2806,  1417.6613, 263.5606, -65.6080,  0, 0, 0
L 1332.2671, 266.8016, -65.1371,  1361.3289, 259.7385, -65.2806,  0, 0, 0
L 1309.1073, 289.9654, -62.9031,  1332.2671, 266.8016, -65.1371,  0, 0, 0
L 1297.0735, 314.1626, -62.6969,  1309.1073, 289.9654, -62.9031,  0, 0, 0
L 1300.0453, 351.0510, -56.5633,  1297.0735, 314.1626, -62.6969,  0, 0, 0
L 1300.8899, 399.2725, -42.6029,  1300.0453, 351.0510, -56.5633,  0, 0, 0
L 1307.4741, 493.4476, -26.4121,  1300.8899, 399.2725, -42.6029,  0, 0, 0
L 1318.8712, 494.9825, -21.0550,  1307.4741, 493.4476, -26.4121,  0, 0, 0
L 1385.9219, 499.9071, -29.9859,  1318.8712, 494.9825, -21.0550,  0, 0, 0
L 1394.2568, 497.5859, -27.8113,  1385.9219, 499.9071, -29.9859,  0, 0, 0
L 1392.3142, 449.4781, -27.0349,  1394.2568, 497.5859, -27.8113,  0, 0, 0
L 1438.4197, 451.3670, -28.6212,  1392.3142, 449.4781, -27.0349,  0, 0, 0
L 1443.9199, 492.1076, -21.6719,  1438.4197, 451.3670, -28.6212,  0, 0, 0
L 1486.2474, 499.7746, -21.8563,  1443.9199, 492.1076, -21.6719,  0, 0, 0
L 1490.3789, 547.0676, -22.9586,  1486.2474, 499.7746, -21.8563,  0, 0, 0
L 1432.8722, 547.6909, -30.4630,  1490.3789, 547.0676, -22.9586,  0, 0, 0
L 1410.1299, 549.0490, -27.4499,  1432.8722, 547.6909, -30.4630,  0, 0, 0
L 1404.0852, 570.2797, -23.2370,  1410.1299, 549.0490, -27.4499,  0, 0, 0
L 1407.4717, 576.0732, -22.7209,  1404.0852, 570.2797, -23.2370,  0, 0, 0
L 1451.3756, 574.3442, -27.0905,  1407.4717, 576.0732, -22.7209,  0, 0, 0
L 1456.4294, 619.1436, -21.6789,  1451.3756, 574.3442, -27.0905,  0, 0, 0
L 1419.5392, 623.4052, -23.9263,  1456.4294, 619.1436, -21.6789,  0, 0, 0
L 1406.5494, 621.7249, -30.7622,  1419.5392, 623.4052, -23.9263,  0, 0, 0
L 1403.0160, 646.8218, -25.9212,  1406.5494, 621.7249, -30.7622,  0, 0, 0
L 1358.2675, 649.0840, -23.5874,  1403.0160, 646.8218, -25.9212,  0, 0, 0
L 1356.5408, 553.4076, -27.0861,  1358.2675, 649.0840, -23.5874,  0, 0, 0
L 1342.8992, 543.1183, -27.1293,  1356.5408, 553.4076, -27.0861,  0, 0, 0
L 1249.3617, 541.9374, -30.2696,  1342.8992, 543.1183, -27.1293,  0, 0, 0
L 1246.2477, 550.8459, -30.3449,  1249.3617, 541.9374, -30.2696,  0, 0, 0
L 1247.9531, 573.5289, -29.4332,  1246.2477, 550.8459, -30.3449,  0, 0, 0
L 1248.9625, 595.8344, -26.6883,  1247.9531, 573.5289, -29.4332,  0, 0, 0
L 1218.7845, 600.3123, -21.0875,  1248.9625, 595.8344, -26.6883,  0, 0, 0
L 1201.6859, 593.1841, -20.8302,  1218.7845, 600.3123, -21.0875,  0, 0, 0
L 1201.7782, 567.8295, -28.7727,  1201.6859, 593.1841, -20.8302,  0, 0, 0
L 1187.2971, 543.1992, -24.5078,  1201.7782, 567.8295, -28.7727,  0, 0, 0
L 1169.2136, 530.2214, -22.8044,  1187.2971, 543.1992, -24.5078,  0, 0, 0
L 1117.6918, 531.8460, -0.4032,  1169.2136, 530.2214, -22.8044,  0, 0, 0
L 1075.6613, 528.4993, 2.4863,  1117.6918, 531.8460, -0.4032,  0, 0, 0
L 1069.2614, 565.5044, 4.5765,  1075.6613, 528.4993, 2.4863,  0, 0, 0
L 1064.7860, 642.0627, 3.6767,  1069.2614, 565.5044, 4.5765,  0, 0, 0
L 956.4063, 633.7073, 0.1832,  1064.7860, 642.0627, 3.6767,  0, 0, 0
L 900.2662, 606.5388, 0.1075,  956.4063, 633.7073, 0.1832,  0, 0, 0
L 853.6625, 550.1885, 1.6660,  900.2662, 606.5388, 0.1075,  0, 0, 0
L 841.7463, 524.0491, 3.3793,  853.6625, 550.1885, 1.6660,  0, 0, 0
L 824.9139, 504.5352, 2.3779,  841.7463, 524.0491, 3.3793,  0, 0, 0
L 801.7975, 483.5063, 3.3312,  824.9139, 504.5352, 2.3779,  0, 0, 0
L 758.9401, 480.4948, 2.3048,  801.7975, 483.5063, 3.3312,  0, 0, 0
L 719.9026, 482.0782, 3.3101,  758.9401, 480.4948, 2.3048,  0, 0, 0
L 710.3443, 486.4323, 2.3328,  719.9026, 482.0782, 3.3101,  0, 0, 0
L 706.5369, 525.2160, 3.9692,  710.3443, 486.4323, 2.3328,  0, 0, 0
L 703.4608, 551.7784, 0.6282,  706.5369, 525.2160, 3.9692,  0, 0, 0
L 703.0634, 567.2440, -1.3408,  703.4608, 551.7784, 0.6282,  0, 0, 0
L 669.8597, 568.7211, -2.2467,  703.0634, 567.2440, -1.3408,  0, 0, 0
L 608.0057, 566.7342, -1.7000,  669.8597, 568.7211, -2.2467,  0, 0, 0
L 607.6645, 537.3989, 1.1573,  608.0057, 566.7342, -1.7000,  0, 0, 0
L 576.2814, 543.1397, 3.0654,  607.6645, 537.3989, 1.1573,  0, 0, 0
L 527.9987, 540.2350, -13.4988,  576.2814, 543.1397, 3.0654,  0, 0, 0
L 501.9193, 537.9866, -21.2731,  527.9987, 540.2350, -13.4988,  0, 0, 0
L 489.7120, 550.8286, -19.1547,  501.9193, 537.9866, -21.2731,  0, 0, 0
L 466.2670, 552.0362, -31.6738,  489.7120, 550.8286, -19.1547,  0, 0, 0
L 430.1750, 554.0594, -33.2889,  466.2670, 552.0362, -31.6738,  0, 0, 0
L 423.4545, 571.4817, -35.5950,  430.1750, 554.0594, -33.2889,  0, 0, 0
L 427.9496, 593.0770, -40.3649,  423.4545, 571.4817, -35.5950,  0, 0, 0
L 400.9369, 599.8316, -39.6299,  427.9496, 593.0770, -40.3649,  0, 0, 0
L 382.3326, 607.9104, -40.8966,  400.9369, 599.8316, -39.6299,  0, 0, 0
L 383.8018, 616.1954, -41.5615,  382.3326, 607.9104, -40.8966,  0, 0, 0
L 383.9506, 629.2597, -47.8992,  383.8018, 616.1954, -41.5615,  0, 0, 0
L 383.1590, 678.1953, -63.9188,  383.9506, 629.2597, -47.8992,  0, 0, 0
L 390.7609, 693.9158, -50.3695,  383.1590, 678.1953, -63.9188,  0, 0, 0
L 356.0554, 718.2249, -63.8768,  397.7228, 689.0393, -50.3695,  0, 0, 0
L 359.2960, 732.1956, -61.5524,  356.0554, 718.2249, -63.8768,  0, 0, 0
L 356.7187, 751.7122, -66.6427,  359.2960, 732.1956, -61.5524,  0, 0, 0
L 384.6691, 762.4366, -66.3026,  356.7187, 751.7122, -66.6427,  0, 0, 0
L 397.4655, 796.2356, -56.5694,  384.6691, 762.4366, -66.3026,  0, 0, 0
L 445.3428, 803.8146, -52.8804,  397.4655, 796.2356, -56.5694,  0, 0, 0
L 477.3735, 795.8301, -51.6500,  445.3428, 803.8146, -52.8804,  0, 0, 0
L 483.4911, 785.5222, -55.5582,  477.3735, 795.8301, -51.6500,  0, 0, 0
L 489.6433, 763.1556, -59.5396,  483.4911, 785.5222, -55.5582,  0, 0, 0
L 480.0229, 740.3044, -63.8056,  489.6433, 763.1556, -59.5396,  0, 0, 0
L 488.6930, 734.2358, -60.8024,  480.0229, 740.3044, -63.8056,  0, 0, 0
L 494.0156, 741.2996, -60.9937,  487.8515, 734.8248, -60.8024,  0, 0, 0
L 548.7444, 792.1672, -47.2268,  494.0156, 741.2996, -60.9937,  0, 0, 0
L 578.1699, 818.2503, -38.6447,  548.7444, 792.1672, -47.2268,  0, 0, 0
L 606.1837, 849.9308, -31.1561,  578.1699, 818.2503, -38.6447,  0, 0, 0
L 629.2213, 869.3154, -31.3102,  606.1837, 849.9308, -31.1561,  0, 0, 0
L 657.1783, 900.1959, -21.3999,  629.2213, 869.3154, -31.3102,  0, 0, 0
L 671.6750, 916.4874, -23.9557,  657.1783, 900.1959, -21.3999,  0, 0, 0
L 644.6886, 946.7722, -26.4891,  671.6750, 916.4874, -23.9557,  0, 0, 0
L 601.2889, 975.2795, -28.5116,  644.6886, 946.7722, -26.4891,  0, 0, 0
L 594.8644, 949.6196, -32.4234,  589.7878, 983.9353, -38.0701,  0, 0, 0
L 592.7568, 930.4723, -32.4076,  594.8644, 949.6196, -32.4234,  0, 0, 0
L 588.8815, 914.9778, -32.4197,  592.7568, 930.4723, -32.4076,  0, 0, 0
L 562.7378, 906.9797, -30.8000,  588.8815, 914.9778, -32.4197,  0, 0, 0
L 538.7250, 918.6914, -32.4822,  562.7378, 906.9797, -30.8000,  0, 0, 0
L 525.4680, 917.2889, -32.7855,  538.7250, 918.6914, -32.4822,  0, 0, 0
L 510.1116, 929.7767, -30.6176,  525.4680, 917.2889, -32.7855,  0, 0, 0
L 494.4047, 945.1642, -32.4782,  510.1116, 929.7767, -30.6176,  0, 0, 0
L 469.4093, 954.6662, -32.8481,  494.4047, 945.1642, -32.4782,  0, 0, 0
L 446.2237, 975.4560, -31.9865,  469.4093, 954.6662, -32.8481,  0, 0, 0
L 436.3571, 999.4272, -18.0500,  446.2237, 975.4560, -31.9865,  0, 0, 0
L 389.6453, 977.6595, -34.6547,  450.4171, 1005.9791, -18.0500,  0, 0, 0
L 396.1698, 972.3307, -38.0191,  389.6453, 977.6595, -34.6547,  0, 0, 0
L 425.1410, 947.9519, -37.9526,  396.1698, 972.3307, -38.0191,  0, 0, 0
L 428.4228, 926.9774, -40.0594,  425.1410, 947.9519, -37.9526,  0, 0, 0
L 422.0763, 906.5655, -39.4136,  428.4228, 926.9774, -40.0594,  0, 0, 0
L 410.1013, 892.4547, -41.9773,  422.0763, 906.5655, -39.4136,  0, 0, 0
L 392.8476, 883.6803, -43.0704,  410.1013, 892.4547, -41.9773,  0, 0, 0
L 387.4590, 871.1038, -45.8889,  392.8476, 883.6803, -43.0704,  0, 0, 0
L 368.0838, 847.7025, -51.7457,  387.4590, 871.1038, -45.8889,  0, 0, 0
L 350.7147, 833.7421, -52.1424,  368.0838, 847.7025, -51.7457,  0, 0, 0
L 328.1359, 832.8111, -52.0911,  350.7147, 833.7421, -52.1424,  0, 0, 0
L 326.7782, 833.8099, -52.0896,  328.1359, 832.8111, -52.0911,  0, 0, 0
L 318.4980, 839.9464, -52.0918,  326.7782, 833.8099, -52.0896,  0, 0, 0
L 311.1801, 846.2601, -51.0368,  318.4980, 839.9464, -52.0918,  0, 0, 0
L 288.2061, 879.6769, -38.9413,  311.1801, 846.2601, -51.0368,  0, 0, 0
L 274.5963, 866.0336, -49.8711,  342.6038, 934.2084, -38.9413,  0, 0, 0
L 259.5787, 844.8364, -48.0844,  274.5963, 866.0336, -49.8711,  0, 0, 0
L 235.0341, 824.7003, -46.9563,  259.5787, 844.8364, -48.0844,  0, 0, 0
L 218.9228, 806.7204, -49.8906,  235.0341, 824.7003, -46.9563,  0, 0, 0
L 250.1567, 805.5060, -56.6489,  223.1457, 811.4331, -49.8906,  0, 0, 0
L 274.9486, 808.2592, -52.9001,  250.1567, 805.5060, -56.6489,  0, 0, 0
L 286.6412, 810.0469, -55.6769,  274.9486, 808.2592, -52.9001,  0, 0, 0
L 309.3194, 806.0002, -54.8289,  286.6412, 810.0469, -55.6769,  0, 0, 0
L 326.2848, 799.4669, -59.4050,  309.3194, 806.0002, -54.8289,  0, 0, 0
L 326.8195, 789.1091, -62.4447,  326.2848, 799.4669, -59.4050,  0, 0, 0
L 331.7043, 766.2159, -66.2379,  326.8195, 789.1091, -62.4447,  0, 0, 0
L 329.3256, 739.8223, -66.1133,  331.7043, 766.2159, -66.2379,  0, 0, 0
L 326.2739, 719.2477, -67.0382,  329.3256, 739.8223, -66.1133,  0, 0, 0
L 307.1337, 703.7955, -59.9573,  326.2739, 719.2477, -67.0382,  0, 0, 0
L 322.5044, 696.1630, -62.1448,  312.5492, 702.7686, -59.9573,  0, 0, 0
L 327.1160, 692.9297, -62.6876,  322.5044, 696.1630, -62.1448,  0, 0, 0
L 343.6779, 689.4036, -65.9548,  327.1160, 692.9297, -62.6876,  0, 0, 0
L 363.2827, 680.9191, -63.9624,  343.6779, 689.4036, -65.9548,  0, 0, 0
L 360.9937, 669.4875, -62.0434,  363.2827, 680.9191, -63.9624,  0, 0, 0
L 361.4891, 633.9866, -50.0089,  360.9937, 669.4875, -62.0434,  0, 0, 0
L 358.3477, 619.3162, -42.4357,  361.4891, 633.9866, -50.0089,  0, 0, 0
L 362.6863, 602.5024, -39.8538,  358.3477, 619.3162, -42.4357,  0, 0, 0
L 322.2581, 594.6307, -37.7158,  362.6863, 602.5024, -39.8538,  0, 0, 0
L 328.6967, 553.2336, -40.3437,  322.2581, 594.6307, -37.7158,  0, 0, 0
L 326.4182, 537.8243, -40.2223,  328.6967, 553.2336, -40.3437,  0, 0, 0
L 321.3425, 491.9250, -35.0994,  326.4182, 537.8243, -40.2223,  0, 0, 0
L 323.5185, 473.3301, -34.0006,  321.3425, 491.9250, -35.0994,  0, 0, 0
L 325.0406, 458.7191, -41.1986,  323.5185, 473.3301, -34.0006,  0, 0, 0
L 356.9316, 451.3172, -38.2203,  325.0406, 458.7191, -41.1986,  0, 0, 0
L 358.7500, 441.7352, -36.7752,  356.9316, 451.3172, -38.2203,  0, 0, 0
L 355.8719, 426.8534, -37.0918,  358.7500, 441.7352, -36.7752,  0, 0, 0
L 350.0274, 418.3238, -36.7209,  355.8719, 426.8534, -37.0918,  0, 0, 0
L 341.1175, 406.6232, -35.5048,  350.0274, 418.3238, -36.7209,  0, 0, 0
L 330.8539, 398.2058, -36.8163,  341.1175, 406.6232, -35.5048,  0, 0, 0
L 315.6921, 390.7340, -35.3724,  330.8539, 398.2058, -36.8163,  0, 0, 0
L 289.3193, 387.3108, -28.3402,  315.6921, 390.7340, -35.3724,  0, 0, 0
L 265.9637, 388.6380, -18.9100,  289.3193, 387.3108, -28.3402,  0, 0, 0
L 250.0980, 391.6183, -12.5832,  265.9637, 388.6380, -18.9100,  0, 0, 0
L 198.8915, 387.6582, 1.8337,  250.0980, 391.6183, -12.5832,  0, 0, 0
L 185.2748, 389.1600, 3.8289,  198.8915, 387.6582, 1.8337,  0, 0, 0
L 151.2197, 380.9922, 10.8221,  185.2748, 389.1600, 3.8289,  0, 0, 0
L 150.4159, 380.9276, 10.7204,  151.2197, 380.9922, 10.8221,  0, 0, 0
L 132.8205, 364.0822, 3.9288,  150.4159, 380.9276, 10.7204,  0, 0, 0
L 110.1538, 332.5097, 10.8079,  132.8205, 364.0822, 3.9288,  0, 0, 0
L 108.7441, 310.2592, 5.0246,  110.1538, 332.5097, 10.8079,  0, 0, 0
L 106.2435, 292.4785, 4.4427,  108.7441, 310.2592, 5.0246,  0, 0, 0
L 116.4548, 283.1851, 2.1230,  106.2435, 292.4785, 4.4427,  0, 0, 0
L 106.0303, 277.2973, 3.5855,  116.4548, 283.1851, 2.1230,  0, 0, 0
L 97.6665, 267.1108, 3.6106,  106.0303, 277.2973, 3.5855,  0, 0, 0
L 97.5383, 229.2582, 14.6779,  97.6665, 267.1108, 3.6106,  0, 0, 0
L 99.5691, 203.9700, 16.4214,  97.5383, 229.2582, 14.6779,  0, 0, 0
L 91.0091, 201.2130, 16.4427,  99.5691, 203.9700, 16.4214,  0, 0, 0
L 66.4375, 203.7607, 18.7554,  91.0091, 201.2130, 16.4427,  0, 0, 0
L 40.4951, 185.6727, 16.1702,  66.4375, 203.7607, 18.7554,  0, 0, 0
L 10.6562, 174.4740, 18.5793,  40.4951, 185.6727, 16.1702,  0, 0, 0
L -7.7041, 156.4989, 17.3950,  10.6562, 174.4740, 18.5793,  0, 0, 0
L -23.8475, 143.9351, 18.6957,  -7.7041, 156.4989, 17.3950,  0, 0, 0
L -38.1094, 114.7419, 19.7675,  -23.8475, 143.9351, 18.6957,  0, 0, 0
L -50.0559, 102.7955, 20.7838,  -38.1094, 114.7419, 19.7675,  0, 0, 0
L -50.0559, 102.7955, 20.7838,  -50.0559, 102.7955, 20.7838,  0, 0, 0
L -58.4144, 41.0713, 14.1927,  -50.0559, 102.7955, 20.7838,  0, 0, 0
L 680.8867, -813.3127, -69.6240,  680.8867, -813.3127, -69.6240,  0, 0, 0
L 406.6688, 687.9370, -42.2498,  406.6688, 687.9370, -42.2498,  0, 0, 0
L 397.7228, 689.0393, -46.9226,  415.7633, 687.0676, -39.7625,  0, 0, 0
L 415.7633, 687.0676, -39.7625,  442.9226, 706.3386, -40.3286,  0, 0, 0
L 442.9226, 706.3386, -40.3286,  472.2341, 710.5264, -42.8354,  0, 0, 0
L 472.2341, 710.5264, -42.8353,  488.6930, 734.2358, -62.5727,  0, 0, 0
L 312.5492, 702.7686, -48.6468,  272.5649, 710.3503, -46.9188,  0, 0, 0
L 272.5649, 710.3503, -46.9186,  266.6172, 719.1210, -42.0541,  0, 0, 0
L 266.6172, 719.1210, -39.5547,  202.9917, 779.2280, -41.0929,  0, 0, 0
L 202.9917, 779.2280, -41.0929,  218.9228, 806.7204, -38.2441,  0, 0, 0
L 342.6038, 934.2084, -16.5315,  391.4707, 976.2849, -20.0053,  0, 0, 0
L 450.4171, 1005.9791, -11.5241,  458.8513, 1029.0488, -9.4440,  0, 0, 0
L 458.8513, 1029.0488, -9.4440,  459.1654, 1049.1814, -7.0200,  0, 0, 0
L 459.1654, 1049.1814, -7.0200,  436.9036, 1055.6389, -4.6449,  0, 0, 0
L 436.9036, 1055.6389, -4.6449,  419.7278, 1134.3663, -4.1782,  0, 0, 0
L 419.8648, 1133.7380, -4.1782,  437.8612, 1132.4486, -8.9803,  0, 0, 0
L 437.8612, 1132.4486, -8.9803,  468.9550, 1141.6086, -10.1950,  0, 0, 0
L 468.9550, 1141.6086, -10.2157,  478.2901, 1116.6537, -13.6328,  0, 0, 0
L 478.2901, 1116.6537, -13.6328,  505.5951, 1110.7808, -14.2664,  0, 0, 0
L 505.5951, 1110.7808, -14.2664,  516.3163, 1168.6808, -9.2894,  0, 0, 0
L 516.3163, 1168.6808, -9.2894,  539.4472, 1172.4453, -12.5504,  0, 0, 0
L 539.4472, 1172.4453, -12.5504,  546.7054, 1178.8710, -10.9258,  0, 0, 0
L 546.8031, 1176.4143, -10.9258,  549.9412, 1097.4958, -9.8894,  0, 0, 0
L 549.9412, 1097.4958, -9.8894,  548.7617, 1049.0470, -7.8037,  0, 0, 0
L 548.7617, 1049.0470, -7.8037,  512.2145, 1044.7201, -4.9134,  0, 0, 0
L 512.2145, 1044.7201, -4.9134,  511.2070, 1037.3158, -0.3042,  0, 0, 0
L 511.2070, 1037.3158, -0.3042,  522.2952, 1013.8570, -7.2465,  0, 0, 0
L 522.2952, 1013.8570, -7.2465,  559.7827, 1003.8709, -13.7193,  0, 0, 0
L 559.7827, 1003.8709, -13.7193,  572.4177, 997.0080, -26.4670,  0, 0, 0
L 572.4177, 997.0080, -26.4670,  601.2889, 975.2795, -31.1935,  0, 0, 0
L 546.8031, 1176.4143, 11.2665,  537.6964, 1234.7018, 11.7181,  0, 0, 0
L 537.6964, 1234.7018, 11.7181,  523.2783, 1240.5729, 15.0537,  0, 0, 0
L 523.2783, 1240.5729, 15.0537,  494.5132, 1235.7246, 15.8659,  0, 0, 0
L 494.5132, 1235.7246, 15.8659,  442.2001, 1231.5840, 13.9174,  0, 0, 0
L 442.2001, 1231.5840, 13.9174,  433.1906, 1207.3082, 15.7582,  0, 0, 0
L 433.1906, 1207.3082, 15.7582,  423.6805, 1172.1124, 13.7466,  0, 0, 0
L 423.6805, 1172.1124, 13.7466,  419.7278, 1134.3663, 6.6845,  0, 0, 0
L 1680.7559, 269.0993, -105.5083,  1681.8385, 291.1958, -105.5086,  0, 0, 0
L 1681.8385, 291.1958, -105.5086,  1713.3130, 322.5201, -105.5095,  0, 0, 0
L 1713.3130, 322.5201, -105.5095,  1808.3788, 328.3582, -105.5086,  0, 0, 0
L 1808.3788, 328.3582, -105.5086,  1822.8354, 312.2005, -105.6510,  0, 0, 0
L 1822.8354, 312.2005, -105.6510,  1822.5880, 238.1932, -105.6640,  0, 0, 0
L 1822.5880, 238.1932, -105.6640,  1767.0386, 182.2458, -105.5076,  0, 0, 0
L 1767.0386, 182.2458, -105.5076,  1717.9825, 182.2559, -105.5076,  0, 0, 0
L 1717.9825, 182.2559, -105.5076,  1681.8561, 216.9494, -105.5086,  0, 0, 0
L 1681.8561, 216.9494, -105.5086,  1681.9631, 244.1854, -105.5203,  0, 0, 0
L 1715.3499, 241.9152, -101.7914,  1728.8607, 240.5943, -102.1338,  0, 0, 0
L 1728.8607, 240.5943, -101.7808,  1729.2682, 212.7754, -101.7679,  0, 0, 0
L 1729.2682, 212.7754, -101.7679,  1758.9781, 213.1817, -101.8061,  0, 0, 0
L 1758.9781, 213.1817, -101.8061,  1758.9780, 238.0359, -101.7967,  0, 0, 0
L 1759.0239, 238.0304, -101.7967,  1747.8125, 239.3534, -101.5574,  0, 0, 0
L 1759.0239, 238.0304, -102.1328,  1758.2533, 253.6884, -101.5510,  0, 0, 0
L 1758.8414, 241.7398, -101.8310,  1795.2640, 241.7664, -101.7887,  0, 0, 0
L 1795.2640, 241.7664, -101.7887,  1795.0798, 285.6610, -101.8433,  0, 0, 0
L 1795.0798, 285.6610, -101.8433,  1761.9799, 285.5259, -101.7501,  0, 0, 0
L 1761.9766, 285.7000, -101.7501,  1762.2511, 270.7056, -101.8250,  0, 0, 0
L 1761.9766, 285.7000, -102.1337,  1729.0847, 285.9789, -101.7495,  0, 0, 0
L 1729.0847, 285.9789, -101.7495,  1727.2957, 269.8076, -101.6482,  0, 0, 0
L 1727.2957, 269.8076, -101.6482,  1715.3497, 270.3762, -101.7772,  0, 0, 0
L 1715.3497, 270.3762, -101.7772,  1716.0380, 263.5335, -101.5399,  0, 0, 0
L 1729.0930, 238.3665, -101.8241,  1739.3414, 238.4286, -102.1338,  0, 0, 0
P 342.5933, -703.0335, -22.2596,  127, 0, 0,  3,  Gloomingdeep_Jail
P 423.5385, 838.2468, -48.4979,  127, 0, 0,  3,  Gloomfang_Lair
P 943.1806, 458.2474, -181.7635,  127, 0, 0,  3,  Dig_Site_One
P 1801.7162, 253.9825, -106.3666,  127, 0, 0,  3,  Fort_Gloomingdeep
P 909.9113, 0.2970, -30.4056,  127, 0, 0,  3,  Dig_Site_Two
P 55.8279, 188.8215, 12.1597,  127, 0, 0,  3,  Mushrooms
P 129.5970, 14.7314, 15.3202,  0, 240, 0,  3,  Slave_Revolt_Camp
P 175.4439, -137.9834, 14.2116,  127, 0, 0,  3,  Escape_Tunnel_(Exit)

