L -2159, 549, 232,  -2159, 549, 232,  153, 153, 153
L -2159, 549, 232,  -2165, 656, 232,  153, 153, 153
L -2165, 656, 232,  -1823, 656, 232,  153, 153, 153
L -1823, 656, 232,  -1821, 506, 232,  153, 153, 153
L -1821, 506, 232,  -1639, 506, 232,  153, 153, 153
L -2066, 544, 232,  -2066, 544, 232,  153, 153, 153
L -2066, 544, 232,  -1965, 543, 232,  153, 153, 153
L -1965, 543, 232,  -1965, 395, 232,  153, 153, 153
L -1965, 395, 232,  -1823, 395, 232,  153, 153, 153
L -1823, 395, 232,  -1821, 441, 232,  153, 153, 153
L -1821, 441, 232,  -1639, 441, 232,  153, 153, 153
L -1736, 550, 2595,  -1736, 550, 2595,  153, 153, 153
L -1736, 550, 2595,  -1718, 605, 2598,  153, 153, 153
L -1718, 605, 2598,  -1684, 715, 2688,  153, 153, 153
L -1684, 715, 2688,  -1654, 789, 2381,  153, 153, 153
L -1654, 789, 2381,  -1534, 999, 2883,  153, 153, 153
L -1534, 999, 2883,  -1498, 1191, 3394,  153, 153, 153
L -1498, 1191, 3394,  -1470, 1266, 3073,  153, 153, 153
L -1470, 1266, 3073,  -1415, 1326, 2725,  153, 153, 153
L -1415, 1326, 2725,  -1371, 1374, 2682,  153, 153, 153
L -1371, 1374, 2682,  -1335, 1422, 3076,  153, 153, 153
L -1335, 1422, 3076,  -1302, 1446, 3207,  153, 153, 153
L -1302, 1446, 3207,  -1265, 1469, 3029,  153, 153, 153
L -1265, 1469, 3029,  -1236, 1483, 2855,  153, 153, 153
L -1236, 1483, 2855,  -1217, 1488, 2783,  153, 153, 153
L -1217, 1488, 2783,  -1200, 1492, 2634,  153, 153, 153
L -1200, 1492, 2634,  -1178, 1498, 2499,  153, 153, 153
L -1178, 1498, 2499,  -1157, 1503, 2385,  153, 153, 153
L -1157, 1503, 2385,  -1120, 1512, 2681,  153, 153, 153
L -1120, 1512, 2681,  -1072, 1519, 2983,  153, 153, 153
L -1072, 1519, 2983,  -1018, 1558, 3480,  153, 153, 153
L -1018, 1558, 3480,  -1009, 1563, 3329,  153, 153, 153
L -1009, 1563, 3329,  -1004, 1565, 3242,  153, 153, 153
L -1004, 1565, 3242,  -993, 1566, 3124,  153, 153, 153
L -993, 1566, 3124,  -955, 1570, 2785,  153, 153, 153
L -955, 1570, 2785,  -929, 1572, 2552,  153, 153, 153
L -929, 1572, 2552,  -909, 1574, 2581,  153, 153, 153
L -909, 1574, 2581,  -881, 1579, 2783,  153, 153, 153
L -881, 1579, 2783,  -833, 1590, 2819,  153, 153, 153
L -833, 1590, 2819,  -778, 1603, 2546,  153, 153, 153
L -778, 1603, 2546,  -649, 1631, 2362,  153, 153, 153
L -649, 1631, 2362,  -575, 1667, 2382,  153, 153, 153
L -575, 1667, 2382,  -528, 1686, 2513,  153, 153, 153
L -528, 1686, 2513,  -466, 1712, 2933,  153, 153, 153
L -466, 1712, 2933,  -420, 1739, 2774,  153, 153, 153
L -420, 1739, 2774,  -370, 1764, 2574,  153, 153, 153
L -370, 1764, 2574,  -334, 1780, 2115,  153, 153, 153
L -334, 1780, 2115,  -300, 1794, 1878,  153, 153, 153
L -300, 1794, 1878,  -260, 1792, 1578,  153, 153, 153
L -260, 1792, 1578,  -182, 1783, 1548,  153, 153, 153
L -182, 1783, 1548,  -140, 1775, 1472,  153, 153, 153
L -140, 1775, 1472,  -97, 1777, 1552,  153, 153, 153
L -97, 1777, 1552,  -28, 1788, 1574,  153, 153, 153
L -28, 1788, 1574,  29, 1787, 1210,  153, 153, 153
L 29, 1787, 1210,  70, 1788, 1061,  153, 153, 153
L 70, 1788, 1061,  194, 1809, 2001,  153, 153, 153
L 194, 1809, 2001,  267, 1811, 2207,  153, 153, 153
L 267, 1811, 2207,  309, 1808, 2162,  153, 153, 153
L 309, 1808, 2162,  355, 1804, 2030,  153, 153, 153
L 355, 1804, 2030,  482, 1842, 2271,  153, 153, 153
L 482, 1842, 2271,  606, 1892, 3119,  153, 153, 153
L 606, 1892, 3119,  660, 1885, 3096,  153, 153, 153
L 968, 1773, 919,  968, 1773, 919,  153, 153, 153
L 968, 1773, 919,  1066, 1766, 1214,  153, 153, 153
L 1066, 1766, 1214,  1102, 1767, 1335,  153, 153, 153
L 1102, 1767, 1335,  1146, 1768, 1314,  153, 153, 153
L 1146, 1768, 1314,  1200, 1771, 1192,  153, 153, 153
L 1200, 1771, 1192,  1249, 1776, 1298,  153, 153, 153
L 1249, 1776, 1298,  1261, 1777, 1306,  153, 153, 153
L 1261, 1777, 1306,  1335, 1777, 1088,  153, 153, 153
L 1335, 1777, 1088,  1374, 1777, 1298,  153, 153, 153
L 1374, 1777, 1298,  1416, 1778, 1505,  153, 153, 153
L 1416, 1778, 1505,  1542, 1765, 885,  153, 153, 153
L 1542, 1765, 885,  1603, 1747, 1117,  153, 153, 153
L 1603, 1747, 1117,  1639, 1726, 821,  153, 153, 153
L 1639, 1726, 821,  1676, 1705, 806,  153, 153, 153
L 1676, 1705, 806,  1700, 1683, 1036,  153, 153, 153
L 1700, 1683, 1036,  1722, 1645, 1049,  153, 153, 153
L 1722, 1645, 1049,  1741, 1613, 1098,  153, 153, 153
L 1741, 1613, 1098,  1748, 1601, 1123,  153, 153, 153
L 1748, 1601, 1123,  1764, 1561, 1004,  153, 153, 153
L 1764, 1561, 1004,  1770, 1528, 919,  153, 153, 153
L 1770, 1528, 919,  1770, 1471, 1050,  153, 153, 153
L 1770, 1471, 1050,  1768, 1438, 1263,  153, 153, 153
L 1768, 1438, 1263,  1767, 1421, 1382,  153, 153, 153
L 1767, 1421, 1382,  1763, 1337, 1789,  153, 153, 153
L 1763, 1337, 1789,  1765, 1293, 1931,  153, 153, 153
L 1765, 1293, 1931,  1767, 1250, 2098,  153, 153, 153
L 1767, 1250, 2098,  1776, 1121, 3066,  153, 153, 153
L 1776, 1121, 3066,  1774, 1084, 2976,  153, 153, 153
L 1774, 1084, 2976,  1771, 1036, 2956,  153, 153, 153
L 1771, 1036, 2956,  1769, 1004, 3084,  153, 153, 153
L 1769, 1004, 3084,  1759, 826, 2075,  153, 153, 153
L 1759, 826, 2075,  1780, 552, 1370,  153, 153, 153
L 1780, 552, 1370,  1790, 461, 1392,  153, 153, 153
L 1790, 461, 1392,  1784, 294, 1507,  153, 153, 153
L 1784, 294, 1507,  1758, 83, 1840,  153, 153, 153
L 1758, 83, 1840,  1744, -104, 2442,  153, 153, 153
L 1744, -104, 2442,  1759, -274, 2465,  153, 153, 153
L 1759, -274, 2465,  1773, -445, 1644,  153, 153, 153
L 1773, -445, 1644,  1709, -668, 2296,  153, 153, 153
L 1709, -668, 2296,  1695, -936, 3376,  153, 153, 153
L 1695, -936, 3376,  1735, -1153, 1785,  153, 153, 153
L 1735, -1153, 1785,  1669, -1415, 2335,  153, 153, 153
L 1669, -1415, 2335,  1598, -1599, 2772,  153, 153, 153
L 1598, -1599, 2772,  1520, -1721, 2634,  153, 153, 153
L 1520, -1721, 2634,  1460, -1721, 2558,  153, 153, 153
L 1460, -1721, 2558,  1391, -1720, 3222,  153, 153, 153
L 1391, -1720, 3222,  1342, -1725, 3568,  153, 153, 153
L 1342, -1725, 3568,  1161, -1749, 2978,  153, 153, 153
L 1161, -1749, 2978,  1059, -1759, 2679,  153, 153, 153
L 1059, -1759, 2679,  882, -1762, 2385,  153, 153, 153
L 882, -1762, 2385,  761, -1718, 2229,  153, 153, 153
L 761, -1718, 2229,  578, -1780, 2604,  153, 153, 153
L 578, -1780, 2604,  541, -1800, 2522,  153, 153, 153
L 541, -1800, 2522,  367, -1832, 3234,  153, 153, 153
L 367, -1832, 3234,  266, -1836, 3529,  153, 153, 153
L 266, -1836, 3529,  183, -1836, 3736,  153, 153, 153
L 183, -1836, 3736,  73, -1832, 2967,  153, 153, 153
L 73, -1832, 2967,  48, -1830, 3021,  153, 153, 153
L 48, -1830, 3021,  -15, -1826, 3095,  153, 153, 153
L -15, -1826, 3095,  -193, -1819, 3041,  153, 153, 153
L -193, -1819, 3041,  -313, -1817, 2723,  153, 153, 153
L -313, -1817, 2723,  -408, -1810, 2454,  153, 153, 153
L -408, -1810, 2454,  -591, -1792, 2988,  153, 153, 153
L -591, -1792, 2988,  -693, -1798, 2571,  153, 153, 153
L -693, -1798, 2571,  -895, -1735, 4266,  153, 153, 153
L -895, -1735, 4266,  -1014, -1718, 4192,  153, 153, 153
L -1014, -1718, 4192,  -1049, -1724, 3846,  153, 153, 153
L -1049, -1724, 3846,  -1075, -1750, 3580,  153, 153, 153
L -1075, -1750, 3580,  -1143, -1817, 3554,  153, 153, 153
L -1143, -1817, 3554,  -1175, -1818, 3438,  153, 153, 153
L -1175, -1818, 3438,  -1244, -1818, 3262,  153, 153, 153
L -1244, -1818, 3262,  -1281, -1816, 3090,  153, 153, 153
L -1281, -1816, 3090,  -1337, -1808, 3151,  153, 153, 153
L -1337, -1808, 3151,  -1362, -1804, 3054,  153, 153, 153
L -1362, -1804, 3054,  -1393, -1799, 2907,  153, 153, 153
L -1393, -1799, 2907,  -1559, -1767, 2132,  153, 153, 153
L -1559, -1767, 2132,  -1699, -1687, 2130,  153, 153, 153
L -1699, -1687, 2130,  -1770, -1575, 2789,  153, 153, 153
L -1770, -1575, 2789,  -1828, -1391, 3348,  153, 153, 153
L -1828, -1391, 3348,  -1839, -1200, 3007,  153, 153, 153
L -1839, -1200, 3007,  -1835, -1116, 2844,  153, 153, 153
L -1835, -1116, 2844,  -1831, -1052, 2650,  153, 153, 153
L -1831, -1052, 2650,  -1828, -945, 2364,  153, 153, 153
L -1828, -945, 2364,  -1827, -873, 2697,  153, 153, 153
L -1827, -873, 2697,  -1839, -719, 3177,  153, 153, 153
L -1839, -719, 3177,  -1838, -573, 2419,  153, 153, 153
L -1838, -573, 2419,  -1827, -512, 2232,  153, 153, 153
L -1827, -512, 2232,  -1813, -376, 3226,  153, 153, 153
L -1813, -376, 3226,  -1819, -296, 3396,  153, 153, 153
L -1819, -296, 3396,  -1825, -213, 2870,  153, 153, 153
L -1825, -213, 2870,  -1816, -118, 2060,  153, 153, 153
L -1816, -118, 2060,  -1802, -35, 2084,  153, 153, 153
L -1802, -35, 2084,  -1792, 26, 2230,  153, 153, 153
L -1792, 26, 2230,  -1778, 143, 2255,  153, 153, 153
L -1778, 143, 2255,  -1767, 270, 2290,  153, 153, 153
L -1767, 270, 2290,  -1764, 396, 2130,  153, 153, 153
L -1764, 396, 2130,  -1757, 493, 2532,  153, 153, 153
L -1757, 493, 2532,  -1737, 548, 2589,  153, 153, 153
L 2028, 730, -204,  1996, 736, -199,  255, 255, 255
L 1996, 736, -199,  1972, 784, -262,  255, 255, 255
L 1972, 784, -262,  1960, 833, -270,  255, 255, 255
L 1960, 833, -270,  1962, 880, -304,  255, 255, 255
L 1962, 880, -304,  1993, 900, -154,  255, 255, 255
L 1993, 900, -154,  2022, 906, -63,  255, 255, 255
L 2022, 906, -63,  2049, 908, -177,  255, 255, 255
L 2049, 908, -177,  2095, 908, -157,  255, 255, 255
L 2095, 908, -157,  2097, 903, -90,  255, 255, 255
L 2097, 903, -90,  2110, 899, -45,  255, 255, 255
L 2110, 899, -45,  2120, 894, -89,  255, 255, 255
L 2120, 894, -89,  2126, 888, -142,  255, 255, 255
L 2126, 888, -142,  2134, 879, -406,  255, 255, 255
L 2134, 879, -406,  2153, 862, -325,  255, 255, 255
L 2153, 862, -325,  2145, 850, -282,  255, 255, 255
L 2145, 850, -282,  2147, 817, -180,  255, 255, 255
L 2147, 817, -180,  2137, 801, -174,  255, 255, 255
L 2137, 801, -174,  2133, 784, -186,  255, 255, 255
L 2133, 784, -186,  2115, 755, -223,  255, 255, 255
L 2115, 755, -223,  2103, 743, -268,  255, 255, 255
L 2103, 743, -268,  2087, 731, -226,  255, 255, 255
L 2087, 731, -226,  2096, 739, -227,  255, 255, 255
L 2096, 739, -227,  2096, 746, -215,  255, 255, 255
L 2096, 746, -215,  2085, 751, -198,  255, 255, 255
L 2085, 751, -198,  2079, 752, -205,  255, 255, 255
L 2079, 752, -205,  2070, 754, -186,  255, 255, 255
L 2070, 754, -186,  2064, 754, -178,  255, 255, 255
L 2064, 754, -178,  2058, 750, -196,  255, 255, 255
L 2058, 750, -196,  2055, 742, -201,  255, 255, 255
L 2145, 867, -320,  2145, 835, -191,  255, 255, 255
L 2145, 835, -191,  2134, 786, -179,  255, 255, 255
L 2134, 786, -179,  2113, 755, -245,  255, 255, 255
L 2113, 755, -245,  2096, 739, -227,  255, 255, 255
L 2032, 729, -227,  2039, 723, -254,  255, 255, 255
L 2039, 723, -254,  2043, 715, -244,  255, 255, 255
L 2043, 715, -244,  2040, 700, -277,  255, 255, 255
L 2040, 700, -277,  2051, 687, -302,  255, 255, 255
L 2051, 687, -302,  2057, 675, -335,  255, 255, 255
L 2057, 675, -335,  2059, 655, -383,  255, 255, 255
L 2059, 655, -383,  2057, 647, -400,  255, 255, 255
L 2057, 647, -400,  2051, 636, -451,  255, 255, 255
L 2051, 636, -451,  2037, 630, -499,  255, 255, 255
L 2037, 630, -499,  2022, 640, -543,  255, 255, 255
L 2022, 640, -543,  2013, 654, -585,  255, 255, 255
L 2013, 654, -585,  1993, 681, -622,  255, 255, 255
L 1993, 681, -622,  1988, 675, -647,  255, 255, 255
L 1988, 675, -647,  1959, 682, -679,  255, 255, 255
L 1959, 682, -679,  1947, 676, -700,  255, 255, 255
L 1947, 676, -700,  1925, 661, -738,  255, 255, 255
L 1925, 661, -738,  1925, 661, -738,  255, 255, 255
L 1925, 661, -738,  1916, 639, -750,  255, 255, 255
L 1916, 639, -750,  1918, 619, -720,  255, 255, 255
L 1918, 619, -720,  1914, 616, -692,  255, 255, 255
L 1914, 616, -692,  1901, 616, -656,  255, 255, 255
L 1901, 616, -656,  1895, 610, -695,  255, 255, 255
L 1895, 610, -695,  1883, 579, -809,  255, 255, 255
L 1883, 579, -809,  1885, 574, -803,  255, 255, 255
L 1885, 574, -803,  1889, 541, -888,  255, 255, 255
L 1889, 541, -888,  1904, 519, -879,  255, 255, 255
L 1904, 519, -879,  1917, 508, -870,  255, 255, 255
L 1917, 508, -870,  1939, 499, -869,  255, 255, 255
L 1939, 499, -869,  1962, 497, -886,  255, 255, 255
L 1962, 497, -886,  1972, 500, -757,  255, 255, 255
L 1972, 500, -757,  1985, 501, -853,  255, 255, 255
L 1985, 501, -853,  1984, 496, -839,  255, 255, 255
L 1984, 496, -839,  1992, 483, -904,  255, 255, 255
L 1992, 483, -904,  1989, 465, -913,  255, 255, 255
L 1989, 465, -913,  1983, 451, -936,  255, 255, 255
L 1983, 451, -936,  1973, 442, -967,  255, 255, 255
L 1973, 442, -967,  1958, 432, -1008,  255, 255, 255
L 1958, 432, -1008,  1941, 425, -1030,  255, 255, 255
L 1941, 425, -1030,  1925, 409, -1058,  255, 255, 255
L 1925, 409, -1058,  1911, 372, -1117,  255, 255, 255
L 1911, 372, -1117,  1917, 358, -1146,  255, 255, 255
L 1917, 358, -1146,  1925, 339, -1175,  255, 255, 255
L 1925, 339, -1175,  1921, 318, -1217,  255, 255, 255
L 1921, 318, -1217,  1896, 293, -1195,  255, 255, 255
L 1896, 293, -1195,  1890, 272, -1158,  255, 255, 255
L 1890, 272, -1158,  1890, 250, -1121,  255, 255, 255
L 1890, 250, -1121,  1903, 222, -1040,  255, 255, 255
L 1903, 222, -1040,  1904, 202, -902,  255, 255, 255
L 1904, 202, -902,  1886, 198, -917,  255, 255, 255
L 1886, 198, -917,  1870, 185, -1087,  255, 255, 255
L 1870, 185, -1087,  1864, 177, -1133,  255, 255, 255
L 1864, 177, -1133,  1856, 145, -1128,  255, 255, 255
L 1856, 145, -1128,  1877, 135, -938,  255, 255, 255
L 1877, 135, -938,  1906, 117, -933,  255, 255, 255
L 1906, 117, -933,  1939, 124, -1021,  255, 255, 255
L 1939, 124, -1021,  1957, 128, -960,  255, 255, 255
L 1957, 128, -960,  1981, 134, -873,  255, 255, 255
L 1981, 134, -873,  1978, 140, -1007,  255, 255, 255
L 1978, 140, -1007,  1991, 135, -957,  255, 255, 255
L 1991, 135, -957,  1996, 128, -927,  255, 255, 255
L 1996, 128, -927,  1992, 114, -820,  255, 255, 255
L 1992, 114, -820,  1987, 110, -768,  255, 255, 255
L 1987, 110, -768,  1981, 106, -737,  255, 255, 255
L 1981, 106, -737,  1974, 104, -694,  255, 255, 255
L 1974, 104, -694,  1966, 104, -659,  255, 255, 255
L 1966, 104, -659,  1963, 105, -653,  255, 255, 255
L 1963, 105, -653,  1936, 112, -617,  255, 255, 255
L 1936, 112, -617,  1907, 100, -579,  255, 255, 255
L 1907, 100, -579,  1901, 78, -521,  255, 255, 255
L 1901, 78, -521,  1902, 59, -467,  255, 255, 255
L 1902, 59, -467,  1924, 30, -401,  255, 255, 255
L 1924, 30, -401,  1948, 20, -340,  255, 255, 255
L 1948, 20, -340,  1953, 11, -282,  255, 255, 255
L 1953, 11, -282,  1958, -4, -171,  255, 255, 255
L 1958, -4, -171,  1958, -16, -132,  255, 255, 255
L 1958, -16, -132,  1957, -19, -125,  255, 255, 255
L 1957, -19, -125,  1945, -18, -114,  255, 255, 255
L 1945, -18, -114,  1931, -24, -182,  255, 255, 255
L 1931, -24, -182,  1915, -42, -183,  255, 255, 255
L 1915, -42, -183,  1912, -49, -199,  255, 255, 255
L 1912, -49, -199,  1903, -70, -216,  255, 255, 255
L 1903, -70, -216,  1898, -101, -235,  255, 255, 255
L 1898, -101, -235,  1901, -117, -203,  255, 255, 255
L 1901, -117, -203,  1909, -135, -106,  255, 255, 255
L 1909, -135, -106,  1917, -129, -59,  255, 255, 255
L 1917, -129, -59,  1923, -129, -43,  255, 255, 255
L 1923, -129, -43,  1933, -123, -38,  255, 255, 255
L 1933, -123, -38,  1940, -122, -75,  255, 255, 255
L 1940, -122, -75,  1949, -122, -99,  255, 255, 255
L 1949, -122, -99,  1952, -122, -115,  255, 255, 255
L 1952, -122, -115,  1955, -123, -142,  255, 255, 255
L 1955, -123, -142,  1954, -129, -133,  255, 255, 255
L 1954, -129, -133,  1951, -143, -138,  255, 255, 255
L 1951, -143, -138,  1951, -163, -102,  255, 255, 255
L 1951, -163, -102,  1962, -197, -70,  255, 255, 255
L 1962, -197, -70,  1983, -211, -69,  255, 255, 255
L 1983, -211, -69,  2000, -215, -95,  255, 255, 255
L 2000, -215, -95,  2007, -219, -110,  255, 255, 255
L 2007, -219, -110,  2015, -224, -133,  255, 255, 255
L 2015, -224, -133,  2020, -232, -135,  255, 255, 255
L 2020, -232, -135,  2022, -234, -137,  255, 255, 255
L 2022, -234, -137,  2027, -245, -186,  255, 255, 255
L 2027, -245, -186,  2028, -255, -246,  255, 255, 255
L 2028, -255, -246,  2018, -263, -312,  255, 255, 255
L 2018, -263, -312,  2003, -259, -392,  255, 255, 255
L 2003, -259, -392,  1994, -252, -408,  255, 255, 255
L 1994, -252, -408,  1980, -243, -434,  255, 255, 255
L 1980, -243, -434,  1965, -238, -457,  255, 255, 255
L 1965, -238, -457,  1948, -243, -489,  255, 255, 255
L 1948, -243, -489,  1931, -249, -523,  255, 255, 255
L 1931, -249, -523,  1925, -256, -588,  255, 255, 255
L 1925, -256, -588,  1915, -282, -594,  255, 255, 255
L 1915, -282, -594,  1912, -298, -553,  255, 255, 255
L 1912, -298, -553,  1906, -311, -411,  255, 255, 255
L 1906, -311, -411,  1897, -319, -408,  255, 255, 255
L 1897, -319, -408,  1897, -319, -408,  255, 255, 255
L 1897, -319, -408,  1892, -313, -399,  255, 255, 255
L 1892, -313, -399,  1882, -311, -428,  255, 255, 255
L 1882, -311, -428,  1872, -314, -407,  255, 255, 255
L 1872, -314, -407,  1861, -324, -363,  255, 255, 255
L 1861, -324, -363,  1853, -347, -330,  255, 255, 255
L 1853, -347, -330,  1853, -348, -332,  255, 255, 255
L 1853, -348, -332,  1851, -366, -409,  255, 255, 255
L 1851, -366, -409,  1851, -381, -440,  255, 255, 255
L 1851, -381, -440,  1856, -398, -383,  255, 255, 255
L 1856, -398, -383,  1857, -403, -363,  255, 255, 255
L 1857, -403, -363,  1856, -430, -446,  255, 255, 255
L 1856, -430, -446,  1860, -437, -424,  255, 255, 255
L 1860, -437, -424,  1874, -439, -390,  255, 255, 255
L 1874, -439, -390,  1874, -439, -389,  255, 255, 255
L 1874, -439, -389,  1873, -454, -382,  255, 255, 255
L 1873, -454, -382,  1868, -458, -344,  255, 255, 255
L 1868, -458, -344,  1860, -461, -296,  255, 255, 255
L 1860, -461, -296,  1852, -461, -251,  255, 255, 255
L 1852, -461, -251,  1847, -456, -203,  255, 255, 255
L 1847, -456, -203,  1844, -453, -177,  255, 255, 255
L 1844, -453, -177,  1841, -446, -125,  255, 255, 255
L 1841, -446, -125,  1840, -442, -103,  255, 255, 255
L 1840, -442, -103,  1840, -434, -69,  255, 255, 255
L 1840, -434, -69,  1845, -420, -35,  255, 255, 255
L 1845, -420, -35,  1846, -410, -2,  255, 255, 255
L 1846, -410, -2,  1841, -392, 36,  255, 255, 255
L 1841, -392, 36,  1834, -382, 60,  255, 255, 255
L 1834, -382, 60,  1810, -363, 107,  255, 255, 255
L 1810, -363, 107,  1790, -369, 152,  255, 255, 255
L 1790, -369, 152,  1770, -388, 249,  255, 255, 255
L 1770, -388, 249,  1764, -405, 307,  255, 255, 255
L 1764, -405, 307,  1758, -413, 355,  255, 255, 255
L 1758, -413, 355,  1747, -422, 440,  255, 255, 255
L 1747, -422, 440,  1740, -424, 451,  255, 255, 255
L 1739, -452, 530,  1750, -449, 488,  255, 255, 255
L 1750, -449, 488,  1750, -449, 488,  255, 255, 255
L 1750, -449, 488,  1763, -443, 434,  255, 255, 255
L 1763, -443, 434,  1773, -435, 382,  255, 255, 255
L 1773, -435, 382,  1790, -414, 335,  255, 255, 255
L 1790, -414, 335,  1796, -404, 282,  255, 255, 255
L 1796, -404, 282,  1799, -399, 194,  255, 255, 255
L 1799, -399, 194,  1801, -397, 165,  255, 255, 255
L 1801, -397, 165,  1816, -396, 132,  255, 255, 255
L 1816, -396, 132,  1818, -402, 46,  255, 255, 255
L 1818, -402, 46,  1821, -410, 6,  255, 255, 255
L 1821, -410, 6,  1819, -419, -72,  255, 255, 255
L 1819, -419, -72,  1817, -429, -86,  255, 255, 255
L 1817, -429, -86,  1812, -447, -90,  255, 255, 255
L 1812, -447, -90,  1816, -435, -96,  255, 255, 255
L 1816, -435, -96,  1817, -451, -144,  255, 255, 255
L 1817, -451, -144,  1827, -480, -194,  255, 255, 255
L 1827, -480, -194,  1844, -483, -235,  255, 255, 255
L 1844, -483, -235,  1858, -491, -252,  255, 255, 255
L 1858, -491, -252,  1869, -486, -313,  255, 255, 255
L 1869, -486, -313,  1892, -471, -367,  255, 255, 255
L 1892, -471, -367,  1898, -449, -402,  255, 255, 255
L 1898, -449, -402,  1900, -439, -364,  255, 255, 255
L 1900, -439, -364,  1911, -439, -328,  255, 255, 255
L 1911, -439, -328,  1915, -435, -334,  255, 255, 255
L 1915, -435, -334,  1921, -429, -359,  255, 255, 255
L 1921, -429, -359,  1921, -414, -467,  255, 255, 255
L 1921, -414, -467,  1922, -390, -423,  255, 255, 255
L 1922, -390, -423,  1920, -388, -407,  255, 255, 255
L 1920, -388, -407,  1923, -365, -410,  255, 255, 255
L 1923, -365, -410,  1922, -368, -406,  255, 255, 255
L 1922, -368, -406,  1924, -357, -367,  255, 255, 255
L 1924, -357, -367,  1922, -348, -296,  255, 255, 255
L 1922, -348, -296,  1922, -344, -293,  255, 255, 255
L 1922, -344, -293,  1920, -341, -297,  255, 255, 255
L 1920, -341, -297,  1916, -337, -308,  255, 255, 255
L 1916, -337, -308,  1915, -336, -325,  255, 255, 255
L 1915, -336, -325,  1921, -329, -337,  255, 255, 255
L 1921, -329, -337,  1934, -318, -383,  255, 255, 255
L 1934, -318, -383,  1932, -318, -452,  255, 255, 255
L 1932, -318, -452,  1943, -290, -545,  255, 255, 255
L 1943, -290, -545,  1942, -285, -594,  255, 255, 255
L 1942, -285, -594,  1947, -273, -550,  255, 255, 255
L 1947, -273, -550,  1954, -268, -489,  255, 255, 255
L 1954, -268, -489,  1959, -266, -466,  255, 255, 255
L 1959, -266, -466,  1971, -270, -452,  255, 255, 255
L 1971, -270, -452,  1976, -270, -421,  255, 255, 255
L 1976, -270, -421,  1987, -278, -385,  255, 255, 255
L 1987, -278, -385,  2010, -289, -336,  255, 255, 255
L 2010, -289, -336,  2036, -285, -292,  255, 255, 255
L 2036, -285, -292,  2057, -263, -254,  255, 255, 255
L 2057, -263, -254,  2056, -234, -196,  255, 255, 255
L 2056, -234, -196,  2046, -220, -145,  255, 255, 255
L 2046, -220, -145,  2027, -200, -125,  255, 255, 255
L 2027, -200, -125,  1995, -184, -74,  255, 255, 255
L 1995, -184, -74,  1985, -176, -69,  255, 255, 255
L 1985, -176, -69,  1982, -173, -73,  255, 255, 255
L 1982, -173, -73,  1978, -164, -91,  255, 255, 255
L 1978, -164, -91,  1977, -159, -100,  255, 255, 255
L 1977, -159, -100,  1978, -142, -104,  255, 255, 255
L 1978, -142, -104,  1978, -142, -64,  255, 255, 255
L 1978, -142, -64,  1979, -126, -64,  255, 255, 255
L 1979, -126, -64,  1979, -125, -70,  255, 255, 255
L 1979, -125, -70,  1980, -123, -77,  255, 255, 255
L 1980, -123, -77,  1986, -122, -104,  255, 255, 255
L 1986, -122, -104,  2000, -123, -231,  255, 255, 255
L 2000, -123, -231,  2012, -115, -214,  255, 255, 255
L 2012, -115, -214,  2013, -114, -213,  255, 255, 255
L 2013, -114, -213,  2017, -84, -97,  255, 255, 255
L 2017, -84, -97,  2021, -83, -94,  255, 255, 255
L 2021, -83, -94,  2033, -83, -77,  255, 255, 255
L 2033, -83, -77,  2039, -86, -106,  255, 255, 255
L 2039, -86, -106,  2051, -88, -249,  255, 255, 255
L 2051, -88, -249,  2061, -87, -280,  255, 255, 255
L 2061, -87, -280,  2081, -79, -316,  255, 255, 255
L 2081, -79, -316,  2105, -58, -343,  255, 255, 255
L 2105, -58, -343,  2109, -39, -395,  255, 255, 255
L 2109, -39, -395,  2117, -25, -472,  255, 255, 255
L 2117, -25, -472,  2132, -15, -530,  255, 255, 255
L 2132, -15, -530,  2142, -11, -582,  255, 255, 255
L 2142, -11, -582,  2152, -11, -625,  255, 255, 255
L 2152, -11, -625,  2158, -21, -677,  255, 255, 255
L 2158, -21, -677,  2156, -30, -733,  255, 255, 255
L 2156, -30, -733,  2155, -34, -763,  255, 255, 255
L 2155, -34, -763,  2140, -53, -799,  255, 255, 255
L 2140, -53, -799,  2138, -56, -816,  255, 255, 255
L 2138, -56, -816,  2134, -71, -869,  255, 255, 255
L 2134, -71, -869,  2140, -100, -920,  255, 255, 255
L 2140, -100, -920,  2156, -118, -971,  255, 255, 255
L 2156, -118, -971,  2176, -124, -1007,  255, 255, 255
L 2176, -124, -1007,  2188, -125, -1056,  255, 255, 255
L 2188, -125, -1056,  2199, -128, -1093,  255, 255, 255
L 2199, -128, -1093,  2202, -130, -1105,  255, 255, 255
L 2202, -130, -1105,  2210, -137, -1091,  255, 255, 255
L 2210, -137, -1091,  2211, -138, -1089,  255, 255, 255
L 2211, -138, -1089,  2213, -140, -1094,  255, 255, 255
L 2213, -140, -1094,  2207, -147, -1007,  255, 255, 255
L 2207, -147, -1007,  2198, -162, -1041,  255, 255, 255
L 2198, -162, -1041,  2195, -183, -1029,  255, 255, 255
L 2195, -183, -1029,  2195, -194, -1008,  255, 255, 255
L 2195, -194, -1008,  2197, -221, -1110,  255, 255, 255
L 2197, -221, -1110,  2201, -227, -1041,  255, 255, 255
L 2201, -227, -1041,  2207, -245, -1099,  255, 255, 255
L 2207, -245, -1099,  2217, -272, -1232,  255, 255, 255
L 2217, -272, -1232,  2223, -279, -1285,  255, 255, 255
L 2223, -279, -1285,  2230, -291, -1299,  255, 255, 255
L 2230, -291, -1299,  2250, -305, -1164,  255, 255, 255
L 2250, -305, -1164,  2269, -319, -1144,  255, 255, 255
L 2269, -319, -1144,  2277, -320, -1174,  255, 255, 255
L 2277, -320, -1174,  2303, -322, -905,  255, 255, 255
L 2303, -322, -905,  2335, -309, -825,  255, 255, 255
L 2335, -309, -825,  2362, -288, -830,  255, 255, 255
L 2362, -288, -830,  2385, -255, -968,  255, 255, 255
L 2385, -255, -968,  2383, -207, -1098,  255, 255, 255
L 2383, -207, -1098,  2376, -164, -1051,  255, 255, 255
L 2376, -164, -1051,  2373, -169, -996,  255, 255, 255
L 2373, -169, -996,  2371, -161, -972,  255, 255, 255
L 2371, -161, -972,  2360, -144, -1060,  255, 255, 255
L 2360, -144, -1060,  2349, -126, -1075,  255, 255, 255
L 2349, -126, -1075,  2307, -97, -1086,  255, 255, 255
L 2307, -97, -1086,  2270, -98, -1102,  255, 255, 255
L 2270, -98, -1102,  2259, -103, -1022,  255, 255, 255
L 2259, -103, -1022,  2243, -111, -1015,  255, 255, 255
L 2243, -111, -1015,  2233, -121, -1089,  255, 255, 255
L 2233, -121, -1089,  2214, -107, -1115,  255, 255, 255
L 2214, -107, -1115,  2190, -99, -1045,  255, 255, 255
L 2190, -99, -1045,  2168, -91, -994,  255, 255, 255
L 2168, -91, -994,  2167, -91, -945,  255, 255, 255
L 2167, -91, -945,  2162, -84, -908,  255, 255, 255
L 2162, -84, -908,  2160, -78, -888,  255, 255, 255
L 2160, -78, -888,  2160, -73, -862,  255, 255, 255
L 2160, -73, -862,  2166, -62, -802,  255, 255, 255
L 2166, -62, -802,  2172, -52, -760,  255, 255, 255
L 2172, -52, -760,  2184, -41, -740,  255, 255, 255
L 2184, -41, -740,  2187, -24, -698,  255, 255, 255
L 2187, -24, -698,  2180, 0, -660,  255, 255, 255
L 2180, 0, -660,  2156, 23, -616,  255, 255, 255
L 2156, 23, -616,  2131, 17, -577,  255, 255, 255
L 2131, 17, -577,  2106, 5, -525,  255, 255, 255
L 2106, 5, -525,  2095, -11, -470,  255, 255, 255
L 2095, -11, -470,  2078, -43, -365,  255, 255, 255
L 2078, -43, -365,  2078, -45, -349,  255, 255, 255
L 2078, -45, -349,  2073, -51, -332,  255, 255, 255
L 2073, -51, -332,  2068, -57, -317,  255, 255, 255
L 2068, -57, -317,  2059, -60, -287,  255, 255, 255
L 2059, -60, -287,  2046, -62, -236,  255, 255, 255
L 2046, -62, -236,  2040, -61, -211,  255, 255, 255
L 2040, -61, -211,  2032, -60, -172,  255, 255, 255
L 2032, -60, -172,  2021, -57, -131,  255, 255, 255
L 2021, -57, -131,  2018, -57, -127,  255, 255, 255
L 2018, -57, -127,  2017, -41, -145,  255, 255, 255
L 2017, -41, -145,  2009, -35, -243,  255, 255, 255
L 2009, -35, -243,  2000, -24, -236,  255, 255, 255
L 2000, -24, -236,  1988, -18, -112,  255, 255, 255
L 1988, -18, -112,  1982, -17, -123,  255, 255, 255
L 1982, -17, -123,  1984, -13, -150,  255, 255, 255
L 1984, -13, -150,  1983, 5, -212,  255, 255, 255
L 1983, 5, -212,  1978, 20, -265,  255, 255, 255
L 1979, 17, -256,  1975, 25, -281,  255, 255, 255
L 1975, 25, -281,  1964, 40, -319,  255, 255, 255
L 1964, 40, -319,  1952, 47, -334,  255, 255, 255
L 1952, 47, -334,  1942, 55, -355,  255, 255, 255
L 1942, 55, -355,  1934, 59, -407,  255, 255, 255
L 1934, 59, -407,  1923, 76, -575,  255, 255, 255
L 1923, 76, -575,  1929, 77, -542,  255, 255, 255
L 1929, 77, -542,  1936, 83, -589,  255, 255, 255
L 1936, 83, -589,  1944, 84, -628,  255, 255, 255
L 1944, 84, -628,  1954, 82, -663,  255, 255, 255
L 1954, 82, -663,  1976, 78, -693,  255, 255, 255
L 1976, 78, -693,  2003, 89, -762,  255, 255, 255
L 2003, 89, -762,  2018, 116, -820,  255, 255, 255
L 2018, 116, -820,  2017, 136, -885,  255, 255, 255
L 2017, 136, -885,  2000, 157, -925,  255, 255, 255
L 2000, 157, -925,  1975, 163, -922,  255, 255, 255
L 1975, 163, -922,  1971, 164, -913,  255, 255, 255
L 1971, 164, -913,  1968, 176, -884,  255, 255, 255
L 1968, 176, -884,  1953, 196, -1037,  255, 255, 255
L 1953, 196, -1037,  1949, 198, -1029,  255, 255, 255
L 1949, 198, -1029,  1935, 202, -941,  255, 255, 255
L 1935, 202, -941,  1930, 229, -1016,  255, 255, 255
L 1930, 229, -1016,  1924, 237, -1048,  255, 255, 255
L 1924, 237, -1048,  1917, 253, -1103,  255, 255, 255
L 1917, 253, -1103,  1917, 259, -1123,  255, 255, 255
L 1917, 259, -1123,  1916, 256, -1124,  255, 255, 255
L 1916, 256, -1124,  1916, 263, -1149,  255, 255, 255
L 1916, 263, -1149,  1917, 272, -1175,  255, 255, 255
L 1917, 272, -1175,  1921, 282, -1205,  255, 255, 255
L 1921, 282, -1205,  1945, 309, -1215,  255, 255, 255
L 1945, 309, -1215,  1952, 335, -1192,  255, 255, 255
L 1952, 335, -1192,  1947, 355, -1162,  255, 255, 255
L 1947, 355, -1162,  1942, 373, -1133,  255, 255, 255
L 1942, 373, -1133,  1943, 385, -1090,  255, 255, 255
L 1943, 385, -1090,  1947, 395, -1058,  255, 255, 255
L 1947, 395, -1058,  1953, 402, -1035,  255, 255, 255
L 1953, 402, -1035,  1976, 413, -991,  255, 255, 255
L 1976, 413, -991,  1985, 418, -976,  255, 255, 255
L 1985, 418, -976,  2014, 453, -919,  255, 255, 255
L 2014, 453, -919,  2013, 453, -917,  255, 255, 255
L 2013, 453, -917,  2017, 476, -895,  255, 255, 255
L 2017, 476, -895,  2014, 497, -857,  255, 255, 255
L 2014, 497, -857,  2001, 519, -737,  255, 255, 255
L 2001, 519, -737,  2007, 525, -739,  255, 255, 255
L 2007, 525, -739,  2013, 536, -831,  255, 255, 255
L 2013, 536, -831,  2004, 569, -897,  255, 255, 255
L 2004, 569, -897,  1996, 582, -938,  255, 255, 255
L 1996, 582, -938,  1990, 591, -887,  255, 255, 255
L 1990, 591, -887,  1962, 607, -830,  255, 255, 255
L 1962, 607, -830,  1953, 612, -722,  255, 255, 255
L 1953, 612, -722,  1944, 617, -718,  255, 255, 255
L 1944, 617, -718,  1938, 616, -751,  255, 255, 255
L 1938, 616, -751,  1939, 622, -747,  255, 255, 255
L 1939, 622, -747,  1940, 631, -751,  255, 255, 255
L 1940, 631, -751,  1949, 644, -747,  255, 255, 255
L 1949, 644, -747,  1949, 646, -733,  255, 255, 255
L 1949, 646, -733,  1954, 650, -707,  255, 255, 255
L 1954, 650, -707,  1968, 654, -683,  255, 255, 255
L 1968, 654, -683,  1966, 654, -682,  255, 255, 255
L 1966, 654, -682,  1993, 640, -607,  255, 255, 255
L 1993, 640, -607,  1988, 644, -605,  255, 255, 255
L 1988, 644, -605,  1996, 632, -567,  255, 255, 255
L 1996, 632, -567,  2010, 614, -524,  255, 255, 255
L 2010, 614, -524,  2033, 606, -475,  255, 255, 255
L 2033, 606, -475,  2060, 609, -448,  255, 255, 255
L 2060, 609, -448,  2077, 626, -414,  255, 255, 255
L 2077, 626, -414,  2085, 651, -384,  255, 255, 255
L 2085, 651, -384,  2084, 675, -350,  255, 255, 255
L 2084, 675, -350,  2074, 700, -303,  255, 255, 255
L 2074, 700, -303,  2070, 703, -292,  255, 255, 255
L 2070, 703, -292,  2056, 742, -200,  255, 255, 255
L 2056, 742, -200,  2056, 742, -200,  255, 255, 255
L 2056, 742, -200,  2058, 749, -181,  255, 255, 255
L -721, -1591, 371,  -729, -1592, 364,  255, 255, 255
L -729, -1592, 364,  -737, -1594, 359,  255, 255, 255
L -737, -1594, 359,  -744, -1597, 353,  255, 255, 255
L -744, -1597, 353,  -751, -1601, 350,  255, 255, 255
L -751, -1601, 350,  -758, -1617, 442,  255, 255, 255
L -758, -1617, 442,  -783, -1655, 520,  255, 255, 255
L -779, -1642, 516,  -797, -1651, 563,  255, 255, 255
L -797, -1651, 563,  -811, -1653, 593,  255, 255, 255
L -811, -1653, 593,  -829, -1654, 675,  255, 255, 255
L -829, -1654, 675,  -839, -1659, 739,  255, 255, 255
L -839, -1659, 739,  -846, -1673, 816,  255, 255, 255
L -846, -1673, 816,  -837, -1695, 859,  255, 255, 255
L -837, -1695, 859,  -839, -1698, 944,  255, 255, 255
L -839, -1698, 944,  -817, -1714, 1020,  255, 255, 255
L -817, -1714, 1020,  -805, -1736, 1087,  255, 255, 255
L -805, -1736, 1087,  -809, -1741, 1167,  255, 255, 255
L -809, -1741, 1167,  -808, -1750, 1194,  255, 255, 255
L -808, -1750, 1194,  -802, -1752, 1219,  255, 255, 255
L -802, -1752, 1219,  -789, -1760, 1208,  255, 255, 255
L -789, -1760, 1208,  -772, -1773, 1121,  255, 255, 255
L -772, -1773, 1121,  -767, -1787, 1136,  255, 255, 255
L -767, -1787, 1136,  -765, -1805, 1225,  255, 255, 255
L -765, -1805, 1225,  -767, -1819, 1283,  255, 255, 255
L -767, -1819, 1283,  -774, -1826, 1249,  255, 255, 255
L -774, -1826, 1249,  -774, -1827, 1245,  255, 255, 255
L -774, -1827, 1245,  -759, -1839, 1250,  255, 255, 255
L -759, -1839, 1250,  -754, -1846, 1184,  255, 255, 255
L -754, -1846, 1184,  -747, -1865, 1220,  255, 255, 255
L -747, -1865, 1220,  -752, -1890, 1279,  255, 255, 255
L -752, -1890, 1279,  -771, -1914, 1322,  255, 255, 255
L -771, -1914, 1322,  -790, -1923, 1361,  255, 255, 255
L -790, -1923, 1361,  -794, -1927, 1409,  255, 255, 255
L -794, -1927, 1409,  -791, -1940, 1480,  255, 255, 255
L -791, -1940, 1480,  -781, -1950, 1545,  255, 255, 255
L -781, -1950, 1545,  -771, -1953, 1581,  255, 255, 255
L -771, -1953, 1581,  -759, -1952, 1628,  255, 255, 255
L -759, -1952, 1628,  -748, -1940, 1687,  255, 255, 255
L -748, -1940, 1687,  -724, -1917, 1744,  255, 255, 255
L -724, -1917, 1744,  -700, -1924, 1799,  255, 255, 255
L -700, -1924, 1799,  -662, -1955, 1915,  255, 255, 255
L -662, -1955, 1915,  -667, -1952, 1917,  255, 255, 255
L -667, -1952, 1917,  -658, -1975, 1958,  255, 255, 255
L -658, -1975, 1958,  -662, -1995, 2035,  255, 255, 255
L -662, -1995, 2035,  -670, -2015, 2118,  255, 255, 255
L -670, -2015, 2118,  -677, -2023, 2151,  255, 255, 255
L -677, -2023, 2151,  -682, -2042, 2302,  255, 255, 255
L -682, -2042, 2302,  -682, -2042, 2302,  255, 255, 255
L -682, -2042, 2302,  -673, -2042, 2361,  255, 255, 255
L -673, -2042, 2361,  -673, -2042, 2361,  255, 255, 255
L -673, -2042, 2361,  -649, -2044, 2368,  255, 255, 255
L -649, -2044, 2368,  -654, -2056, 2418,  255, 255, 255
L -654, -2056, 2418,  -651, -2065, 2403,  255, 255, 255
L -651, -2065, 2403,  -651, -2073, 2361,  255, 255, 255
L -651, -2073, 2361,  -647, -2072, 2358,  255, 255, 255
L -647, -2072, 2358,  -638, -2069, 2311,  255, 255, 255
L -638, -2069, 2311,  -635, -2069, 2289,  255, 255, 255
L -635, -2069, 2289,  -626, -2060, 2344,  255, 255, 255
L -626, -2060, 2344,  -609, -2043, 2384,  255, 255, 255
L -609, -2043, 2384,  -587, -2035, 2454,  255, 255, 255
L -587, -2035, 2454,  -541, -2045, 2567,  255, 255, 255
L -541, -2045, 2567,  -541, -2045, 2567,  255, 255, 255
L -541, -2045, 2567,  -528, -2067, 2605,  255, 255, 255
L -528, -2067, 2605,  -525, -2099, 2697,  255, 255, 255
L -525, -2099, 2697,  -525, -2099, 2697,  255, 255, 255
L -525, -2099, 2697,  -519, -2110, 2748,  255, 255, 255
L -519, -2110, 2748,  -510, -2117, 2787,  255, 255, 255
L -510, -2117, 2787,  -495, -2128, 2878,  255, 255, 255
L -495, -2128, 2878,  -486, -2133, 2883,  255, 255, 255
L -486, -2133, 2883,  -471, -2145, 2917,  255, 255, 255
L -471, -2145, 2917,  -469, -2162, 2943,  255, 255, 255
L -469, -2162, 2943,  -466, -2189, 3001,  255, 255, 255
L -466, -2189, 3001,  -466, -2205, 3101,  255, 255, 255
L -466, -2205, 3101,  -454, -2206, 3134,  255, 255, 255
L -454, -2206, 3134,  -441, -2212, 3077,  255, 255, 255
L -441, -2212, 3077,  -429, -2233, 2969,  255, 255, 255
L -429, -2233, 2969,  -429, -2250, 3040,  255, 255, 255
L -429, -2250, 3040,  -432, -2261, 3129,  255, 255, 255
L -432, -2261, 3129,  -442, -2275, 3148,  255, 255, 255
L -442, -2275, 3148,  -443, -2275, 3116,  255, 255, 255
L -443, -2275, 3116,  -435, -2281, 3112,  255, 255, 255
L -435, -2281, 3112,  -412, -2296, 3069,  255, 255, 255
L -412, -2296, 3069,  -418, -2317, 3111,  255, 255, 255
L -418, -2317, 3111,  -423, -2341, 3149,  255, 255, 255
L -423, -2341, 3149,  -443, -2365, 3204,  255, 255, 255
L -443, -2365, 3204,  -460, -2371, 3241,  255, 255, 255
L -460, -2371, 3241,  -465, -2378, 3292,  255, 255, 255
L -465, -2378, 3292,  -454, -2398, 3384,  255, 255, 255
L -454, -2398, 3384,  -454, -2398, 3384,  255, 255, 255
L -454, -2398, 3384,  -439, -2404, 3459,  255, 255, 255
L -439, -2404, 3459,  -432, -2403, 3517,  255, 255, 255
L -432, -2403, 3517,  -430, -2403, 3530,  255, 255, 255
L -430, -2403, 3530,  -422, -2394, 3602,  255, 255, 255
L -422, -2394, 3602,  -412, -2384, 3646,  255, 255, 255
L -412, -2384, 3646,  -400, -2374, 3693,  255, 255, 255
L -400, -2374, 3693,  -388, -2373, 3727,  255, 255, 255
L -388, -2373, 3727,  -371, -2374, 3777,  255, 255, 255
L -371, -2374, 3777,  -351, -2385, 3839,  255, 255, 255
L -351, -2385, 3839,  -319, -2412, 3868,  255, 255, 255
L -319, -2412, 3868,  -331, -2424, 3926,  255, 255, 255
L -331, -2424, 3926,  -332, -2445, 3999,  255, 255, 255
L -332, -2445, 3999,  -341, -2465, 4040,  255, 255, 255
L -341, -2465, 4040,  -349, -2476, 4093,  255, 255, 255
L -349, -2476, 4093,  -351, -2479, 4104,  255, 255, 255
L -351, -2479, 4104,  -353, -2492, 4144,  255, 255, 255
L -353, -2492, 4144,  -352, -2512, 4189,  255, 255, 255
L -352, -2512, 4189,  -351, -2524, 4240,  255, 255, 255
L -351, -2524, 4240,  -345, -2535, 4293,  255, 255, 255
L -345, -2535, 4293,  -331, -2546, 4389,  255, 255, 255
L -331, -2546, 4389,  -320, -2554, 4421,  255, 255, 255
L -320, -2554, 4421,  -302, -2571, 4482,  255, 255, 255
L -302, -2571, 4482,  -290, -2595, 4482,  255, 255, 255
L -290, -2595, 4482,  -290, -2616, 4435,  255, 255, 255
L -290, -2616, 4435,  -290, -2624, 4376,  255, 255, 255
L -290, -2624, 4376,  -278, -2632, 4318,  255, 255, 255
L -278, -2632, 4318,  -276, -2634, 4299,  255, 255, 255
L -276, -2634, 4299,  -270, -2635, 4285,  255, 255, 255
L -270, -2635, 4285,  -256, -2632, 4248,  255, 255, 255
L -256, -2632, 4248,  -254, -2632, 4247,  255, 255, 255
L -254, -2632, 4247,  -249, -2629, 4215,  255, 255, 255
L -249, -2629, 4215,  -246, -2627, 4215,  255, 255, 255
L -246, -2627, 4215,  -245, -2626, 4189,  255, 255, 255
L -245, -2626, 4189,  -241, -2621, 4158,  255, 255, 255
L -241, -2621, 4158,  -236, -2618, 4146,  255, 255, 255
L -236, -2618, 4146,  -219, -2604, 4114,  255, 255, 255
L -219, -2604, 4114,  -203, -2592, 4105,  255, 255, 255
L -203, -2592, 4105,  -185, -2593, 4119,  255, 255, 255
L -185, -2593, 4119,  -190, -2596, 4119,  255, 255, 255
L -190, -2596, 4119,  -193, -2598, 4119,  255, 255, 255
L -193, -2598, 4119,  -192, -2598, 4120,  255, 255, 255
L -192, -2598, 4120,  -191, -2589, 4142,  255, 255, 255
L -191, -2589, 4142,  -186, -2563, 4110,  255, 255, 255
L -186, -2563, 4110,  -180, -2554, 4122,  255, 255, 255
L -180, -2554, 4122,  -165, -2548, 4096,  255, 255, 255
L -165, -2548, 4096,  -138, -2549, 4065,  255, 255, 255
L -138, -2549, 4065,  -120, -2559, 4050,  255, 255, 255
L -120, -2559, 4050,  -117, -2578, 4035,  255, 255, 255
L -117, -2578, 4035,  -116, -2583, 4048,  255, 255, 255
L -116, -2583, 4048,  -115, -2600, 4083,  255, 255, 255
L -115, -2600, 4083,  -116, -2609, 4152,  255, 255, 255
L -116, -2609, 4152,  -117, -2630, 4197,  255, 255, 255
L -117, -2630, 4197,  -122, -2628, 4168,  255, 255, 255
L -122, -2628, 4168,  -117, -2629, 4184,  255, 255, 255
L -117, -2629, 4184,  -118, -2629, 4193,  255, 255, 255
L -118, -2629, 4193,  -109, -2640, 4075,  255, 255, 255
L -109, -2640, 4075,  -98, -2666, 4063,  255, 255, 255
L -98, -2666, 4063,  -102, -2690, 4044,  255, 255, 255
L -102, -2690, 4044,  -126, -2724, 4018,  255, 255, 255
L -126, -2724, 4018,  -136, -2719, 3993,  255, 255, 255
L -136, -2719, 3993,  -144, -2727, 3960,  255, 255, 255
L -144, -2727, 3960,  -143, -2735, 3932,  255, 255, 255
L -143, -2735, 3932,  -116, -2753, 3877,  255, 255, 255
L -116, -2753, 3877,  -116, -2753, 3877,  255, 255, 255
L -116, -2753, 3877,  -122, -2753, 3875,  255, 255, 255
L -122, -2753, 3875,  -121, -2753, 3873,  255, 255, 255
L -121, -2753, 3873,  -115, -2753, 3853,  255, 255, 255
L -115, -2753, 3853,  -108, -2751, 3824,  255, 255, 255
L -108, -2751, 3824,  -92, -2734, 3781,  255, 255, 255
L -92, -2734, 3781,  -80, -2724, 3756,  255, 255, 255
L -80, -2724, 3756,  -44, -2722, 3719,  255, 255, 255
L -44, -2722, 3719,  -22, -2737, 3685,  255, 255, 255
L -22, -2737, 3685,  -17, -2751, 3661,  255, 255, 255
L -17, -2751, 3661,  -11, -2772, 3630,  255, 255, 255
L -11, -2772, 3630,  -12, -2794, 3608,  255, 255, 255
L -12, -2794, 3608,  -20, -2828, 3578,  255, 255, 255
L -20, -2828, 3578,  -28, -2831, 3576,  255, 255, 255
L -28, -2831, 3576,  -31, -2841, 3586,  255, 255, 255
L -31, -2841, 3586,  -22, -2843, 3643,  255, 255, 255
L -22, -2843, 3643,  8, -2849, 3592,  255, 255, 255
L 8, -2849, 3592,  9, -2870, 3575,  255, 255, 255
L 9, -2870, 3575,  0, -2899, 3485,  255, 255, 255
L 0, -2899, 3485,  -12, -2925, 3508,  255, 255, 255
L -12, -2925, 3508,  -27, -2928, 3570,  255, 255, 255
L -27, -2928, 3570,  -47, -2927, 3577,  255, 255, 255
L -47, -2927, 3577,  -77, -2912, 3513,  255, 255, 255
L -77, -2912, 3513,  -84, -2893, 3463,  255, 255, 255
L -84, -2893, 3463,  -86, -2860, 3485,  255, 255, 255
L -86, -2860, 3485,  -78, -2846, 3577,  255, 255, 255
L -78, -2846, 3577,  -66, -2841, 3633,  255, 255, 255
L -66, -2841, 3633,  -57, -2841, 3606,  255, 255, 255
L -57, -2841, 3606,  -56, -2840, 3601,  255, 255, 255
L -56, -2840, 3601,  -57, -2832, 3586,  255, 255, 255
L -57, -2832, 3586,  -53, -2816, 3546,  255, 255, 255
L -53, -2816, 3546,  -44, -2803, 3573,  255, 255, 255
L -44, -2803, 3573,  -38, -2790, 3602,  255, 255, 255
L -38, -2790, 3602,  -37, -2787, 3609,  255, 255, 255
L -37, -2787, 3609,  -37, -2773, 3635,  255, 255, 255
L -37, -2773, 3635,  -40, -2764, 3660,  255, 255, 255
L -40, -2764, 3660,  -51, -2753, 3700,  255, 255, 255
L -51, -2753, 3700,  -68, -2750, 3732,  255, 255, 255
L -68, -2750, 3732,  -68, -2748, 3756,  255, 255, 255
L -68, -2748, 3756,  -81, -2763, 3799,  255, 255, 255
L -81, -2763, 3799,  -97, -2775, 3838,  255, 255, 255
L -97, -2775, 3838,  -126, -2779, 3872,  255, 255, 255
L -126, -2779, 3872,  -150, -2768, 3897,  255, 255, 255
L -150, -2768, 3897,  -164, -2752, 3922,  255, 255, 255
L -164, -2752, 3922,  -172, -2720, 3960,  255, 255, 255
L -172, -2720, 3960,  -157, -2703, 3992,  255, 255, 255
L -157, -2703, 3992,  -128, -2684, 4016,  255, 255, 255
L -128, -2684, 4016,  -125, -2678, 4043,  255, 255, 255
L -125, -2678, 4043,  -124, -2663, 4056,  255, 255, 255
L -124, -2663, 4056,  -134, -2649, 4107,  255, 255, 255
L -134, -2649, 4107,  -140, -2644, 4122,  255, 255, 255
L -140, -2644, 4122,  -141, -2644, 4123,  255, 255, 255
L -141, -2644, 4123,  -144, -2647, 4139,  255, 255, 255
L -144, -2647, 4139,  -150, -2656, 4144,  255, 255, 255
L -150, -2656, 4144,  -160, -2659, 4090,  255, 255, 255
L -160, -2659, 4090,  -160, -2659, 4090,  255, 255, 255
L -160, -2659, 4090,  -174, -2658, 4065,  255, 255, 255
L -174, -2658, 4065,  -185, -2648, 4080,  255, 255, 255
L -185, -2648, 4080,  -191, -2634, 4218,  255, 255, 255
L -191, -2634, 4218,  -193, -2620, 4185,  255, 255, 255
L -193, -2620, 4185,  -197, -2623, 4215,  255, 255, 255
L -197, -2623, 4215,  -211, -2625, 4248,  255, 255, 255
L -211, -2625, 4248,  -221, -2637, 4202,  255, 255, 255
L -221, -2637, 4202,  -238, -2653, 4221,  255, 255, 255
L -238, -2653, 4221,  -261, -2660, 4269,  255, 255, 255
L -261, -2660, 4269,  -284, -2660, 4299,  255, 255, 255
L -284, -2660, 4299,  -312, -2639, 4342,  255, 255, 255
L -312, -2639, 4342,  -316, -2630, 4398,  255, 255, 255
L -316, -2630, 4398,  -319, -2599, 4475,  255, 255, 255
L -319, -2599, 4475,  -336, -2574, 4420,  255, 255, 255
L -336, -2574, 4420,  -349, -2566, 4379,  255, 255, 255
L -349, -2566, 4379,  -365, -2552, 4295,  255, 255, 255
L -365, -2552, 4295,  -374, -2535, 4243,  255, 255, 255
L -374, -2535, 4243,  -379, -2512, 4187,  255, 255, 255
L -379, -2512, 4187,  -378, -2487, 4133,  255, 255, 255
L -378, -2487, 4133,  -374, -2466, 4096,  255, 255, 255
L -374, -2466, 4096,  -362, -2448, 4042,  255, 255, 255
L -362, -2448, 4042,  -358, -2439, 4003,  255, 255, 255
L -358, -2439, 4003,  -358, -2423, 3914,  255, 255, 255
L -358, -2423, 3914,  -364, -2409, 3850,  255, 255, 255
L -364, -2409, 3850,  -377, -2400, 3778,  255, 255, 255
L -377, -2400, 3778,  -418, -2428, 3542,  255, 255, 255
L -418, -2428, 3542,  -419, -2426, 3525,  255, 255, 255
L -419, -2426, 3525,  -446, -2430, 3454,  255, 255, 255
L -446, -2430, 3454,  -469, -2419, 3389,  255, 255, 255
L -469, -2419, 3389,  -486, -2400, 3347,  255, 255, 255
L -486, -2400, 3347,  -490, -2377, 3324,  255, 255, 255
L -490, -2377, 3324,  -476, -2352, 3240,  255, 255, 255
L -476, -2352, 3240,  -453, -2339, 3197,  255, 255, 255
L -453, -2339, 3197,  -445, -2324, 3133,  255, 255, 255
L -445, -2324, 3133,  -444, -2317, 3114,  255, 255, 255
L -444, -2317, 3114,  -445, -2313, 3102,  255, 255, 255
L -445, -2313, 3102,  -448, -2306, 3081,  255, 255, 255
L -448, -2306, 3081,  -456, -2300, 3118,  255, 255, 255
L -456, -2300, 3118,  -461, -2293, 3109,  255, 255, 255
L -461, -2293, 3109,  -468, -2304, 3163,  255, 255, 255
L -468, -2304, 3163,  -471, -2306, 3190,  255, 255, 255
L -471, -2306, 3190,  -477, -2307, 3185,  255, 255, 255
L -477, -2307, 3185,  -497, -2309, 3011,  255, 255, 255
L -497, -2309, 3011,  -516, -2301, 3056,  255, 255, 255
L -516, -2301, 3056,  -532, -2257, 3028,  255, 255, 255
L -532, -2257, 3028,  -532, -2257, 3028,  255, 255, 255
L -532, -2257, 3028,  -529, -2232, 3019,  255, 255, 255
L -529, -2232, 3019,  -527, -2225, 3018,  255, 255, 255
L -527, -2225, 3018,  -520, -2217, 3033,  255, 255, 255
L -520, -2217, 3033,  -511, -2210, 3155,  255, 255, 255
L -511, -2210, 3155,  -502, -2208, 3177,  255, 255, 255
L -502, -2208, 3177,  -493, -2206, 3142,  255, 255, 255
L -493, -2206, 3142,  -492, -2188, 2989,  255, 255, 255
L -492, -2188, 2989,  -492, -2188, 2989,  255, 255, 255
L -492, -2188, 2989,  -494, -2171, 2942,  255, 255, 255
L -494, -2171, 2942,  -494, -2171, 2942,  255, 255, 255
L -494, -2171, 2942,  -497, -2165, 2930,  255, 255, 255
L -497, -2165, 2930,  -500, -2160, 2919,  255, 255, 255
L -500, -2160, 2919,  -507, -2152, 2890,  255, 255, 255
L -507, -2152, 2890,  -509, -2151, 2882,  255, 255, 255
L -509, -2151, 2882,  -518, -2145, 2840,  255, 255, 255
L -518, -2145, 2840,  -552, -2122, 2750,  255, 255, 255
L -552, -2122, 2750,  -551, -2105, 2701,  255, 255, 255
L -551, -2105, 2701,  -552, -2093, 2662,  255, 255, 255
L -552, -2093, 2662,  -553, -2081, 2627,  255, 255, 255
L -553, -2081, 2627,  -553, -2077, 2611,  255, 255, 255
L -553, -2077, 2611,  -554, -2073, 2596,  255, 255, 255
L -554, -2073, 2596,  -557, -2068, 2578,  255, 255, 255
L -557, -2068, 2578,  -560, -2064, 2560,  255, 255, 255
L -560, -2064, 2560,  -562, -2063, 2548,  255, 255, 255
L -562, -2063, 2548,  -567, -2060, 2516,  255, 255, 255
L -567, -2060, 2516,  -577, -2060, 2480,  255, 255, 255
L -577, -2060, 2480,  -585, -2062, 2458,  255, 255, 255
L -585, -2062, 2458,  -590, -2064, 2412,  255, 255, 255
L -590, -2064, 2412,  -605, -2076, 2390,  255, 255, 255
L -605, -2076, 2390,  -602, -2072, 2352,  255, 255, 255
L -602, -2072, 2352,  -606, -2078, 2334,  255, 255, 255
L -606, -2078, 2334,  -626, -2097, 2304,  255, 255, 255
L -626, -2097, 2304,  -631, -2095, 2286,  255, 255, 255
L -631, -2095, 2286,  -649, -2097, 2297,  255, 255, 255
L -649, -2097, 2297,  -649, -2097, 2297,  255, 255, 255
L -649, -2097, 2297,  -651, -2099, 2306,  255, 255, 255
L -651, -2099, 2306,  -650, -2102, 2310,  255, 255, 255
L -650, -2102, 2310,  -651, -2102, 2310,  255, 255, 255
L -651, -2102, 2310,  -645, -2121, 2244,  255, 255, 255
L -645, -2121, 2244,  -633, -2144, 2192,  255, 255, 255
L -633, -2144, 2192,  -636, -2143, 2190,  255, 255, 255
L -636, -2143, 2190,  -630, -2161, 2174,  255, 255, 255
L -630, -2161, 2174,  -630, -2161, 2174,  255, 255, 255
L -630, -2161, 2174,  -633, -2177, 2183,  255, 255, 255
L -633, -2177, 2183,  -634, -2179, 2185,  255, 255, 255
L -634, -2179, 2185,  -649, -2187, 2197,  255, 255, 255
L -649, -2187, 2197,  -677, -2185, 2180,  255, 255, 255
L -677, -2185, 2180,  -687, -2183, 2191,  255, 255, 255
L -687, -2183, 2191,  -714, -2154, 2199,  255, 255, 255
L -714, -2154, 2199,  -714, -2154, 2201,  255, 255, 255
L -714, -2154, 2201,  -725, -2134, 2222,  255, 255, 255
L -725, -2134, 2222,  -731, -2120, 2237,  255, 255, 255
L -731, -2120, 2237,  -732, -2106, 2316,  255, 255, 255
L -732, -2106, 2316,  -735, -2102, 2309,  255, 255, 255
L -735, -2102, 2309,  -735, -2102, 2308,  255, 255, 255
L -735, -2102, 2308,  -753, -2102, 2288,  255, 255, 255
L -753, -2102, 2288,  -764, -2103, 2335,  255, 255, 255
L -764, -2103, 2335,  -773, -2109, 2361,  255, 255, 255
L -773, -2109, 2361,  -781, -2113, 2408,  255, 255, 255
L -781, -2113, 2408,  -788, -2122, 2460,  255, 255, 255
L -788, -2122, 2460,  -788, -2122, 2463,  255, 255, 255
L -788, -2122, 2463,  -795, -2138, 2495,  255, 255, 255
L -795, -2138, 2495,  -801, -2141, 2525,  255, 255, 255
L -801, -2141, 2525,  -812, -2152, 2566,  255, 255, 255
L -812, -2152, 2566,  -841, -2162, 2605,  255, 255, 255
L -841, -2162, 2605,  -850, -2163, 2638,  255, 255, 255
L -850, -2163, 2638,  -879, -2167, 2696,  255, 255, 255
L -879, -2167, 2696,  -865, -2163, 2697,  255, 255, 255
L -865, -2163, 2697,  -873, -2169, 2753,  255, 255, 255
L -873, -2169, 2753,  -877, -2177, 2803,  255, 255, 255
L -877, -2177, 2803,  -877, -2191, 2868,  255, 255, 255
L -877, -2191, 2868,  -872, -2203, 2901,  255, 255, 255
L -872, -2203, 2901,  -871, -2208, 2914,  255, 255, 255
L -871, -2208, 2914,  -863, -2214, 2941,  255, 255, 255
L -863, -2214, 2941,  -864, -2214, 2941,  255, 255, 255
L -864, -2214, 2941,  -853, -2226, 2957,  255, 255, 255
L -853, -2226, 2957,  -846, -2237, 2974,  255, 255, 255
L -846, -2237, 2974,  -845, -2238, 2975,  255, 255, 255
L -845, -2238, 2975,  -840, -2261, 3106,  255, 255, 255
L -840, -2261, 3106,  -834, -2262, 3124,  255, 255, 255
L -834, -2262, 3124,  -820, -2261, 3085,  255, 255, 255
L -820, -2261, 3085,  -821, -2262, 3080,  255, 255, 255
L -821, -2262, 3080,  -811, -2259, 3012,  255, 255, 255
L -811, -2259, 3012,  -793, -2240, 3038,  255, 255, 255
L -793, -2240, 3038,  -775, -2240, 3082,  255, 255, 255
L -775, -2240, 3082,  -757, -2245, 3072,  255, 255, 255
L -757, -2245, 3072,  -749, -2266, 3037,  255, 255, 255
L -749, -2266, 3037,  -743, -2278, 3040,  255, 255, 255
L -743, -2278, 3040,  -742, -2306, 3020,  255, 255, 255
L -742, -2306, 3020,  -746, -2335, 2992,  255, 255, 255
L -746, -2335, 2992,  -767, -2344, 3163,  255, 255, 255
L -767, -2344, 3163,  -767, -2344, 3163,  255, 255, 255
L -767, -2344, 3163,  -764, -2359, 3146,  255, 255, 255
L -764, -2359, 3146,  -758, -2378, 3118,  255, 255, 255
L -758, -2378, 3118,  -750, -2391, 3183,  255, 255, 255
L -750, -2391, 3183,  -740, -2397, 3211,  255, 255, 255
L -740, -2397, 3211,  -729, -2405, 3243,  255, 255, 255
L -729, -2405, 3243,  -714, -2419, 3297,  255, 255, 255
L -714, -2419, 3297,  -706, -2440, 3352,  255, 255, 255
L -706, -2440, 3352,  -701, -2467, 3395,  255, 255, 255
L -701, -2467, 3395,  -702, -2473, 3453,  255, 255, 255
L -702, -2473, 3453,  -699, -2476, 3493,  255, 255, 255
L -699, -2476, 3493,  -698, -2480, 3527,  255, 255, 255
L -698, -2480, 3527,  -681, -2486, 3558,  255, 255, 255
L -681, -2486, 3558,  -689, -2485, 3611,  255, 255, 255
L -689, -2485, 3611,  -682, -2485, 3647,  255, 255, 255
L -682, -2485, 3647,  -675, -2484, 3689,  255, 255, 255
L -675, -2484, 3689,  -659, -2479, 3777,  255, 255, 255
L -659, -2479, 3777,  -661, -2480, 3779,  255, 255, 255
L -661, -2480, 3779,  -656, -2475, 3811,  255, 255, 255
L -656, -2475, 3811,  -650, -2469, 3839,  255, 255, 255
L -650, -2469, 3839,  -635, -2458, 3854,  255, 255, 255
L -635, -2458, 3854,  -624, -2449, 3902,  255, 255, 255
L -624, -2449, 3902,  -617, -2449, 3966,  255, 255, 255
L -617, -2449, 3966,  -607, -2447, 4009,  255, 255, 255
L -607, -2447, 4009,  -604, -2448, 4013,  255, 255, 255
L -604, -2448, 4013,  -604, -2447, 4017,  255, 255, 255
L -604, -2447, 4017,  -609, -2426, 4114,  255, 255, 255
L -609, -2426, 4114,  -599, -2418, 4050,  255, 255, 255
L -599, -2418, 4050,  -582, -2413, 3832,  255, 255, 255
L -582, -2413, 3832,  -565, -2423, 3864,  255, 255, 255
L -565, -2423, 3864,  -559, -2442, 3908,  255, 255, 255
L -559, -2442, 3908,  -549, -2467, 3921,  255, 255, 255
L -549, -2467, 3921,  -546, -2481, 3935,  255, 255, 255
L -546, -2481, 3935,  -548, -2501, 3939,  255, 255, 255
L -548, -2501, 3939,  -551, -2498, 3941,  255, 255, 255
L -551, -2498, 3941,  -557, -2509, 4054,  255, 255, 255
L -557, -2509, 4054,  -560, -2516, 4040,  255, 255, 255
L -560, -2516, 4040,  -561, -2521, 4015,  255, 255, 255
L -561, -2521, 4015,  -561, -2523, 3977,  255, 255, 255
L -561, -2523, 3977,  -555, -2523, 4028,  255, 255, 255
L -555, -2523, 4028,  -551, -2523, 4039,  255, 255, 255
L -551, -2523, 4039,  -543, -2522, 4015,  255, 255, 255
L -543, -2522, 4015,  -538, -2517, 4028,  255, 255, 255
L -538, -2517, 4028,  -514, -2493, 4093,  255, 255, 255
L -514, -2493, 4093,  -512, -2489, 4093,  255, 255, 255
L -512, -2489, 4093,  -515, -2498, 4101,  255, 255, 255
L -515, -2498, 4101,  -492, -2493, 4143,  255, 255, 255
L -492, -2493, 4143,  -469, -2495, 4181,  255, 255, 255
L -469, -2495, 4181,  -450, -2506, 4238,  255, 255, 255
L -450, -2506, 4238,  -435, -2531, 4299,  255, 255, 255
L -435, -2531, 4299,  -439, -2544, 4365,  255, 255, 255
L -439, -2544, 4365,  -435, -2567, 4420,  255, 255, 255
L -435, -2567, 4420,  -434, -2574, 4480,  255, 255, 255
L -434, -2574, 4480,  -427, -2580, 4482,  255, 255, 255
L -427, -2580, 4482,  -419, -2588, 4467,  255, 255, 255
L -419, -2588, 4467,  -409, -2597, 4440,  255, 255, 255
L -409, -2597, 4440,  -395, -2609, 4406,  255, 255, 255
L -395, -2609, 4406,  -380, -2623, 4371,  255, 255, 255
L -380, -2623, 4371,  -388, -2629, 4328,  255, 255, 255
L -388, -2629, 4328,  -386, -2648, 4307,  255, 255, 255
L -386, -2648, 4307,  -387, -2657, 4309,  255, 255, 255
L -387, -2657, 4309,  -385, -2680, 4347,  255, 255, 255
L -385, -2680, 4347,  -388, -2673, 4342,  255, 255, 255
L -388, -2673, 4342,  -381, -2675, 4364,  255, 255, 255
L -381, -2675, 4364,  -376, -2679, 4330,  255, 255, 255
L -376, -2679, 4330,  -371, -2688, 4154,  255, 255, 255
L -371, -2688, 4154,  -369, -2700, 4242,  255, 255, 255
L -369, -2700, 4242,  -367, -2710, 4300,  255, 255, 255
L -367, -2710, 4300,  -373, -2733, 4342,  255, 255, 255
L -373, -2733, 4342,  -377, -2728, 4381,  255, 255, 255
L -377, -2728, 4381,  -413, -2742, 4348,  255, 255, 255
L -413, -2742, 4348,  -392, -2756, 4220,  255, 255, 255
L -392, -2756, 4220,  -392, -2756, 4220,  255, 255, 255
L -392, -2756, 4220,  -392, -2756, 4220,  255, 255, 255
L -392, -2756, 4220,  -393, -2759, 4206,  255, 255, 255
L -393, -2759, 4206,  -392, -2766, 4156,  255, 255, 255
L -392, -2766, 4156,  -384, -2779, 4106,  255, 255, 255
L -384, -2779, 4106,  -385, -2779, 4106,  255, 255, 255
L -385, -2779, 4106,  -379, -2783, 4105,  255, 255, 255
L -379, -2783, 4105,  -355, -2795, 4105,  255, 255, 255
L -355, -2795, 4105,  -344, -2802, 4105,  255, 255, 255
L -344, -2802, 4105,  -341, -2813, 4105,  255, 255, 255
L -341, -2813, 4105,  -332, -2834, 4105,  255, 255, 255
L -332, -2834, 4105,  -327, -2861, 4104,  255, 255, 255
L -327, -2861, 4104,  -325, -2873, 4104,  255, 255, 255
L -325, -2873, 4104,  -322, -2875, 4105,  255, 255, 255
L -322, -2875, 4105,  -302, -2878, 4105,  255, 255, 255
L -302, -2878, 4105,  -316, -2878, 4105,  255, 255, 255
L -316, -2878, 4105,  -313, -2878, 4105,  255, 255, 255
L -313, -2878, 4105,  -285, -2871, 4105,  255, 255, 255
L -285, -2871, 4105,  -300, -2878, 4105,  255, 255, 255
L -300, -2878, 4105,  -291, -2874, 4105,  255, 255, 255
L -291, -2874, 4105,  -287, -2872, 4105,  255, 255, 255
L -287, -2872, 4105,  -287, -2872, 4104,  255, 255, 255
L -287, -2872, 4104,  -277, -2863, 4104,  255, 255, 255
L -277, -2863, 4104,  -262, -2851, 4104,  255, 255, 255
L -262, -2851, 4104,  -243, -2834, 4105,  255, 255, 255
L -243, -2834, 4105,  -240, -2842, 4156,  255, 255, 255
L -240, -2842, 4156,  -234, -2841, 4174,  255, 255, 255
L -234, -2841, 4174,  -232, -2842, 4170,  255, 255, 255
L -232, -2842, 4170,  -232, -2837, 4206,  255, 255, 255
L -232, -2837, 4206,  -233, -2829, 4230,  255, 255, 255
L -233, -2829, 4230,  -236, -2819, 4227,  255, 255, 255
L -236, -2819, 4227,  -230, -2807, 4072,  255, 255, 255
L -230, -2807, 4072,  -221, -2799, 4060,  255, 255, 255
L -221, -2799, 4060,  -206, -2791, 4043,  255, 255, 255
L -206, -2791, 4043,  -171, -2795, 3977,  255, 255, 255
L -171, -2795, 3977,  -124, -2826, 4031,  255, 255, 255
L -124, -2826, 4031,  -119, -2856, 4068,  255, 255, 255
L -119, -2856, 4068,  -116, -2903, 4086,  255, 255, 255
L -116, -2903, 4086,  -138, -2923, 4045,  255, 255, 255
L -138, -2923, 4045,  -171, -2929, 4053,  255, 255, 255
L -171, -2929, 4053,  -205, -2915, 4082,  255, 255, 255
L -205, -2915, 4082,  -229, -2886, 4111,  255, 255, 255
L -229, -2886, 4111,  -230, -2878, 4165,  255, 255, 255
L -230, -2878, 4165,  -232, -2874, 4165,  255, 255, 255
L -232, -2874, 4165,  -232, -2870, 4160,  255, 255, 255
L -232, -2870, 4160,  -232, -2867, 4156,  255, 255, 255
L -232, -2867, 4156,  -233, -2868, 4159,  255, 255, 255
L -233, -2868, 4159,  -243, -2869, 4150,  255, 255, 255
L -243, -2869, 4150,  -248, -2869, 4140,  255, 255, 255
L -248, -2869, 4140,  -250, -2871, 4127,  255, 255, 255
L -250, -2871, 4127,  -258, -2878, 4103,  255, 255, 255
L -258, -2878, 4103,  -282, -2907, 4104,  255, 255, 255
L -282, -2907, 4104,  -310, -2912, 4105,  255, 255, 255
L -310, -2912, 4105,  -333, -2910, 4105,  255, 255, 255
L -333, -2910, 4105,  -342, -2893, 4104,  255, 255, 255
L -342, -2893, 4104,  -355, -2873, 4104,  255, 255, 255
L -355, -2873, 4104,  -356, -2857, 4105,  255, 255, 255
L -356, -2857, 4105,  -358, -2839, 4105,  255, 255, 255
L -358, -2839, 4105,  -360, -2833, 4105,  255, 255, 255
L -360, -2833, 4105,  -362, -2828, 4105,  255, 255, 255
L -362, -2828, 4105,  -364, -2826, 4105,  255, 255, 255
L -364, -2826, 4105,  -374, -2817, 4104,  255, 255, 255
L -374, -2817, 4104,  -385, -2811, 4105,  255, 255, 255
L -385, -2811, 4105,  -400, -2800, 4105,  255, 255, 255
L -400, -2800, 4105,  -407, -2793, 4112,  255, 255, 255
L -407, -2793, 4112,  -416, -2776, 4154,  255, 255, 255
L -416, -2776, 4154,  -418, -2763, 4192,  255, 255, 255
L -418, -2763, 4192,  -438, -2729, 4274,  255, 255, 255
L -438, -2729, 4274,  -446, -2721, 4287,  255, 255, 255
L -446, -2721, 4287,  -453, -2711, 4271,  255, 255, 255
L -453, -2711, 4271,  -453, -2701, 4311,  255, 255, 255
L -453, -2701, 4311,  -453, -2697, 4335,  255, 255, 255
L -453, -2697, 4335,  -447, -2684, 4379,  255, 255, 255
L -447, -2684, 4379,  -444, -2679, 4386,  255, 255, 255
L -444, -2679, 4386,  -432, -2671, 4406,  255, 255, 255
L -432, -2671, 4406,  -414, -2672, 4364,  255, 255, 255
L -414, -2672, 4364,  -412, -2671, 4355,  255, 255, 255
L -412, -2671, 4355,  -413, -2652, 4337,  255, 255, 255
L -413, -2652, 4337,  -413, -2649, 4318,  255, 255, 255
L -413, -2649, 4318,  -413, -2640, 4324,  255, 255, 255
L -413, -2640, 4324,  -415, -2634, 4350,  255, 255, 255
L -415, -2634, 4350,  -418, -2625, 4394,  255, 255, 255
L -418, -2625, 4394,  -422, -2620, 4415,  255, 255, 255
L -422, -2620, 4415,  -427, -2615, 4451,  255, 255, 255
L -427, -2615, 4451,  -439, -2606, 4474,  255, 255, 255
L -439, -2606, 4474,  -457, -2594, 4481,  255, 255, 255
L -457, -2594, 4481,  -457, -2588, 4482,  255, 255, 255
L -457, -2588, 4482,  -464, -2567, 4425,  255, 255, 255
L -464, -2567, 4425,  -464, -2567, 4425,  255, 255, 255
L -464, -2567, 4425,  -465, -2547, 4386,  255, 255, 255
L -465, -2547, 4386,  -469, -2524, 4226,  255, 255, 255
L -469, -2524, 4226,  -475, -2521, 4202,  255, 255, 255
L -475, -2521, 4202,  -485, -2519, 4164,  255, 255, 255
L -485, -2519, 4164,  -491, -2519, 4144,  255, 255, 255
L -491, -2519, 4144,  -496, -2520, 4129,  255, 255, 255
L -496, -2520, 4129,  -496, -2520, 4129,  255, 255, 255
L -496, -2520, 4129,  -515, -2531, 4038,  255, 255, 255
L -515, -2531, 4038,  -515, -2531, 4038,  255, 255, 255
L -515, -2531, 4038,  -515, -2531, 4038,  255, 255, 255
L -515, -2531, 4038,  -544, -2549, 3996,  255, 255, 255
L -544, -2549, 3996,  -553, -2549, 4036,  255, 255, 255
L -553, -2549, 4036,  -563, -2547, 4045,  255, 255, 255
L -563, -2547, 4045,  -563, -2553, 4061,  255, 255, 255
L -563, -2553, 4061,  -569, -2567, 4038,  255, 255, 255
L -569, -2567, 4038,  -579, -2572, 3943,  255, 255, 255
L -579, -2572, 3943,  -596, -2566, 3913,  255, 255, 255
L -596, -2566, 3913,  -610, -2554, 3933,  255, 255, 255
L -610, -2554, 3933,  -618, -2530, 3901,  255, 255, 255
L -618, -2530, 3901,  -617, -2506, 3801,  255, 255, 255
L -617, -2506, 3801,  -598, -2505, 3826,  255, 255, 255
L -598, -2505, 3826,  -590, -2512, 3892,  255, 255, 255
L -590, -2512, 3892,  -574, -2509, 3943,  255, 255, 255
L -574, -2509, 3943,  -570, -2501, 3949,  255, 255, 255
L -570, -2501, 3949,  -569, -2493, 3940,  255, 255, 255
L -569, -2493, 3940,  -569, -2493, 3940,  255, 255, 255
L -569, -2493, 3940,  -574, -2487, 3915,  255, 255, 255
L -574, -2487, 3915,  -580, -2483, 3885,  255, 255, 255
L -580, -2483, 3885,  -595, -2486, 3979,  255, 255, 255
L -595, -2486, 3979,  -613, -2497, 3992,  255, 255, 255
L -613, -2497, 3992,  -605, -2482, 4005,  255, 255, 255
L -605, -2482, 4005,  -605, -2473, 3970,  255, 255, 255
L -605, -2473, 3970,  -605, -2473, 3970,  255, 255, 255
L -605, -2473, 3970,  -616, -2475, 3926,  255, 255, 255
L -616, -2475, 3926,  -629, -2485, 3848,  255, 255, 255
L -629, -2485, 3848,  -627, -2482, 3846,  255, 255, 255
L -627, -2482, 3846,  -646, -2507, 3800,  255, 255, 255
L -646, -2507, 3800,  -655, -2515, 3784,  255, 255, 255
L -655, -2515, 3784,  -667, -2509, 3703,  255, 255, 255
L -667, -2509, 3703,  -696, -2510, 3615,  255, 255, 255
L -696, -2510, 3615,  -715, -2500, 3527,  255, 255, 255
L -715, -2500, 3527,  -727, -2480, 3458,  255, 255, 255
L -727, -2480, 3458,  -731, -2449, 3359,  255, 255, 255
L -731, -2449, 3359,  -731, -2449, 3359,  255, 255, 255
L -731, -2449, 3359,  -731, -2446, 3351,  255, 255, 255
L -731, -2446, 3351,  -736, -2435, 3299,  255, 255, 255
L -736, -2435, 3299,  -754, -2420, 3221,  255, 255, 255
L -754, -2420, 3221,  -754, -2420, 3220,  255, 255, 255
L -754, -2420, 3220,  -773, -2406, 3168,  255, 255, 255
L -773, -2406, 3168,  -779, -2400, 3148,  255, 255, 255
L -779, -2400, 3148,  -787, -2383, 3108,  255, 255, 255
L -787, -2383, 3108,  -798, -2338, 3085,  255, 255, 255
L -798, -2338, 3085,  -790, -2355, 3142,  255, 255, 255
L -790, -2355, 3142,  -799, -2340, 3191,  255, 255, 255
L -799, -2340, 3191,  -838, -2342, 2999,  255, 255, 255
L -838, -2342, 2999,  -838, -2342, 2999,  255, 255, 255
L -838, -2342, 2999,  -858, -2337, 3009,  255, 255, 255
L -858, -2337, 3009,  -866, -2336, 3010,  255, 255, 255
L -866, -2336, 3010,  -882, -2319, 3010,  255, 255, 255
L -882, -2319, 3010,  -887, -2294, 3005,  255, 255, 255
L -887, -2294, 3005,  -885, -2282, 3007,  255, 255, 255
L -885, -2282, 3007,  -861, -2263, 2978,  255, 255, 255
L -861, -2263, 2978,  -871, -2242, 2977,  255, 255, 255
L -871, -2242, 2977,  -881, -2232, 2935,  255, 255, 255
L -881, -2232, 2935,  -901, -2214, 2918,  255, 255, 255
L -901, -2214, 2918,  -903, -2195, 2872,  255, 255, 255
L -903, -2195, 2872,  -903, -2173, 2811,  255, 255, 255
L -903, -2173, 2811,  -892, -2151, 2750,  255, 255, 255
L -892, -2151, 2750,  -862, -2130, 2696,  255, 255, 255
L -862, -2130, 2696,  -848, -2137, 2636,  255, 255, 255
L -848, -2137, 2636,  -843, -2136, 2614,  255, 255, 255
L -843, -2136, 2614,  -836, -2134, 2595,  255, 255, 255
L -836, -2134, 2595,  -829, -2131, 2573,  255, 255, 255
L -829, -2131, 2573,  -825, -2129, 2557,  255, 255, 255
L -825, -2129, 2557,  -821, -2123, 2522,  255, 255, 255
L -821, -2123, 2522,  -807, -2104, 2443,  255, 255, 255
L -807, -2104, 2443,  -792, -2085, 2382,  255, 255, 255
L -792, -2085, 2382,  -776, -2080, 2341,  255, 255, 255
L -776, -2080, 2341,  -755, -2075, 2298,  255, 255, 255
L -755, -2075, 2298,  -740, -2076, 2310,  255, 255, 255
L -740, -2076, 2310,  -733, -2076, 2285,  255, 255, 255
L -733, -2076, 2285,  -732, -2075, 2280,  255, 255, 255
L -732, -2075, 2280,  -731, -2065, 2322,  255, 255, 255
L -731, -2065, 2322,  -723, -2047, 2415,  255, 255, 255
L -723, -2047, 2415,  -717, -2041, 2427,  255, 255, 255
L -717, -2041, 2427,  -706, -2041, 2392,  255, 255, 255
L -706, -2041, 2392,  -704, -2041, 2370,  255, 255, 255
L -704, -2041, 2370,  -704, -2031, 2276,  255, 255, 255
L -704, -2031, 2276,  -704, -2019, 2182,  255, 255, 255
L -704, -2019, 2182,  -698, -2009, 2147,  255, 255, 255
L -698, -2009, 2147,  -692, -2000, 2107,  255, 255, 255
L -692, -2000, 2107,  -687, -1988, 2034,  255, 255, 255
L -687, -1988, 2034,  -687, -1980, 1991,  255, 255, 255
L -687, -1980, 1991,  -687, -1975, 1961,  255, 255, 255
L -687, -1975, 1961,  -689, -1967, 1926,  255, 255, 255
L -689, -1967, 1926,  -693, -1960, 1882,  255, 255, 255
L -693, -1960, 1882,  -699, -1954, 1842,  255, 255, 255
L -699, -1954, 1842,  -715, -1948, 1757,  255, 255, 255
L -715, -1948, 1757,  -720, -1949, 1734,  255, 255, 255
L -720, -1949, 1734,  -726, -1955, 1701,  255, 255, 255
L -726, -1955, 1701,  -737, -1970, 1679,  255, 255, 255
L -737, -1970, 1679,  -746, -1975, 1630,  255, 255, 255
L -746, -1975, 1630,  -777, -1979, 1584,  255, 255, 255
L -777, -1979, 1584,  -794, -1971, 1550,  255, 255, 255
L -794, -1971, 1550,  -816, -1948, 1482,  255, 255, 255
L -816, -1948, 1482,  -820, -1925, 1412,  255, 255, 255
L -820, -1925, 1412,  -801, -1892, 1367,  255, 255, 255
L -801, -1892, 1367,  -786, -1892, 1327,  255, 255, 255
L -786, -1892, 1327,  -786, -1892, 1327,  255, 255, 255
L -786, -1892, 1327,  -781, -1888, 1310,  255, 255, 255
L -781, -1888, 1310,  -775, -1880, 1290,  255, 255, 255
L -775, -1880, 1290,  -775, -1879, 1278,  255, 255, 255
L -775, -1879, 1278,  -775, -1875, 1265,  255, 255, 255
L -775, -1875, 1265,  -774, -1871, 1247,  255, 255, 255
L -774, -1871, 1247,  -775, -1860, 1227,  255, 255, 255
L -775, -1860, 1227,  -774, -1863, 1211,  255, 255, 255
L -774, -1863, 1211,  -784, -1847, 1187,  255, 255, 255
L -784, -1847, 1187,  -781, -1853, 1165,  255, 255, 255
L -781, -1853, 1165,  -785, -1846, 1125,  255, 255, 255
L -785, -1846, 1125,  -788, -1843, 1135,  255, 255, 255
L -788, -1843, 1135,  -794, -1841, 1140,  255, 255, 255
L -794, -1841, 1140,  -799, -1840, 1136,  255, 255, 255
L -799, -1840, 1136,  -802, -1840, 1134,  255, 255, 255
L -802, -1840, 1134,  -818, -1858, 1133,  255, 255, 255
L -818, -1858, 1133,  -813, -1847, 1128,  255, 255, 255
L -813, -1847, 1128,  -818, -1854, 1127,  255, 255, 255
L -818, -1854, 1127,  -837, -1849, 1122,  255, 255, 255
L -837, -1849, 1122,  -854, -1838, 1130,  255, 255, 255
L -854, -1838, 1130,  -859, -1823, 1147,  255, 255, 255
L -859, -1823, 1147,  -864, -1803, 1101,  255, 255, 255
L -864, -1803, 1101,  -865, -1781, 1105,  255, 255, 255
L -865, -1781, 1105,  -861, -1763, 1144,  255, 255, 255
L -861, -1763, 1144,  -853, -1756, 1221,  255, 255, 255
L -853, -1756, 1221,  -850, -1753, 1227,  255, 255, 255
L -850, -1753, 1227,  -841, -1752, 1227,  255, 255, 255
L -841, -1752, 1227,  -821, -1747, 1202,  255, 255, 255
L -821, -1747, 1202,  -836, -1730, 1129,  255, 255, 255
L -836, -1730, 1129,  -836, -1737, 1086,  255, 255, 255
L -836, -1737, 1086,  -842, -1730, 1030,  255, 255, 255
L -842, -1730, 1030,  -854, -1719, 980,  255, 255, 255
L -854, -1719, 980,  -861, -1711, 946,  255, 255, 255
L -861, -1711, 946,  -865, -1703, 916,  255, 255, 255
L -865, -1703, 916,  -870, -1688, 866,  255, 255, 255
L -870, -1688, 866,  -871, -1653, 822,  255, 255, 255
L -871, -1653, 822,  -856, -1628, 740,  255, 255, 255
L -856, -1628, 740,  -840, -1630, 688,  255, 255, 255
L -840, -1630, 688,  -806, -1625, 618,  255, 255, 255
L -806, -1625, 618,  -805, -1626, 562,  255, 255, 255
L -805, -1626, 562,  -799, -1624, 540,  255, 255, 255
L -799, -1624, 540,  -796, -1622, 528,  255, 255, 255
L -796, -1622, 528,  -792, -1619, 508,  255, 255, 255
L -792, -1619, 508,  -788, -1615, 477,  255, 255, 255
L -788, -1615, 477,  -785, -1611, 457,  255, 255, 255
L -785, -1611, 457,  -769, -1582, 426,  255, 255, 255
L -769, -1582, 426,  -763, -1581, 399,  255, 255, 255
L -763, -1581, 399,  -746, -1572, 399,  255, 255, 255
L -746, -1572, 399,  -741, -1570, 399,  255, 255, 255
L -741, -1570, 399,  -732, -1569, 430,  255, 255, 255
L 659, 1866, 2581,  658, 1820, 1640,  255, 255, 255
L 658, 1820, 1640,  658, 1806, 1596,  255, 255, 255
L 658, 1806, 1596,  657, 1744, 1509,  255, 255, 255
L 657, 1744, 1509,  652, 1730, 1514,  255, 255, 255
L 652, 1730, 1514,  347, 1721, 326,  255, 255, 255
L 347, 1721, 326,  350, 1706, 159,  255, 255, 255
L 350, 1706, 159,  350, 1704, 139,  255, 255, 255
L 350, 1704, 139,  352, 1701, 120,  255, 255, 255
L 352, 1701, 120,  527, 1702, 179,  255, 255, 255
L 527, 1702, 179,  526, 1668, 55,  255, 255, 255
L 526, 1668, 55,  563, 1669, 29,  255, 255, 255
L 563, 1669, 29,  540, 1626, -47,  255, 255, 255
L 540, 1626, -47,  526, 1637, -47,  255, 255, 255
L 526, 1637, -47,  526, 1603, -47,  255, 255, 255
L 526, 1603, -47,  541, 1602, -47,  255, 255, 255
L 541, 1602, -47,  539, 1588, -47,  255, 255, 255
L 539, 1588, -47,  571, 1588, -47,  255, 255, 255
L 571, 1588, -47,  572, 1602, -47,  255, 255, 255
L 572, 1602, -47,  600, 1602, -47,  255, 255, 255
L 600, 1602, -47,  600, 1588, -47,  255, 255, 255
L 600, 1588, -47,  632, 1589, -47,  255, 255, 255
L 632, 1589, -47,  631, 1604, -47,  255, 255, 255
L 631, 1604, -47,  661, 1602, -47,  255, 255, 255
L 661, 1602, -47,  660, 1588, -47,  255, 255, 255
L 660, 1588, -47,  706, 1595, -47,  255, 255, 255
L 706, 1595, -47,  690, 1484, 37,  255, 255, 255
L 792, 1476, -16,  792, 1588, -47,  255, 255, 255
L 792, 1588, -47,  821, 1588, -47,  255, 255, 255
L 821, 1588, -47,  821, 1604, -47,  255, 255, 255
L 821, 1604, -47,  850, 1602, -47,  255, 255, 255
L 850, 1602, -47,  850, 1588, -64,  255, 255, 255
L 850, 1588, -64,  881, 1588, -65,  255, 255, 255
L 881, 1588, -65,  882, 1603, -47,  255, 255, 255
L 882, 1603, -47,  913, 1602, -47,  255, 255, 255
L 913, 1602, -47,  910, 1588, -65,  255, 255, 255
L 910, 1588, -65,  941, 1588, -64,  255, 255, 255
L 941, 1588, -64,  942, 1604, -47,  255, 255, 255
L 942, 1604, -47,  955, 1602, -47,  255, 255, 255
L 955, 1602, -47,  956, 1602, -47,  255, 255, 255
L 956, 1602, -47,  956, 1638, -47,  255, 255, 255
L 956, 1638, -47,  929, 1633, -47,  255, 255, 255
L 929, 1633, -47,  942, 1669, -32,  255, 255, 255
L 942, 1669, -32,  955, 1669, -32,  255, 255, 255
L 955, 1669, -32,  956, 1702, 30,  255, 255, 255
L 956, 1702, 30,  1132, 1702, 234,  255, 255, 255
L 1132, 1702, 234,  1134, 1709, 317,  255, 255, 255
L 1134, 1709, 317,  830, 1743, 1514,  255, 255, 255
L 830, 1743, 1514,  825, 1787, 1509,  255, 255, 255
L 780, 1477, -14,  780, 1707, 1424,  255, 255, 255
L 780, 1707, 1424,  780, 1725, 1424,  255, 255, 255
L 780, 1725, 1424,  815, 1721, 1424,  255, 255, 255
L 815, 1721, 1424,  807, 1862, 1424,  255, 255, 255
L 807, 1862, 1424,  780, 1863, 1424,  255, 255, 255
L 780, 1863, 1424,  790, 1902, 1509,  255, 255, 255
L 790, 1902, 1509,  749, 1902, 1509,  255, 255, 255
L 728, 1902, 1509,  692, 1902, 1509,  255, 255, 255
L 692, 1902, 1509,  692, 1882, 1514,  255, 255, 255
L 692, 1882, 1514,  700, 1882, 1514,  255, 255, 255
L 700, 1882, 1514,  700, 1865, 1514,  255, 255, 255
L 700, 1865, 1514,  656, 1867, 1424,  255, 255, 255
L 656, 1867, 1424,  672, 1724, 1424,  255, 255, 255
L 672, 1724, 1424,  702, 1724, 1424,  255, 255, 255
L 702, 1724, 1424,  702, 1483, 29,  255, 255, 255
P -2115, 725, 0, 255, 255, 255, 2, Maiden's Eye
P 1000, 1850, 0, 255, 255, 255, 2, Vex Thal
P -1900, 474, 0, 255, 255, 255, 2, Succor Point
